9.922000
11.582000
11.429000
10.950000
8.775000
11.291000
10.897000
4.329000
11.367000
7.914000
12.027000
8.083000
8.943000
4.731000
7.823000
10.551000
10.677000
6.801000
7.016000
5.183000
15.742000
7.396000
7.015000
14.320000
3.802000
11.219000
10.081000
9.699000
8.212000
4.093000
10.610000
7.711000
10.358000
11.844000
4.563000
11.178000
4.596000
10.463000
11.623000
9.600000
6.262000
5.777000
2.787000
10.066000
8.797000
9.188000
12.073000
7.825000
12.754000
12.862000
7.036000
3.662000
6.670000
8.336000
10.664000
12.674000
5.604000
9.118000
8.935000
13.783000
8.937000
15.912000
3.784000
8.692000
5.931000
12.135000
10.453000
3.354000
8.714000
4.663000
7.262000
13.457000
10.031000
6.689000
8.341000
6.647000
15.770000
15.225000
5.811000
10.378000
5.040000
7.602000
2.385000
15.345000
5.729000
8.945000
6.955000
3.500000
11.886000
9.315000
5.860000
6.886000
3.906000
7.085000
10.391000
4.883000
8.684000
12.104000
10.052000
10.484000
7.944000
6.527000
8.653000
3.508000
11.170000
7.900000
7.713000
11.045000
9.799000
11.178000
9.597000
8.306000
6.632000
7.920000
3.105000
12.782000
5.052000
7.935000
5.068000
8.868000
7.801000
3.771000
4.013000
3.221000
5.634000
8.146000
5.672000
4.486000
13.398000
7.778000
8.392000
23.659000
6.576000
4.898000
6.308000
2.766000
9.945000
7.010000
10.428000
7.999000
10.006000
5.229000
3.525000
4.060000
15.755000
14.480000
11.745000
10.275000
7.200000
6.177000
5.419000
12.084000
3.278000
8.157000
6.247000
9.697000
5.596000
6.530000
5.066000
19.956000
5.572000
3.321000
9.689000
0.000000
5.597000
1.150000
1.181000
4.034000
6.089000
4.481000
6.758000
7.281000
3.285000
5.405000
0.617000
5.348000
3.961000
7.458000
8.756000
3.039000
8.037000
10.571000
9.092000
4.645000
3.961000
9.530000
11.203000
8.770000
6.570000
5.891000
4.286000
8.322000
8.514000
15.149000
3.775000
0.324000
9.802000
2.024000
8.965000
3.038000
5.794000
9.260000
7.367000
5.469000
3.510000
4.948000
9.388000
10.898000
2.758000
4.355000
2.997000
8.858000
17.430000
5.469000
7.872000
5.270000
10.704000
21.473000
10.048000
5.246000
4.250000
3.952000
9.225000
7.180000
5.753000
7.420000
8.190000
15.636000
7.069000
5.194000
10.306000
5.173000
9.959000
9.455000
4.593000
9.065000
16.722000
5.281000
7.972000
17.500000
6.552000
8.499000
5.818000
19.296000
4.729000
15.625000
4.352000
11.089000
19.458000
8.592000
10.856000
8.285000
8.404000
18.657000
7.753000
9.900000
8.305000
14.162000
13.956000
4.533000
5.174000
20.809000
3.235000
6.780000
10.967000
7.811000
10.195000
11.616000
17.437000
16.416000
18.719000
11.883000
11.697000
5.833000
21.205000
3.280000
10.738000
8.563000
8.172000
5.197000
7.153000
4.482000
7.190000
12.265000
3.544000
10.154000
7.290000
11.034000
2.525000
19.963000
7.657000
9.266000
7.691000
14.005000
7.266000
3.474000
14.264000
9.200000
9.349000
14.803000
7.615000
7.192000
10.302000
9.088000
22.580000
10.239000
8.836000
7.677000
10.658000
9.638000
6.649000
10.029000
1.475000
6.458000
14.483000
11.855000
5.464000
4.754000
5.123000
6.348000
11.404000
6.733000
3.357000
6.156000
12.297000
2.193000
4.459000
9.930000
8.693000
5.259000
8.119000
16.567000
3.558000
10.949000
10.705000
11.301000
10.704000
12.377000
12.686000
19.240000
14.418000
5.843000
5.499000
4.059000
6.499000
8.633000
5.728000
4.969000
4.141000
9.704000
11.552000
26.239000
10.293000
17.592000
5.769000
6.119000
5.673000
3.920000
3.977000
9.644000
5.729000
4.634000
9.959000
9.417000
2.547000
7.399000
4.291000
19.933000
11.131000
22.295000
6.657000
3.193000
6.264000
3.493000
9.384000
6.949000
8.048000
5.270000
18.009000
8.318000
9.014000
4.845000
13.317000
15.298000
5.054000
5.626000
2.194000
5.182000
7.888000
13.203000
8.054000
5.086000
11.897000
9.040000
8.331000
14.123000
6.776000
4.200000
4.655000
7.056000
17.447000
9.523000
4.621000
7.024000
16.108000
26.517000
8.169000
7.388000
4.908000
8.608000
7.419000
4.715000
9.579000
5.514000
0.729000
11.173000
18.136000
9.090000
9.122000
10.574000
21.147000
11.860000
6.261000
11.860000
7.616000
2.230000
6.394000
14.723000
16.522000
12.032000
5.237000
7.809000
11.644000
3.556000
6.506000
7.287000
8.965000
4.545000
10.550000
13.547000
7.358000
17.544000
18.103000
23.754000
18.627000
11.349000
8.346000
5.939000
20.637000
6.552000
2.308000
7.286000
16.086000
5.050000
10.225000
15.198000
7.911000
2.397000
5.716000
16.878000
4.113000
9.845000
0.000000
5.036000
6.752000
2.215000
4.337000
11.781000
13.469000
7.733000
10.161000
3.000000
2.874000
5.458000
10.214000
1.369000
18.415000
7.993000
9.462000
7.911000
14.180000
6.278000
12.100000
14.522000
15.826000
11.684000
10.841000
10.211000
13.282000
13.573000
15.943000
6.227000
11.952000
1.010000
9.888000
14.930000
13.342000
13.029000
17.826000
11.731000
12.332000
5.583000
7.178000
5.956000
14.765000
16.132000
11.427000
10.419000
9.015000
14.038000
16.205000
20.401000
9.306000
11.140000
10.676000
13.604000
12.409000
5.222000
17.299000
6.822000
5.802000
5.154000
11.386000
17.165000
13.526000
14.668000
10.985000
5.784000
12.343000
17.527000
15.044000
15.868000
12.253000
14.772000
17.259000
13.907000
9.733000
11.694000
14.147000
11.481000
11.339000
20.003000
23.971000
10.601000
12.784000
11.261000
14.953000
17.212000
14.780000
13.494000
10.185000
17.593000
6.054000
8.442000
17.175000
10.236000
17.623000
11.896000
7.778000
21.372000
9.164000
8.654000
12.678000
2.927000
14.286000
2.943000
13.485000
12.904000
11.281000
11.821000
11.394000
15.311000
8.712000
10.323000
12.941000
7.135000
15.946000
17.950000
11.164000
17.602000
16.437000
15.096000
11.325000
14.040000
13.102000
19.341000
13.445000
12.057000
4.377000
13.506000
16.241000
15.735000
17.087000
18.627000
19.568000
16.433000
6.715000
21.402000
11.378000
12.483000
10.768000
6.727000
14.596000
14.900000
17.009000
16.579000
16.465000
13.156000
11.999000
10.697000
19.163000
9.938000
9.809000
1.866000
8.538000
25.416000
3.514000
7.178000
13.069000
11.413000
11.023000
13.707000
11.261000
14.155000
3.153000
21.684000
6.311000
12.212000
15.175000
22.489000
11.774000
20.028000
4.816000
7.829000
15.614000
10.487000
7.787000
13.767000
9.863000
6.164000
17.207000
13.913000
8.932000
8.793000
14.795000
17.373000
12.816000
9.840000
9.249000
17.803000
8.899000
15.488000
9.079000
10.693000
17.958000
15.255000
7.410000
19.136000
24.755000
14.512000
11.103000
15.867000
11.932000
11.363000
19.760000
9.618000
17.404000
8.139000
18.173000
17.213000
10.654000
10.510000
7.548000
9.377000
5.761000
5.647000
11.263000
8.736000
13.537000
10.095000
15.913000
17.307000
17.486000
10.033000
13.189000
13.019000
12.678000
5.130000
7.540000
9.231000
6.540000
17.212000
8.420000
13.497000
20.124000
16.811000
1.651000
8.101000
13.376000
9.413000
12.147000
3.652000
8.874000
10.473000
11.412000
4.633000
8.118000
8.981000
16.251000
15.700000
8.505000
17.952000
14.312000
15.045000
18.669000
15.816000
18.544000
9.843000
15.303000
13.442000
10.865000
8.248000
11.676000
7.437000
10.068000
10.314000
6.380000
5.587000
9.074000
13.491000
12.793000
3.156000
18.822000
6.353000
12.472000
7.691000
8.331000
11.274000
5.497000
7.750000
3.331000
7.707000
9.897000
15.763000
16.552000
11.561000
10.742000
9.952000
7.789000
7.728000
17.207000
5.933000
13.692000
10.301000
5.522000
16.809000
18.819000
16.876000
6.713000
3.191000
12.454000
18.252000
7.544000
3.023000
11.732000
10.390000
12.961000
9.230000
14.552000
9.067000
6.046000
14.270000
3.183000
6.584000
12.485000
15.822000
7.571000
12.054000
6.155000
10.908000
7.067000
16.050000
10.191000
8.978000
15.521000
11.750000
10.447000
11.866000
12.862000
10.737000
10.015000
15.181000
9.717000
6.387000
11.520000
13.445000
11.045000
16.989000
7.128000
17.685000
7.104000
8.058000
15.659000
5.741000
9.228000
15.703000
10.080000
12.754000
12.656000
12.888000
5.611000
9.341000
8.437000
7.496000
18.023000
17.844000
19.612000
10.296000
8.509000
18.512000
13.492000
15.189000
11.737000
13.873000
12.421000
8.899000
11.967000
6.088000
7.189000
6.724000
10.101000
7.333000
4.093000
5.532000
1.590000
17.394000
8.786000
10.874000
7.265000
17.854000
12.975000
11.827000
10.313000
11.870000
11.833000
12.348000
11.053000
13.132000
18.256000
11.560000
14.589000
9.026000
8.802000
11.453000
15.280000
4.726000
11.481000
13.379000
8.669000
11.021000
7.846000
9.998000
9.483000
6.494000
14.162000
13.110000
14.700000
11.647000
15.100000
9.435000
14.570000
12.571000
8.151000
15.276000
20.619000
17.296000
11.648000
14.743000
15.132000
13.868000
9.110000
15.569000
5.837000
10.863000
11.661000
8.509000
14.606000
12.022000
3.414000
11.724000
12.834000
7.683000
6.258000
13.887000
8.736000
9.464000
6.440000
9.115000
8.627000
10.621000
13.549000
13.466000
7.730000
17.072000
11.539000
10.309000
13.258000
18.106000
6.771000
9.753000
15.066000
11.248000
17.669000
7.479000
11.978000
9.916000
9.991000
17.782000
11.713000
7.859000
16.498000
16.534000
16.826000
13.613000
11.324000
16.068000
13.908000
14.384000
17.480000
15.861000
13.243000
4.917000
9.030000
14.371000
6.000000
11.515000
21.402000
8.432000
4.481000
19.432000
16.383000
5.783000
9.809000
9.476000
6.052000
7.110000
20.816000
12.586000
14.029000
14.195000
8.963000
15.314000
21.371000
25.430000
13.831000
9.353000
8.913000
17.492000
12.639000
16.645000
12.869000
11.030000
8.458000
14.944000
7.975000
10.696000
9.781000
12.951000
18.180000
12.877000
17.264000
12.845000
9.613000
13.031000
13.568000
11.363000
12.889000
12.563000
14.579000
12.497000
13.396000
21.130000
12.651000
20.250000
12.184000
9.947000
10.168000
8.293000
13.010000
8.516000
8.062000
8.954000
16.382000
12.379000
6.168000
16.828000
7.550000
8.316000
10.415000
15.420000
5.877000
15.963000
16.448000
6.515000
18.071000
17.977000
11.985000
7.521000
8.888000
5.100000
13.863000
10.644000
15.459000
21.869000
13.780000
5.483000
8.435000
13.855000
7.506000
12.453000
10.141000
17.277000
15.925000
6.963000
10.755000
9.937000
11.401000
8.248000
15.179000
9.934000
6.271000
13.953000
9.964000
8.219000
4.971000
16.696000
12.923000
10.520000
21.530000
16.193000
12.086000
10.164000
11.587000
12.066000
12.723000
17.794000
10.174000
17.839000
8.719000
4.329000
5.773000
9.571000
20.322000
11.327000
8.119000
18.560000
21.268000
11.461000
12.524000
7.298000
14.064000
15.176000
4.771000
10.974000
11.651000
15.359000
8.622000
8.478000
9.475000
14.891000
22.201000
13.086000
14.753000
10.720000
15.228000
7.717000
11.320000
10.060000
14.565000
19.498000
10.908000
6.255000
10.878000
13.891000
13.617000
14.503000
12.700000
10.923000
12.040000
12.874000
6.154000
16.448000
8.878000
12.682000
5.735000
21.643000
7.150000
26.580000
11.477000
11.674000
13.680000
20.958000
10.422000
8.506000
13.233000
5.202000
12.864000
9.153000
12.523000
11.154000
7.138000
12.314000
11.295000
8.065000
21.148000
14.055000
8.176000
12.420000
8.682000
10.412000
10.071000
17.394000
8.173000
11.529000
6.887000
4.331000
10.330000
9.203000
10.489000
7.870000
12.283000
15.638000
17.979000
7.486000
8.675000
6.043000
6.874000
11.853000
7.009000
14.141000
14.319000
8.039000
2.101000
12.340000
9.181000
12.053000
10.165000
15.395000
8.902000
12.698000
12.217000
16.154000
10.517000
13.831000
9.327000
14.144000
15.124000
12.868000
19.675000
11.062000
19.456000
9.123000
13.893000
17.608000
6.531000
9.536000
12.179000
13.396000
7.224000
11.374000
6.732000
7.422000
6.888000
12.244000
6.492000
12.881000
10.498000
9.230000
13.064000
6.790000
18.143000
10.466000
12.832000
13.099000
7.077000
13.495000
17.933000
12.759000
10.460000
14.417000
20.502000
11.906000
10.183000
8.895000
8.819000
13.085000
14.192000
13.626000
10.759000
9.236000
13.536000
12.890000
13.633000
13.731000
8.719000
16.902000
13.732000
13.085000
19.118000
9.178000
8.028000
15.091000
11.156000
11.964000
13.731000
5.415000
19.004000
7.245000
11.152000
9.162000
11.348000
12.694000
17.248000
9.463000
9.111000
8.565000
15.679000
10.906000
10.027000
11.940000
8.583000
9.851000
20.837000
12.802000
17.564000
19.461000
12.909000
6.814000
16.623000
11.873000
10.059000
12.502000
8.915000
5.517000
13.190000
9.239000
13.754000
14.030000
12.310000
15.322000
9.394000
4.797000
14.000000
23.418000
8.920000
13.311000
7.822000
5.215000
6.902000
11.943000
19.326000
21.122000
11.551000
7.165000
9.483000
10.377000
19.071000
10.245000
14.470000
10.831000
17.883000
11.690000
21.516000
7.132000
10.727000
8.208000
12.518000
16.897000
10.632000
17.066000
11.708000
8.438000
10.157000
10.228000
10.413000
9.392000
7.753000
8.027000
13.788000
10.490000
16.855000
9.433000
7.650000
5.859000
12.935000
3.236000
7.829000
7.591000
5.842000
9.743000
9.178000
12.092000
11.579000
5.378000
11.568000
12.391000
4.015000
12.663000
12.811000
15.316000
5.920000
11.329000
13.456000
11.662000
12.346000
11.234000
23.598000
20.794000
9.788000
18.053000
9.157000
17.707000
9.096000
11.530000
13.038000
20.727000
10.380000
10.354000
13.493000
11.963000
10.474000
11.497000
10.895000
17.021000
8.953000
17.052000
10.654000
10.606000
8.428000
16.570000
14.552000
9.035000
7.364000
6.780000
16.019000
7.839000
11.563000
12.200000
7.931000
14.311000
10.906000
14.234000
11.236000
3.538000
3.806000
13.254000
18.471000
13.709000
6.432000
11.821000
11.512000
8.954000
21.823000
15.455000
7.822000
7.538000
12.868000
17.518000
10.902000
8.089000
12.703000
12.901000
15.204000
6.806000
16.348000
15.478000
5.397000
6.512000
9.472000
9.035000
8.530000
11.015000
13.175000
16.366000
12.377000
10.445000
9.846000
12.862000
11.150000
6.258000
2.780000
11.031000
8.332000
10.739000
10.284000
16.121000
6.246000
8.068000
7.100000
11.725000
10.984000
12.784000
11.001000
11.055000
9.122000
17.196000
8.707000
11.717000
8.741000
4.330000
15.409000
9.480000
20.098000
7.601000
10.280000
7.868000
11.303000
6.159000
5.503000
16.840000
9.409000
13.529000
16.715000
7.981000
8.002000
8.973000
12.112000
9.844000
3.020000
11.592000
11.479000
11.975000
7.636000
13.951000
12.210000
11.525000
7.705000
6.613000
5.220000
13.107000
8.039000
14.606000
10.792000
10.625000
21.577000
11.662000
8.755000
12.530000
13.454000
5.991000
5.356000
8.352000
12.557000
6.437000
20.951000
17.555000
9.306000
6.683000
10.437000
22.890000
14.749000
9.734000
12.937000
12.860000
21.714000
17.927000
9.858000
4.925000
1.671000
10.525000
9.495000
6.683000
17.728000
9.169000
7.491000
24.629000
12.925000
5.803000
4.167000
10.250000
13.710000
3.956000
22.655000
17.738000
10.631000
10.667000
15.090000
19.380000
13.044000
12.216000
16.343000
9.439000
22.227000
12.480000
21.689000
10.441000
3.519000
6.143000
5.069000
20.977000
7.167000
22.885000
12.302000
9.343000
15.791000
23.971000
8.663000
16.009000
8.863000
10.392000
8.745000
6.064000
15.782000
17.105000
8.152000
23.223000
23.039000
12.777000
26.185000
11.334000
7.679000
13.520000
5.625000
11.705000
10.653000
9.827000
9.876000
13.681000
10.239000
8.817000
8.965000
7.020000
6.265000
10.511000
7.205000
6.941000
8.069000
6.967000
9.245000
12.041000
8.021000
9.025000
5.478000
12.565000
8.082000
18.187000
7.980000
9.487000
7.685000
21.348000
16.445000
13.224000
13.488000
12.982000
10.934000
11.129000
2.621000
5.586000
20.758000
8.086000
8.685000
7.363000
11.402000
8.752000
16.143000
13.936000
13.778000
14.448000
17.205000
23.934000
14.161000
8.181000
10.280000
4.853000
15.086000
16.841000
21.881000
19.047000
9.512000
12.868000
13.227000
7.949000
14.303000
11.060000
3.771000
13.804000
5.442000
12.136000
18.535000
12.132000
6.501000
12.662000
5.065000
10.151000
14.997000
5.219000
6.181000
8.282000
17.650000
8.491000
12.003000
12.562000
18.281000
13.737000
7.070000
8.407000
17.413000
11.533000
17.268000
4.827000
13.763000
17.482000
11.034000
12.346000
10.692000
11.034000
12.049000
14.314000
8.217000
17.855000
13.895000
10.461000
16.492000
7.639000
13.874000
21.677000
17.535000
10.173000
9.522000
22.282000
12.021000
13.452000
6.234000
7.332000
15.128000
13.487000
7.800000
4.609000
8.240000
11.571000
14.793000
9.697000
13.296000
10.650000
2.278000
18.898000
15.836000
20.487000
11.116000
12.217000
23.795000
13.886000
10.272000
15.782000
15.017000
15.640000
11.545000
11.645000
12.332000
17.626000
16.665000
13.872000
4.353000
17.155000
11.931000
4.769000
19.701000
12.876000
17.775000
12.518000
23.830000
5.970000
11.232000
6.520000
14.313000
13.060000
6.012000
16.138000
20.307000
8.405000
8.783000
8.104000
8.352000
13.275000
9.961000
20.470000
9.743000
11.628000
11.945000
10.910000
10.171000
15.078000
11.360000
15.620000
12.291000
12.396000
4.363000
9.438000
16.191000
11.158000
9.870000
23.274000
12.870000
8.862000
16.137000
9.730000
14.081000
13.833000
12.063000
10.538000
21.358000
17.420000
16.003000
11.138000
14.267000
9.236000
14.313000
0.563000
8.680000
8.948000
7.539000
7.845000
14.638000
6.303000
7.232000
9.442000
15.914000
5.303000
12.777000
12.541000
10.615000
11.798000
12.424000
11.892000
16.765000
10.329000
15.787000
18.595000
8.259000
16.277000
11.753000
10.808000
16.286000
11.498000
11.526000
8.558000
16.289000
13.716000
22.828000
15.194000
12.232000
10.237000
6.826000
16.756000
9.280000
11.417000
17.505000
12.011000
16.194000
8.807000
6.142000
8.117000
10.866000
11.208000
15.093000
10.713000
16.948000
11.627000
5.859000
10.600000
13.105000
9.785000
15.022000
9.513000
12.076000
11.035000
11.006000
10.616000
11.462000
18.964000
16.298000
12.829000
11.664000
12.558000
15.454000
14.426000
6.072000
13.952000
15.783000
14.049000
17.214000
10.183000
10.726000
6.676000
7.205000
14.414000
11.918000
13.611000
22.044000
11.518000
15.016000
15.826000
8.420000
8.963000
12.536000
10.694000
19.647000
16.100000
6.332000
9.653000
6.364000
6.912000
13.840000
12.360000
10.486000
15.289000
14.860000
21.933000
10.880000
13.789000
14.929000
10.701000
14.096000
10.410000
12.258000
15.332000
14.736000
13.339000
9.852000
8.443000
12.752000
12.010000
13.173000
13.548000
8.997000
9.328000
12.813000
7.486000
10.067000
4.376000
20.836000
11.173000
9.992000
4.218000
11.515000
12.806000
8.565000
10.732000
15.183000
13.285000
18.832000
9.135000
11.693000
12.193000
15.837000
16.383000
13.085000
14.545000
11.021000
17.938000
9.947000
11.952000
16.512000
9.010000
8.001000
8.793000
15.485000
10.378000
14.993000
5.184000
7.911000
14.443000
9.733000
16.147000
14.755000
12.936000
9.893000
16.351000
11.173000
11.137000
15.806000
9.605000
10.444000
11.230000
7.336000
10.941000
17.434000
10.035000
7.653000
20.006000
12.989000
14.931000
5.880000
10.252000
9.821000
13.618000
11.402000
5.938000
8.653000
13.107000
4.986000
18.945000
9.741000
16.083000
19.845000
14.300000
12.262000
17.980000
11.513000
4.424000
16.890000
7.991000
8.499000
12.042000
12.318000
16.359000
16.238000
13.091000
6.478000
15.025000
19.043000
6.112000
4.952000
9.928000
4.038000
9.796000
12.563000
16.210000
12.154000
10.761000
16.173000
12.000000
14.116000
8.060000
12.408000
8.402000
11.710000
23.892000
17.803000
13.821000
9.143000
11.502000
13.443000
10.488000
4.867000
9.218000
10.049000
13.252000
7.444000
10.902000
12.800000
12.123000
10.226000
9.258000
7.301000
7.895000
13.616000
6.030000
10.093000
10.918000
12.930000
12.964000
23.984000
11.460000
11.105000
9.818000
10.505000
15.092000
5.705000
6.142000
9.567000
7.124000
19.209000
11.071000
14.287000
5.570000
11.465000
7.354000
13.465000
9.711000
16.988000
11.617000
11.177000
7.804000
15.019000
6.089000
8.071000
10.706000
20.110000
6.531000
7.354000
7.647000
8.547000
3.648000
6.928000
17.687000
12.185000
11.871000
16.160000
6.540000
16.534000
9.120000
8.718000
9.713000
7.929000
13.564000
12.900000
8.592000
10.516000
12.031000
9.352000
8.493000
12.296000
11.623000
19.668000
7.917000
9.770000
8.357000
9.950000
11.135000
3.362000
7.488000
10.767000
15.687000
8.335000
16.726000
11.264000
6.337000
11.195000
14.179000
8.485000
8.281000
3.872000
7.102000
8.496000
10.296000
9.651000
10.002000
5.793000
17.367000
9.402000
14.310000
11.865000
5.218000
10.941000
10.375000
13.616000
6.901000
11.553000
12.747000
12.890000
9.133000
19.821000
16.673000
12.911000
16.060000
15.130000
7.892000
13.392000
11.198000
10.289000
10.541000
12.153000
9.885000
11.381000
9.866000
16.831000
4.354000
11.343000
3.897000
16.673000
20.739000
23.733000
7.888000
6.986000
6.941000
8.051000
15.376000
19.032000
6.966000
13.963000
6.276000
12.151000
6.809000
10.498000
14.077000
11.924000
11.263000
11.406000
16.399000
15.634000
12.176000
7.859000
10.884000
15.292000
15.371000
7.100000
12.580000
11.088000
13.226000
10.893000
11.654000
11.084000
15.716000
11.191000
11.077000
13.000000
9.573000
12.991000
16.191000
12.034000
12.935000
9.402000
9.423000
12.782000
12.721000
6.435000
4.805000
9.890000
15.891000
6.548000
16.073000
13.037000
12.415000
12.057000
7.472000
10.555000
16.948000
7.468000
14.524000
11.976000
14.451000
10.538000
7.740000
14.753000
4.076000
13.555000
11.344000
8.849000
13.382000
9.128000
8.493000
14.477000
9.495000
12.391000
19.174000
18.650000
14.279000
19.134000
9.387000
15.818000
15.121000
5.453000
3.860000
5.576000
14.179000
11.702000
15.270000
3.109000
16.226000
14.080000
10.835000
7.626000
10.126000
13.381000
14.337000
12.415000
10.089000
10.377000
10.536000
5.648000
12.299000
16.693000
8.840000
10.012000
12.440000
11.023000
5.650000
7.892000
10.574000
15.867000
7.869000
12.964000
15.396000
12.410000
7.561000
10.686000
4.010000
11.164000
9.731000
8.716000
15.720000
13.032000
14.852000
15.217000
9.177000
12.328000
14.510000
9.483000
13.376000
9.533000
18.419000
15.205000
12.706000
8.047000
8.352000
11.879000
19.364000
12.495000
10.616000
14.516000
26.153000
5.985000
21.412000
5.484000
14.558000
10.357000
14.535000
9.514000
14.926000
7.376000
8.639000
11.879000
18.295000
10.074000
7.024000
14.958000
11.401000
9.128000
8.748000
12.279000
14.395000
2.469000
7.236000
10.140000
20.007000
10.511000
15.422000
15.965000
14.541000
24.727000
12.743000
20.124000
11.740000
13.155000
11.401000
11.428000
23.238000
13.623000
11.649000
8.272000
8.000000
12.220000
9.060000
12.555000
9.881000
15.619000
11.510000
10.071000
14.090000
6.569000
17.341000
15.037000
8.079000
13.837000
12.086000
16.977000
6.711000
13.774000
15.141000
19.072000
11.629000
10.658000
10.797000
6.222000
11.479000
15.809000
10.998000
13.576000
11.406000
7.129000
15.812000
13.799000
9.396000
8.948000
12.168000
12.000000
13.197000
6.006000
10.941000
16.632000
13.906000
11.279000
12.717000
15.960000
19.309000
7.488000
14.740000
8.708000
13.689000
7.559000
8.624000
9.351000
6.516000
10.883000
11.563000
11.965000
18.977000
6.254000
11.547000
7.534000
10.462000
15.220000
6.004000
12.377000
9.584000
8.849000
7.533000
13.371000
7.435000
16.053000
6.232000
14.188000
8.039000
6.489000
13.083000
14.272000
7.013000
16.141000
14.641000
14.236000
10.232000
9.375000
7.900000
12.644000
17.716000
14.405000
8.704000
13.035000
16.348000
5.221000
12.093000
16.158000
15.174000
18.192000
12.041000
14.343000
8.947000
19.180000
11.419000
6.987000
4.308000
10.763000
8.790000
13.603000
10.179000
12.116000
9.217000
12.010000
10.944000
11.414000
9.410000
8.984000
17.607000
13.000000
11.531000
15.160000
15.876000
15.578000
15.499000
10.856000
15.675000
13.235000
16.858000
12.887000
11.806000
15.636000
15.644000
13.583000
8.700000
7.404000
12.917000
10.754000
6.286000
8.947000
8.253000
8.485000
14.271000
14.133000
9.235000
10.588000
8.574000
12.385000
14.591000
10.202000
12.025000
8.963000
11.280000
10.349000
7.756000
3.454000
12.563000
11.558000
15.948000
9.429000
8.573000
14.330000
17.395000
4.702000
10.799000
13.297000
1.044000
15.119000
8.011000
8.042000
9.041000
13.663000
8.963000
12.192000
10.181000
7.937000
12.526000
6.432000
9.095000
8.107000
12.332000
6.452000
18.322000
7.113000
17.529000
11.579000
6.920000
17.126000
8.798000
13.999000
12.321000
11.743000
9.699000
10.813000
19.356000
12.678000
12.077000
10.873000
13.153000
13.665000
10.920000
15.183000
13.835000
13.176000
10.168000
10.689000
6.358000
4.896000
10.170000
16.848000
12.197000
11.930000
10.839000
17.865000
16.853000
5.089000
13.047000
14.471000
12.584000
5.109000
16.822000
13.307000
11.964000
13.372000
10.281000
13.537000
5.602000
12.082000
10.392000
11.356000
6.845000
14.595000
9.132000
12.218000
14.015000
10.364000
12.188000
22.828000
12.335000
6.997000
8.344000
6.127000
13.217000
13.250000
12.428000
6.879000
14.488000
12.378000
6.069000
7.696000
12.632000
19.634000
12.736000
7.175000
11.386000
5.657000
10.401000
5.393000
9.466000
5.490000
4.834000
10.902000
11.103000
10.078000
12.405000
7.027000
16.282000
5.095000
8.993000
8.853000
12.819000
14.885000
8.245000
10.395000
5.650000
15.259000
12.352000
10.310000
6.433000
8.388000
14.186000
10.083000
8.897000
10.994000
9.605000
17.765000
8.524000
8.816000
17.692000
11.475000
11.952000
12.025000
3.517000
7.014000
11.298000
11.778000
19.050000
7.466000
10.746000
9.250000
11.096000
20.184000
14.790000
7.233000
14.431000
14.834000
19.054000
14.198000
3.286000
11.673000
6.569000
11.076000
14.040000
7.744000
7.442000
10.605000
13.169000
11.601000
14.989000
2.436000
11.405000
9.405000
8.689000
5.052000
14.674000
11.487000
12.410000
15.751000
9.558000
7.775000
15.785000
10.728000
4.090000
14.805000
4.095000
13.933000
11.817000
9.607000
4.971000
9.781000
9.079000
10.147000
8.682000
12.246000
9.795000
8.077000
11.222000
12.673000
9.783000
8.193000
2.683000
14.318000
14.803000
8.040000
8.791000
10.913000
12.731000
6.363000
8.641000
8.340000
9.456000
13.487000
16.484000
14.683000
10.186000
11.540000
3.842000
5.821000
1.328000
10.188000
0.524000
10.406000
11.481000
17.093000
14.639000
11.343000
5.263000
9.020000
11.665000
14.588000
12.848000
8.367000
1.113000
8.853000
6.945000
11.945000
13.304000
8.492000
0.995000
18.594000
3.004000
9.462000
15.963000
7.172000
5.305000
4.190000
12.635000
10.989000
2.394000
11.843000
4.992000
9.861000
13.474000
5.727000
14.052000
7.565000
1.635000
9.719000
10.563000
6.617000
11.158000
18.027000
8.147000
5.300000
0.814000
8.828000
4.410000
7.306000
12.477000
8.527000
13.027000
5.495000
4.472000
11.511000
8.651000
1.750000
4.707000
13.313000
9.602000
0.000000
14.201000
19.911000
27.196000
5.934000
9.752000
7.483000
6.370000
8.496000
10.854000
14.773000
4.298000
10.213000
4.410000
10.713000
4.800000
0.456000
10.015000
14.305000
11.198000
14.623000
7.628000
11.951000
11.010000
12.782000
7.620000
12.744000
8.391000
8.547000
0.570000
12.720000
4.319000
12.577000
5.238000
8.558000
9.183000
5.606000
15.097000
4.032000
16.578000
5.555000
17.992000
17.960000
3.521000
10.045000
5.267000
5.971000
6.820000
8.253000
13.447000
4.121000
8.517000
7.942000
12.571000
11.683000
12.451000
5.596000
12.596000
8.675000
2.713000
3.574000
5.344000
15.536000
9.123000
11.905000
0.000000
5.329000
8.458000
1.849000
6.565000
13.522000
8.339000
3.718000
11.493000
7.695000
14.804000
9.705000
5.925000
14.612000
10.515000
14.210000
3.822000
14.977000
7.587000
11.484000
11.379000
10.914000
12.808000
2.261000
19.292000
12.478000
7.681000
13.000000
15.936000
9.402000
1.772000
12.266000
7.848000
11.576000
5.604000
21.757000
10.340000
7.394000
3.103000
15.052000
13.724000
16.252000
16.285000
6.306000
12.011000
10.100000
11.175000
12.189000
16.759000
17.103000
9.078000
7.443000
5.924000
13.243000
13.577000
13.160000
8.652000
11.348000
18.449000
11.667000
14.452000
10.099000
8.083000
6.843000
24.028000
12.491000
6.059000
10.601000
15.151000
19.079000
15.947000
19.513000
15.178000
13.970000
6.854000
14.940000
17.314000
3.118000
19.444000
12.245000
13.554000
10.394000
5.300000
12.235000
11.448000
12.657000
8.495000
3.841000
9.052000
15.146000
13.074000
18.388000
6.293000
10.889000
12.043000
10.374000
8.980000
16.883000
22.017000
18.050000
21.539000
8.162000
8.862000
12.437000
6.835000
12.375000
4.091000
10.148000
12.597000
6.393000
9.152000
7.748000
7.034000
15.304000
10.214000
11.835000
14.583000
13.387000
16.521000
13.440000
11.308000
12.736000
14.112000
22.308000
8.370000
11.018000
12.786000
11.064000
13.266000
19.273000
4.441000
5.733000
8.798000
13.215000
11.647000
10.535000
1.013000
9.157000
4.773000
13.548000
13.615000
8.907000
12.202000
5.465000
7.510000
16.035000
8.002000
10.160000
8.027000
14.181000
4.687000
13.355000
10.194000
13.136000
13.711000
1.721000
5.601000
12.565000
12.905000
14.241000
11.120000
6.855000
11.555000
6.941000
12.769000
7.571000
2.732000
11.677000
15.965000
6.199000
13.503000
17.587000
17.837000
5.736000
14.156000
13.192000
8.752000
9.779000
14.367000
8.784000
11.897000
4.844000
13.080000
9.436000
7.049000
13.615000
12.540000
6.879000
10.333000
20.634000
9.335000
7.066000
17.046000
4.834000
12.622000
23.681000
10.736000
0.774000
9.345000
18.836000
21.594000
20.187000
8.348000
16.981000
14.978000
15.763000
12.495000
14.273000
17.469000
13.620000
16.734000
11.181000
11.008000
5.720000
8.294000
16.651000
8.654000
9.367000
11.568000
7.436000
14.936000
1.755000
13.333000
7.794000
13.431000
6.180000
10.247000
7.604000
12.802000
10.440000
11.453000
15.810000
10.775000
12.003000
16.668000
16.870000
3.810000
11.010000
10.537000
11.467000
11.951000
7.190000
8.562000
15.442000
12.107000
11.398000
20.188000
5.885000
11.798000
11.192000
13.762000
13.715000
11.502000
16.381000
7.943000
11.503000
11.483000
12.769000
13.967000
11.492000
20.513000
10.391000
13.133000
14.500000
12.556000
12.526000
9.808000
12.471000
17.862000
7.449000
13.643000
15.675000
7.679000
10.774000
6.464000
2.054000
12.145000
16.759000
11.553000
7.840000
9.647000
12.299000
11.873000
11.725000
17.308000
6.451000
9.563000
18.496000
7.833000
11.845000
4.630000
11.678000
14.474000
13.506000
8.357000
11.989000
11.576000
10.571000
15.408000
12.711000
11.597000
13.102000
13.435000
13.394000
1.954000
9.421000
19.013000
11.167000
9.606000
18.349000
14.126000
15.073000
9.552000
11.953000
14.182000
11.211000
8.935000
10.460000
22.317000
12.962000
15.456000
15.829000
13.865000
8.941000
18.023000
25.712000
15.296000
7.739000
11.092000
15.637000
16.621000
18.463000
8.729000
13.746000
18.061000
13.496000
6.662000
12.252000
16.916000
11.464000
9.153000
13.214000
8.325000
18.925000
16.976000
13.067000
16.395000
13.718000
11.944000
12.728000
16.075000
17.049000
13.987000
13.361000
15.579000
0.000000
15.203000
17.636000
16.425000
19.082000
15.310000
12.924000
16.111000
18.786000
8.713000
12.030000
7.420000
7.659000
14.646000
12.532000
13.689000
5.574000
10.411000
12.688000
7.556000
18.509000
10.583000
4.762000
16.515000
17.249000
14.941000
21.476000
11.103000
17.248000
11.817000
8.033000
10.618000
12.352000
14.612000
20.107000
11.541000
15.679000
16.418000
9.031000
14.231000
16.657000
10.799000
3.092000
12.465000
13.510000
5.210000
11.264000
14.741000
10.808000
12.471000
9.351000
10.954000
18.356000
9.579000
14.874000
8.292000
7.278000
16.280000
12.321000
9.747000
17.328000
11.743000
12.256000
20.366000
3.259000
6.346000
9.406000
11.761000
7.364000
16.404000
22.807000
10.884000
10.168000
10.728000
10.623000
9.462000
20.157000
6.618000
7.884000
6.402000
11.948000
11.686000
11.473000
8.969000
12.165000
16.346000
9.922000
8.448000
13.387000
3.813000
15.534000
14.888000
9.685000
10.167000
13.541000
17.641000
15.115000
12.342000
11.626000
13.097000
17.947000
13.118000
6.014000
11.308000
10.612000
11.982000
13.221000
14.635000
14.499000
13.293000
14.185000
13.561000
17.167000
15.781000
11.212000
14.381000
11.788000
15.590000
11.088000
11.059000
17.850000
16.831000
14.331000
2.797000
8.563000
12.782000
9.658000
7.505000
5.013000
13.813000
6.643000
5.898000
15.265000
14.276000
17.652000
13.474000
16.630000
10.687000
15.547000
9.924000
6.254000
14.918000
13.974000
11.949000
12.811000
15.940000
7.453000
19.224000
11.649000
6.403000
8.657000
5.816000
10.147000
14.293000
11.287000
10.080000
12.036000
9.571000
10.390000
8.703000
14.889000
9.164000
8.702000
10.416000
6.758000
10.176000
11.961000
11.905000
18.203000
11.344000
5.616000
13.268000
9.175000
12.468000
6.084000
7.971000
11.443000
10.708000
12.201000
5.455000
8.116000
1.888000
1.836000
12.426000
6.985000
12.607000
10.516000
8.660000
7.365000
12.051000
10.535000
11.757000
7.604000
11.185000
2.232000
10.240000
14.204000
13.754000
7.927000
7.160000
9.300000
10.993000
18.748000
9.207000
7.518000
12.579000
8.944000
16.586000
12.412000
16.092000
13.043000
8.872000
7.742000
14.607000
11.184000
12.362000
17.819000
20.136000
9.593000
8.616000
7.411000
13.600000
10.482000
12.582000
14.132000
11.330000
7.461000
7.995000
9.813000
11.625000
0.947000
13.453000
14.543000
9.505000
11.654000
11.305000
12.450000
13.602000
11.350000
12.318000
13.205000
11.475000
9.712000
3.791000
6.998000
10.409000
13.951000
14.330000
5.355000
8.385000
4.368000
14.220000
11.751000
11.157000
14.848000
3.573000
9.373000
12.806000
17.589000
16.120000
14.162000
11.977000
4.977000
8.556000
5.006000
12.320000
6.450000
13.379000
11.103000
7.799000
10.303000
11.019000
7.777000
11.007000
13.974000
20.424000
12.620000
5.748000
14.908000
4.021000
10.253000
12.763000
16.821000
9.549000
12.271000
18.774000
11.857000
17.564000
16.339000
16.383000
5.398000
17.153000
10.035000
16.528000
13.030000
11.903000
18.314000
9.137000
14.332000
10.822000
8.625000
16.580000
15.395000
14.845000
17.214000
9.573000
15.120000
12.549000
7.239000
9.664000
3.885000
8.029000
11.792000
12.940000
5.913000
10.726000
14.181000
0.000000
16.294000
13.726000
8.033000
10.603000
10.169000
13.887000
0.000000
19.024000
19.983000
18.109000
14.305000
8.595000
8.448000
8.763000
8.626000
10.804000
11.519000
10.273000
16.558000
14.210000
15.513000
7.418000
12.907000
11.763000
17.034000
16.024000
9.799000
12.811000
15.593000
12.832000
12.794000
20.317000
13.508000
13.644000
14.855000
16.756000
8.698000
6.016000
15.976000
12.784000
14.027000
11.450000
12.745000
15.384000
13.079000
11.486000
5.540000
10.038000
14.977000
11.537000
16.277000
13.257000
17.373000
8.832000
11.865000
16.155000
9.583000
13.923000
16.772000
11.034000
10.176000
3.313000
14.162000
12.138000
17.898000
9.924000
12.820000
1.103000
8.624000
7.503000
12.136000
13.668000
18.521000
15.753000
9.697000
12.207000
5.596000
13.354000
15.759000
11.577000
10.655000
11.899000
12.043000
14.315000
7.821000
17.624000
4.733000
7.234000
11.145000
11.420000
15.473000
12.460000
11.186000
11.174000
0.000000
2.288000
7.650000
4.098000
9.255000
6.189000
6.047000
14.560000
9.451000
12.929000
11.335000
4.356000
6.797000
10.330000
9.606000
8.372000
8.727000
2.405000
10.904000
17.937000
5.359000
10.460000
2.332000
11.885000
14.220000
11.104000
10.268000
10.420000
4.846000
0.000000
4.490000
10.083000
6.188000
2.578000
5.841000
11.688000
9.233000
3.846000
5.360000
14.174000
13.649000
8.360000
4.827000
8.401000
1.338000
3.313000
2.424000
9.664000
0.000000
0.000000
8.954000
0.668000
12.911000
7.621000
3.353000
5.402000
4.336000
1.495000
7.408000
16.839000
3.667000
4.875000
12.908000
14.183000
0.000000
6.335000
3.926000
4.589000
8.804000
0.718000
13.521000
0.000000
8.973000
0.000000
15.863000
1.216000
0.805000
12.722000
2.101000
1.493000
14.036000
5.163000
11.244000
11.723000
3.336000
8.601000
10.685000
1.755000
6.983000
0.913000
7.781000
13.092000
7.899000
9.965000
15.345000
8.041000
22.793000
6.521000
7.899000
4.997000
5.470000
3.689000
9.300000
0.993000
0.000000
1.939000
5.228000
7.507000
12.968000
1.086000
4.742000
5.856000
17.356000
20.406000
11.250000
10.691000
12.046000
7.941000
6.518000
21.315000
10.165000
10.759000
5.791000
0.000000
13.209000
9.429000
5.392000
2.829000
7.845000
0.955000
5.363000
9.178000
8.290000
14.604000
0.000000
7.094000
4.804000
17.920000
2.928000
3.571000
15.831000
4.405000
3.683000
1.353000
0.000000
12.485000
6.133000
7.503000
15.182000
15.911000
20.836000
3.131000
0.184000
3.347000
5.333000
9.098000
16.305000
13.620000
10.842000
11.083000
4.741000
2.329000
6.273000
8.464000
3.538000
7.146000
9.321000
3.704000
4.923000
2.229000
4.537000
8.974000
8.567000
5.402000
6.570000
11.731000
6.840000
12.748000
2.841000
9.179000
9.905000
10.425000
4.872000
22.300000
7.555000
5.274000
13.883000
8.276000
3.994000
7.223000
20.056000
9.267000
7.362000
5.979000
14.025000
1.947000
8.266000
1.454000
3.932000
5.371000
12.962000
0.106000
0.000000
1.119000
10.286000
15.210000
10.830000
4.530000
13.749000
1.609000
12.087000
7.398000
17.740000
3.985000
0.520000
23.053000
6.378000
11.727000
12.590000
4.373000
6.875000
17.360000
6.111000
16.713000
20.690000
1.668000
15.549000
17.582000
16.746000
11.110000
3.700000
10.392000
14.871000
4.821000
6.178000
9.664000
13.334000
2.342000
3.874000
10.842000
9.712000
7.404000
14.900000
17.131000
14.613000
16.805000
10.628000
12.484000
8.977000
12.700000
17.717000
6.577000
15.411000
7.173000
0.982000
13.299000
8.915000
0.000000
8.828000
3.481000
0.448000
6.284000
9.920000
5.792000
8.004000
12.955000
7.497000
6.612000
10.242000
5.447000
12.233000
8.007000
7.217000
14.392000
10.327000
4.759000
16.656000
0.000000
8.915000
6.458000
11.776000
7.777000
12.110000
4.011000
11.032000
4.657000
5.705000
4.080000
3.330000
10.614000
8.140000
17.455000
11.679000
10.076000
5.445000
6.598000
9.064000
7.133000
5.776000
4.182000
12.885000
0.000000
6.188000
14.221000
6.526000
6.751000
17.232000
2.268000
4.410000
6.216000
4.978000
10.176000
6.972000
9.645000
6.760000
7.558000
7.197000
10.332000
11.746000
9.457000
6.307000
3.424000
9.925000
7.682000
11.094000
5.511000
3.344000
8.174000
11.651000
7.447000
6.222000
0.000000
7.809000
7.551000
0.005000
6.012000
5.724000
7.845000
10.679000
4.009000
9.485000
13.981000
14.091000
7.544000
5.416000
3.821000
10.484000
6.939000
10.868000
6.988000
8.136000
16.288000
18.725000
8.129000
10.089000
7.255000
15.158000
17.634000
5.608000
16.214000
5.924000
5.744000
7.097000
7.880000
0.000000
6.580000
8.541000
11.836000
6.503000
10.440000
9.069000
10.429000
8.091000
14.767000
5.729000
13.057000
12.406000
3.527000
7.299000
7.022000
9.613000
19.591000
12.477000
13.574000
8.964000
6.873000
6.219000
10.396000
4.440000
8.283000
10.095000
8.302000
17.213000
17.748000
9.760000
3.988000
10.594000
13.170000
11.127000
3.929000
12.314000
10.834000
5.084000
10.516000
10.399000
15.047000
14.626000
8.441000
7.046000
8.404000
8.447000
8.073000
13.545000
5.672000
16.266000
16.651000
9.744000
10.270000
11.185000
8.033000
9.655000
22.557000
17.214000
18.085000
9.066000
12.056000
8.375000
6.373000
7.002000
14.385000
16.585000
7.406000
16.209000
17.402000
12.812000
5.725000
8.166000
8.482000
8.988000
8.877000
9.268000
6.958000
11.563000
11.488000
17.835000
14.574000
15.795000
10.670000
15.030000
9.852000
13.753000
8.882000
13.495000
10.079000
4.808000
8.625000
12.370000
9.171000
11.862000
9.705000
7.379000
15.846000
13.511000
11.420000
8.277000
11.237000
9.840000
18.676000
9.783000
5.492000
4.376000
14.778000
6.626000
16.590000
5.957000
7.621000
9.296000
7.682000
8.321000
19.111000
11.182000
15.778000
16.983000
10.236000
8.614000
10.634000
8.457000
9.037000
9.555000
10.211000
15.018000
18.806000
4.312000
9.471000
11.991000
11.152000
16.358000
21.381000
19.060000
8.036000
7.151000
6.215000
8.642000
15.337000
8.128000
19.015000
10.852000
11.355000
17.949000
9.730000
15.157000
7.805000
19.210000
9.631000
13.353000
16.096000
9.691000
11.413000
5.210000
19.740000
15.223000
8.383000
7.120000
12.247000
1.897000
16.948000
21.797000
8.183000
6.998000
10.616000
17.685000
6.141000
8.766000
8.056000
9.329000
8.162000
19.667000
19.896000
13.065000
13.876000
14.429000
16.238000
13.149000
10.410000
0.910000
15.383000
14.353000
5.522000
10.101000
10.427000
15.754000
11.744000
11.095000
2.746000
9.807000
13.547000
8.793000
6.817000
13.532000
20.803000
7.004000
13.198000
14.350000
9.069000
15.095000
13.297000
7.430000
4.624000
7.935000
19.025000
19.395000
10.250000
9.976000
7.670000
5.835000
12.207000
10.788000
15.850000
17.253000
15.503000
6.668000
8.764000
17.107000
17.200000
11.861000
10.818000
5.007000
5.576000
9.680000
6.161000
7.692000
12.907000
7.937000
8.107000
17.519000
13.482000
11.279000
20.110000
7.982000
13.628000
13.357000
22.490000
10.294000
10.960000
10.679000
9.720000
1.550000
12.030000
9.442000
12.807000
15.878000
13.381000
9.985000
13.132000
15.331000
7.468000
11.393000
9.735000
12.001000
13.193000
12.155000
14.137000
11.070000
9.625000
11.741000
17.022000
11.965000
7.843000
2.419000
6.570000
17.511000
13.073000
14.471000
7.420000
16.563000
14.080000
13.005000
12.411000
12.316000
17.132000
16.056000
9.717000
3.470000
11.043000
7.698000
9.111000
2.400000
16.433000
12.683000
13.887000
7.470000
11.296000
13.272000
9.744000
17.100000
14.424000
11.583000
16.950000
12.255000
7.227000
17.556000
20.005000
6.557000
11.592000
12.257000
4.403000
10.955000
10.165000
7.480000
15.511000
11.692000
7.976000
10.047000
10.955000
16.093000
6.420000
12.698000
8.281000
8.623000
8.263000
6.489000
13.938000
13.244000
12.943000
13.004000
7.077000
7.534000
13.353000
14.864000
13.554000
9.604000
5.401000
6.047000
14.560000
8.510000
7.053000
15.704000
10.985000
10.351000
13.287000
11.244000
15.240000
12.913000
3.863000
13.270000
16.660000
14.221000
9.788000
9.344000
6.076000
16.969000
13.188000
16.309000
10.014000
8.531000
5.014000
8.493000
7.764000
9.047000
5.894000
13.766000
20.602000
6.074000
13.698000
5.632000
11.139000
6.363000
14.176000
9.355000
12.150000
9.913000
20.060000
15.076000
10.563000
18.276000
4.364000
21.079000
18.411000
9.050000
4.950000
8.834000
19.435000
5.842000
8.778000
18.616000
9.967000
20.475000
6.978000
9.927000
5.756000
8.018000
7.823000
10.768000
15.756000
14.365000
22.345000
14.347000
10.111000
14.304000
4.909000
13.656000
14.261000
15.967000
15.919000
8.310000
12.901000
7.059000
16.922000
18.426000
15.690000
16.735000
13.668000
6.626000
9.871000
9.125000
4.912000
8.413000
18.845000
5.494000
13.554000
20.960000
7.370000
13.152000
13.135000
7.213000
8.140000
8.190000
12.348000
16.139000
11.192000
5.132000
14.613000
13.713000
9.458000
9.739000
10.683000
11.819000
17.151000
10.484000
14.956000
10.412000
7.990000
17.316000
14.592000
6.879000
7.452000
9.728000
17.770000
14.930000
10.153000
7.503000
10.751000
14.860000
12.163000
14.170000
3.829000
7.745000
21.931000
10.996000
13.329000
8.551000
10.798000
9.865000
6.726000
9.761000
5.653000
7.291000
6.022000
10.907000
14.782000
8.062000
11.035000
9.141000
8.939000
9.881000
7.937000
11.903000
10.521000
11.725000
11.547000
6.329000
8.984000
18.257000
11.160000
11.981000
10.664000
10.656000
11.096000
20.263000
17.751000
11.645000
10.637000
23.052000
12.677000
6.984000
11.375000
10.455000
9.895000
7.120000
5.282000
17.066000
3.130000
7.619000
10.170000
20.011000
12.506000
6.016000
18.884000
21.723000
6.606000
20.072000
6.312000
9.054000
11.854000
7.169000
5.308000
17.528000
3.374000
11.040000
6.977000
9.013000
4.919000
12.769000
13.660000
8.026000
5.491000
17.461000
14.892000
11.411000
13.949000
13.336000
20.847000
17.054000
6.882000
20.527000
9.436000
15.526000
7.922000
8.163000
7.951000
7.269000
18.975000
7.164000
9.934000
7.947000
8.615000
15.501000
20.817000
9.699000
7.991000
5.623000
6.617000
16.766000
5.102000
9.007000
17.970000
10.091000
9.131000
14.628000
7.435000
16.703000
4.926000
6.756000
8.195000
10.760000
9.273000
14.180000
21.981000
16.049000
2.984000
6.956000
17.764000
15.323000
14.592000
9.005000
13.439000
7.055000
8.778000
9.151000
5.529000
15.980000
14.077000
16.191000
17.739000
18.234000
14.351000
12.996000
12.177000
6.553000
9.831000
6.799000
11.756000
10.113000
3.307000
3.738000
13.380000
12.832000
8.295000
14.574000
15.520000
11.190000
9.992000
13.876000
13.821000
10.919000
6.958000
7.731000
2.744000
13.442000
10.438000
7.018000
11.731000
15.396000
16.396000
7.916000
14.333000
11.295000
6.407000
22.585000
7.957000
4.190000
17.561000
12.142000
23.932000
20.765000
6.605000
7.257000
15.124000
14.368000
17.543000
9.974000
10.893000
11.971000
17.556000
17.660000
13.609000
16.471000
15.436000
10.383000
6.390000
3.509000
18.922000
6.291000
5.204000
22.649000
8.060000
7.106000
9.427000
10.653000
9.672000
7.369000
14.755000
9.723000
7.238000
9.052000
6.348000
15.126000
14.692000
9.791000
8.137000
5.615000
11.238000
12.346000
8.125000
12.218000
4.234000
17.634000
5.610000
13.018000
10.515000
12.128000
8.296000
5.927000
10.256000
7.875000
6.043000
4.793000
8.438000
12.624000
12.512000
6.339000
13.224000
5.698000
11.925000
10.228000
12.126000
15.006000
12.315000
16.030000
11.307000
8.419000
13.964000
16.391000
11.572000
8.324000
7.000000
8.832000
12.707000
7.950000
6.246000
14.076000
16.879000
12.977000
10.696000
14.632000
9.462000
5.138000
13.615000
14.375000
12.447000
7.771000
12.314000
6.719000
12.113000
10.538000
7.327000
17.187000
17.015000
21.306000
13.227000
12.189000
14.751000
7.472000
8.282000
2.555000
8.099000
13.917000
9.357000
4.659000
11.302000
16.049000
8.823000
12.271000
5.148000
11.674000
14.064000
0.000000
11.237000
14.148000
5.328000
7.860000
13.450000
12.090000
7.526000
5.502000
3.600000
16.029000
8.813000
7.758000
14.122000
2.989000
12.578000
9.049000
13.666000
4.410000
9.904000
4.800000
8.350000
11.557000
14.489000
2.398000
10.550000
15.149000
7.920000
8.502000
11.622000
13.918000
8.858000
9.539000
8.045000
15.808000
18.925000
8.086000
5.716000
1.395000
13.218000
12.596000
14.215000
7.056000
17.611000
2.074000
8.065000
8.760000
10.730000
7.751000
1.491000
7.784000
7.124000
5.478000
7.406000
0.000000
8.981000
10.075000
4.564000
5.873000
8.666000
2.383000
9.588000
11.032000
12.884000
8.681000
9.401000
7.394000
6.263000
11.963000
1.435000
11.242000
15.557000
10.079000
5.779000
7.841000
10.232000
7.595000
4.551000
6.187000
7.518000
11.961000
8.995000
13.465000
11.196000
8.406000
9.666000
11.891000
8.480000
3.039000
14.242000
10.225000
7.763000
7.940000
10.798000
6.401000
5.258000
9.119000
11.470000
21.647000
13.793000
7.579000
5.376000
9.797000
16.780000
1.005000
9.178000
21.179000
3.562000
5.475000
0.000000
8.697000
6.972000
0.314000
5.786000
15.193000
7.699000
9.375000
2.979000
7.863000
7.963000
9.440000
6.146000
17.964000
8.031000
9.863000
6.504000
8.461000
9.181000
9.178000
9.414000
6.337000
7.590000
8.468000
2.656000
5.735000
13.351000
8.072000
12.308000
12.508000
14.982000
9.053000
5.764000
8.267000
5.283000
11.489000
14.317000
5.505000
13.927000
3.119000
8.921000
0.703000
17.377000
14.427000
6.645000
10.784000
10.449000
10.324000
8.940000
9.477000
8.441000
12.814000
8.780000
19.062000
10.605000
16.489000
10.682000
8.092000
2.447000
2.778000
7.715000
10.752000
0.000000
9.734000
10.558000
8.075000
5.763000
2.985000
9.117000
11.806000
16.696000
6.950000
20.582000
9.108000
16.741000
14.496000
4.930000
4.872000
10.438000
6.308000
15.377000
5.881000
9.375000
4.023000
8.193000
4.734000
11.735000
9.295000
9.670000
3.218000
6.780000
6.553000
0.387000
10.517000
7.956000
7.738000
7.388000
0.000000
9.976000
7.825000
7.580000
19.555000
16.501000
12.426000
12.463000
4.135000
13.232000
5.021000
12.936000
5.543000
11.086000
8.146000
3.681000
8.259000
6.470000
4.375000
11.937000
9.404000
11.569000
7.456000
16.728000
3.577000
7.977000
6.318000
7.131000
9.418000
9.867000
4.817000
9.351000
2.596000
7.035000
9.264000
7.588000
10.063000
4.862000
5.737000
10.693000
11.740000
8.602000
9.054000
11.633000
0.000000
8.415000
2.634000
8.466000
5.505000
15.730000
11.334000
5.292000
6.575000
13.112000
3.439000
13.552000
6.233000
12.373000
9.896000
4.662000
11.077000
9.137000
10.075000
4.199000
7.723000
9.627000
11.037000
4.307000
5.118000
12.420000
8.457000
11.931000
10.863000
5.680000
9.919000
15.328000
6.340000
13.364000
17.769000
12.988000
18.214000
14.074000
15.831000
6.601000
7.616000
11.264000
10.291000
8.129000
13.191000
13.223000
13.043000
4.378000
16.828000
4.119000
10.558000
6.058000
6.797000
19.963000
10.925000
4.759000
8.388000
10.216000
9.399000
11.568000
6.853000
15.048000
12.187000
5.314000
9.971000
3.592000
10.272000
13.742000
9.916000
6.386000
10.091000
10.037000
13.729000
9.655000
10.165000
8.414000
6.346000
5.902000
14.673000
22.663000
6.368000
5.438000
7.520000
7.169000
6.746000
11.196000
15.733000
16.794000
12.714000
9.843000
3.306000
14.446000
5.746000
8.218000
11.626000
13.320000
9.382000
11.112000
14.002000
10.167000
8.798000
7.109000
11.781000
9.931000
15.985000
4.245000
8.786000
3.905000
8.795000
8.854000
6.442000
12.137000
9.959000
15.088000
7.332000
15.163000
7.333000
9.437000
7.425000
16.412000
11.829000
5.275000
10.428000
10.981000
8.372000
5.584000
5.471000
8.743000
8.961000
5.138000
7.401000
12.011000
7.731000
12.328000
16.822000
1.982000
6.682000
5.040000
13.015000
10.065000
9.493000
8.627000
3.429000
13.181000
10.793000
10.350000
8.125000
11.401000
13.280000
13.422000
14.553000
9.322000
6.571000
15.259000
8.392000
4.567000
3.079000
4.203000
9.314000
6.188000
1.704000
13.001000
4.821000
12.919000
5.546000
7.285000
15.419000
13.215000
4.718000
11.723000
11.286000
10.711000
9.256000
11.483000
10.204000
9.909000
7.822000
15.910000
8.825000
7.458000
12.240000
11.341000
16.203000
12.649000
6.932000
6.435000
3.032000
2.505000
10.736000
15.273000
8.567000
11.776000
4.441000
8.124000
11.857000
4.082000
13.485000
10.144000
6.056000
4.705000
7.857000
12.911000
6.196000
7.829000
11.001000
11.839000
4.433000
6.787000
5.493000
14.488000
6.558000
12.622000
12.830000
12.516000
8.823000
5.024000
9.228000
8.097000
6.839000
9.895000
3.987000
8.654000
6.191000
14.168000
20.821000
7.570000
13.654000
10.713000
14.486000
10.953000
7.249000
11.402000
11.749000
15.605000
11.414000
18.324000
7.761000
7.403000
7.130000
7.809000
13.925000
1.025000
8.343000
11.917000
7.455000
12.394000
11.918000
10.727000
15.720000
6.951000
10.081000
9.479000
16.387000
3.798000
8.098000
15.887000
13.961000
11.549000
1.804000
12.596000
9.973000
13.894000
12.921000
11.957000
9.984000
8.670000
2.175000
10.962000
8.640000
3.266000
9.699000
9.506000
11.186000
5.385000
11.616000
8.163000
11.825000
12.754000
11.633000
4.434000
13.932000
6.359000
10.109000
11.579000
17.625000
16.533000
9.262000
21.421000
3.019000
1.600000
2.696000
6.862000
14.824000
4.678000
9.244000
8.869000
8.701000
9.545000
11.689000
6.736000
13.148000
3.437000
1.062000
11.101000
7.568000
10.452000
7.282000
12.065000
10.173000
7.841000
10.583000
14.313000
7.898000
9.888000
0.000000
0.603000
6.610000
7.429000
15.094000
3.100000
8.374000
7.352000
7.030000
9.452000
15.763000
4.926000
14.289000
10.770000
15.168000
11.991000
9.458000
6.792000
14.652000
12.840000
8.418000
8.854000
12.254000
7.469000
12.040000
9.328000
5.022000
14.554000
5.055000
11.706000
10.487000
0.000000
3.891000
14.328000
9.039000
8.412000
17.165000
6.355000
12.399000
2.728000
4.367000
6.307000
11.043000
15.589000
9.250000
11.370000
8.947000
5.817000
7.942000
4.765000
12.379000
5.335000
9.434000
11.357000
14.170000
14.286000
10.226000
9.963000
9.170000
6.893000
5.329000
8.240000
4.720000
13.199000
11.760000
6.521000
10.176000
11.625000
4.932000
6.434000
5.949000
7.574000
11.826000
6.499000
11.925000
8.982000
11.056000
8.595000
9.967000
8.423000
4.033000
18.189000
12.868000
13.432000
5.749000
16.562000
10.553000
7.521000
4.575000
6.707000
11.033000
6.352000
11.177000
8.741000
8.284000
6.756000
7.240000
12.000000
20.037000
15.368000
12.891000
8.362000
15.081000
14.957000
12.256000
10.124000
6.260000
9.890000
6.092000
10.619000
7.572000
7.119000
15.106000
14.932000
11.942000
8.064000
12.227000
8.756000
11.624000
12.837000
15.278000
11.142000
16.892000
18.549000
9.108000
17.262000
6.744000
8.204000
13.897000
7.257000
11.666000
4.908000
2.835000
18.112000
14.329000
12.768000
17.710000
13.333000
11.113000
7.384000
11.487000
12.013000
1.290000
7.658000
8.815000
10.806000
16.941000
13.033000
8.699000
13.010000
8.070000
12.381000
8.454000
10.194000
8.382000
1.647000
9.441000
12.736000
15.597000
12.444000
11.087000
8.231000
14.871000
7.208000
6.855000
3.722000
6.534000
10.449000
1.567000
12.172000
9.001000
8.767000
11.943000
9.804000
14.036000
5.461000
15.036000
3.377000
13.854000
15.365000
6.177000
11.654000
4.292000
13.949000
8.573000
13.109000
6.890000
12.443000
18.165000
3.790000
4.481000
7.295000
12.422000
8.655000
8.377000
11.393000
18.021000
17.502000
7.614000
14.959000
10.763000
16.990000
11.614000
13.215000
15.490000
20.822000
10.413000
13.277000
11.809000
11.238000
8.322000
13.505000
5.063000
18.732000
8.783000
6.188000
12.434000
5.496000
3.870000
10.704000
10.197000
5.217000
10.881000
6.890000
9.947000
8.605000
12.649000
6.966000
10.140000
8.021000
8.081000
20.529000
14.258000
7.468000
11.856000
5.837000
4.898000
12.377000
10.703000
7.713000
3.749000
9.387000
9.833000
2.719000
6.030000
9.680000
9.208000
14.548000
12.584000
13.636000
6.377000
9.783000
17.303000
11.149000
13.016000
5.891000
10.554000
4.166000
11.820000
17.918000
13.456000
10.430000
15.181000
11.376000
4.452000
10.441000
5.844000
17.405000
17.295000
11.134000
11.587000
16.780000
6.796000
17.663000
15.728000
11.323000
14.246000
14.090000
7.891000
3.829000
5.053000
19.929000
12.000000
8.648000
13.631000
12.227000
13.045000
8.151000
8.800000
7.572000
15.110000
9.828000
10.517000
4.627000
11.547000
6.193000
11.763000
9.194000
6.671000
10.229000
10.516000
8.858000
15.998000
9.724000
5.856000
7.837000
16.111000
12.011000
17.142000
10.746000
14.096000
9.236000
15.124000
10.312000
8.589000
8.271000
18.401000
10.981000
16.500000
10.530000
9.578000
13.697000
12.678000
10.191000
7.001000
11.416000
12.514000
7.060000
10.380000
9.853000
16.606000
10.266000
8.776000
14.164000
17.674000
7.985000
6.461000
10.955000
13.464000
18.468000
8.571000
13.451000
18.869000
13.466000
12.705000
18.909000
11.810000
12.007000
7.908000
21.319000
14.088000
19.001000
13.983000
0.000000
3.983000
10.950000
12.721000
16.182000
6.578000
19.090000
15.973000
4.995000
12.714000
14.570000
17.191000
10.614000
14.272000
7.954000
14.984000
10.090000
9.406000
8.461000
5.664000
6.673000
7.117000
12.757000
10.867000
19.081000
5.051000
5.005000
17.141000
12.005000
8.214000
4.861000
14.883000
12.265000
16.732000
14.268000
10.702000
15.220000
14.277000
11.335000
2.855000
12.489000
9.054000
17.535000
15.867000
7.000000
27.198000
18.386000
14.864000
7.588000
11.139000
24.578000
11.095000
9.215000
15.267000
15.503000
13.238000
4.340000
8.249000
6.794000
10.539000
16.490000
17.045000
14.302000
15.790000
16.008000
12.703000
12.551000
16.073000
10.109000
10.724000
4.794000
11.472000
7.798000
16.315000
10.766000
8.360000
9.754000
15.613000
7.985000
25.068000
8.666000
16.457000
21.163000
4.038000
16.912000
13.186000
7.008000
12.689000
14.683000
13.583000
11.020000
18.043000
12.903000
13.929000
12.723000
19.693000
14.430000
9.085000
8.367000
7.793000
14.803000
14.175000
14.384000
23.281000
12.721000
9.388000
13.711000
10.825000
12.004000
10.295000
13.469000
11.211000
14.346000
13.399000
24.521000
8.060000
0.140000
8.253000
13.302000
16.188000
7.945000
10.358000
13.426000
10.753000
7.301000
16.138000
12.581000
15.483000
14.691000
20.784000
9.152000
10.756000
11.928000
17.229000
8.621000
13.698000
13.836000
13.677000
7.648000
16.505000
13.044000
13.581000
13.593000
10.669000
12.527000
12.541000
10.020000
12.100000
16.427000
15.366000
21.152000
13.602000
13.733000
15.136000
6.962000
9.205000
13.731000
10.771000
12.048000
10.115000
9.287000
9.156000
24.906000
9.687000
14.858000
11.034000
14.248000
14.312000
7.752000
11.361000
8.561000
16.361000
9.285000
13.035000
5.792000
15.425000
9.924000
9.934000
14.880000
20.329000
12.759000
11.032000
9.493000
9.116000
10.451000
12.481000
17.465000
4.349000
9.416000
21.247000
7.073000
8.271000
17.840000
12.037000
11.293000
4.377000
14.855000
10.288000
10.463000
8.333000
6.277000
7.486000
9.473000
15.069000
14.216000
9.897000
10.641000
13.786000
10.364000
19.768000
16.270000
9.420000
10.269000
9.015000
7.078000
7.568000
13.596000
3.794000
8.930000
13.198000
9.280000
12.413000
11.853000
13.289000
9.212000
14.016000
15.123000
10.876000
19.125000
6.192000
4.943000
15.455000
13.439000
15.041000
11.736000
8.059000
14.941000
14.317000
12.235000
18.027000
16.448000
8.313000
13.624000
9.749000
19.940000
5.521000
10.955000
18.367000
8.733000
12.521000
14.651000
10.813000
19.882000
16.133000
13.352000
7.478000
14.626000
2.794000
8.554000
13.899000
8.512000
8.495000
9.256000
7.464000
12.444000
12.968000
15.223000
16.150000
12.909000
7.383000
12.008000
9.981000
18.459000
20.070000
9.167000
14.892000
9.928000
9.115000
19.991000
12.922000
16.900000
9.854000
17.853000
13.026000
4.571000
14.134000
12.180000
18.680000
8.939000
8.957000
12.489000
13.244000
15.370000
12.926000
10.442000
11.836000
15.492000
13.595000
7.413000
16.747000
9.532000
8.319000
7.638000
7.202000
10.308000
11.463000
2.363000
20.319000
9.861000
12.838000
11.071000
21.811000
7.796000
18.243000
16.550000
6.854000
0.000000
7.155000
10.657000
14.378000
10.401000
10.509000
6.108000
14.927000
12.172000
13.971000
0.743000
2.447000
14.710000
3.002000
8.606000
5.437000
11.954000
10.594000
12.308000
12.141000
1.911000
11.289000
10.023000
10.158000
9.064000
0.602000
13.412000
6.299000
5.920000
10.103000
18.003000
10.728000
10.101000
0.000000
6.030000
14.300000
11.570000
10.133000
10.968000
15.478000
3.497000
12.285000
5.810000
0.737000
9.385000
8.209000
10.267000
14.002000
18.708000
5.055000
11.423000
7.533000
5.596000
9.865000
11.322000
14.295000
10.440000
19.637000
12.139000
6.134000
0.692000
3.791000
1.934000
7.830000
17.096000
9.594000
11.231000
0.000000
11.782000
6.674000
5.801000
9.497000
4.296000
0.000000
12.248000
9.168000
6.940000
0.000000
4.807000
15.099000
10.216000
17.816000
11.280000
5.891000
5.639000
1.038000
19.629000
10.572000
4.249000
4.399000
15.911000
4.547000
0.000000
0.548000
6.959000
6.514000
11.549000
10.569000
11.861000
15.801000
1.610000
7.102000
17.899000
19.956000
1.449000
8.295000
10.031000
15.776000
14.032000
14.811000
6.261000
11.081000
8.123000
16.272000
9.521000
10.152000
9.228000
11.773000
11.026000
12.637000
3.826000
7.228000
3.486000
16.138000
8.958000
3.319000
0.824000
1.515000
8.145000
14.559000
12.173000
12.606000
7.247000
19.335000
2.729000
3.206000
3.075000
9.942000
9.431000
9.825000
5.875000
5.941000
13.609000
5.925000
10.781000
2.593000
3.652000
20.490000
13.948000
14.469000
2.390000
17.636000
12.450000
2.713000
21.589000
14.165000
18.316000
4.172000
11.691000
9.245000
12.048000
11.845000
14.936000
6.822000
9.921000
15.583000
15.038000
9.242000
6.590000
9.440000
0.187000
5.180000
4.232000
4.399000
10.549000
6.051000
15.057000
7.519000
0.000000
7.983000
5.016000
22.088000
7.798000
3.862000
10.469000
17.108000
9.743000
14.265000
14.626000
3.847000
6.637000
1.179000
4.321000
4.386000
5.841000
15.415000
10.325000
15.575000
8.025000
12.750000
3.774000
5.990000
13.932000
17.148000
17.678000
9.969000
3.983000
5.795000
14.932000
9.722000
16.515000
11.239000
8.127000
12.018000
15.138000
9.393000
15.026000
13.217000
7.513000
4.978000
15.778000
10.048000
10.754000
13.227000
17.190000
5.584000
15.983000
4.368000
7.592000
11.127000
5.511000
5.806000
7.971000
7.324000
7.517000
11.379000
9.429000
9.384000
14.573000
11.422000
12.302000
12.325000
9.995000
16.689000
9.478000
8.032000
7.591000
13.630000
2.196000
10.872000
17.856000
6.033000
9.258000
11.674000
3.567000
9.484000
6.109000
12.343000
17.045000
13.488000
9.500000
13.837000
14.361000
10.667000
13.124000
15.285000
11.284000
4.243000
11.080000
6.782000
15.249000
20.072000
7.872000
11.546000
6.482000
16.747000
11.129000
6.510000
17.890000
13.973000
12.609000
8.838000
6.640000
13.345000
12.550000
16.383000
7.149000
18.373000
16.947000
10.429000
7.816000
9.716000
16.089000
3.597000
5.359000
5.716000
15.107000
7.475000
11.209000
9.772000
9.008000
9.038000
8.473000
16.283000
13.014000
6.199000
9.573000
11.161000
21.082000
14.893000
7.143000
10.589000
9.607000
10.947000
15.857000
8.749000
9.790000
14.039000
11.341000
10.554000
15.287000
6.477000
12.631000
8.460000
12.553000
8.892000
8.592000
17.254000
12.799000
6.950000
7.471000
7.262000
16.714000
8.068000
10.338000
8.894000
9.180000
16.820000
14.392000
13.787000
9.956000
13.584000
11.060000
12.183000
8.465000
6.420000
7.537000
3.320000
21.568000
7.366000
14.258000
0.000000
18.799000
7.180000
11.522000
8.898000
15.659000
12.482000
17.995000
8.381000
8.276000
18.758000
16.573000
4.588000
9.047000
16.640000
9.149000
7.237000
8.905000
14.400000
15.183000
17.422000
8.727000
15.902000
10.078000
21.474000
10.664000
14.734000
5.578000
14.522000
15.564000
7.024000
10.695000
11.899000
17.251000
15.670000
11.099000
6.872000
8.561000
14.789000
13.505000
11.643000
21.818000
11.706000
6.499000
12.164000
12.855000
10.310000
11.265000
8.182000
4.973000
9.315000
8.449000
10.921000
11.224000
10.966000
6.685000
7.940000
11.342000
14.508000
10.873000
12.448000
5.007000
9.786000
9.676000
13.292000
10.317000
9.209000
11.479000
6.781000
9.616000
14.625000
7.791000
12.970000
10.944000
6.931000
13.396000
10.513000
4.893000
12.285000
18.763000
8.855000
10.689000
11.227000
6.597000
6.803000
6.206000
9.184000
13.816000
16.103000
7.341000
10.787000
13.988000
17.119000
7.540000
12.453000
7.515000
9.556000
14.143000
10.996000
15.704000
4.340000
9.852000
20.327000
11.493000
15.821000
10.164000
17.165000
6.910000
9.164000
8.778000
6.845000
8.199000
6.569000
12.123000
11.928000
6.578000
6.041000
12.444000
4.532000
12.288000
8.871000
11.580000
11.541000
5.773000
10.176000
12.112000
6.200000
9.434000
16.805000
15.300000
13.631000
9.195000
7.144000
13.309000
6.481000
14.047000
7.720000
7.944000
19.026000
12.843000
6.663000
10.448000
16.586000
13.402000
18.093000
7.924000
11.943000
7.758000
9.458000
11.628000
17.045000
0.000000
12.413000
17.913000
8.102000
10.652000
13.031000
17.956000
12.898000
5.822000
7.500000
3.077000
9.039000
10.179000
17.043000
12.494000
15.267000
6.272000
15.875000
4.304000
15.355000
6.105000
8.946000
9.933000
10.053000
9.419000
8.524000
18.156000
6.331000
0.000000
11.088000
11.542000
16.398000
13.476000
12.624000
6.407000
8.805000
7.730000
4.447000
12.199000
3.973000
12.656000
9.483000
9.282000
9.840000
14.727000
14.821000
15.073000
11.785000
9.000000
12.327000
15.192000
14.143000
9.358000
11.727000
17.470000
11.964000
22.346000
10.974000
13.556000
7.666000
11.146000
13.579000
1.155000
11.110000
2.940000
11.787000
13.279000
5.923000
7.125000
7.448000
16.747000
8.193000
7.523000
11.105000
11.090000
9.574000
0.000000
9.239000
11.160000
17.129000
17.294000
14.317000
10.443000
7.025000
0.000000
15.057000
8.659000
11.961000
20.136000
14.763000
12.596000
13.657000
12.417000
14.323000
16.320000
14.686000
7.059000
13.816000
11.532000
7.443000
11.600000
12.697000
10.186000
19.795000
12.368000
11.407000
14.311000
12.634000
7.598000
15.191000
9.594000
12.392000
7.817000
14.569000
14.549000
8.624000
15.102000
6.620000
8.712000
13.214000
4.897000
8.176000
9.614000
6.422000
13.303000
11.709000
9.124000
7.802000
7.191000
12.234000
17.028000
3.200000
8.810000
4.791000
9.838000
15.666000
10.261000
12.536000
4.604000
2.649000
13.972000
9.346000
12.083000
11.627000
6.859000
12.643000
11.016000
18.091000
14.149000
0.304000
13.692000
9.596000
18.625000
12.977000
3.053000
17.057000
10.756000
6.841000
10.436000
7.787000
8.980000
6.162000
5.287000
5.898000
10.696000
7.968000
10.897000
7.352000
17.759000
0.000000
9.430000
10.789000
19.126000
8.682000
12.262000
9.150000
4.978000
11.258000
13.826000
7.052000
10.502000
12.196000
9.077000
4.529000
6.940000
6.760000
6.868000
8.434000
15.447000
7.562000
8.248000
12.906000
6.684000
6.492000
12.012000
3.317000
3.940000
5.720000
0.000000
15.685000
4.385000
11.572000
0.772000
13.769000
16.212000
8.570000
5.160000
4.252000
20.389000
5.663000
10.939000
7.256000
12.612000
7.022000
8.058000
5.374000
12.768000
7.109000
5.509000
10.789000
10.523000
11.322000
5.080000
7.817000
10.760000
4.271000
13.848000
11.126000
8.651000
17.009000
0.000000
13.118000
13.170000
7.359000
18.269000
0.000000
14.513000
4.822000
6.580000
7.589000
9.001000
12.421000
8.347000
2.172000
9.986000
8.459000
9.344000
8.354000
17.664000
14.686000
6.000000
8.328000
11.293000
0.000000
16.071000
0.000000
0.000000
10.401000
14.087000
6.312000
4.907000
1.966000
14.639000
12.251000
13.032000
6.657000
2.879000
8.805000
8.986000
14.151000
8.417000
8.575000
7.554000
13.608000
8.536000
2.757000
12.841000
17.680000
0.000000
19.954000
12.603000
13.120000
0.000000
10.011000
14.248000
10.679000
1.070000
10.125000
0.000000
0.893000
2.900000
3.902000
8.446000
0.000000
19.252000
6.557000
9.954000
10.287000
12.522000
9.629000
15.756000
11.621000
0.000000
3.521000
4.739000
8.977000
11.745000
4.978000
15.967000
7.853000
11.722000
10.548000
9.058000
10.788000
0.000000
1.187000
6.871000
13.861000
15.953000
0.161000
10.010000
0.000000
9.620000
14.654000
6.803000
7.584000
0.000000
13.353000
8.907000
5.947000
16.596000
6.311000
9.819000
7.572000
9.326000
0.000000
10.578000
9.923000
0.000000
10.109000
0.000000
7.528000
13.468000
10.250000
0.000000
0.000000
15.258000
7.292000
14.799000
11.441000
4.297000
14.089000
16.891000
0.000000
16.319000
0.000000
8.145000
0.000000
1.699000
12.212000
9.888000
0.139000
0.000000
18.228000
0.000000
1.197000
9.692000
14.126000
0.000000
11.041000
0.000000
0.000000
12.383000
11.099000
0.000000
0.282000
2.781000
0.000000
0.000000
5.929000
8.248000
13.021000
6.944000
0.000000
0.000000
0.000000
11.374000
14.163000
5.909000
0.000000
12.650000
11.646000
3.014000
10.253000
5.909000
9.512000
0.000000
12.893000
4.609000
0.000000
4.134000
10.417000
0.000000
3.317000
9.772000
18.720000
13.722000
0.000000
0.000000
8.388000
0.000000
0.000000
12.658000
14.598000
0.470000
0.000000
4.504000
8.834000
17.498000
1.339000
0.000000
10.397000
0.000000
7.278000
7.723000
0.000000
10.661000
0.000000
0.000000
16.314000
12.770000
8.503000
3.301000
11.310000
10.777000
9.362000
0.000000
0.000000
0.000000
0.952000
0.000000
13.091000
7.209000
18.190000
6.511000
15.732000
11.728000
0.000000
13.506000
0.000000
10.832000
0.000000
8.831000
13.143000
9.215000
18.160000
3.309000
0.000000
0.000000
5.931000
0.000000
3.188000
0.000000
0.223000
10.046000
0.000000
0.000000
0.620000
0.000000
9.198000
13.194000
14.291000
11.497000
0.000000
0.000000
12.815000
8.513000
0.000000
6.189000
0.508000
12.512000
9.924000
9.425000
14.819000
6.240000
6.682000
10.919000
0.000000
9.830000
6.632000
5.688000
7.974000
10.555000
0.000000
10.805000
8.611000
10.737000
6.130000
15.732000
8.308000
8.818000
0.761000
8.399000
7.289000
16.660000
6.322000
11.534000
11.703000
8.793000
18.079000
7.208000
12.314000
8.729000
9.601000
15.252000
0.000000
14.362000
16.445000
6.970000
7.797000
0.506000
17.225000
11.625000
4.382000
16.903000
6.899000
12.954000
8.914000
0.000000
12.291000
19.718000
13.863000
0.000000
0.000000
3.012000
5.205000
6.957000
7.751000
7.372000
0.000000
8.388000
8.988000
10.004000
9.513000
0.000000
10.727000
0.000000
0.000000
6.087000
8.838000
8.154000
14.341000
8.825000
8.041000
10.419000
12.801000
11.918000
16.607000
15.071000
3.669000
16.078000
6.419000
10.630000
12.306000
7.698000
2.249000
4.290000
5.962000
7.505000
11.934000
1.120000
10.653000
15.625000
8.008000
7.932000
8.642000
0.000000
10.237000
6.644000
8.692000
5.314000
9.300000
11.586000
7.987000
9.707000
5.973000
8.062000
14.816000
0.000000
10.972000
12.400000
5.772000
8.469000
10.878000
2.300000
9.970000
14.513000
9.873000
13.347000
0.000000
10.115000
0.000000
8.674000
8.847000
9.042000
9.586000
10.004000
10.488000
11.671000
12.968000
14.804000
10.171000
0.000000
8.743000
6.161000
8.373000
0.000000
5.205000
0.000000
11.486000
9.103000
14.528000
12.135000
4.367000
6.810000
5.759000
6.966000
8.511000
11.841000
7.867000
14.105000
9.920000
17.640000
8.066000
8.987000
7.505000
12.945000
9.829000
12.993000
13.003000
12.248000
7.041000
12.237000
12.024000
6.046000
11.414000
0.000000
11.870000
2.466000
3.981000
7.988000
18.033000
10.579000
10.406000
5.593000
0.000000
7.566000
11.523000
4.513000
15.874000
0.000000
8.956000
0.000000
0.000000
7.863000
11.615000
8.557000
12.114000
11.315000
7.423000
10.938000
9.061000
8.149000
12.847000
14.559000
9.322000
8.441000
3.979000
8.782000
15.669000
0.000000
10.945000
9.761000
10.533000
10.880000
12.673000
10.605000
8.785000
6.815000
11.277000
8.834000
13.065000
13.121000
15.541000
0.354000
10.639000
16.355000
6.604000
10.404000
1.069000
3.226000
4.123000
11.100000
0.000000
3.483000
11.946000
16.294000
3.256000
0.000000
6.518000
0.000000
0.000000
5.695000
3.710000
0.000000
0.000000
22.402000
0.000000
0.000000
0.000000
0.000000
13.175000
0.000000
0.869000
4.974000
10.127000
0.000000
1.781000
13.083000
8.383000
0.000000
0.000000
0.000000
9.188000
8.501000
0.000000
0.019000
0.000000
11.275000
12.071000
0.000000
12.787000
0.000000
10.563000
5.405000
0.000000
0.000000
11.916000
0.000000
6.212000
6.199000
8.914000
1.536000
0.000000
6.314000
0.000000
0.279000
7.884000
1.660000
10.880000
0.000000
0.000000
0.586000
4.284000
6.031000
2.625000
11.688000
3.347000
0.000000
7.590000
0.000000
0.000000
4.712000
0.000000
0.000000
5.332000
14.939000
4.899000
0.000000
10.611000
15.681000
11.712000
17.961000
2.184000
17.459000
0.186000
6.585000
2.186000
0.000000
0.000000
14.496000
2.242000
7.832000
10.541000
0.000000
3.366000
8.795000
0.915000
0.000000
11.755000
5.935000
6.746000
11.903000
8.786000
12.690000
10.646000
6.581000
7.781000
3.800000
5.877000
2.492000
6.670000
5.950000
5.909000
19.238000
0.000000
2.932000
11.172000
16.266000
2.908000
11.737000
4.855000
7.084000
1.335000
0.037000
0.000000
10.468000
13.843000
9.358000
3.515000
3.052000
8.192000
4.280000
8.642000
11.665000
0.000000
6.577000
0.000000
0.000000
12.694000
0.000000
11.131000
12.658000
17.085000
7.352000
2.024000
10.693000
9.634000
4.436000
8.174000
0.000000
0.000000
5.851000
9.813000
3.911000
15.771000
12.047000
7.455000
8.471000
11.031000
0.689000
0.000000
11.303000
3.847000
16.486000
2.111000
6.084000
0.000000
6.051000
1.544000
0.000000
7.481000
5.627000
3.587000
5.466000
6.844000
0.000000
5.797000
9.525000
0.000000
4.676000
12.439000
3.602000
6.313000
9.944000
0.000000
6.016000
13.554000
0.000000
6.679000
8.141000
17.937000
4.855000
0.079000
3.342000
12.031000
10.402000
4.274000
10.603000
5.542000
6.701000
6.720000
14.929000
3.445000
5.765000
4.937000
3.365000
12.784000
0.000000
8.919000
15.015000
11.484000
7.090000
9.165000
0.000000
7.775000
0.432000
8.925000
8.158000
9.132000
2.284000
3.067000
6.985000
7.228000
8.718000
4.780000
18.036000
0.000000
9.731000
3.883000
5.507000
6.543000
16.842000
1.640000
4.915000
3.069000
1.694000
8.392000
3.828000
1.463000
8.671000
6.843000
13.109000
18.157000
5.598000
3.621000
12.338000
6.461000
9.344000
12.457000
0.000000
6.202000
7.251000
1.441000
11.381000
12.311000
6.489000
10.041000
9.096000
5.728000
14.910000
8.643000
0.000000
11.321000
0.918000
9.953000
5.545000
16.823000
2.367000
10.111000
10.718000
3.933000
10.414000
6.421000
9.313000
13.459000
5.454000
3.003000
8.425000
7.925000
9.276000
9.025000
3.684000
4.547000
8.432000
3.821000
7.729000
6.282000
8.242000
7.206000
10.051000
6.395000
6.604000
2.886000
8.767000
9.527000
6.689000
7.177000
11.965000
11.309000
0.000000
6.851000
8.134000
8.558000
6.873000
4.025000
10.683000
14.294000
4.836000
6.260000
3.126000
1.228000
8.077000
8.469000
0.000000
4.077000
11.322000
9.462000
6.340000
11.515000
1.392000
14.533000
9.813000
16.049000
11.508000
0.000000
11.512000
4.565000
12.275000
9.140000
4.300000
4.124000
0.179000
9.435000
8.003000
1.694000
12.719000
7.023000
6.985000
6.574000
13.722000
3.427000
4.202000
4.664000
13.545000
10.594000
5.775000
5.666000
0.252000
4.403000
7.494000
2.796000
23.638000
0.972000
8.202000
8.371000
0.000000
0.307000
11.817000
1.466000
0.110000
3.315000
4.639000
7.800000
21.145000
0.000000
6.750000
10.290000
0.000000
7.026000
0.000000
10.823000
3.711000
6.053000
2.040000
7.256000
9.467000
10.753000
3.404000
10.006000
11.192000
1.658000
5.512000
1.930000
2.966000
13.583000
6.796000
10.265000
2.511000
5.588000
8.500000
12.418000
13.439000
4.012000
4.509000
0.473000
9.558000
8.054000
2.558000
1.858000
0.000000
13.110000
0.000000
13.208000
0.000000
7.922000
0.963000
7.211000
4.969000
12.216000
13.668000
4.575000
3.774000
1.195000
12.262000
8.478000
9.341000
0.598000
13.679000
3.614000
13.631000
4.383000
5.054000
6.342000
12.621000
4.707000
8.604000
5.712000
9.628000
8.479000
3.116000
9.304000
10.887000
2.518000
10.639000
5.384000
2.897000
0.000000
0.000000
10.503000
10.527000
0.120000
2.642000
2.012000
10.100000
7.476000
6.563000
11.279000
4.260000
4.323000
3.168000
7.939000
11.012000
6.656000
8.128000
10.664000
5.648000
1.027000
8.746000
1.756000
6.219000
3.923000
3.513000
6.536000
10.858000
2.416000
5.672000
5.599000
0.000000
1.153000
7.414000
9.059000
2.527000
9.263000
5.134000
5.019000
1.719000
13.416000
3.241000
10.189000
11.417000
11.736000
2.961000
6.928000
3.376000
8.979000
9.660000
4.985000
9.556000
9.168000
0.000000
14.058000
9.448000
1.161000
11.475000
11.525000
8.470000
3.561000
6.674000
0.000000
3.217000
2.480000
2.355000
9.554000
7.842000
3.810000
0.000000
8.997000
3.384000
11.770000
12.972000
7.322000
9.960000
8.756000
8.194000
10.061000
9.137000
5.919000
11.300000
13.322000
3.617000
10.299000
10.424000
3.148000
10.546000
9.940000
1.689000
0.000000
2.420000
0.000000
5.234000
3.378000
4.177000
10.467000
7.597000
4.267000
6.282000
7.021000
5.923000
4.762000
0.000000
8.399000
14.347000
11.469000
10.578000
3.506000
0.000000
0.000000
5.837000
13.101000
9.993000
0.532000
12.381000
3.172000
6.367000
2.146000
7.638000
9.152000
2.524000
5.637000
4.356000
10.927000
13.549000
8.065000
4.956000
0.000000
0.000000
10.217000
4.454000
11.669000
5.174000
6.106000
3.300000
0.843000
7.396000
0.000000
16.024000
1.541000
9.188000
0.000000
0.000000
5.710000
0.000000
0.000000
3.329000
4.452000
2.724000
5.483000
5.610000
3.154000
5.186000
0.587000
0.000000
6.820000
4.577000
4.362000
8.823000
8.639000
1.508000
8.708000
3.912000
6.511000
6.402000
1.749000
0.258000
1.471000
1.709000
1.550000
6.408000
0.000000
0.900000
6.000000
0.000000
1.623000
3.113000
8.086000
2.314000
0.649000
6.710000
0.744000
5.861000
0.000000
0.844000
1.989000
0.021000
2.937000
0.933000
9.183000
7.221000
5.986000
0.000000
0.000000
10.171000
8.062000
3.979000
0.000000
0.921000
10.072000
0.000000
8.379000
2.838000
7.839000
0.000000
1.032000
0.000000
5.544000
1.215000
0.000000
2.048000
0.000000
6.116000
1.898000
2.764000
0.000000
0.000000
0.638000
0.000000
11.104000
0.000000
1.187000
9.161000
1.236000
0.000000
6.998000
0.000000
1.744000
0.104000
6.392000
4.649000
0.000000
6.187000
0.000000
10.702000
0.000000
0.000000
0.000000
0.000000
9.423000
3.381000
0.000000
0.000000
3.048000
5.742000
9.780000
0.000000
3.064000
0.193000
0.000000
0.000000
6.092000
5.206000
0.000000
10.121000
0.000000
1.960000
2.619000
0.000000
0.000000
0.000000
2.182000
0.000000
0.000000
0.000000
0.000000
0.000000
1.810000
2.957000
2.149000
0.000000
0.000000
0.000000
0.000000
5.992000
0.000000
3.228000
0.061000
0.000000
0.000000
0.000000
0.000000
0.973000
3.556000
0.000000
0.000000
0.000000
0.000000
0.000000
0.000000
5.784000
0.000000
0.000000
0.000000
7.569000
0.000000
0.000000
1.757000
1.833000
4.639000
3.949000
14.980000
0.000000
3.710000
0.000000
0.000000
9.506000
3.785000
5.616000
0.000000
0.000000
0.000000
2.346000
0.000000
0.000000
10.514000
1.645000
0.000000
0.000000
0.000000
0.779000
0.000000
0.000000
2.574000
0.000000
0.107000
1.460000
2.708000
5.716000
0.000000
1.592000
6.005000
1.214000
0.412000
4.305000
7.254000
9.389000
0.000000
0.000000
0.520000
8.320000
4.360000
0.000000
0.000000
0.000000
6.506000
0.000000
0.000000
3.624000
0.000000
0.000000
4.721000
0.000000
0.000000
0.000000
3.820000
0.000000
3.782000
5.845000
7.975000
11.104000
0.000000
5.623000
6.166000
12.566000
5.901000
0.000000
5.790000
0.000000
13.043000
0.000000
4.211000
0.328000
0.000000
1.564000
1.337000
0.000000
0.000000
8.509000
3.796000
0.000000
0.000000
2.774000
0.322000
0.000000
0.000000
0.000000
0.000000
2.251000
9.307000
0.102000
8.751000
0.000000
0.000000
1.020000
0.000000
6.565000
0.000000
1.676000
6.202000
2.223000
1.881000
2.335000
7.640000
5.976000
1.188000
0.000000
2.701000
0.000000
1.061000
0.755000
2.427000
8.947000
1.813000
15.437000
3.294000
0.000000
1.288000
2.501000
5.723000
0.000000
4.006000
10.185000
0.000000
0.000000
9.873000
0.000000
0.240000
0.000000
2.880000
6.487000
0.149000
4.770000
0.000000
0.516000
3.531000
7.462000
0.000000
8.312000
1.191000
0.000000
0.000000
8.130000
3.323000
0.000000
2.530000
9.969000
0.000000
0.000000
6.535000
2.894000
0.000000
0.000000
2.089000
2.183000
3.943000
0.000000
0.074000
0.000000
1.097000
0.000000
4.265000
0.000000
0.934000
0.000000
3.307000
0.000000
2.316000
5.148000
0.379000
4.111000
2.692000
1.839000
1.192000
4.667000
1.658000
3.607000
0.000000
0.000000
0.000000
0.000000
3.397000
0.000000
9.271000
10.602000
0.000000
0.000000
0.000000
3.058000
3.060000
0.000000
6.391000
7.853000
0.000000
0.000000
0.000000
0.507000
0.000000
3.207000
1.390000
0.000000
0.000000
6.919000
3.564000
0.379000
3.226000
2.800000
7.829000
0.000000
0.000000
5.831000
1.731000
3.606000
0.000000
5.037000
0.000000
6.904000
2.438000
4.389000
6.728000
5.729000
1.745000
0.000000
2.752000
9.232000
7.023000
4.883000
9.286000
0.679000
0.000000
4.348000
0.000000
4.175000
7.480000
0.583000
0.000000
7.844000
2.518000
0.000000
0.483000
0.885000
6.465000
0.000000
3.256000
2.763000
4.563000
0.000000
0.000000
1.435000
0.000000
0.000000
3.300000
0.000000
0.000000
1.163000
3.533000
0.000000
2.180000
5.140000
3.170000
3.524000
0.000000
9.276000
0.000000
4.008000
0.000000
2.915000
3.196000
2.139000
0.764000
0.000000
3.034000
1.566000
0.000000
7.918000
7.044000
9.062000
2.199000
1.589000
0.000000
0.000000
0.000000
0.000000
3.869000
0.000000
5.693000
0.000000
9.618000
5.896000
3.234000
0.000000
7.446000
4.249000
3.018000
3.659000
4.735000
0.584000
1.242000
9.442000
0.000000
0.740000
0.000000
0.673000
0.000000
4.917000
0.000000
0.000000
1.613000
3.043000
1.574000
5.144000
1.884000
0.000000
0.000000
0.000000
0.000000
2.850000
7.764000
3.407000
0.000000
3.481000
5.248000
0.053000
0.588000
5.099000
6.317000
0.000000
1.890000
9.959000
1.197000
0.000000
0.000000
0.000000
0.000000
0.132000
1.881000
4.220000
2.460000
0.000000
5.701000
1.024000
7.501000
0.000000
1.250000
3.810000
0.000000
0.000000
2.498000
0.000000
4.157000
0.562000
8.994000
3.531000
2.656000
0.000000
2.861000
5.952000
0.000000
0.969000
0.000000
4.590000
0.000000
2.580000
4.986000
8.391000
0.000000
1.244000
0.000000
3.195000
11.026000
0.851000
4.168000
0.000000
0.000000
6.993000
0.204000
0.000000
1.420000
3.064000
0.000000
7.815000
3.353000
0.000000
0.893000
1.540000
6.504000
5.813000
1.479000
2.981000
4.513000
1.894000
1.056000
3.256000
4.172000
3.169000
5.304000
6.605000
2.472000
0.000000
0.000000
5.273000
4.970000
0.000000
0.775000
8.928000
4.937000
0.001000
3.674000
6.210000
0.620000
0.000000
0.106000
0.000000
0.000000
0.000000
3.055000
0.000000
0.000000
4.292000
3.191000
3.065000
0.000000
6.840000
2.360000
5.207000
5.703000
1.020000
0.000000
5.236000
8.210000
3.982000
6.076000
2.418000
0.971000
1.780000
3.273000
0.000000
1.078000
0.000000
0.074000
6.553000
2.291000
0.000000
1.008000
0.508000
0.429000
6.992000
2.038000
0.000000
5.128000
2.414000
0.690000
0.000000
8.312000
3.411000
4.797000
0.198000
0.000000
4.660000
2.564000
3.538000
7.157000
0.000000
3.317000
4.082000
3.976000
3.413000
3.928000
0.000000
0.000000
0.272000
0.000000
5.790000
3.197000
1.602000
2.876000
4.153000
4.179000
0.000000
0.218000
0.831000
4.600000
0.000000
4.999000
0.000000
2.126000
0.000000
4.902000
7.971000
0.000000
6.263000
7.112000
0.000000
5.691000
2.781000
4.894000
4.823000
6.010000
0.000000
1.405000
0.000000
5.234000
0.997000
1.270000
3.846000
0.000000
2.668000
2.220000
6.014000
0.156000
0.150000
0.000000
0.000000
0.000000
0.638000
4.425000
1.838000
0.000000
11.362000
0.219000
0.000000
0.000000
0.000000
0.000000
2.526000
0.000000
3.285000
0.000000
0.000000
8.635000
0.006000
0.000000
0.085000
5.073000
0.000000
2.729000
5.688000
0.000000
0.000000
0.000000
0.000000
0.003000
4.292000
1.457000
3.291000
0.000000
6.362000
2.049000
0.000000
3.619000
0.000000
3.037000
0.657000
5.062000
0.000000
0.000000
0.000000
9.025000
4.370000
2.509000
0.000000
0.000000
0.695000
0.000000
0.000000
0.000000
0.000000
0.000000
6.106000
0.000000
0.356000
3.607000
0.000000
0.000000
0.000000
3.899000
2.363000
3.334000
3.248000
0.000000
1.579000
0.000000
5.954000
0.550000
1.348000
3.972000
0.000000
2.628000
2.571000
0.000000
3.260000
0.000000
2.001000
0.850000
2.058000
0.000000
0.000000
0.484000
5.259000
7.145000
0.000000
0.000000
0.000000
1.184000
0.000000
0.000000
0.000000
0.000000
1.198000
4.143000
0.000000
1.975000
0.000000
0.000000
1.021000
0.000000
2.698000
2.673000
1.613000
2.586000
0.000000
2.273000
2.718000
0.958000
0.000000
0.000000
0.903000
0.000000
1.437000
3.379000
0.000000
2.594000
1.709000
3.641000
0.000000
4.536000
0.000000
0.000000
0.198000
11.958000
2.947000
0.000000
0.000000
3.910000
5.615000
0.832000
3.738000
2.168000
0.000000
2.033000
0.652000
4.313000
0.000000
2.066000
2.449000
0.000000
2.727000
3.370000
0.000000
1.138000
0.000000
0.000000
0.000000
5.223000
2.735000
0.000000
0.000000
0.000000
0.011000
1.006000
2.747000
2.836000
0.000000
0.000000
4.305000
2.169000
0.234000
0.000000
0.000000
1.707000
3.153000
3.498000
1.213000
5.466000
0.000000
0.000000
0.000000
3.077000
8.650000
3.501000
5.014000
4.297000
3.035000
1.555000
2.626000
0.000000
2.230000
0.000000
1.589000
0.000000
0.000000
0.000000
0.966000
1.950000
4.667000
0.000000
2.257000
0.000000
1.429000
0.000000
4.022000
0.000000
0.514000
0.000000
0.000000
0.000000
5.594000
0.000000
3.643000
2.975000
0.735000
0.000000
0.760000
4.735000
4.608000
0.649000
1.076000
0.000000
2.998000
0.000000
0.000000
4.400000
0.971000
7.606000
9.226000
0.000000
1.136000
8.398000
0.020000
1.658000
1.953000
1.641000
0.000000
0.525000
1.131000
0.000000
0.000000
0.315000
0.000000
0.000000
0.000000
0.642000
1.754000
4.579000
1.331000
1.882000
0.272000
0.000000
0.000000
0.000000
1.332000
1.671000
5.622000
3.380000
1.004000
0.000000
1.228000
0.000000
2.405000
0.000000
3.506000
2.910000
0.000000
0.000000
3.400000
0.000000
5.476000
0.000000
0.000000
3.993000
0.000000
0.000000
2.921000
1.646000
0.000000
0.693000
2.373000
3.876000
4.009000
0.000000
0.000000
5.409000
0.000000
0.000000
0.430000
0.000000
2.947000
4.904000
0.000000
4.313000
0.000000
0.590000
0.000000
4.915000
4.277000
1.419000
0.000000
0.000000
0.000000
0.696000
0.468000
2.173000
0.000000
1.355000
0.000000
2.392000
2.849000
0.000000
0.000000
0.000000
0.046000
0.000000
0.000000
0.000000
0.000000
3.885000
1.109000
0.438000
0.000000
6.395000
0.677000
3.561000
0.000000
2.928000
0.000000
0.000000
3.039000
0.000000
2.304000
4.033000
2.270000
0.000000
6.193000
3.867000
2.779000
4.103000
0.000000
5.277000
0.000000
0.000000
0.027000
1.225000
0.000000
0.000000
4.430000
2.812000
5.496000
5.090000
8.166000
0.000000
1.400000
4.548000
0.000000
3.111000
0.000000
0.000000
0.574000
2.265000
3.464000
0.000000
1.954000
0.000000
1.913000
0.000000
5.143000
0.000000
0.000000
0.724000
3.531000
5.285000
0.000000
0.000000
0.000000
2.267000
1.111000
3.999000
0.301000
0.604000
4.634000
0.000000
4.944000
0.000000
4.970000
1.413000
0.693000
1.092000
0.000000
0.000000
0.000000
0.000000
0.650000
0.000000
0.500000
7.141000
0.000000
0.252000
0.556000
0.554000
0.000000
2.877000
3.392000
4.495000
1.297000
0.138000
0.296000
0.000000
0.000000
2.555000
4.265000
0.000000
0.000000
2.772000
2.891000
0.095000
0.000000
2.461000
4.039000
0.000000
2.357000
4.417000
0.000000
1.657000
0.000000
3.326000
1.018000
3.109000
4.607000
0.042000
0.000000
0.000000
1.396000
0.745000
1.691000
0.000000
1.113000
3.290000
0.000000
0.000000
0.557000
0.000000
0.573000
0.386000
1.668000
6.575000
2.021000
3.483000
0.000000
2.181000
2.407000
0.000000
0.000000
0.000000
0.000000
0.000000
0.431000
1.065000
0.756000
2.482000
0.000000
3.404000
5.599000
2.430000
0.000000
3.308000
0.842000
1.408000
0.000000
0.864000
0.000000
1.684000
0.000000
0.000000
0.542000
0.000000
0.000000
0.000000
0.000000
0.000000
0.000000
5.608000
0.083000
0.000000
3.215000
1.050000
3.435000
0.000000
4.417000
2.092000
0.000000
0.404000
0.000000
4.010000
0.000000
4.922000
0.000000
0.000000
0.206000
0.000000
4.855000
0.000000
1.789000
0.110000
0.000000
0.000000
2.763000
0.000000
0.185000
0.000000
2.322000
1.395000
0.000000
5.672000
0.402000
7.810000
0.000000
2.407000
1.777000
0.000000
0.000000
1.138000
0.954000
1.808000
0.389000
3.820000
2.857000
1.067000
5.904000
0.000000
0.000000
2.098000
0.000000
0.000000
2.732000
0.777000
2.069000
3.212000
1.789000
3.817000
0.000000
0.229000
4.296000
3.675000
3.508000
0.000000
0.762000
0.000000
2.222000
1.496000
2.904000
1.175000
0.000000
0.000000
0.000000
0.688000
0.000000
0.000000
3.165000
0.761000
1.949000
2.130000
0.000000
0.191000
0.000000
0.000000
0.000000
5.993000
0.000000
0.000000
2.420000
1.557000
2.374000
0.000000
0.000000
0.000000
4.877000
1.197000
2.689000
0.000000
0.000000
2.961000
1.377000
3.992000
3.397000
0.192000
0.000000
0.066000
2.380000
2.899000
2.046000
0.303000
0.000000
0.000000
0.657000
5.455000
1.109000
9.323000
0.000000
5.115000
0.000000
0.972000
5.735000
0.000000
3.127000
1.532000
3.160000
0.036000
0.479000
0.000000
0.000000
2.488000
0.000000
0.281000
0.000000
4.935000
0.720000
0.000000
3.852000
4.855000
0.249000
0.000000
0.233000
1.628000
0.000000
1.970000
0.000000
0.000000
0.684000
2.285000
0.230000
0.436000
0.000000
0.000000
0.000000
1.244000
3.134000
0.000000
2.556000
2.557000
0.054000
4.348000
3.773000
0.000000
1.523000
1.727000
0.057000
0.000000
2.394000
0.000000
0.000000
0.000000
0.000000
3.338000
1.466000
0.787000
2.869000
0.215000
0.000000
0.577000
0.782000
0.000000
0.000000
4.802000
0.000000
1.691000
1.933000
0.000000
0.000000
2.848000
0.000000
4.126000
1.587000
0.334000
1.976000
0.000000
0.000000
1.250000
2.624000
2.771000
0.000000
1.969000
3.325000
3.727000
1.087000
2.563000
0.850000
2.535000
0.520000
0.406000
1.680000
1.959000
0.537000
0.000000
0.925000
0.000000
0.000000
1.849000
0.951000
2.194000
2.756000
3.281000
0.634000
0.000000
2.958000
0.000000
0.000000
5.534000
0.000000
0.000000
0.000000
0.000000
0.963000
0.000000
2.778000
0.000000
1.898000
2.285000
3.408000
0.000000
1.638000
2.406000
1.259000
0.000000
2.113000
2.718000
1.566000
0.000000
2.498000
0.000000
3.192000
1.919000
4.869000
1.829000
3.956000
0.765000
0.113000
1.512000
3.588000
0.000000
0.927000
1.580000
2.420000
0.435000
0.919000
1.729000
0.000000
1.675000
1.024000
0.607000
2.356000
0.000000
1.732000
0.683000
0.000000
0.000000
3.518000
0.000000
0.000000
0.000000
0.000000
0.000000
0.000000
1.401000
1.105000
1.688000
5.405000
1.854000
1.511000
0.000000
0.000000
0.536000
4.998000
1.369000
1.935000
0.218000
0.000000
0.000000
0.000000
2.619000
0.490000
0.485000
2.779000
1.229000
0.656000
0.000000
0.944000
1.770000
3.461000
0.000000
0.000000
1.892000
0.810000
0.883000
7.715000
0.854000
0.000000
0.000000
2.928000
0.000000
2.875000
0.361000
2.702000
2.842000
0.949000
1.787000
0.000000
1.210000
0.000000
4.936000
0.000000
0.379000
0.000000
2.048000
0.599000
1.248000
0.000000
0.000000
3.040000
0.000000
2.299000
3.170000
3.644000
5.301000
4.853000
0.744000
0.000000
2.381000
5.407000
1.864000
0.689000
0.000000
0.000000
0.553000
3.238000
1.617000
0.000000
1.257000
0.000000
0.000000
8.547000
0.776000
4.364000
6.203000
3.855000
0.026000
1.528000
0.192000
3.721000
0.000000
0.000000
0.000000
1.252000
2.596000
1.520000
0.000000
0.000000
1.936000
2.233000
0.000000
0.000000
0.000000
1.301000
0.000000
3.694000
0.000000
3.198000
0.596000
0.000000
2.313000
0.000000
0.959000
0.000000
0.000000
0.000000
2.636000
0.000000
1.173000
0.000000
0.676000
5.033000
0.337000
2.083000
0.000000
0.000000
0.656000
0.264000
5.829000
0.000000
0.217000
0.549000
0.000000
0.000000
2.513000
0.000000
0.000000
0.000000
4.499000
0.183000
0.603000
3.330000
0.000000
0.000000
0.000000
5.698000
4.933000
2.548000
0.000000
6.985000
0.000000
0.000000
0.000000
0.000000
0.135000
1.028000
0.000000
0.637000
0.300000
0.065000
0.000000
2.504000
1.023000
0.286000
0.000000
2.106000
0.000000
0.000000
2.862000
0.522000
0.265000
0.000000
0.305000
2.708000
2.532000
0.000000
0.000000
0.001000
0.000000
0.000000
1.929000
0.106000
0.301000
1.859000
0.000000
7.937000
1.495000
0.000000
2.220000
3.961000
0.000000
0.000000
0.000000
0.681000
0.000000
3.342000
1.804000
1.658000
0.000000
0.422000
2.811000
0.000000
2.969000
0.000000
0.000000
1.380000
0.000000
2.607000
0.000000
3.112000
0.000000
1.797000
2.554000
0.000000
0.405000
2.103000
0.738000
0.000000
1.428000
2.989000
3.197000
0.000000
0.982000
1.396000
2.677000
1.761000
0.906000
0.000000
0.000000
0.000000
2.080000
0.000000
0.000000
0.332000
0.642000
0.000000
1.334000
0.067000
1.288000
0.000000
1.108000
0.000000
3.153000
1.815000
3.446000
0.425000
0.000000
0.000000
0.000000
0.000000
0.000000
0.000000
0.000000
2.952000
0.805000
2.045000
1.904000
4.928000
1.516000
0.000000
0.876000
1.082000
0.000000
0.000000
0.872000
0.000000
0.000000
0.623000
0.000000
0.000000
0.938000
1.000000
0.000000
0.000000
0.000000
0.000000
0.000000
0.000000
2.139000
0.000000
0.647000
0.000000
3.252000
0.348000
0.000000
2.476000
1.415000
0.000000
2.219000
0.000000
0.000000
1.512000
1.737000
0.000000
0.000000
4.160000
1.827000
2.247000
0.523000
0.000000
0.000000
1.463000
0.000000
0.000000
0.000000
0.000000
0.000000
1.513000
0.000000
0.000000
2.180000
1.231000
2.612000
0.376000
1.092000
3.166000
0.566000
5.217000
1.170000
0.446000
2.834000
0.000000
2.393000
2.334000
2.838000
1.395000
1.106000
0.000000
0.970000
0.000000
0.858000
4.033000
0.702000
1.610000
1.553000
2.542000
1.493000
4.424000
1.289000
0.000000
0.452000
0.000000
0.000000
0.000000
0.000000
2.169000
6.044000
4.128000
1.488000
0.017000
0.000000
0.000000
0.000000
0.000000
0.000000
0.379000
0.000000
0.000000
0.000000
0.000000
1.316000
0.430000
0.000000
0.000000
0.000000
0.000000
1.310000
1.649000
1.204000
0.000000
0.000000
0.319000
0.000000
2.280000
2.703000
1.397000
0.648000
0.486000
0.389000
0.000000
0.000000
0.000000
1.753000
3.929000
0.000000
6.660000
1.579000
1.845000
0.091000
0.000000
0.000000
1.791000
0.721000
0.000000
8.035000
0.000000
1.106000
0.134000
0.000000
0.000000
1.291000
0.320000
0.909000
2.787000
1.962000
2.102000
0.606000
4.178000
0.781000
3.162000
0.000000
0.832000
0.000000
0.112000
2.236000
0.000000
2.542000
2.783000
0.000000
0.000000
0.000000
0.000000
0.188000
0.000000
1.066000
1.917000
1.152000
0.000000
0.000000
0.559000
2.232000
1.142000
0.000000
0.939000
4.916000
0.108000
0.701000
1.302000
0.328000
0.594000
0.434000
0.000000
0.781000
0.000000
0.000000
0.520000
0.414000
0.000000
0.000000
0.155000
1.811000
0.000000
0.000000
1.524000
0.000000
0.000000
1.716000
1.407000
0.240000
0.000000
3.893000
0.000000
0.000000
0.059000
0.000000
0.000000
0.000000
0.637000
0.449000
0.280000
0.000000
0.000000
0.000000
0.000000
0.000000
0.763000
0.000000
0.000000
0.000000
1.246000
0.000000
2.425000
0.648000
1.710000
0.334000
0.721000
0.000000
0.959000
1.498000
0.000000
0.000000
3.663000
0.966000
0.000000
2.298000
2.325000
0.000000
0.000000
1.972000
3.823000
0.000000
0.000000
0.000000
0.000000
2.059000
0.000000
4.827000
1.738000
0.000000
0.000000
0.534000
0.951000
0.000000
0.000000
0.000000
0.000000
0.000000
2.082000
0.725000
1.062000
0.000000
0.000000
0.000000
7.221000
0.000000
0.000000
1.209000
0.262000
0.000000
0.000000
0.000000
0.000000
1.271000
0.000000
0.000000
0.101000
0.759000
0.000000
0.000000
0.000000
1.383000
1.936000
2.360000
0.000000
0.000000
0.000000
0.000000
0.000000
0.000000
0.000000
1.782000
0.000000
0.939000
0.000000
2.992000
0.000000
0.693000
1.835000
0.000000
0.368000
0.979000
0.000000
0.000000
1.116000
0.584000
0.509000
0.000000
1.562000
0.000000
1.054000
0.000000
1.711000
0.379000
3.414000
0.000000
0.000000
1.787000
0.551000
0.000000
0.000000
1.704000
2.276000
0.369000
1.208000
0.000000
1.161000
0.000000
3.190000
1.994000
1.064000
2.365000
0.249000
0.616000
1.085000
0.045000
0.000000
1.541000
0.000000
0.000000
0.000000
0.000000
0.000000
0.000000
0.000000
0.000000
0.000000
0.000000
0.061000
0.000000
3.404000
1.089000
0.000000
0.012000
1.179000
4.941000
0.000000
0.000000
2.363000
1.405000
0.620000
0.435000
0.000000
0.000000
1.173000
0.000000
0.000000
0.000000
0.000000
0.000000
1.501000
0.300000
0.000000
1.015000
2.246000
0.000000
0.000000
0.000000
2.891000
1.775000
0.000000
1.150000
0.000000
0.000000
0.000000
2.097000
0.000000
3.903000
1.087000
0.617000
0.000000
2.234000
0.478000
2.374000
5.594000
0.000000
0.000000
0.000000
0.000000
0.000000
0.000000
0.000000
0.073000
0.111000
0.182000
0.000000
1.231000
2.216000
0.441000
0.000000
0.191000
0.000000
0.000000
2.100000
0.778000
3.971000
0.264000
0.000000
0.624000
0.000000
0.243000
4.370000
1.717000
4.170000
0.104000
0.000000
0.000000
0.000000
0.511000
0.000000
4.037000
0.000000
0.000000
0.000000
0.000000
0.000000
0.000000
0.000000
4.704000
0.000000
0.000000
1.417000
2.322000
0.278000
0.000000
0.000000
2.650000
4.585000
0.277000
2.698000
0.000000
0.000000
0.000000
0.000000
0.635000
2.505000
0.585000
0.891000
1.240000
0.000000
0.000000
0.954000
0.000000
0.000000
1.885000
2.092000
0.422000
0.000000
0.000000
0.000000
0.000000
0.404000
2.650000
0.000000
2.202000
0.907000
0.000000
0.000000
0.000000
0.000000
0.784000
0.294000
0.000000
0.000000
3.845000
1.208000
2.424000
0.000000
0.707000
0.000000
0.564000
0.000000
1.900000
0.000000
0.000000
0.000000
0.906000
1.090000
0.000000
2.678000
0.588000
2.791000
0.000000
0.000000
0.000000
0.000000
0.501000
0.000000
0.000000
0.000000
0.295000
6.512000
0.000000
0.000000
0.000000
0.000000
0.000000
0.567000
7.471000
1.753000
0.000000
2.071000
0.000000
0.059000
0.661000
0.000000
0.000000
0.000000
2.934000
0.000000
0.000000
0.000000
0.000000
0.263000
0.218000
0.000000
0.000000
2.807000
0.000000
0.000000
2.785000
0.000000
0.831000
0.639000
3.020000
0.000000
0.678000
4.720000
0.000000
1.416000
0.000000
1.238000
0.000000
0.852000
0.352000
0.178000
0.281000
0.000000
2.129000
1.321000
0.000000
4.947000
0.000000
0.000000
0.605000
0.595000
0.431000
0.740000
0.000000
0.000000
7.698000
0.000000
0.000000
0.000000
0.000000
1.298000
0.000000
0.111000
0.000000
0.000000
0.000000
0.560000
0.000000
0.000000
0.522000
0.000000
2.205000
0.000000
0.000000
0.060000
0.000000
0.000000
1.364000
0.267000
0.000000
0.000000
0.000000
0.000000
0.000000
0.973000
0.000000
0.000000
0.144000
1.204000
0.000000
0.000000
0.000000
1.117000
0.000000
0.000000
0.000000
3.445000
5.240000
0.000000
3.787000
0.369000
2.862000
0.000000
1.868000
2.151000
0.000000
0.000000
0.570000
4.855000
0.000000
4.350000
0.000000
3.414000
2.467000
0.000000
0.000000
0.688000
4.237000
3.877000
1.588000
1.240000
2.353000
1.960000
2.990000
2.357000
3.356000
8.064000
4.454000
0.000000
1.276000
0.000000
1.492000
1.075000
0.000000
3.504000
2.453000
1.449000
0.000000
1.021000
0.433000
0.000000
0.000000
0.900000
0.199000
2.318000
0.418000
0.889000
0.000000
3.048000
0.000000
0.000000
0.622000
0.797000
0.000000
0.000000
0.081000
1.285000
1.819000
0.954000
0.000000
1.057000
0.456000
2.349000
1.703000
1.957000
1.130000
0.000000
0.000000
0.415000
1.315000
1.187000
1.817000
1.660000
2.628000
1.792000
2.849000
0.000000
0.000000
1.284000
0.040000
0.000000
0.000000
2.733000
0.000000
