0.071326
1.773326
0.601326
1.259326
2.638326
0.999326
0.297326
0.902326
1.097326
1.717326
1.285326
0.815326
1.773326
0.071326
0.121326
1.725326
1.588326
1.833326
0.797326
1.099326
0.434326
1.588326
1.758326
1.817326
1.758326
1.758326
0.927326
1.026326
1.097326
1.610326
1.399326
1.462326
0.071326
0.622326
2.012326
0.434326
1.833326
1.134326
1.097326
0.771326
1.134326
1.588326
1.450326
0.710326
0.121326
0.797326
0.591326
1.134326
1.450326
1.588326
0.968326
1.844326
0.999326
1.064326
0.988326
1.095326
1.134326
0.988326
0.858326
0.843326
0.999326
1.610326
1.974326
0.982326
0.944326
0.097326
1.066326
0.398326
1.609326
1.458326
1.285326
1.558326
0.787326
1.401326
0.604326
1.097326
0.927326
1.165326
2.025326
1.399326
1.175326
1.558326
1.462326
1.975326
0.604326
1.045326
0.928326
0.612326
1.462326
1.097326
1.406326
2.025326
1.066326
1.406326
1.099326
0.968326
1.045326
1.558326
0.988326
2.025326
1.691326
0.356326
0.097326
1.406326
1.175326
0.812326
0.121326
0.927326
1.670326
2.259326
0.622326
1.412326
0.849326
1.588326
0.872326
0.434326
0.310326
1.401326
0.963326
0.787326
0.963326
0.434326
1.412326
0.356326
1.436326
0.097326
0.968326
0.710326
1.491326
1.134326
0.694326
1.097326
0.902326
1.975326
1.045326
1.259326
2.638326
2.259326
1.285326
1.773326
0.771326
0.591326
1.609326
0.071326
0.434326
1.406326
0.356326
0.843326
1.558326
0.710326
0.297326
1.844326
2.416326
0.622326
1.588326
0.815326
1.175326
0.297326
0.902326
1.588326
1.558326
0.893326
1.134326
1.627326
1.285326
0.988326
1.833326
0.988326
1.588326
0.604326
1.610326
0.297326
1.097326
0.858326
0.797326
0.928326
0.815326
1.627326
0.858326
1.500326
0.849326
1.406326
0.815326
0.356326
1.095326
1.259326
1.725326
0.849326
1.406326
2.638326
2.638326
1.285326
1.624326
0.982326
0.121326
0.622326
0.071326
0.097326
1.462326
2.025326
0.849326
1.758326
0.771326
1.844326
1.412326
1.691326
0.601326
1.974326
1.412326
0.560326
1.106326
0.968326
1.974326
0.297326
1.097326
0.121326
1.758326
1.624326
0.297326
1.095326
1.558326
1.717326
0.963326
0.849326
0.968326
0.797326
2.051326
1.588326
0.591326
1.609326
1.691326
1.041326
1.285326
-0.385674
0.627326
0.812326
1.588326
1.401326
0.097326
0.601326
1.558326
0.812326
1.040326
1.539326
1.458326
1.041326
0.310326
1.437326
1.259326
1.437326
1.624326
0.434326
1.462326
1.097326
1.634326
1.558326
-0.243674
1.285326
-0.385674
0.097326
1.458326
0.928326
0.988326
1.500326
0.988326
1.134326
1.099326
1.175326
1.099326
0.097326
0.071326
0.601326
1.259326
1.458326
1.259326
0.968326
1.175326
1.045326
0.849326
1.974326
1.097326
0.591326
1.285326
0.560326
0.843326
1.717326
1.844326
1.462326
0.988326
0.907326
1.739326
1.773326
0.944326
1.175326
1.450326
0.356326
1.491326
0.297326
0.627326
0.968326
1.099326
2.638326
0.694326
1.462326
2.025326
1.833326
0.797326
0.627326
1.609326
1.165326
1.450326
0.591326
0.849326
0.710326
1.610326
2.638326
1.258326
1.099326
0.815326
0.988326
1.975326
1.634326
1.436326
0.988326
1.725326
1.624326
1.259326
-0.243674
0.849326
1.399326
1.558326
1.609326
0.694326
2.416326
0.902326
1.401326
0.121326
0.988326
1.406326
1.773326
0.928326
0.988326
1.773326
0.787326
1.627326
1.401326
1.399326
2.025326
2.051326
1.099326
0.771326
1.773326
1.045326
1.314326
1.106326
0.622326
1.539326
0.928326
1.817326
0.797326
0.797326
1.406326
0.797326
0.601326
0.812326
0.710326
1.558326
1.717326
0.434326
1.326326
1.099326
1.606326
0.893326
0.948326
1.258326
2.051326
0.071326
1.437326
1.099326
1.436326
-0.385674
-0.385674
1.462326
1.437326
-0.385674
1.691326
0.797326
1.175326
0.988326
0.297326
0.812326
1.458326
2.012326
0.310326
2.051326
1.817326
0.999326
0.710326
0.927326
0.434326
0.627326
1.175326
1.165326
1.095326
1.739326
1.500326
1.268326
0.902326
0.356326
1.412326
0.121326
1.099326
1.627326
0.999326
2.051326
0.297326
2.012326
1.259326
0.944326
1.627326
0.968326
1.610326
1.975326
0.907326
0.812326
1.066326
1.099326
1.406326
1.844326
1.717326
1.045326
1.975326
1.099326
2.051326
0.858326
1.259326
1.406326
1.254326
1.539326
1.634326
0.812326
1.462326
1.259326
1.097326
1.095326
0.434326
1.462326
1.165326
1.609326
0.982326
1.165326
1.624326
1.175326
0.902326
1.106326
1.259326
0.710326
0.097326
1.268326
1.259326
0.097326
1.314326
0.097326
0.815326
0.948326
1.558326
1.539326
1.717326
0.872326
2.025326
1.833326
1.773326
1.095326
1.462326
1.500326
1.040326
0.815326
1.717326
2.025326
0.787326
1.326326
0.858326
0.601326
1.259326
1.437326
0.297326
1.437326
0.097326
1.314326
1.450326
0.858326
1.739326
1.610326
1.773326
1.609326
0.434326
1.539326
1.634326
0.604326
0.944326
0.297326
0.907326
1.479326
1.634326
0.612326
1.314326
0.627326
0.849326
0.858326
1.095326
0.297326
1.691326
1.610326
1.627326
1.258326
0.694326
0.248326
1.399326
1.045326
0.928326
0.999326
0.982326
1.045326
1.045326
0.948326
-0.243674
1.412326
0.968326
2.025326
0.560326
1.627326
1.610326
0.849326
0.604326
1.833326
1.285326
1.175326
1.539326
1.634326
1.548326
1.412326
0.849326
1.097326
1.500326
1.610326
1.974326
1.099326
0.771326
1.975326
0.963326
1.609326
0.771326
1.773326
1.040326
1.106326
1.399326
1.670326
1.045326
1.436326
0.601326
1.773326
1.097326
1.458326
1.624326
0.071326
1.095326
0.356326
1.436326
2.012326
0.771326
0.604326
0.591326
2.025326
1.326326
1.285326
1.040326
1.624326
0.928326
0.988326
2.638326
1.095326
0.948326
2.259326
1.773326
0.694326
1.401326
1.650326
1.725326
1.725326
1.606326
0.787326
1.627326
0.297326
0.771326
1.462326
0.071326
1.040326
1.450326
1.406326
1.097326
0.988326
0.694326
0.944326
1.401326
1.833326
1.609326
0.944326
1.095326
0.858326
1.773326
0.560326
0.849326
0.694326
0.928326
1.268326
1.095326
1.974326
0.968326
0.071326
0.591326
0.310326
1.436326
1.326326
0.907326
1.974326
0.627326
0.902326
0.560326
0.787326
0.988326
0.815326
0.963326
1.097326
0.297326
0.849326
0.988326
1.175326
0.601326
1.773326
1.609326
1.285326
0.926326
1.066326
1.011326
1.548326
0.988326
0.787326
0.849326
0.787326
0.560326
0.812326
1.670326
1.844326
0.797326
0.948326
1.817326
0.893326
0.434326
1.106326
1.974326
1.437326
0.944326
0.963326
1.066326
0.948326
2.025326
0.927326
1.258326
0.560326
0.771326
2.012326
1.123326
1.011326
1.500326
1.500326
0.948326
1.725326
0.988326
1.412326
1.817326
1.773326
0.622326
1.650326
0.968326
1.123326
1.285326
1.066326
0.612326
0.071326
1.314326
0.963326
0.927326
1.106326
1.974326
0.421326
0.097326
1.097326
0.297326
0.627326
0.963326
1.259326
1.624326
1.758326
0.907326
1.773326
0.310326
0.872326
1.097326
0.797326
0.843326
0.560326
2.025326
1.450326
1.717326
1.326326
0.121326
1.450326
1.106326
1.437326
1.548326
1.406326
1.259326
1.011326
1.314326
0.434326
0.948326
0.310326
1.285326
1.314326
0.902326
1.258326
1.539326
1.458326
0.843326
1.259326
2.025326
1.285326
1.610326
1.045326
0.858326
1.974326
1.817326
0.356326
0.710326
1.437326
0.071326
1.817326
1.650326
1.175326
1.833326
1.624326
1.634326
0.560326
0.297326
1.539326
1.268326
1.412326
0.893326
0.849326
0.071326
1.406326
1.436326
0.812326
1.609326
1.624326
2.416326
1.609326
1.833326
0.968326
1.095326
1.974326
1.691326
1.097326
0.356326
0.710326
0.787326
0.612326
1.844326
1.175326
0.560326
1.479326
1.606326
2.025326
0.627326
1.175326
0.434326
1.725326
1.479326
0.815326
1.040326
1.175326
0.097326
1.844326
0.356326
0.694326
1.624326
1.624326
0.627326
1.285326
1.285326
0.988326
1.040326
0.893326
0.843326
1.268326
1.479326
0.988326
1.406326
1.500326
1.066326
1.011326
0.771326
1.500326
0.948326
1.436326
1.011326
2.416326
1.401326
1.106326
1.401326
1.974326
0.858326
0.797326
2.638326
0.927326
1.974326
0.297326
1.844326
2.638326
1.097326
0.948326
1.539326
1.258326
0.121326
1.041326
1.134326
1.739326
0.982326
1.066326
1.650326
1.739326
1.041326
0.694326
1.041326
1.717326
1.558326
0.968326
1.609326
0.622326
0.858326
0.926326
0.310326
-0.385674
0.121326
1.634326
0.787326
1.041326
2.012326
1.268326
2.051326
1.097326
1.627326
0.926326
0.787326
1.606326
1.401326
-0.243674
1.627326
1.670326
1.254326
-0.385674
0.787326
0.604326
0.948326
1.773326
1.758326
0.710326
0.071326
1.314326
0.963326
1.412326
1.040326
1.268326
0.612326
0.248326
0.097326
2.025326
0.797326
1.040326
-0.243674
0.849326
0.356326
0.927326
0.591326
1.670326
1.314326
1.606326
0.843326
1.401326
1.268326
1.725326
1.725326
0.591326
2.012326
1.097326
-0.385674
0.948326
0.097326
-0.243674
1.259326
1.758326
1.123326
1.066326
1.314326
0.560326
0.071326
1.624326
1.314326
1.011326
0.612326
1.412326
1.259326
1.095326
0.797326
1.436326
1.773326
0.944326
1.634326
1.691326
1.436326
2.638326
1.406326
1.123326
1.627326
1.045326
1.259326
1.691326
1.717326
1.259326
0.297326
1.558326
1.106326
0.310326
1.634326
0.999326
0.999326
1.758326
-0.243674
1.285326
1.458326
0.612326
0.815326
0.968326
0.694326
0.160326
1.326326
1.268326
1.558326
0.356326
1.406326
1.011326
1.500326
0.771326
0.248326
0.815326
0.907326
0.797326
0.944326
1.558326
1.610326
1.254326
1.627326
0.771326
0.591326
2.051326
1.106326
0.578326
1.097326
1.627326
0.253326
0.771326
1.099326
1.095326
0.858326
0.356326
1.399326
1.406326
1.624326
1.844326
1.412326
1.539326
1.123326
1.011326
1.609326
0.858326
0.297326
0.988326
1.974326
1.406326
1.773326
0.612326
1.165326
0.926326
1.259326
1.610326
1.833326
0.710326
0.872326
0.434326
2.051326
0.121326
1.134326
1.974326
2.638326
0.872326
1.097326
0.948326
1.717326
1.610326
0.771326
0.944326
2.638326
1.326326
2.259326
0.797326
0.390326
1.106326
1.609326
0.771326
1.099326
0.849326
0.627326
0.812326
0.999326
0.097326
0.849326
1.833326
1.254326
1.610326
1.134326
0.591326
2.259326
0.612326
0.771326
1.436326
0.248326
0.797326
1.479326
1.548326
0.948326
1.314326
1.739326
0.963326
1.539326
0.787326
1.259326
0.612326
0.160326
1.773326
1.458326
1.406326
1.458326
0.248326
1.412326
1.624326
2.259326
0.927326
1.268326
1.725326
1.725326
1.610326
0.815326
1.624326
0.968326
0.893326
1.833326
0.612326
1.725326
0.849326
1.539326
1.314326
1.254326
0.872326
1.458326
1.436326
1.401326
0.253326
0.963326
1.045326
-0.385674
0.591326
0.858326
1.097326
0.097326
1.437326
0.812326
1.175326
2.051326
1.259326
0.121326
0.771326
0.253326
1.134326
2.638326
1.268326
0.968326
0.421326
0.248326
0.787326
1.609326
0.578326
1.259326
0.356326
1.106326
0.578326
0.787326
0.948326
0.948326
0.710326
1.123326
0.999326
0.297326
1.406326
0.999326
1.285326
0.926326
2.416326
1.610326
0.160326
1.627326
1.045326
1.624326
1.609326
1.099326
0.926326
0.071326
1.450326
1.725326
1.054326
1.610326
0.907326
1.285326
1.123326
1.558326
1.627326
1.054326
1.974326
1.610326
0.988326
0.893326
1.627326
1.450326
0.907326
1.558326
1.758326
0.948326
2.051326
1.725326
1.406326
1.437326
1.066326
1.099326
1.175326
0.893326
1.436326
0.771326
1.412326
0.071326
0.849326
0.622326
1.609326
1.650326
1.758326
0.843326
0.071326
1.134326
1.539326
0.421326
1.095326
0.591326
1.817326
1.458326
1.099326
1.758326
1.175326
1.412326
1.558326
2.259326
1.041326
0.815326
1.817326
-0.385674
0.858326
0.297326
1.041326
0.999326
1.844326
1.974326
1.974326
0.902326
2.416326
1.254326
1.739326
0.893326
0.963326
1.833326
0.858326
0.121326
1.399326
0.872326
0.356326
1.610326
0.893326
0.926326
0.902326
1.097326
0.999326
1.268326
0.591326
1.610326
1.106326
1.259326
1.773326
0.787326
0.771326
0.907326
0.421326
1.500326
0.071326
1.817326
1.099326
0.390326
0.434326
1.175326
0.858326
2.012326
1.436326
1.165326
1.095326
1.011326
0.907326
1.437326
0.926326
1.539326
0.421326
1.817326
1.399326
0.071326
0.253326
1.175326
1.285326
2.051326
0.578326
2.259326
0.253326
0.948326
1.134326
1.627326
0.999326
1.725326
1.268326
0.121326
0.902326
1.399326
0.297326
0.710326
0.797326
0.858326
1.717326
1.134326
1.758326
1.650326
1.254326
0.948326
0.434326
0.710326
0.893326
2.012326
1.399326
0.248326
0.927326
0.912326
1.134326
1.833326
0.907326
0.591326
1.558326
1.817326
1.406326
1.326326
0.297326
2.259326
0.121326
2.259326
0.622326
0.434326
0.253326
1.437326
1.097326
1.725326
0.612326
1.717326
0.356326
1.609326
1.773326
0.160326
1.739326
1.254326
2.025326
1.758326
1.097326
1.326326
0.390326
1.041326
1.095326
1.758326
0.893326
0.771326
0.160326
0.893326
0.253326
0.710326
1.314326
0.849326
0.872326
1.974326
1.450326
1.259326
0.421326
1.758326
1.758326
1.259326
2.638326
0.927326
0.849326
0.902326
1.479326
0.927326
1.106326
0.421326
0.390326
1.717326
1.406326
1.134326
1.609326
1.539326
1.670326
1.627326
1.773326
1.717326
0.612326
0.710326
1.401326
1.773326
1.285326
0.902326
1.123326
1.436326
0.356326
0.591326
1.610326
1.399326
0.189326
-0.243674
1.040326
1.450326
1.406326
1.399326
-0.385674
1.314326
-0.243674
1.558326
0.578326
0.902326
1.399326
1.106326
1.314326
1.624326
1.254326
0.797326
1.817326
0.944326
0.872326
1.041326
1.844326
2.025326
1.691326
1.609326
1.717326
1.458326
0.982326
0.591326
1.539326
1.627326
0.356326
1.054326
1.609326
-0.385674
1.011326
0.189326
1.717326
0.944326
0.982326
0.858326
0.434326
1.627326
1.106326
1.558326
0.988326
0.071326
1.066326
0.612326
1.268326
0.999326
1.254326
1.045326
1.627326
1.974326
0.771326
1.011326
1.259326
1.134326
1.011326
0.160326
1.099326
1.717326
1.066326
0.812326
1.833326
1.134326
0.963326
1.610326
1.817326
0.912326
0.872326
1.436326
1.258326
0.121326
1.610326
1.401326
1.326326
0.812326
1.539326
1.717326
1.500326
1.974326
1.099326
1.258326
0.356326
1.479326
-0.243674
0.907326
0.771326
1.285326
1.268326
1.123326
0.849326
0.121326
0.812326
1.229326
1.134326
1.725326
2.051326
1.624326
0.248326
0.982326
0.982326
1.548326
0.902326
1.041326
2.025326
-0.385674
1.450326
2.051326
0.849326
1.624326
0.434326
0.189326
1.259326
0.902326
0.434326
1.627326
2.012326
0.926326
1.479326
0.815326
0.097326
1.412326
1.362326
2.416326
0.912326
0.160326
0.907326
1.739326
0.944326
1.099326
1.011326
0.948326
0.944326
0.849326
1.254326
0.097326
0.787326
1.066326
1.717326
0.843326
1.406326
1.691326
-0.385674
1.412326
1.773326
1.041326
0.948326
2.051326
1.624326
2.025326
0.710326
0.787326
2.259326
0.797326
1.326326
0.948326
1.650326
0.622326
1.500326
1.134326
1.326326
0.912326
1.254326
2.012326
0.787326
1.773326
1.610326
0.771326
0.578326
0.926326
0.710326
1.606326
1.095326
1.773326
1.362326
1.844326
1.539326
1.725326
0.253326
1.099326
2.051326
0.578326
0.948326
0.907326
1.518326
1.045326
1.045326
1.326326
0.902326
0.421326
1.123326
1.650326
1.624326
1.479326
0.097326
1.268326
1.624326
1.406326
1.504326
0.248326
1.259326
1.106326
1.399326
1.817326
0.591326
0.927326
0.812326
1.817326
0.097326
1.259326
2.012326
1.123326
1.458326
1.739326
2.259326
0.988326
1.624326
0.390326
-0.385674
1.401326
1.974326
1.095326
1.739326
1.045326
0.927326
0.944326
0.421326
1.054326
1.758326
1.504326
0.926326
1.054326
1.606326
1.099326
1.041326
-0.385674
1.717326
0.627326
1.175326
1.011326
0.248326
-0.385674
0.893326
1.974326
1.406326
2.638326
0.858326
0.797326
1.175326
1.259326
0.612326
1.548326
0.968326
0.815326
0.071326
0.944326
1.097326
1.123326
0.253326
0.627326
1.548326
1.539326
1.670326
1.259326
0.160326
1.844326
1.548326
1.773326
0.121326
1.258326
1.011326
1.123326
0.963326
1.259326
0.356326
1.040326
0.988326
1.817326
0.612326
1.458326
1.259326
1.558326
0.927326
0.948326
1.040326
1.650326
0.189326
1.479326
0.622326
0.189326
0.948326
1.258326
1.518326
1.268326
1.609326
0.999326
1.500326
1.436326
0.710326
1.054326
0.578326
2.259326
0.858326
1.773326
1.500326
1.196326
0.189326
1.259326
-0.385674
0.912326
0.710326
1.817326
0.797326
0.578326
1.099326
0.968326
0.076326
0.076326
0.248326
2.638326
1.504326
1.097326
-0.385674
1.739326
1.479326
1.739326
1.412326
0.612326
1.203326
1.412326
1.041326
0.815326
1.548326
0.893326
0.797326
0.948326
1.259326
0.097326
0.843326
1.268326
0.612326
0.591326
1.040326
0.622326
1.650326
0.578326
0.902326
1.175326
1.254326
0.710326
1.539326
0.797326
1.627326
0.421326
1.041326
1.548326
1.258326
1.040326
1.041326
1.268326
1.045326
0.076326
1.175326
0.982326
1.254326
1.844326
1.558326
1.254326
1.326326
1.627326
0.356326
0.622326
1.479326
0.076326
1.627326
0.988326
1.099326
0.578326
0.907326
0.927326
0.390326
1.259326
0.963326
1.259326
0.356326
0.797326
0.189326
1.412326
0.578326
1.196326
0.849326
1.259326
0.578326
1.670326
0.927326
0.893326
1.011326
1.041326
0.812326
1.254326
1.066326
0.612326
1.717326
0.812326
1.054326
1.362326
-0.385674
1.500326
1.670326
1.095326
1.691326
1.254326
1.773326
0.253326
0.988326
-0.243674
0.097326
0.843326
0.858326
1.011326
1.717326
1.725326
1.817326
0.988326
0.927326
0.071326
1.134326
1.203326
1.844326
2.051326
1.045326
1.095326
1.362326
1.229326
1.045326
1.739326
2.416326
0.248326
1.254326
1.106326
-0.385674
1.609326
1.606326
1.650326
1.773326
0.858326
0.253326
1.054326
0.968326
1.725326
0.797326
1.426326
1.548326
0.434326
1.259326
1.250326
0.578326
-0.385674
2.259326
0.421326
1.175326
1.254326
1.606326
0.893326
1.437326
0.071326
0.968326
0.988326
1.436326
0.434326
0.253326
1.624326
1.106326
1.097326
1.041326
1.362326
0.872326
1.670326
0.944326
1.326326
1.097326
1.974326
2.012326
1.175326
1.045326
0.926326
1.106326
1.558326
1.479326
0.708326
1.196326
1.250326
0.622326
1.401326
0.944326
1.041326
1.250326
1.518326
0.421326
2.638326
1.054326
1.175326
1.097326
1.314326
0.858326
1.436326
1.011326
0.812326
0.771326
0.927326
1.518326
1.259326
0.858326
1.554326
0.097326
1.401326
1.254326
0.669326
1.326326
1.258326
1.504326
2.051326
0.390326
1.250326
1.554326
1.691326
1.719326
0.669326
1.175326
1.758326
0.963326
0.591326
1.437326
0.578326
1.817326
1.401326
1.326326
0.622326
1.500326
1.250326
0.858326
2.025326
1.254326
0.907326
0.948326
1.401326
1.500326
1.500326
1.401326
1.758326
0.926326
1.054326
0.927326
1.758326
0.907326
1.268326
1.539326
1.817326
0.926326
0.097326
0.787326
-0.243674
1.627326
1.624326
1.123326
1.097326
1.099326
1.504326
1.106326
1.066326
0.988326
0.797326
1.362326
0.968326
1.066326
0.071326
0.434326
0.700326
0.622326
0.421326
1.326326
1.045326
0.858326
-0.243674
0.121326
0.893326
1.106326
0.434326
1.974326
1.649326
0.578326
1.268326
0.912326
1.691326
0.893326
0.390326
1.203326
0.902326
1.362326
0.097326
0.968326
1.609326
0.858326
1.175326
1.011326
1.045326
0.912326
1.436326
1.401326
0.893326
-0.385674
1.362326
0.390326
1.196326
0.612326
1.175326
0.968326
1.649326
1.268326
0.591326
1.670326
0.988326
1.268326
0.843326
0.893326
1.011326
-0.243674
1.041326
0.248326
2.259326
1.250326
0.963326
1.123326
0.390326
1.314326
0.356326
1.045326
1.045326
1.250326
0.843326
1.558326
1.040326
0.926326
1.627326
0.968326
1.254326
1.437326
0.893326
1.437326
1.691326
1.203326
0.434326
1.437326
1.254326
1.504326
1.326326
1.040326
0.849326
0.097326
1.518326
1.041326
1.500326
1.504326
0.421326
0.797326
1.326326
1.123326
0.963326
0.902326
0.893326
1.011326
1.041326
0.963326
0.578326
0.963326
0.893326
2.051326
1.437326
1.725326
1.254326
1.258326
2.259326
1.196326
1.054326
1.479326
0.944326
1.717326
0.771326
1.518326
0.434326
0.982326
1.558326
0.669326
1.624326
0.812326
1.717326
0.591326
0.849326
1.106326
0.926326
1.458326
1.436326
0.591326
1.123326
0.578326
1.436326
0.912326
0.612326
2.259326
1.817326
2.051326
1.725326
0.622326
0.771326
0.248326
1.558326
1.412326
1.106326
1.097326
1.045326
1.817326
0.612326
1.558326
1.040326
0.121326
1.539326
1.399326
1.458326
1.817326
0.907326
1.401326
1.011326
0.669326
1.624326
1.326326
1.040326
0.858326
1.268326
2.025326
1.259326
0.843326
0.434326
1.539326
1.203326
1.558326
0.893326
1.539326
1.066326
0.421326
1.627326
0.849326
0.999326
0.434326
0.591326
1.106326
0.390326
-0.243674
0.189326
1.518326
1.436326
2.638326
0.912326
0.421326
1.268326
1.054326
0.097326
0.121326
0.248326
0.253326
1.045326
1.739326
0.622326
1.670326
1.719326
0.356326
1.504326
1.627326
1.606326
1.558326
1.123326
0.700326
2.051326
1.011326
1.203326
0.963326
1.739326
0.700326
0.121326
0.700326
0.912326
0.912326
1.717326
1.011326
1.758326
1.670326
1.479326
1.500326
0.248326
1.504326
1.229326
0.926326
1.401326
1.326326
1.627326
1.670326
1.458326
1.041326
1.314326
0.988326
0.963326
1.609326
1.095326
1.259326
1.670326
1.609326
1.362326
2.638326
0.988326
1.066326
0.872326
0.253326
1.554326
1.196326
0.902326
1.258326
1.254326
0.097326
1.719326
1.259326
1.609326
1.054326
0.434326
1.097326
0.944326
1.436326
1.314326
0.421326
2.051326
1.479326
0.944326
1.196326
0.578326
1.362326
1.259326
1.011326
0.356326
1.254326
0.669326
0.253326
2.051326
0.858326
1.097326
1.106326
1.175326
1.011326
1.196326
1.097326
1.254326
0.121326
1.099326
1.054326
1.250326
1.095326
1.362326
1.437326
1.719326
1.254326
1.437326
0.797326
0.968326
1.250326
0.189326
0.912326
1.259326
2.416326
0.893326
-0.243674
0.849326
0.988326
0.421326
0.421326
0.797326
0.700326
0.097326
1.099326
1.399326
0.622326
1.011326
0.982326
1.739326
1.554326
1.624326
0.356326
2.638326
0.849326
1.426326
1.045326
0.071326
1.134326
1.725326
0.858326
1.196326
1.412326
1.245326
0.872326
0.356326
0.434326
0.927326
1.229326
1.437326
0.968326
0.076326
1.054326
1.175326
1.254326
0.071326
1.040326
1.670326
0.948326
1.245326
0.849326
1.817326
1.606326
1.974326
0.434326
1.554326
0.902326
1.649326
1.725326
1.203326
1.045326
0.591326
1.649326
0.421326
0.944326
0.248326
0.622326
0.700326
1.099326
1.479326
1.437326
0.944326
1.817326
0.071326
1.250326
1.670326
0.071326
1.099326
1.203326
1.245326
0.927326
1.670326
2.259326
0.999326
1.011326
1.062326
1.739326
1.458326
1.649326
0.700326
1.649326
1.739326
0.849326
1.458326
0.872326
2.025326
0.902326
-0.243674
0.815326
1.691326
0.815326
1.554326
1.817326
0.982326
0.797326
1.254326
0.071326
1.504326
1.258326
0.248326
1.500326
1.758326
2.638326
2.638326
1.123326
1.436326
0.356326
2.051326
1.500326
0.982326
0.622326
1.399326
0.944326
0.944326
0.902326
0.843326
-0.385674
1.504326
0.390326
1.041326
0.771326
1.254326
1.259326
1.739326
1.719326
0.912326
0.390326
1.203326
0.999326
0.700326
1.245326
1.097326
0.356326
1.539326
1.609326
1.040326
1.691326
0.812326
1.040326
1.326326
1.609326
0.988326
2.259326
1.436326
0.253326
0.815326
1.250326
0.968326
1.011326
2.638326
0.578326
1.739326
0.849326
0.356326
1.437326
0.421326
0.812326
1.817326
1.041326
0.999326
0.578326
1.649326
0.968326
1.196326
0.944326
1.437326
1.758326
0.421326
0.968326
1.245326
0.189326
0.812326
0.797326
0.907326
1.739326
0.812326
0.612326
1.458326
0.700326
0.097326
1.974326
0.858326
1.609326
1.458326
1.196326
1.175326
1.040326
2.051326
0.988326
1.974326
1.479326
2.638326
1.500326
0.681326
1.099326
1.258326
0.893326
1.500326
0.622326
1.479326
1.758326
1.245326
1.062326
1.250326
1.314326
1.500326
1.624326
1.719326
1.362326
1.479326
1.426326
1.362326
1.062326
1.670326
1.974326
0.988326
0.390326
0.771326
1.011326
2.051326
1.259326
0.627326
0.912326
1.066326
1.062326
1.011326
0.622326
0.912326
1.739326
0.963326
1.062326
1.095326
1.245326
0.912326
-0.385674
1.479326
0.999326
1.539326
1.258326
1.436326
-0.243674
1.196326
1.817326
1.649326
1.719326
1.062326
1.134326
1.045326
0.248326
1.314326
2.051326
1.095326
0.189326
0.902326
0.434326
-0.243674
1.500326
1.539326
1.504326
1.399326
1.134326
0.700326
0.907326
0.927326
-0.243674
2.051326
0.944326
0.071326
0.858326
1.554326
1.437326
0.434326
1.399326
1.123326
0.253326
1.245326
0.982326
1.099326
0.999326
0.999326
0.858326
1.250326
1.097326
0.948326
0.948326
0.622326
0.815326
1.175326
0.926326
0.902326
0.977326
1.054326
1.649326
-0.385674
2.051326
1.045326
0.612326
1.196326
1.691326
0.963326
0.926326
1.268326
1.609326
-0.243674
1.436326
1.250326
0.963326
1.203326
0.907326
0.627326
2.051326
1.500326
1.437326
1.401326
1.399326
1.259326
0.912326
1.624326
0.927326
1.758326
1.245326
1.045326
1.099326
1.719326
0.771326
0.926326
2.025326
0.926326
1.134326
1.062326
1.045326
0.356326
1.558326
1.175326
1.504326
1.624326
1.054326
0.815326
0.912326
1.504326
0.907326
1.758326
0.076326
1.554326
0.189326
1.259326
0.421326
0.926326
0.669326
0.912326
1.974326
1.254326
0.858326
1.229326
1.627326
1.099326
2.025326
0.797326
1.245326
1.097326
0.815326
0.771326
1.040326
1.717326
1.717326
0.622326
0.189326
1.609326
1.062326
1.326326
1.627326
0.849326
2.025326
0.421326
1.401326
0.968326
1.362326
0.253326
0.612326
0.076326
0.815326
0.356326
1.196326
0.421326
2.638326
0.858326
0.390326
1.254326
0.797326
0.944326
0.977326
1.817326
0.612326
1.909326
0.681326
1.066326
1.362326
0.434326
0.771326
1.099326
1.254326
1.362326
1.011326
0.097326
0.248326
1.066326
1.225326
1.196326
1.558326
0.612326
1.196326
1.817326
1.134326
1.500326
1.479326
1.250326
0.356326
0.097326
0.434326
1.258326
1.041326
0.681326
1.054326
1.259326
1.558326
0.982326
1.627326
1.504326
1.229326
0.627326
1.649326
0.893326
1.054326
1.504326
0.893326
1.539326
0.591326
0.612326
1.739326
1.259326
1.225326
1.758326
1.254326
1.426326
1.268326
0.912326
1.250326
0.927326
1.326326
0.097326
1.254326
0.907326
0.681326
1.229326
1.649326
1.909326
1.250326
1.500326
0.248326
0.681326
1.203326
0.681326
1.719326
1.254326
0.189326
1.259326
0.858326
1.758326
1.909326
0.578326
1.123326
1.401326
1.250326
1.500326
1.095326
0.771326
1.649326
1.725326
1.627326
0.189326
-0.243674
0.797326
0.948326
1.426326
1.479326
2.638326
0.612326
0.849326
1.691326
1.045326
-0.243674
1.649326
2.416326
0.248326
0.390326
1.314326
2.259326
0.893326
1.062326
1.040326
1.624326
0.612326
0.872326
0.390326
0.858326
1.817326
0.189326
1.123326
1.062326
0.622326
0.390326
0.912326
0.771326
0.612326
1.314326
1.062326
0.982326
1.362326
1.066326
1.479326
0.926326
0.669326
1.558326
0.849326
0.421326
0.591326
1.362326
1.362326
0.189326
1.739326
1.504326
1.437326
1.196326
0.948326
0.963326
1.558326
0.121326
1.095326
1.045326
0.982326
0.858326
1.099326
1.554326
0.421326
0.076326
2.051326
1.203326
1.504326
0.963326
0.948326
1.045326
1.258326
1.974326
1.123326
1.045326
0.578326
0.902326
1.225326
1.268326
1.062326
1.229326
0.872326
0.612326
1.045326
0.815326
1.097326
0.944326
1.609326
1.040326
1.500326
0.858326
0.944326
1.725326
1.426326
0.907326
0.907326
0.097326
1.500326
1.250326
2.416326
2.638326
1.250326
1.011326
1.314326
0.815326
1.259326
1.225326
1.259326
0.771326
1.479326
0.797326
0.591326
1.040326
1.739326
1.314326
0.681326
1.066326
1.725326
1.196326
1.362326
1.518326
1.725326
1.175326
0.390326
1.250326
0.591326
1.624326
0.622326
1.719326
1.250326
1.479326
0.627326
0.700326
1.670326
1.758326
1.500326
2.259326
2.259326
1.066326
0.700326
1.624326
0.849326
2.638326
0.948326
0.097326
-0.413674
1.717326
1.717326
0.771326
0.076326
1.539326
0.189326
0.948326
1.479326
1.259326
0.963326
1.399326
0.390326
0.858326
1.670326
1.649326
0.944326
0.902326
0.591326
0.578326
0.076326
0.669326
1.259326
1.739326
1.518326
0.097326
1.123326
1.254326
0.897326
1.426326
1.479326
0.872326
1.097326
1.426326
1.909326
2.416326
0.669326
1.609326
1.649326
1.691326
0.797326
1.259326
0.849326
1.254326
1.479326
1.250326
2.638326
0.578326
1.401326
1.624326
0.097326
0.872326
0.926326
1.437326
1.974326
0.926326
1.504326
0.988326
0.253326
1.203326
1.717326
1.095326
1.062326
0.927326
1.175326
0.893326
1.436326
0.434326
0.968326
1.175326
0.815326
1.691326
1.258326
1.326326
0.893326
1.624326
1.045326
1.203326
1.739326
1.479326
0.907326
1.817326
1.399326
1.817326
1.229326
1.437326
1.203326
1.539326
0.421326
0.076326
1.362326
1.254326
0.849326
0.893326
1.624326
0.988326
0.356326
1.268326
1.725326
0.771326
1.326326
0.421326
1.399326
0.700326
0.189326
0.356326
1.725326
1.436326
1.691326
1.041326
1.041326
1.539326
1.203326
2.051326
0.968326
0.907326
1.609326
1.739326
0.071326
0.771326
1.268326
1.268326
1.554326
0.963326
0.700326
1.399326
0.622326
0.872326
1.229326
2.638326
1.627326
1.268326
1.909326
1.229326
0.356326
0.849326
0.982326
1.048326
1.518326
1.436326
2.259326
2.638326
0.926326
1.362326
0.071326
1.554326
0.893326
0.189326
1.518326
0.421326
1.268326
1.314326
1.909326
1.909326
0.897326
1.259326
0.849326
1.196326
1.254326
0.982326
0.591326
0.902326
1.817326
1.250326
0.948326
0.434326
1.203326
1.739326
0.434326
1.624326
0.982326
1.437326
1.203326
0.356326
0.681326
1.909326
0.893326
2.051326
2.638326
1.196326
0.815326
1.479326
1.097326
1.097326
0.071326
1.437326
0.858326
1.817326
1.081326
1.258326
0.944326
1.817326
0.872326
1.974326
1.739326
0.897326
1.259326
1.539326
1.401326
1.719326
0.681326
0.627326
1.717326
0.253326
1.500326
1.717326
1.558326
1.426326
1.426326
1.258326
2.638326
1.134326
1.717326
0.893326
1.066326
1.225326
1.479326
1.259326
0.944326
1.426326
0.872326
1.175326
1.123326
0.858326
1.436326
0.356326
1.437326
0.622326
0.843326
0.977326
1.066326
1.254326
1.259326
0.912326
0.982326
2.638326
2.051326
1.203326
1.974326
2.051326
0.421326
1.081326
1.401326
1.099326
1.134326
1.314326
0.893326
0.912326
0.681326
0.071326
0.356326
1.504326
0.977326
0.963326
0.591326
0.771326
0.927326
1.040326
1.479326
1.259326
0.071326
0.907326
1.099326
1.410326
1.259326
0.912326
0.948326
0.849326
0.612326
1.259326
1.479326
0.434326
1.066326
0.434326
1.974326
1.479326
1.362326
1.500326
0.700326
1.426326
0.189326
1.627326
1.040326
0.591326
0.700326
1.097326
0.912326
0.700326
1.691326
0.982326
1.066326
0.858326
1.066326
0.591326
1.258326
0.902326
0.390326
1.627326
0.912326
2.259326
0.948326
0.097326
1.649326
1.649326
1.426326
1.175326
0.253326
1.045326
1.326326
1.097326
1.099326
0.948326
1.123326
1.123326
1.095326
1.903326
0.907326
0.902326
0.872326
1.314326
1.554326
1.097326
0.358326
0.253326
1.041326
1.758326
1.097326
1.048326
1.504326
1.426326
2.638326
1.479326
0.578326
1.254326
1.436326
1.903326
1.095326
1.041326
1.539326
1.719326
0.669326
2.638326
-0.413674
0.591326
1.196326
2.416326
1.203326
0.434326
2.259326
0.893326
1.245326
0.627326
0.858326
0.897326
0.902326
1.123326
0.071326
0.121326
0.849326
1.670326
1.436326
1.479326
0.076326
0.681326
0.591326
0.977326
0.097326
0.988326
1.500326
0.097326
0.358326
0.578326
1.627326
1.436326
0.843326
1.649326
1.758326
0.248326
1.817326
0.669326
1.314326
1.362326
1.123326
0.897326
1.817326
0.071326
1.817326
0.071326
1.203326
1.649326
0.897326
0.977326
1.254326
0.909326
1.624326
0.858326
0.977326
1.225326
0.858326
2.259326
1.268326
0.071326
1.437326
1.097326
0.253326
0.902326
1.123326
2.259326
2.638326
1.670326
1.558326
1.250326
0.944326
0.421326
1.203326
1.362326
0.815326
0.189326
0.797326
1.649326
1.045326
1.066326
1.134326
0.872326
1.719326
1.739326
1.225326
0.843326
0.253326
1.314326
0.434326
1.362326
1.245326
1.437326
1.399326
1.123326
1.081326
1.196326
0.097326
1.817326
0.121326
1.254326
1.649326
0.356326
1.048326
0.097326
0.711326
1.095326
2.259326
0.622326
1.719326
1.259326
1.717326
1.134326
0.948326
1.362326
1.691326
0.944326
1.123326
0.627326
0.189326
0.909326
1.539326
1.719326
1.691326
0.076326
1.066326
1.081326
0.948326
0.622326
0.076326
1.436326
0.434326
1.254326
1.500326
1.399326
0.627326
1.758326
1.558326
0.356326
1.479326
0.815326
0.097326
0.893326
1.479326
1.426326
1.624326
1.974326
0.421326
0.944326
0.912326
1.426326
1.410326
-0.243674
-0.413674
1.437326
0.253326
2.051326
0.421326
1.624326
1.041326
0.591326
0.421326
1.254326
1.539326
0.097326
1.259326
1.258326
1.627326
1.097326
0.909326
1.175326
0.700326
0.797326
1.362326
1.539326
1.974326
0.988326
0.711326
1.066326
1.203326
0.076326
1.725326
0.944326
0.907326
0.591326
1.670326
1.558326
1.045326
0.927326
1.326326
2.259326
0.771326
1.245326
1.196326
1.437326
1.649326
1.259326
1.045326
1.045326
1.719326
1.196326
1.500326
0.872326
0.121326
1.254326
1.624326
0.248326
0.893326
1.062326
0.909326
1.250326
0.248326
2.416326
1.254326
0.968326
1.649326
1.649326
0.189326
1.225326
1.437326
1.259326
0.358326
1.268326
0.927326
0.963326
1.518326
0.893326
0.434326
1.691326
1.134326
1.401326
1.045326
1.095326
1.314326
0.944326
1.624326
1.410326
1.399326
1.627326
1.134326
0.189326
0.897326
0.421326
1.817326
1.048326
1.410326
1.062326
1.225326
0.591326
1.225326
1.479326
1.225326
1.259326
0.927326
1.041326
1.123326
1.250326
1.436326
1.436326
1.627326
1.627326
0.681326
1.362326
2.416326
1.758326
0.248326
1.066326
1.259326
0.849326
1.097326
1.627326
2.638326
1.974326
0.907326
1.196326
1.326326
1.196326
0.797326
0.893326
1.259326
1.410326
1.739326
1.040326
-0.413674
1.479326
1.062326
1.649326
1.362326
0.669326
1.739326
1.554326
0.121326
1.134326
2.051326
1.670326
0.948326
2.051326
1.259326
1.081326
1.399326
2.051326
1.437326
1.758326
1.436326
1.758326
1.097326
2.051326
1.410326
1.479326
1.426326
0.988326
1.903326
1.254326
1.066326
1.048326
1.518326
1.048326
0.977326
1.974326
0.189326
1.479326
2.259326
1.426326
1.041326
1.196326
1.558326
1.817326
1.436326
1.245326
0.669326
0.872326
0.872326
0.977326
1.099326
1.314326
0.977326
0.771326
0.771326
0.356326
0.248326
1.045326
0.988326
-0.413674
1.326326
0.421326
0.897326
1.436326
1.095326
0.121326
1.095326
0.189326
0.076326
0.711326
-0.413674
1.362326
0.622326
1.203326
1.196326
1.254326
0.512326
0.622326
1.259326
0.843326
1.399326
1.099326
1.203326
1.041326
0.888326
1.691326
1.134326
1.314326
1.670326
0.797326
1.268326
0.121326
1.739326
1.175326
1.225326
1.903326
1.254326
1.259326
0.849326
1.479326
0.248326
1.066326
0.669326
0.358326
1.245326
0.948326
1.691326
1.254326
0.968326
1.903326
1.479326
2.638326
1.691326
1.426326
1.399326
1.974326
1.624326
0.897326
1.353326
0.977326
0.622326
0.681326
0.988326
1.314326
0.421326
1.095326
1.426326
1.225326
0.356326
0.356326
1.691326
0.700326
-0.413674
1.624326
1.326326
0.071326
1.717326
1.500326
2.259326
0.356326
0.849326
-0.413674
1.203326
0.926326
0.902326
0.872326
0.512326
0.591326
0.434326
1.134326
1.175326
1.691326
0.356326
1.717326
0.421326
2.259326
0.963326
1.099326
0.926326
0.356326
0.121326
2.051326
0.927326
0.927326
1.254326
1.362326
1.558326
0.512326
-0.413674
1.554326
1.259326
0.071326
0.797326
0.711326
1.268326
0.968326
1.040326
0.669326
0.988326
1.500326
0.909326
0.700326
0.902326
0.963326
1.554326
1.436326
-0.243674
1.362326
1.479326
1.739326
1.099326
0.797326
1.518326
1.479326
0.888326
0.988326
1.649326
0.888326
0.963326
1.225326
0.434326
0.513326
1.500326
0.071326
0.622326
1.717326
0.669326
-0.243674
1.426326
1.041326
1.436326
1.401326
1.225326
0.912326
0.893326
0.622326
0.248326
0.927326
1.062326
1.097326
2.259326
1.436326
1.500326
0.912326
1.500326
0.797326
0.968326
1.719326
0.622326
0.907326
0.513326
1.254326
1.175326
1.426326
1.594326
1.903326
2.051326
0.897326
1.254326
0.968326
1.099326
1.479326
1.903326
0.189326
0.681326
1.974326
0.963326
0.622326
1.258326
0.121326
0.121326
1.314326
0.888326
1.045326
0.912326
1.326326
1.041326
0.893326
1.436326
1.456326
0.434326
0.358326
0.681326
0.875326
0.669326
0.189326
1.353326
0.968326
1.594326
0.591326
1.225326
0.893326
1.456326
0.872326
1.041326
2.416326
2.051326
0.944326
1.258326
0.909326
0.622326
1.268326
1.739326
1.254326
0.512326
1.326326
1.362326
1.203326
1.362326
0.622326
1.259326
0.612326
0.076326
1.250326
0.358326
1.259326
0.358326
-0.243674
0.907326
0.513326
1.225326
0.988326
0.434326
1.436326
1.426326
1.739326
0.358326
1.479326
0.977326
1.426326
0.968326
0.893326
1.758326
1.974326
1.456326
0.988326
0.356326
0.815326
0.909326
1.717326
1.149326
1.225326
1.259326
1.134326
0.512326
0.849326
0.121326
0.681326
0.587326
1.974326
1.426326
1.739326
0.909326
1.554326
2.051326
0.963326
1.225326
0.963326
1.254326
2.051326
0.927326
1.558326
0.622326
1.175326
1.149326
1.003326
0.700326
1.196326
1.134326
1.250326
0.977326
1.624326
1.149326
0.513326
0.988326
1.558326
1.594326
1.539326
1.437326
0.587326
1.974326
0.912326
0.358326
1.268326
2.638326
1.670326
1.554326
1.258326
0.421326
1.326326
1.041326
0.622326
0.358326
0.875326
0.612326
0.948326
1.638326
0.797326
1.040326
1.758326
0.888326
-0.243674
1.095326
1.437326
1.758326
1.479326
1.259326
1.725326
0.909326
1.739326
1.314326
1.086326
0.591326
0.248326
2.259326
0.421326
1.410326
0.434326
1.518326
1.539326
0.988326
1.594326
1.259326
0.893326
-0.243674
0.963326
1.362326
0.076326
1.739326
0.612326
0.893326
1.903326
0.907326
1.225326
0.797326
1.518326
1.045326
1.149326
0.988326
1.203326
0.189326
0.963326
1.903326
0.948326
1.725326
0.681326
2.259326
1.086326
1.539326
0.513326
1.175326
1.638326
1.254326
0.356326
1.594326
1.003326
0.587326
1.518326
1.401326
-0.413674
0.875326
0.512326
1.479326
1.399326
0.875326
0.948326
1.725326
0.622326
1.097326
0.849326
1.326326
1.326326
1.758326
1.725326
1.041326
0.356326
0.421326
2.416326
2.051326
0.893326
1.081326
0.815326
1.254326
0.926326
1.314326
1.353326
0.988326
1.456326
0.071326
0.189326
0.897326
1.134326
1.099326
1.479326
1.095326
0.907326
1.624326
1.362326
0.097326
1.362326
1.558326
1.670326
1.062326
1.041326
0.421326
1.362326
1.123326
1.479326
1.558326
1.225326
1.410326
0.826326
-0.243674
2.416326
0.512326
2.416326
1.041326
1.086326
0.669326
0.076326
0.948326
1.314326
1.739326
1.254326
0.591326
1.399326
0.948326
1.437326
-0.413674
0.771326
1.062326
0.587326
2.051326
1.725326
0.826326
1.594326
1.624326
0.907326
1.719326
1.062326
0.591326
1.426326
0.875326
1.725326
1.314326
1.670326
0.512326
0.253326
1.974326
0.826326
0.512326
0.963326
1.040326
0.253326
0.700326
0.926326
1.254326
1.410326
1.479326
2.051326
1.245326
1.903326
0.512326
2.051326
0.421326
0.977326
0.771326
1.254326
1.254326
1.314326
1.399326
1.134326
0.358326
0.849326
1.196326
1.539326
0.627326
0.700326
0.963326
1.099326
2.051326
1.974326
0.872326
1.041326
0.988326
1.095326
0.700326
1.254326
2.033326
0.826326
1.245326
1.254326
0.681326
1.974326
0.968326
2.033326
1.353326
1.268326
1.003326
0.797326
1.086326
0.513326
1.040326
1.624326
1.268326
0.513326
1.426326
0.888326
0.948326
0.669326
1.203326
0.968326
0.669326
0.512326
0.421326
1.518326
1.554326
1.244326
1.041326
1.149326
1.040326
0.843326
1.518326
-0.413674
2.638326
0.121326
1.245326
0.669326
0.843326
0.926326
1.739326
0.968326
1.314326
1.123326
0.421326
0.121326
0.076326
0.622326
1.436326
1.040326
0.963326
1.456326
0.358326
-0.413674
1.362326
1.099326
0.253326
0.826326
1.410326
1.362326
0.927326
0.927326
0.612326
0.356326
1.739326
1.558326
1.558326
0.988326
1.245326
1.149326
0.826326
0.513326
1.041326
1.437326
1.041326
1.362326
1.123326
1.175326
0.927326
1.196326
0.907326
0.988326
1.314326
2.033326
1.003326
0.700326
1.353326
0.700326
0.076326
1.353326
0.248326
2.033326
0.968326
0.893326
1.594326
1.244326
1.245326
1.095326
0.968326
0.253326
1.254326
0.907326
1.326326
1.225326
0.826326
1.097326
1.426326
-0.243674
1.175326
0.612326
1.123326
1.758326
1.456326
1.399326
0.897326
1.399326
0.826326
1.123326
1.518326
1.250326
0.968326
1.725326
1.041326
0.968326
1.691326
1.399326
1.097326
0.513326
0.356326
1.134326
0.253326
0.988326
1.062326
1.175326
0.097326
1.083326
1.426326
0.358326
1.437326
0.358326
2.051326
1.436326
1.081326
1.437326
1.903326
1.739326
0.849326
0.872326
1.725326
1.083326
0.897326
0.888326
0.909326
0.076326
0.902326
0.121326
1.725326
0.909326
1.401326
1.259326
0.253326
0.097326
0.612326
0.948326
1.974326
1.086326
0.421326
0.097326
0.926326
0.253326
1.719326
1.245326
1.426326
0.669326
2.033326
0.771326
1.410326
1.691326
1.245326
1.638326
1.719326
0.612326
0.955326
1.410326
1.479326
0.700326
0.700326
1.081326
0.815326
1.314326
1.691326
1.554326
2.033326
0.909326
1.041326
1.225326
0.669326
1.062326
0.591326
0.248326
1.134326
1.410326
0.622326
0.700326
2.033326
0.513326
0.897326
1.739326
1.326326
1.426326
1.426326
1.725326
2.033326
0.076326
1.250326
1.624326
0.356326
0.681326
1.903326
1.739326
1.426326
0.248326
0.700326
1.638326
1.725326
0.843326
1.725326
1.436326
0.189326
1.456326
0.815326
1.332326
1.410326
1.974326
1.062326
0.815326
1.624326
0.587326
2.599326
0.977326
1.539326
0.700326
1.314326
1.196326
0.421326
2.033326
1.095326
1.554326
1.539326
1.758326
1.332326
1.638326
0.248326
1.175326
0.248326
1.175326
0.512326
1.081326
0.356326
0.771326
0.948326
1.196326
0.627326
1.250326
0.872326
1.758326
0.076326
1.268326
2.033326
0.815326
1.725326
1.410326
0.076326
0.253326
0.963326
0.512326
1.436326
1.099326
1.399326
0.927326
-0.413674
1.259326
1.479326
0.897326
0.434326
0.902326
1.362326
1.436326
0.681326
1.081326
1.250326
0.121326
0.948326
0.797326
0.888326
1.254326
1.436326
0.248326
0.963326
-0.243674
0.875326
1.436326
1.437326
1.134326
0.513326
1.436326
0.968326
1.479326
0.872326
0.909326
2.416326
1.041326
1.594326
0.902326
1.123326
2.416326
0.897326
1.149326
0.434326
1.903326
0.248326
0.356326
0.358326
1.097326
1.638326
0.669326
0.826326
1.196326
0.888326
1.437326
0.587326
0.875326
0.421326
0.253326
1.081326
1.518326
0.797326
1.739326
-0.243674
1.456326
1.426326
0.097326
0.356326
0.849326
1.624326
1.436326
1.094326
0.622326
1.003326
2.416326
0.358326
1.518326
0.902326
1.410326
1.254326
0.826326
0.909326
1.974326
1.758326
0.622326
0.513326
1.725326
0.587326
1.638326
1.250326
1.149326
0.849326
2.033326
2.033326
1.094326
1.436326
1.259326
0.622326
1.245326
-0.243674
1.203326
1.097326
2.051326
1.670326
1.062326
0.513326
0.358326
0.512326
0.076326
1.086326
1.123326
1.362326
1.539326
1.399326
0.963326
1.040326
0.815326
2.051326
1.479326
1.362326
0.076326
0.681326
0.356326
1.594326
1.099326
1.539326
1.020326
1.196326
1.401326
0.948326
1.094326
1.725326
0.248326
1.250326
0.700326
2.033326
0.071326
0.622326
0.434326
0.189326
1.095326
0.902326
1.020326
0.875326
0.591326
1.040326
1.638326
2.033326
1.399326
1.045326
1.479326
1.259326
0.826326
0.121326
1.437326
0.948326
1.041326
0.513326
0.872326
0.926326
1.410326
0.948326
0.771326
0.926326
1.353326
1.554326
1.624326
1.332326
0.071326
1.245326
0.955326
1.259326
1.086326
1.123326
1.020326
0.872326
0.963326
1.081326
0.513326
1.554326
0.097326
0.797326
0.893326
1.040326
0.700326
0.587326
2.051326
0.612326
1.320326
1.401326
1.479326
0.926326
0.622326
1.175326
1.225326
-0.243674
1.326326
1.739326
1.268326
0.358326
1.020326
0.356326
1.041326
1.758326
0.513326
1.094326
2.033326
1.399326
1.436326
1.437326
0.071326
0.843326
0.907326
0.927326
1.974326
1.426326
1.479326
1.539326
1.479326
0.612326
0.875326
1.268326
0.121326
0.248326
1.268326
0.897326
1.259326
0.927326
1.081326
0.253326
1.123326
1.040326
0.121326
0.826326
1.437326
1.974326
1.095326
1.123326
1.062326
0.681326
0.587326
1.094326
0.927326
0.968326
0.955326
1.670326
1.326326
0.948326
1.539326
0.627326
0.700326
1.974326
1.040326
0.926326
2.051326
1.624326
0.872326
1.094326
1.175326
1.426326
1.040326
0.843326
1.558326
1.739326
0.248326
1.624326
1.097326
0.902326
2.416326
1.411326
1.320326
0.121326
1.362326
1.554326
0.927326
0.681326
0.875326
0.700326
0.888326
0.902326
1.259326
1.062326
0.771326
0.627326
1.045326
0.681326
1.326326
1.175326
0.627326
0.681326
1.401326
1.479326
0.612326
0.907326
0.771326
0.097326
1.045326
1.437326
0.948326
0.421326
1.268326
0.591326
0.955326
1.362326
0.826326
0.681326
1.097326
1.095326
0.513326
1.097326
2.033326
1.539326
0.907326
2.051326
1.903326
0.815326
1.081326
0.988326
0.681326
0.612326
1.758326
1.401326
1.097326
0.681326
0.434326
0.893326
1.456326
1.437326
1.045326
0.927326
1.196326
0.955326
1.426326
-0.413674
1.263326
1.094326
1.268326
1.095326
0.902326
1.062326
0.512326
0.591326
1.094326
0.902326
1.196326
1.436326
1.437326
1.263326
0.977326
-0.243674
1.426326
1.518326
0.926326
0.071326
1.245326
0.963326
0.849326
1.758326
0.826326
1.268326
0.875326
-0.413674
1.353326
1.099326
1.040326
0.248326
0.591326
1.437326
0.872326
1.259326
1.399326
1.099326
1.259326
0.121326
1.081326
0.797326
1.094326
1.456326
0.909326
1.320326
2.033326
1.268326
0.627326
1.314326
1.426326
1.175326
0.700326
0.955326
1.558326
1.758326
0.926326
0.897326
0.533326
1.196326
0.909326
0.963326
0.253326
1.020326
1.062326
0.121326
1.437326
1.314326
1.040326
1.353326
0.076326
0.356326
1.401326
0.948326
1.314326
1.638326
0.681326
1.739326
0.669326
1.670326
0.988326
0.826326
0.356326
0.622326
0.071326
0.897326
2.033326
1.539326
0.849326
0.622326
0.076326
1.040326
0.121326
0.963326
0.071326
1.353326
1.758326
1.320326
0.189326
0.815326
1.097326
1.670326
1.003326
1.314326
0.977326
1.903326
0.875326
1.581326
0.875326
0.627326
0.815326
0.826326
0.902326
0.797326
0.681326
1.081326
1.095326
1.094326
0.434326
1.411326
1.518326
0.612326
1.245326
0.927326
0.995326
1.554326
-0.243674
0.189326
1.326326
1.196326
0.902326
-0.243674
0.888326
0.893326
1.149326
1.624326
1.581326
1.426326
0.627326
1.268326
1.554326
1.245326
1.903326
0.988326
0.927326
1.149326
0.815326
1.314326
1.401326
0.669326
1.081326
0.076326
1.086326
0.622326
1.411326
1.332326
2.033326
0.927326
1.045326
1.410326
0.189326
1.225326
1.245326
0.591326
1.095326
1.268326
0.071326
0.513326
1.314326
1.259326
0.681326
1.245326
1.314326
1.401326
1.903326
0.897326
0.897326
0.871326
0.533326
0.513326
1.362326
1.554326
0.897326
0.189326
1.436326
1.081326
0.995326
0.253326
0.669326
1.437326
0.248326
1.638326
1.410326
0.977326
1.175326
1.225326
1.320326
0.995326
1.081326
1.314326
0.681326
0.909326
1.554326
1.086326
1.123326
2.599326
0.815326
1.411326
0.963326
2.599326
1.263326
0.189326
1.086326
1.154326
1.638326
0.097326
0.421326
1.086326
0.512326
1.691326
0.253326
0.909326
1.062326
1.539326
1.041326
1.056326
1.254326
0.826326
1.123326
1.095326
1.245326
1.436326
1.040326
1.521326
1.739326
0.253326
1.154326
0.826326
1.581326
1.149326
0.893326
1.095326
1.399326
1.169326
0.907326
1.154326
1.263326
0.097326
0.988326
0.797326
-0.243674
1.095326
0.872326
1.259326
0.622326
0.622326
2.033326
1.003326
1.320326
1.062326
1.558326
0.909326
0.893326
0.872326
0.700326
2.051326
1.974326
1.558326
0.995326
0.612326
0.948326
1.581326
0.434326
0.434326
1.326326
1.225326
1.062326
1.056326
0.700326
0.669326
0.902326
0.513326
-0.413674
1.518326
0.097326
1.040326
0.434326
1.263326
0.907326
1.154326
1.558326
1.974326
1.401326
1.041326
2.416326
1.225326
1.186326
0.897326
0.988326
1.086326
0.843326
1.521326
1.581326
0.612326
0.988326
1.539326
1.558326
0.995326
1.362326
1.095326
1.205326
0.872326
-0.243674
0.071326
0.587326
1.123326
1.399326
1.293326
0.356326
1.175326
0.902326
1.196326
1.521326
1.225326
1.558326
2.033326
1.062326
0.849326
-0.413674
0.926326
1.186326
0.893326
2.599326
1.558326
1.040326
1.062326
1.045326
0.587326
2.051326
-0.413674
2.599326
1.436326
0.669326
2.033326
0.826326
1.758326
0.955326
0.189326
1.169326
1.411326
0.988326
0.121326
1.320326
0.421326
1.399326
1.539326
0.948326
1.638326
1.293326
0.843326
0.988326
0.248326
1.539326
1.362326
1.097326
1.245326
1.225326
1.399326
1.725326
0.533326
1.186326
1.095326
0.434326
1.638326
1.123326
0.434326
1.437326
0.513326
0.071326
0.121326
0.907326
0.797326
0.533326
0.875326
0.909326
0.926326
1.293326
-0.413674
1.099326
1.411326
1.003326
2.051326
1.175326
0.907326
1.245326
1.426326
1.040326
0.871326
0.533326
1.399326
1.020326
1.169326
1.169326
0.888326
1.581326
0.907326
1.539326
-0.413674
0.995326
1.581326
0.948326
1.399326
1.254326
1.169326
0.907326
0.434326
0.587326
0.888326
1.539326
0.826326
1.725326
1.437326
1.399326
1.903326
0.907326
1.725326
1.086326
0.871326
1.638326
0.612326
0.948326
0.871326
1.086326
0.591326
1.558326
0.076326
1.437326
1.399326
0.591326
1.539326
0.356326
0.248326
1.314326
1.245326
1.725326
0.995326
1.320326
1.436326
1.521326
0.995326
1.254326
1.268326
0.076326
1.539326
1.263326
1.320326
0.826326
0.356326
0.871326
1.205326
1.558326
1.041326
0.849326
1.353326
0.926326
-0.413674
0.421326
0.995326
1.186326
0.358326
1.539326
0.627326
1.320326
0.591326
1.196326
1.056326
1.020326
0.826326
0.513326
1.317326
1.086326
1.362326
0.356326
1.362326
0.815326
1.169326
1.099326
1.186326
1.263326
1.539326
-0.243674
0.622326
1.974326
0.815326
0.948326
0.872326
0.826326
0.815326
1.097326
1.250326
0.872326
0.071326
0.189326
0.076326
1.263326
1.205326
1.186326
0.907326
0.963326
1.086326
1.169326
1.259326
1.314326
1.250326
1.225326
0.076326
1.518326
0.513326
1.353326
1.758326
0.591326
1.186326
0.926326
0.815326
1.426326
0.955326
2.051326
1.072326
1.638326
1.353326
0.815326
0.888326
1.095326
0.513326
1.205326
0.248326
0.591326
1.502326
0.902326
1.040326
1.436326
1.436326
1.169326
1.401326
1.410326
0.907326
0.871326
0.893326
1.086326
1.056326
1.003326
0.797326
0.076326
1.072326
1.149326
0.587326
1.095326
1.045326
1.426326
0.927326
1.072326
1.245326
1.725326
0.871326
0.533326
1.332326
0.533326
0.745326
0.669326
0.627326
-0.413674
1.411326
0.071326
0.681326
1.020326
1.317326
1.903326
0.434326
2.416326
1.169326
1.020326
1.020326
1.581326
1.263326
0.627326
0.843326
0.071326
0.248326
0.941326
1.502326
0.248326
1.293326
1.758326
0.627326
0.963326
0.907326
0.977326
1.099326
1.539326
0.248326
0.622326
0.512326
0.581326
0.358326
0.897326
0.700326
0.622326
1.097326
0.669326
0.826326
0.815326
1.259326
1.268326
1.205326
0.871326
0.076326
1.293326
2.599326
0.669326
0.681326
0.700326
1.437326
1.254326
1.411326
1.254326
2.033326
0.875326
0.189326
1.332326
1.072326
0.871326
0.434326
1.086326
1.072326
0.533326
0.071326
1.062326
0.358326
-0.422674
1.097326
1.041326
1.097326
-0.413674
1.154326
1.362326
2.599326
0.513326
0.995326
0.815326
0.988326
1.314326
1.020326
0.941326
1.268326
1.020326
1.320326
1.426326
-0.422674
0.121326
1.353326
1.411326
0.909326
1.186326
0.907326
2.033326
1.175326
1.426326
0.189326
2.416326
0.591326
0.815326
0.622326
0.897326
1.086326
0.591326
0.681326
0.907326
1.320326
0.071326
1.725326
1.739326
1.062326
0.875326
0.513326
0.253326
1.314326
1.205326
1.739326
1.003326
1.020326
0.071326
0.097326
1.225326
0.888326
1.245326
0.533326
1.502326
0.434326
1.097326
1.245326
1.205326
1.186326
1.048326
0.356326
0.907326
1.353326
0.888326
-0.422674
0.897326
0.076326
0.513326
0.745326
1.245326
1.314326
1.245326
2.599326
0.909326
0.977326
0.513326
0.871326
1.062326
2.033326
1.320326
0.927326
0.995326
1.293326
1.149326
0.907326
1.045326
0.097326
1.581326
0.612326
1.072326
0.907326
1.411326
1.691326
1.003326
1.095326
1.062326
1.169326
1.974326
0.533326
1.095326
-0.422674
0.927326
2.599326
0.907326
0.434326
1.045326
0.071326
1.062326
1.169326
0.797326
0.248326
-0.422674
1.758326
0.513326
1.154326
1.123326
0.513326
1.293326
0.612326
0.902326
0.995326
1.411326
0.669326
2.051326
0.358326
1.003326
1.020326
0.897326
0.963326
2.033326
1.169326
0.826326
1.062326
0.988326
0.826326
0.622326
1.353326
1.320326
1.739326
0.189326
1.045326
0.875326
0.421326
1.320326
1.095326
1.149326
1.518326
2.599326
1.020326
1.225326
0.888326
0.533326
1.205326
0.815326
0.897326
1.739326
0.871326
0.909326
0.581326
0.513326
0.587326
0.587326
1.437326
0.941326
1.149326
0.522326
1.245326
1.086326
1.739326
1.974326
1.175326
0.522326
1.558326
1.169326
1.259326
1.086326
1.317326
1.293326
0.888326
1.225326
1.123326
1.401326
1.268326
1.539326
0.815326
0.612326
2.051326
0.843326
0.076326
1.048326
0.097326
1.045326
1.249326
1.436326
1.758326
1.437326
1.436326
1.436326
1.502326
0.513326
1.062326
1.154326
1.097326
2.051326
2.051326
0.587326
1.245326
0.871326
1.691326
0.248326
0.591326
1.263326
0.815326
1.411326
0.587326
0.907326
-0.137674
1.314326
1.040326
0.893326
0.587326
0.907326
0.587326
0.434326
1.095326
0.356326
1.353326
0.358326
0.522326
0.871326
1.205326
0.907326
0.826326
1.539326
1.353326
1.225326
0.669326
1.040326
1.186326
0.670326
1.254326
0.745326
1.072326
1.758326
0.977326
0.522326
1.332326
0.995326
1.245326
1.362326
0.513326
0.513326
0.356326
0.893326
0.421326
1.245326
1.436326
1.539326
1.638326
0.893326
0.995326
1.758326
0.622326
0.512326
1.317326
1.638326
-0.413674
0.681326
1.062326
1.903326
1.362326
0.076326
1.205326
-0.137674
0.121326
0.988326
1.020326
1.353326
0.669326
0.797326
1.317326
0.253326
1.581326
0.897326
1.437326
1.086326
1.903326
1.040326
1.725326
0.907326
1.245326
0.421326
1.245326
1.362326
1.249326
2.416326
1.502326
1.149326
1.314326
1.086326
0.358326
1.426326
0.591326
0.902326
0.941326
1.903326
0.681326
1.175326
0.875326
0.248326
1.268326
0.849326
1.045326
1.225326
2.475326
0.700326
1.249326
0.963326
1.518326
0.513326
1.758326
0.587326
0.797326
1.254326
0.897326
1.072326
1.154326
0.893326
1.437326
1.314326
0.849326
1.974326
0.797326
1.739326
0.745326
1.175326
1.041326
1.175326
1.426326
1.691326
1.056326
1.725326
0.893326
1.539326
0.612326
1.758326
1.362326
0.121326
1.436326
1.072326
2.051326
0.533326
1.205326
0.189326
0.076326
1.332326
0.513326
1.691326
1.205326
1.041326
0.434326
1.411326
1.097326
1.581326
0.669326
2.475326
1.437326
1.003326
0.587326
1.436326
0.522326
0.941326
0.995326
0.669326
0.941326
1.725326
0.897326
2.475326
0.253326
1.332326
0.897326
0.995326
1.502326
1.539326
-0.422674
1.097326
1.056326
1.903326
0.591326
1.320326
0.421326
1.362326
0.815326
1.086326
0.522326
1.638326
0.669326
1.320326
1.638326
1.332326
2.033326
0.988326
0.533326
1.048326
0.670326
1.249326
2.051326
0.627326
1.045326
2.475326
1.154326
0.612326
1.245326
0.909326
0.941326
1.062326
1.411326
1.411326
1.426326
1.691326
1.099326
1.315326
1.020326
1.095326
1.314326
1.974326
1.638326
1.263326
0.076326
1.314326
1.086326
1.558326
0.681326
1.072326
1.558326
1.691326
0.926326
0.745326
1.691326
0.522326
1.225326
0.815326
0.927326
2.051326
1.332326
-0.137674
1.003326
1.502326
0.670326
1.739326
1.149326
1.048326
0.941326
0.745326
0.875326
1.225326
0.905326
1.175326
1.320326
1.003326
1.638326
1.259326
0.907326
1.436326
0.189326
1.254326
0.977326
1.739326
1.097326
-0.422674
0.893326
0.533326
0.434326
1.518326
2.033326
1.154326
0.815326
0.587326
0.513326
2.475326
1.149326
0.797326
1.725326
0.797326
0.700326
2.356326
0.907326
1.317326
0.963326
1.691326
1.725326
1.175326
0.927326
1.205326
1.123326
0.236326
0.121326
0.963326
-0.137674
1.317326
1.154326
0.888326
1.186326
0.189326
0.669326
0.797326
0.434326
0.893326
1.040326
0.745326
1.691326
1.558326
1.169326
1.518326
1.314326
0.888326
1.225326
1.020326
0.248326
1.099326
-0.413674
0.988326
1.259326
1.123326
0.533326
0.121326
1.020326
0.421326
1.315326
-0.137674
1.502326
0.977326
1.332326
1.149326
1.314326
0.927326
1.175326
1.249326
1.020326
0.681326
0.512326
0.888326
0.926326
0.963326
1.169326
1.154326
2.356326
0.905326
1.402326
1.041326
1.263326
1.558326
0.700326
1.154326
0.669326
0.907326
1.149326
0.076326
0.988326
1.332326
0.512326
1.558326
1.758326
0.627326
1.249326
1.558326
0.533326
1.175326
0.121326
1.511326
0.843326
0.909326
1.062326
1.154326
0.356326
1.581326
1.225326
0.940326
2.356326
-0.413674
0.121326
1.437326
1.099326
0.927326
0.587326
1.320326
0.926326
0.940326
1.259326
1.518326
0.421326
1.332326
0.236326
0.905326
0.843326
1.020326
2.051326
1.048326
1.263326
1.169326
0.797326
1.098326
0.421326
1.426326
0.941326
1.062326
1.040326
0.421326
1.095326
1.048326
-0.137674
1.314326
0.995326
1.320326
0.097326
1.332326
1.003326
1.003326
1.086326
1.048326
0.097326
0.591326
1.086326
0.229326
0.076326
0.893326
0.897326
1.268326
1.062326
0.591326
0.669326
0.612326
1.123326
1.739326
1.098326
0.591326
0.940326
1.175326
1.739326
1.511326
0.681326
2.356326
0.670326
0.229326
1.353326
0.356326
2.356326
1.426326
0.622326
1.098326
1.320326
0.356326
1.097326
1.056326
1.048326
0.700326
0.669326
1.402326
1.041326
0.356326
1.041326
1.320326
0.421326
-0.137674
1.002326
0.189326
1.245326
1.638326
1.402326
0.988326
1.245326
0.670326
1.254326
0.076326
0.977326
0.622326
2.416326
1.175326
0.909326
1.056326
1.245326
0.745326
0.670326
0.988326
2.051326
0.897326
0.121326
1.254326
1.268326
0.533326
0.681326
1.402326
0.988326
0.627326
1.259326
0.512326
0.587326
0.248326
1.401326
0.358326
1.154326
0.926326
0.533326
0.669326
1.099326
0.421326
0.902326
1.581326
1.437326
1.062326
0.897326
1.040326
1.062326
1.154326
0.358326
1.175326
1.539326
0.522326
0.669326
1.095326
1.249326
1.426326
1.040326
0.669326
2.051326
0.849326
0.622326
1.154326
0.902326
0.940326
0.897326
1.003326
1.062326
1.903326
0.905326
0.941326
0.745326
1.040326
0.587326
1.186326
0.622326
0.533326
0.700326
0.815326
0.587326
1.362326
1.003326
1.511326
1.175326
1.758326
0.591326
2.033326
1.098326
1.314326
0.434326
2.344326
2.344326
0.248326
0.229326
0.421326
0.670326
1.539326
0.229326
2.344326
1.558326
0.875326
2.344326
1.154326
1.638326
1.401326
-0.422674
0.236326
0.591326
1.169326
0.076326
1.040326
1.020326
1.502326
0.615326
1.225326
0.893326
0.982326
0.097326
0.836326
1.249326
1.725326
1.002326
1.539326
1.123326
1.086326
0.236326
0.893326
1.314326
1.558326
0.615326
0.627326
0.236326
1.259326
0.622326
1.169326
0.927326
1.098326
1.332326
0.121326
0.943326
0.995326
-0.413674
0.356326
0.669326
1.149326
1.426326
0.897326
0.815326
0.995326
0.941326
1.426326
0.907326
0.905326
0.700326
1.095326
2.033326
0.421326
0.358326
1.739326
0.670326
1.123326
0.627326
0.926326
0.512326
2.344326
0.236326
0.356326
0.189326
0.121326
0.076326
1.245326
0.587326
1.903326
1.040326
1.254326
1.225326
0.745326
0.836326
0.121326
1.097326
1.225326
0.421326
0.995326
0.797326
0.189326
0.977326
0.356326
1.186326
0.076326
0.875326
0.797326
0.926326
1.315326
1.362326
1.245326
-0.422674
1.056326
1.259326
0.587326
1.245326
0.358326
0.669326
1.581326
1.691326
1.894326
1.894326
1.437326
1.014326
0.905326
1.539326
1.225326
0.893326
0.905326
-0.137674
1.268326
1.638326
1.205326
1.002326
-0.413674
1.691326
0.943326
0.888326
0.940326
1.315326
1.149326
1.048326
1.894326
1.402326
1.581326
0.982326
1.502326
1.558326
0.356326
1.259326
0.714326
0.909326
2.344326
1.725326
0.121326
0.849326
1.097326
0.905326
1.014326
1.072326
1.169326
0.849326
1.149326
1.123326
0.434326
0.615326
0.714326
1.154326
0.797326
1.149326
0.849326
1.539326
0.745326
1.123326
0.356326
1.048326
0.700326
0.612326
1.581326
0.533326
0.591326
1.739326
1.086326
1.758326
1.315326
1.072326
0.121326
0.358326
1.263326
1.225326
1.095326
0.940326
1.402326
1.581326
1.002326
1.149326
1.097326
1.320326
-0.413674
0.434326
0.875326
1.086326
0.836326
0.533326
2.344326
0.943326
0.941326
0.995326
0.670326
0.097326
1.149326
1.268326
1.518326
1.502326
1.245326
1.149326
0.909326
0.615326
0.522326
2.033326
0.356326
0.189326
1.539326
1.502326
1.894326
1.315326
2.033326
1.002326
1.099326
0.522326
0.941326
0.888326
0.982326
0.512326
0.669326
0.236326
0.612326
0.358326
0.927326
1.186326
1.205326
1.502326
0.236326
0.121326
1.259326
1.426326
1.249326
0.888326
1.002326
0.248326
0.097326
1.518326
1.056326
-0.422674
1.558326
0.533326
0.224326
1.268326
1.086326
1.154326
1.691326
0.977326
1.259326
1.099326
0.995326
1.002326
1.739326
0.995326
1.186326
0.591326
1.099326
-0.422674
1.725326
1.056326
1.249326
0.591326
1.437326
0.905326
1.758326
1.149326
1.014326
0.591326
0.587326
0.797326
0.849326
1.098326
0.248326
0.076326
0.897326
0.909326
0.189326
0.907326
1.362326
0.977326
0.797326
0.224326
0.843326
0.358326
1.186326
1.263326
0.097326
0.421326
2.033326
1.638326
0.076326
0.941326
1.098326
1.215326
1.518326
0.815326
0.849326
1.402326
0.248326
1.315326
1.123326
0.940326
0.056326
1.332326
1.362326
1.099326
1.205326
1.245326
0.700326
1.581326
-0.413674
1.691326
1.511326
0.745326
1.098326
1.539326
1.511326
0.709326
0.358326
1.099326
1.353326
0.522326
1.095326
-0.422674
0.714326
1.691326
0.587326
0.512326
1.758326
1.097326
1.362326
0.995326
0.815326
1.691326
0.076326
2.344326
1.014326
0.591326
0.622326
1.539326
0.714326
-0.422674
0.905326
1.072326
1.040326
0.709326
0.533326
1.725326
1.725326
1.097326
0.076326
0.888326
1.315326
1.558326
1.086326
0.669326
0.358326
1.638326
1.205326
1.056326
0.622326
0.213326
0.670326
1.205326
1.558326
0.189326
0.121326
1.758326
1.976326
1.040326
1.402326
1.725326
0.189326
0.236326
1.539326
0.909326
0.927326
0.836326
0.982326
1.894326
1.976326
1.315326
0.670326
1.095326
0.421326
0.907326
1.362326
0.902326
1.205326
1.186326
1.249326
1.169326
0.121326
0.927326
0.714326
1.725326
0.902326
1.894326
1.725326
0.121326
1.268326
1.362326
0.681326
1.076326
1.638326
0.709326
1.739326
0.897326
1.539326
1.225326
1.056326
0.189326
0.893326
1.225326
1.518326
0.615326
0.893326
0.700326
1.048326
1.097326
-0.422674
0.121326
0.751326
1.097326
0.533326
0.927326
1.402326
0.927326
0.622326
0.421326
0.700326
0.849326
0.888326
1.099326
1.245326
0.421326
1.076326
0.189326
0.940326
1.511326
1.098326
1.076326
1.362326
1.225326
2.344326
0.591326
0.927326
1.076326
0.213326
1.401326
1.353326
0.902326
1.402326
1.048326
1.320326
1.186326
0.849326
1.437326
1.903326
0.189326
0.121326
1.638326
0.248326
-0.422674
0.421326
0.849326
1.095326
0.836326
0.988326
0.875326
1.725326
0.843326
0.522326
0.888326
0.888326
1.401326
0.615326
0.902326
0.700326
0.522326
1.086326
1.072326
-0.137674
0.909326
1.315326
0.905326
1.099326
1.558326
0.783326
1.056326
1.095326
0.236326
-0.413674
1.072326
2.344326
0.875326
1.426326
0.670326
0.670326
0.888326
1.353326
0.783326
1.581326
0.783326
1.725326
0.909326
1.056326
0.316326
1.558326
1.691326
-0.137674
0.815326
0.316326
0.902326
0.681326
1.169326
0.897326
0.995326
1.169326
0.995326
1.315326
0.783326
1.903326
1.758326
1.437326
0.875326
0.670326
1.903326
0.591326
0.669326
0.615326
0.236326
1.725326
1.370326
1.014326
1.048326
0.669326
1.725326
0.797326
1.072326
1.903326
0.512326
1.198326
0.213326
1.268326
0.522326
1.186326
1.149326
0.622326
1.691326
1.315326
0.982326
1.002326
1.437326
1.745326
0.612326
0.927326
1.123326
0.675326
1.976326
1.370326
-0.413674
0.522326
0.909326
0.714326
1.249326
1.123326
0.888326
1.014326
0.681326
0.615326
0.995326
1.169326
1.097326
0.213326
0.815326
1.186326
0.236326
1.056326
0.888326
1.098326
0.797326
1.903326
0.714326
1.976326
0.700326
1.758326
0.627326
1.249326
0.189326
1.166326
1.745326
1.097326
0.926326
0.358326
0.669326
1.362326
0.512326
0.121326
1.245326
0.926326
0.522326
1.198326
1.739326
0.982326
1.166326
1.198326
0.236326
1.691326
1.976326
1.123326
1.539326
1.725326
0.902326
1.320326
0.797326
1.362326
0.943326
1.072326
0.815326
1.215326
0.615326
1.225326
1.198326
1.198326
-0.422674
0.587326
-0.422674
1.315326
0.751326
1.259326
0.905326
1.402326
1.098326
0.836326
0.714326
1.072326
1.056326
0.681326
1.426326
1.558326
0.709326
1.263326
0.587326
0.815326
0.669326
0.907326
0.533326
0.988326
1.149326
1.166326
-0.422674
1.315326
0.836326
1.259326
-0.137674
0.783326
0.797326
1.539326
0.940326
0.907326
1.976326
1.166326
1.320326
0.849326
0.877326
1.215326
1.976326
0.121326
1.401326
0.926326
0.591326
0.875326
1.402326
1.149326
1.638326
0.056326
1.095326
1.215326
0.940326
0.888326
0.248326
0.612326
0.714326
1.362326
0.888326
0.591326
0.622326
1.086326
1.076326
0.591326
1.315326
0.627326
0.709326
0.522326
0.097326
1.154326
0.988326
0.714326
0.888326
1.976326
1.169326
0.877326
0.527326
1.149326
0.875326
0.982326
-0.137674
0.700326
0.121326
-0.137674
0.669326
1.245326
1.370326
-0.422674
0.612326
1.166326
0.783326
0.612326
0.615326
0.877326
1.370326
0.121326
1.638326
0.615326
0.926326
1.056326
1.437326
0.815326
0.988326
1.638326
0.877326
0.905326
1.098326
0.421326
0.236326
0.358326
0.905326
0.907326
1.169326
0.988326
1.426326
0.189326
1.072326
1.363326
1.014326
0.358326
0.982326
0.940326
1.362326
1.198326
0.675326
1.511326
0.248326
0.977326
0.189326
1.401326
0.797326
1.095326
1.511326
1.401326
1.136326
1.638326
1.320326
0.522326
0.512326
0.615326
0.888326
2.344326
0.849326
0.421326
0.875326
1.245326
1.315326
0.943326
1.263326
0.797326
1.072326
1.745326
1.758326
0.909326
0.849326
1.095326
1.315326
1.363326
0.927326
0.670326
1.268326
0.669326
-0.137674
0.797326
1.401326
1.095326
0.615326
1.136326
0.927326
0.897326
1.362326
1.198326
1.363326
0.927326
0.982326
1.072326
0.888326
0.587326
0.927326
1.332326
1.225326
1.136326
0.056326
0.888326
0.358326
1.758326
0.236326
0.926326
0.236326
0.533326
0.751326
1.215326
1.086326
0.709326
1.249326
1.691326
0.512326
1.249326
1.691326
1.225326
0.316326
1.169326
0.833326
0.512326
0.797326
0.833326
0.421326
0.421326
1.362326
1.259326
-0.413674
1.048326
0.940326
1.691326
0.982326
-0.137674
1.098326
1.903326
1.758326
0.248326
0.977326
1.315326
0.189326
1.745326
1.166326
1.363326
1.259326
1.056326
1.758326
0.783326
1.249326
0.843326
1.976326
0.316326
0.236326
1.539326
1.002326
0.815326
0.877326
1.362326
1.315326
0.902326
0.943326
0.076326
1.048326
1.149326
1.154326
0.875326
1.086326
1.829326
0.833326
0.982326
0.714326
1.166326
1.362326
1.638326
0.905326
1.402326
0.783326
0.902326
0.121326
1.097326
0.797326
1.098326
0.612326
0.700326
0.888326
1.259326
0.823326
0.675326
1.745326
1.268326
0.076326
0.823326
1.363326
0.877326
1.829326
1.739326
1.097326
0.467326
1.048326
1.362326
0.097326
0.927326
1.086326
0.823326
0.056326
1.095326
1.014326
1.558326
0.926326
0.316326
1.332326
-0.413674
0.622326
1.159326
0.615326
0.907326
0.714326
0.421326
1.903326
0.988326
1.076326
1.829326
1.198326
-0.413674
1.691326
0.943326
-0.413674
1.581326
1.097326
0.823326
1.581326
0.888326
0.587326
0.926326
0.236326
1.154326
0.612326
1.691326
1.123326
1.095326
1.539326
1.169326
0.681326
1.098326
1.097326
1.315326
1.558326
1.518326
1.903326
1.215326
0.982326
1.315326
0.941326
2.344326
0.213326
0.905326
1.097326
1.758326
1.638326
0.988326
0.875326
0.248326
0.700326
1.154326
0.097326
0.977326
1.363326
1.098326
1.198326
0.751326
0.627326
0.627326
1.259326
1.014326
0.751326
0.097326
1.903326
0.751326
0.533326
1.249326
1.829326
-0.422674
1.581326
0.815326
1.268326
1.149326
1.663326
0.843326
1.225326
1.426326
1.320326
1.758326
1.249326
1.739326
0.467326
1.215326
0.797326
1.758326
2.344326
1.097326
0.587326
0.522326
0.512326
0.076326
1.903326
0.681326
0.833326
0.076326
0.751326
0.236326
0.815326
1.076326
1.558326
0.927326
0.612326
0.926326
0.189326
0.533326
0.815326
0.982326
1.245326
1.146326
0.615326
0.849326
1.332326
0.940326
0.783326
1.014326
0.097326
0.236326
0.675326
1.363326
0.833326
0.615326
0.982326
1.245326
1.146326
0.358326
1.159326
0.709326
1.539326
0.709326
1.072326
0.941326
1.245326
1.002326
1.072326
1.095326
0.843326
1.149326
1.903326
0.669326
1.159326
1.198326
0.940326
1.320326
1.511326
1.225326
1.166326
1.426326
1.401326
0.661326
1.056326
1.198326
0.897326
1.691326
1.581326
0.097326
1.097326
0.941326
0.943326
1.097326
1.086326
0.907326
0.897326
0.888326
-0.358674
0.907326
0.612326
0.751326
0.675326
0.316326
1.638326
1.098326
0.675326
0.940326
0.982326
0.833326
1.663326
1.056326
0.833326
1.136326
0.421326
0.236326
-0.422674
1.663326
1.198326
1.076326
0.358326
1.136326
1.263326
0.615326
1.245326
0.815326
1.581326
1.903326
-0.358674
0.615326
0.612326
1.146326
1.663326
1.123326
0.121326
1.539326
1.518326
1.048326
1.903326
1.268326
1.539326
0.669326
1.002326
1.095326
1.263326
1.511326
1.048326
0.358326
1.249326
2.416326
1.048326
1.539326
1.166326
1.511326
1.095326
1.014326
1.691326
0.615326
1.076326
1.169326
0.467326
1.245326
0.982326
0.213326
1.136326
0.097326
0.627326
0.797326
1.691326
0.612326
0.941326
0.751326
0.875326
0.751326
0.700326
0.612326
0.076326
0.121326
1.249326
1.663326
1.048326
0.709326
2.416326
0.849326
1.315326
0.587326
1.098326
1.758326
1.363326
1.095326
1.691326
-0.413674
1.149326
1.086326
1.166326
1.691326
1.315326
1.166326
1.363326
0.815326
0.661326
0.076326
-0.358674
0.888326
1.320326
1.014326
1.691326
0.622326
0.316326
0.751326
2.344326
1.154326
0.927326
1.518326
1.166326
0.783326
0.189326
1.259326
0.522326
0.815326
1.169326
1.056326
0.669326
-0.413674
0.700326
1.072326
0.213326
1.332326
1.268326
0.189326
0.783326
0.941326
1.123326
0.627326
1.332326
0.512326
1.076326
0.681326
0.943326
0.815326
0.675326
0.316326
0.467326
0.421326
0.977326
0.943326
0.797326
1.320326
1.581326
0.121326
1.098326
-0.358674
1.166326
0.316326
1.745326
1.159326
1.363326
1.401326
1.097326
1.159326
1.136326
1.225326
1.086326
0.940326
0.467326
1.249326
1.014326
0.421326
0.797326
1.159326
1.691326
0.783326
0.888326
1.086326
1.332326
2.344326
0.612326
1.014326
1.320326
1.426326
0.865326
0.783326
2.344326
0.681326
0.661326
0.533326
1.198326
0.612326
0.661326
0.988326
1.268326
0.316326
1.259326
0.849326
0.943326
1.014326
1.215326
1.076326
1.511326
1.663326
0.627326
1.903326
0.510326
0.888326
0.751326
0.587326
1.725326
1.072326
1.249326
1.259326
0.877326
0.612326
1.259326
0.669326
-0.422674
0.751326
1.318326
1.638326
0.533326
0.815326
1.198326
2.344326
1.249326
0.783326
1.097326
0.833326
1.518326
0.316326
1.539326
1.198326
0.815326
1.098326
1.745326
1.056326
1.048326
1.002326
1.225326
1.739326
-0.422674
0.056326
0.865326
1.401326
1.123326
0.927326
1.014326
0.676326
0.700326
0.676326
0.849326
1.198326
1.249326
1.663326
0.358326
0.815326
1.315326
1.332326
1.663326
1.098326
0.951326
0.587326
0.467326
0.988326
0.236326
0.467326
0.669326
0.823326
0.612326
0.612326
-0.425674
1.263326
1.056326
0.875326
0.897326
0.714326
1.263326
0.676326
0.669326
1.123326
1.215326
0.982326
1.363326
0.627326
0.248326
1.215326
0.815326
1.002326
0.837326
0.823326
1.663326
1.638326
0.213326
1.903326
0.849326
0.875326
0.358326
0.676326
0.797326
0.236326
0.076326
0.982326
1.263326
1.048326
0.358326
0.121326
1.169326
0.121326
1.056326
1.245326
0.783326
1.758326
0.977326
0.877326
1.315326
0.888326
1.249326
0.467326
0.317326
0.512326
1.691326
1.745326
1.225326
0.783326
0.522326
1.086326
1.263326
1.692326
0.533326
0.751326
0.121326
0.316326
0.907326
1.225326
1.098326
0.676326
0.875326
1.401326
1.086326
1.097326
1.320326
0.316326
1.401326
0.823326
1.315326
0.977326
0.977326
1.268326
0.783326
1.263326
1.692326
1.638326
-0.422674
0.512326
0.709326
0.213326
1.259326
1.426326
-0.400674
0.797326
1.136326
1.198326
1.225326
1.518326
1.745326
0.837326
0.877326
-0.413674
1.146326
1.511326
1.169326
1.332326
0.466326
0.823326
0.466326
0.097326
0.076326
0.467326
0.797326
1.758326
0.877326
-0.422674
1.739326
2.416326
0.815326
1.539326
0.622326
1.245326
0.661326
2.416326
1.320326
0.317326
0.522326
0.823326
0.669326
1.094326
0.627326
0.121326
1.745326
0.988326
0.533326
0.236326
1.401326
2.344326
1.123326
1.367326
0.358326
1.725326
0.751326
0.714326
1.086326
0.121326
0.849326
1.263326
1.225326
0.977326
1.511326
0.833326
0.249326
0.249326
0.121326
0.905326
0.358326
0.825326
1.259326
1.072326
1.745326
0.815326
0.587326
1.123326
0.837326
0.627326
0.907326
0.700326
-0.425674
0.865326
0.316326
1.154326
0.897326
0.249326
0.751326
0.709326
1.166326
0.943326
1.363326
0.905326
1.259326
1.169326
1.315326
0.249326
1.401326
1.215326
0.661326
-0.422674
0.709326
0.709326
0.943326
0.783326
1.225326
1.268326
1.198326
1.123326
1.149326
0.358326
0.241326
1.518326
1.146326
0.849326
2.344326
0.466326
0.783326
0.714326
0.248326
1.268326
1.363326
1.045326
0.783326
0.823326
0.943326
1.739326
0.522326
0.661326
0.843326
0.121326
0.982326
1.315326
0.927326
1.094326
0.249326
0.897326
0.213326
0.897326
0.700326
0.823326
2.416326
1.166326
1.095326
0.797326
1.077326
1.154326
0.249326
1.320326
0.906326
-0.425674
0.241326
0.522326
1.169326
1.745326
0.905326
1.215326
0.669326
1.045326
0.317326
1.097326
0.783326
-0.413674
0.522326
1.056326
0.708326
1.157326
1.002326
0.897326
-0.425674
0.751326
0.558326
1.002326
0.213326
0.669326
0.751326
0.325326
0.248326
1.014326
1.318326
1.403326
0.837326
1.268326
0.681326
0.470326
1.268326
1.403326
0.681326
0.510326
1.320326
1.072326
0.661326
0.470326
0.801326
0.453326
0.897326
1.002326
0.213326
0.843326
1.166326
0.823326
1.403326
-0.413674
0.940326
0.927326
0.189326
0.766326
0.938326
1.014326
1.215326
0.977326
0.766326
1.638326
0.766326
0.587326
1.259326
1.198326
0.661326
0.097326
1.114326
1.739326
-0.413674
0.316326
1.263326
0.825326
1.268326
1.166326
1.511326
0.801326
2.344326
0.661326
0.941326
0.627326
0.982326
0.905326
1.215326
0.988326
1.056326
0.492326
1.002326
1.072326
0.453326
0.977326
1.215326
2.416326
0.797326
0.358326
0.476326
1.745326
0.833326
0.627326
0.525326
0.629326
0.522326
0.470326
1.692326
0.833326
1.114326
1.725326
0.927326
-0.413674
0.675326
1.318326
0.700326
0.189326
0.940326
0.833326
1.056326
1.014326
1.332326
1.166326
0.492326
1.154326
0.907326
2.416326
1.157326
1.136326
0.833326
0.940326
0.888326
1.157326
0.525326
0.236326
0.183326
1.095326
0.907326
1.166326
0.756326
0.941326
1.259326
0.612326
1.739326
0.492326
0.470326
0.977326
0.943326
0.189326
-0.422674
0.940326
0.675326
1.154326
-0.425674
0.982326
0.797326
0.941326
0.756326
1.745326
1.259326
1.123326
0.941326
1.166326
0.522326
0.249326
1.072326
-0.413674
1.745326
0.756326
0.522326
0.941326
0.189326
0.906326
0.546326
1.692326
0.982326
1.166326
1.154326
1.166326
1.263326
1.149326
1.745326
1.146326
0.236326
0.837326
1.259326
2.416326
1.511326
0.681326
1.725326
0.751326
1.002326
1.332326
0.807326
1.663326
1.166326
0.358326
1.048326
0.756326
0.512326
0.837326
0.097326
1.157326
1.098326
1.511326
0.815326
0.766326
1.114326
0.871326
0.132326
0.675326
0.076326
0.757326
0.522326
0.522326
0.097326
1.692326
0.546326
1.745326
0.756326
0.661326
0.897326
1.725326
1.045326
0.757326
0.815326
1.511326
1.518326
0.629326
0.938326
1.401326
0.236326
1.154326
0.183326
0.236326
1.048326
0.756326
0.183326
1.739326
0.988326
0.587326
1.518326
1.114326
0.512326
0.522326
1.077326
1.098326
0.756326
1.725326
0.453326
2.416326
0.837326
0.988326
0.927326
1.149326
-0.425674
1.123326
0.932326
1.401326
0.249326
0.871326
1.045326
1.692326
0.801326
1.518326
1.056326
1.518326
0.897326
0.076326
0.941326
1.745326
2.344326
1.198326
0.453326
0.700326
1.095326
0.940326
1.157326
0.492326
1.259326
0.941326
1.315326
1.259326
0.927326
-0.422674
0.907326
1.045326
0.183326
0.317326
0.525326
0.661326
1.157326
1.318326
0.525326
0.756326
1.332326
0.757326
0.612326
-0.422674
1.259326
1.166326
0.076326
0.815326
0.476326
-0.425674
0.871326
1.014326
0.587326
0.358326
0.132326
0.612326
0.470326
1.638326
0.520326
1.157326
0.273326
-0.413674
1.045326
0.766326
0.512326
0.249326
0.546326
1.072326
1.318326
0.849326
0.076326
1.663326
-0.149674
1.725326
1.215326
1.511326
0.273326
1.014326
1.692326
1.663326
0.236326
0.977326
1.146326
2.416326
0.241326
0.236326
0.236326
1.332326
0.522326
0.938326
0.837326
0.756326
1.107326
0.681326
1.320326
-0.425674
0.977326
0.681326
1.320326
1.745326
1.725326
0.685326
2.344326
1.215326
2.416326
1.166326
1.098326
1.739326
0.132326
0.943326
-0.425674
0.871326
1.739326
0.871326
0.977326
0.325326
0.837326
0.907326
0.897326
1.263326
0.512326
0.470326
1.511326
1.056326
0.837326
0.183326
1.198326
0.189326
0.316326
1.136326
1.154326
0.097326
1.725326
0.757326
0.797326
0.797326
0.076326
1.149326
0.612326
0.155326
0.681326
0.510326
1.332326
0.097326
0.801326
-0.422674
1.268326
0.522326
0.825326
1.401326
1.107326
0.097326
1.268326
0.654326
0.907326
0.155326
1.114326
0.325326
1.014326
1.518326
1.692326
0.724326
0.849326
1.048326
1.663326
0.183326
1.511326
0.803326
-0.422674
1.072326
1.146326
1.098326
0.835326
0.612326
0.751326
1.332326
0.236326
1.315326
0.587326
0.940326
0.533326
1.215326
2.317326
0.833326
2.317326
0.533326
0.522326
0.943326
0.927326
0.654326
0.076326
1.758326
0.716326
1.048326
0.189326
-0.422674
1.234326
1.401326
0.523326
0.797326
0.927326
1.135326
0.207326
0.801326
2.317326
0.097326
-0.149674
1.259326
0.241326
-0.413674
0.520326
1.014326
0.661326
0.676326
0.940326
1.739326
0.638326
1.136326
2.317326
0.520326
0.587326
0.982326
0.907326
1.149326
0.897326
1.725326
0.522326
0.835326
-0.413674
0.681326
-0.425674
0.525326
0.241326
0.155326
-0.422674
1.095326
0.476326
1.401326
0.522326
0.837326
1.095326
1.268326
0.906326
0.520326
0.273326
0.638326
0.681326
1.014326
0.675326
0.943326
1.663326
1.692326
0.097326
1.758326
0.906326
0.751326
1.739326
1.045326
1.234326
1.332326
0.932326
1.107326
0.476326
0.676326
0.358326
-0.422674
0.183326
0.358326
1.745326
1.014326
0.751326
0.189326
1.072326
0.076326
0.525326
0.132326
1.072326
2.317326
1.367326
1.146326
0.815326
0.982326
0.801326
0.904326
0.843326
0.076326
1.725326
0.654326
0.815326
0.325326
0.724326
0.523326
2.317326
0.904326
0.904326
0.076326
1.367326
1.259326
0.358326
0.113326
0.685326
0.155326
1.149326
0.943326
1.332326
1.234326
0.612326
0.681326
1.095326
0.904326
1.146326
0.815326
1.040326
1.268326
2.344326
0.202326
0.904326
0.849326
2.317326
1.149326
0.132326
0.815326
1.315326
1.045326
0.629326
1.518326
0.316326
0.681326
1.215326
1.401326
0.927326
0.273326
0.661326
0.603326
0.523326
1.107326
0.716326
2.344326
0.517326
1.234326
0.676326
0.629326
0.097326
0.982326
0.906326
-0.422674
0.700326
-0.149674
0.202326
0.520326
0.897326
0.629326
0.510326
0.907326
1.056326
0.751326
0.815326
0.517326
0.849326
0.317326
0.236326
1.234326
0.716326
1.056326
0.183326
-0.422674
1.739326
0.927326
0.587326
0.097326
1.136326
1.123326
0.241326
0.943326
0.982326
0.510326
0.700326
-0.422674
0.943326
0.517326
0.241326
1.014326
1.123326
0.525326
0.316326
0.938326
-0.422674
1.074326
1.315326
0.982326
1.045326
0.675326
0.815326
0.797326
0.801326
0.317326
1.098326
0.207326
0.899326
1.268326
0.113326
1.758326
0.512326
1.332326
1.074326
0.943326
-0.422674
0.207326
-0.425674
0.517326
1.123326
0.815326
-0.413674
1.638326
0.843326
0.097326
1.166326
1.045326
0.517326
1.401326
1.123326
0.612326
0.871326
0.207326
0.358326
0.815326
0.681326
1.056326
0.603326
0.685326
1.739326
-0.413674
1.332326
-0.422674
0.685326
0.685326
1.215326
0.938326
0.982326
1.095326
0.899326
0.751326
0.676326
-0.413674
0.470326
0.316326
0.833326
0.943326
-0.425674
0.751326
0.603326
1.725326
0.155326
0.236326
1.098326
0.797326
0.316326
0.510326
1.072326
0.801326
1.745326
1.318326
0.835326
0.476326
0.236326
0.525326
0.833326
0.815326
0.517326
0.982326
0.525326
0.629326
0.943326
2.317326
0.358326
0.517326
1.745326
0.523326
0.675326
1.367326
0.669326
0.843326
1.198326
1.146326
1.725326
0.202326
1.518326
0.113326
0.938326
1.045326
1.056326
0.523326
0.654326
0.982326
1.518326
0.113326
0.940326
0.801326
0.982326
0.587326
1.367326
0.815326
0.797326
0.603326
-0.422674
0.612326
1.095326
1.268326
0.797326
0.835326
0.317326
0.510326
0.492326
1.215326
1.758326
1.074326
0.076326
0.833326
0.871326
1.146326
0.899326
1.198326
2.344326
0.797326
0.097326
0.927326
-0.422674
0.685326
0.520326
0.982326
0.517326
0.603326
1.401326
0.685326
0.899326
-0.166674
1.725326
0.897326
0.661326
1.268326
0.751326
0.938326
0.155326
0.927326
1.198326
0.316326
0.700326
0.801326
0.977326
1.136326
1.074326
1.332326
0.681326
1.072326
1.215326
0.533326
-0.425674
0.676326
0.899326
0.982326
0.654326
1.166326
0.885326
1.146326
-0.422674
0.156326
0.700326
0.512326
-0.425674
1.725326
0.587326
0.837326
-0.413674
0.629326
0.801326
0.815326
0.676326
0.207326
1.215326
0.885326
2.317326
0.751326
0.512326
0.938326
0.587326
2.344326
0.797326
0.207326
1.107326
0.207326
0.724326
1.367326
0.685326
1.074326
1.234326
-0.422674
0.525326
1.072326
1.315326
0.815326
1.014326
0.476326
1.234326
0.520326
-0.173674
0.512326
0.661326
0.899326
1.123326
0.202326
0.943326
1.095326
0.751326
0.358326
0.627326
1.401326
0.897326
0.661326
1.234326
0.132326
1.107326
0.476326
0.458326
0.127326
1.198326
0.241326
0.307326
1.234326
-0.422674
0.756326
0.476326
0.627326
0.927326
1.692326
0.132326
0.968326
0.155326
1.758326
-0.466674
1.638326
0.700326
1.401326
0.358326
0.700326
1.045326
0.968326
0.940326
1.758326
1.095326
0.587326
1.758326
1.123326
0.317326
-0.166674
1.014326
-0.149674
0.587326
0.932326
0.317326
0.968326
1.318326
-0.452674
0.574326
1.638326
0.207326
1.123326
1.107326
0.202326
0.885326
1.146326
1.107326
1.045326
1.072326
0.241326
1.234326
0.751326
-0.166674
-0.452674
0.156326
0.849326
-0.452674
1.332326
-0.166674
0.476326
0.968326
0.470326
1.095326
0.654326
0.349326
0.492326
-0.452674
0.871326
0.849326
1.136326
0.756326
0.801326
0.931326
0.470326
0.835326
0.899326
-0.149674
0.476326
0.932326
0.931326
1.692326
0.156326
-0.205674
0.512326
0.476326
0.587326
-0.422674
0.520326
0.492326
1.758326
0.751326
0.512326
2.344326
0.797326
1.166326
1.692326
0.097326
1.758326
1.518326
0.571326
0.927326
0.097326
0.627326
1.739326
1.692326
0.927326
0.871326
1.739326
1.166326
0.977326
1.072326
0.833326
0.681326
0.837326
0.207326
0.982326
1.758326
0.977326
0.982326
0.681326
0.685326
1.095326
2.317326
-0.149674
0.525326
0.612326
0.236326
0.835326
0.629326
0.899326
1.758326
0.927326
0.938326
0.676326
0.307326
1.166326
1.146326
1.166326
1.056326
1.518326
-0.054674
1.166326
0.358326
1.040326
0.155326
0.183326
0.800326
0.533326
0.097326
1.014326
1.072326
0.132326
-0.166674
1.166326
0.871326
1.518326
1.692326
1.123326
0.756326
1.198326
1.198326
1.318326
0.968326
0.476326
0.132326
0.835326
1.367326
1.072326
0.512326
0.943326
0.907326
1.518326
0.970326
1.095326
0.700326
0.700326
0.236326
1.555326
0.656326
1.401326
0.756326
1.259326
1.725326
-0.422674
0.968326
1.107326
1.123326
1.074326
0.885326
0.681326
1.318326
0.756326
1.014326
0.835326
1.367326
0.681326
1.725326
0.849326
0.132326
0.977326
2.344326
1.014326
1.095326
1.725326
0.968326
0.221326
1.056326
0.800326
-0.244674
0.885326
0.097326
0.907326
0.470326
0.943326
0.751326
-0.084674
0.837326
0.241326
0.239326
0.672326
0.525326
0.525326
0.612326
1.518326
0.510326
0.885326
0.930326
1.045326
1.401326
0.127326
0.835326
0.700326
0.977326
1.739326
1.045326
0.221326
0.922326
0.871326
0.539326
0.512326
1.215326
1.318326
0.815326
0.627326
0.932326
1.234326
1.555326
0.740326
0.940326
-0.244674
0.457326
0.676326
-0.275674
1.555326
1.107326
2.317326
0.525326
1.154326
1.154326
0.574326
0.681326
0.358326
0.221326
1.638326
1.435326
0.629326
0.183326
0.751326
0.236326
0.843326
0.849326
0.571326
-0.244674
0.539326
-0.044674
0.221326
0.927326
-0.191674
0.940326
1.095326
0.982326
1.725326
0.236326
-0.422674
1.215326
1.154326
1.332326
1.123326
0.519326
-0.452674
1.146326
0.358326
0.571326
0.871326
0.756326
0.120326
0.629326
0.943326
0.533326
0.740326
-0.466674
0.457326
0.627326
0.574326
0.871326
1.692326
0.899326
0.837326
0.132326
1.154326
0.833326
0.221326
-0.573674
0.076326
0.629326
2.317326
1.234326
0.977326
0.127326
0.088326
0.539326
0.899326
1.215326
-0.275674
0.940326
0.756326
0.202326
0.833326
1.154326
1.056326
0.398326
1.555326
1.154326
0.358326
0.833326
0.837326
0.740326
-0.525674
1.146326
0.120326
1.045326
1.739326
0.681326
0.257326
0.940326
0.512326
0.977326
0.358326
0.681326
-1.023674
0.843326
-1.023674
0.510326
0.525326
-0.149674
0.843326
0.492326
0.497326
0.653326
0.236326
0.076326
0.815326
0.424326
0.539326
-0.149674
0.932326
0.835326
0.127326
0.539326
1.166326
0.843326
0.097326
0.899326
-0.466674
0.236326
0.676326
-0.525674
-0.149674
0.313326
0.499326
0.207326
1.638326
1.739326
0.207326
0.574326
1.555326
0.492326
1.739326
0.930326
0.843326
0.120326
0.927326
0.202326
0.574326
0.533326
0.088326
0.525326
0.533326
1.285326
1.367326
-0.166674
0.383326
0.392326
0.676326
0.833326
0.076326
0.571326
0.835326
1.166326
0.521326
1.367326
-0.573674
0.076326
1.268326
0.977326
1.095326
1.330326
0.930326
0.392326
0.940326
-0.767674
0.520326
1.098326
0.076326
1.166326
1.107326
-0.149674
1.401326
1.435326
0.105326
1.268326
1.166326
1.107326
1.056326
0.612326
0.105326
0.653326
0.097326
1.045326
0.539326
0.533326
-0.417674
0.685326
0.499326
0.497326
1.435326
0.768326
0.512326
0.977326
0.977326
0.751326
0.843326
0.629326
1.154326
0.416326
0.132326
0.768326
0.499326
1.166326
0.341326
1.725326
0.520326
1.045326
0.768326
-0.149674
1.234326
0.629326
0.653326
1.045326
0.120326
1.435326
0.353326
2.317326
0.202326
0.837326
0.197326
-0.573674
0.612326
0.676326
1.074326
0.681326
0.497326
0.120326
1.146326
0.751326
0.977326
0.097326
1.234326
0.520326
-0.149674
0.497326
0.977326
0.681326
0.681326
1.692326
0.833326
0.927326
0.197326
0.940326
0.756326
0.612326
0.481326
0.076326
0.835326
-0.078674
0.424326
2.317326
0.982326
1.123326
0.481326
0.076326
0.497326
0.499326
0.681326
1.555326
1.166326
0.525326
1.268326
1.367326
0.202326
1.285326
1.401326
-0.211674
2.344326
0.207326
0.968326
0.353326
-0.033674
0.622326
0.512326
0.466326
-0.180674
0.171326
0.927326
-0.525674
1.638326
0.519326
1.692326
1.215326
0.685326
0.497326
-0.066674
-0.180674
0.833326
2.317326
0.685326
0.492326
0.815326
0.756326
0.512326
0.416326
-0.447674
1.435326
-0.114674
0.481326
0.191326
2.128326
0.086326
0.120326
-0.161674
1.098326
1.045326
0.982326
0.768326
1.285326
0.524326
0.871326
0.065326
0.208326
1.095326
0.922326
1.234326
0.968326
0.512326
1.215326
0.685326
0.512326
-0.447674
0.120326
1.725326
0.492326
2.317326
0.519326
1.555326
0.416326
0.622326
2.128326
0.520326
0.519326
-0.573674
0.424326
0.843326
1.725326
0.525326
-0.078674
0.685326
1.056326
2.317326
-0.005674
0.294326
1.285326
0.120326
1.234326
1.123326
1.095326
-0.149674
-0.033674
1.056326
1.318326
0.685326
0.622326
1.219326
0.257326
1.330326
0.294326
0.157326
0.497326
0.127326
0.065326
0.940326
0.940326
0.153326
0.097326
0.097326
0.208326
0.940326
-0.162674
1.056326
1.074326
0.681326
0.525326
0.198326
0.685326
0.843326
0.833326
-0.033674
2.128326
0.740326
1.123326
0.768326
0.374326
0.519326
0.533326
-0.573674
0.294326
1.146326
0.221326
1.692326
1.045326
1.219326
1.401326
0.392326
1.146326
0.835326
1.284326
1.107326
0.533326
-0.185674
1.268326
-0.018674
0.525326
1.285326
0.922326
0.466326
1.056326
0.815326
0.392326
0.982326
0.871326
0.833326
0.374326
0.622326
0.374326
0.466326
0.525326
-0.170674
-0.466674
1.638326
0.815326
2.317326
2.317326
-0.508674
0.502326
0.226326
-0.018674
0.768326
-0.356674
0.207326
1.234326
1.555326
1.056326
0.502326
0.097326
-0.508674
-0.563674
0.968326
-0.026674
0.977326
-0.684674
1.268326
0.264326
-0.018674
0.815326
2.128326
1.056326
1.367326
0.835326
0.226326
0.968326
1.555326
2.128326
0.940326
1.318326
0.053326
0.199326
0.132326
0.897326
0.438326
0.424326
0.815326
-0.064674
0.977326
1.284326
0.968326
0.497326
0.416326
1.367326
1.638326
0.065326
0.133326
0.323326
2.317326
-0.508674
1.234326
0.097326
0.497326
1.367326
0.294326
0.520326
0.520326
-0.508674
-0.508674
0.533326
1.284326
1.215326
1.215326
0.672326
0.264326
-0.123674
1.098326
0.519326
0.424326
-0.114674
0.833326
0.768326
0.466326
0.313326
-0.149674
1.284326
0.120326
2.317326
0.356326
0.133326
-0.033674
0.922326
0.512326
1.284326
0.897326
0.552326
0.048326
0.533326
0.294326
0.356326
-0.114674
0.833326
1.056326
1.268326
1.638326
0.897326
-0.508674
0.768326
1.107326
0.968326
-0.094674
-0.018674
-0.145674
1.435326
0.424326
1.098326
0.512326
1.367326
0.014326
1.098326
1.268326
-0.064674
0.833326
0.897326
1.074326
0.416326
0.294326
1.318326
0.120326
1.285326
0.968326
0.198326
-0.033674
0.815326
-0.268674
0.221326
1.638326
0.525326
0.014326
1.074326
-0.134674
0.053326
0.198326
0.512326
-0.078674
1.056326
-0.508674
0.968326
0.940326
0.356326
0.977326
0.313326
1.318326
1.285326
0.871326
1.098326
0.894326
-0.149674
0.396326
0.843326
0.071326
0.424326
0.815326
-0.684674
1.638326
-0.573674
0.198326
0.073326
0.313326
0.073326
-0.134674
1.056326
0.768326
0.940326
-0.444674
0.968326
2.317326
0.894326
0.497326
1.234326
1.692326
0.795326
1.435326
1.234326
0.294326
-0.275674
0.871326
0.071326
0.519326
0.218326
0.930326
1.367326
0.465326
0.916326
1.268326
0.519326
0.815326
0.815326
0.916326
1.435326
0.519326
2.128326
-0.508674
0.916326
0.132326
1.284326
0.930326
0.264326
-0.078674
0.497326
0.520326
0.465326
0.065326
1.318326
1.074326
0.396326
1.074326
1.285326
0.071326
2.128326
1.247326
0.294326
0.172326
0.073326
0.313326
0.520326
0.795326
-0.149674
0.768326
-0.508674
1.318326
0.264326
-0.033674
0.894326
0.520326
-0.078674
0.132326
0.218326
1.395326
1.268326
0.815326
0.894326
0.042326
2.128326
0.512326
0.768326
0.581326
0.922326
0.520326
1.234326
1.074326
0.014326
0.474326
0.833326
0.512326
0.581326
1.146326
-0.508674
-0.567674
0.313326
1.268326
2.317326
1.435326
0.968326
0.581326
1.046326
-0.877674
-0.118674
0.825326
0.600326
0.600326
0.218326
2.128326
-0.508674
0.894326
0.581326
0.930326
0.825326
0.672326
0.132326
-0.193674
0.815326
0.128326
1.046326
1.395326
-0.097674
0.244326
0.922326
1.318326
1.247326
0.795326
0.387326
0.133326
1.555326
1.395326
0.600326
0.768326
0.942326
-0.269674
0.768326
0.973326
0.533326
0.672326
0.512326
0.216326
0.973326
-0.657674
0.244326
0.520326
-0.078674
0.533326
0.067326
0.930326
1.247326
1.234326
0.968326
-0.858674
1.284326
1.146326
0.930326
1.318326
1.158326
-0.657674
0.942326
0.053326
0.065326
0.894326
0.533326
1.074326
1.284326
0.128326
-1.012674
-0.508674
0.053326
1.234326
1.318326
0.512326
1.395326
-0.143674
0.795326
0.120326
0.788326
0.216326
-0.180674
0.133326
-0.255674
0.533326
0.067326
1.318326
0.942326
0.533326
0.218326
0.067326
2.317326
1.284326
0.672326
0.930326
1.247326
0.065326
0.065326
1.146326
0.053326
0.795326
2.317326
1.284326
1.074326
1.247326
0.600326
-0.043674
0.825326
1.247326
0.200326
2.317326
0.930326
0.133326
0.533326
0.933326
-1.055674
-0.608674
0.968326
0.520326
0.844326
-0.078674
1.435326
0.600326
1.284326
1.247326
-0.078674
0.519326
1.284326
0.768326
0.933326
-0.269674
0.894326
0.120326
-0.255674
-0.690674
-1.071674
2.317326
0.933326
0.285326
1.284326
0.200326
0.285326
0.910326
0.968326
0.768326
1.234326
1.435326
0.968326
-0.103674
0.768326
0.106326
2.317326
-0.299674
0.133326
0.843326
1.318326
0.968326
1.395326
0.133326
0.172326
1.284326
0.313326
0.806326
0.894326
0.177326
0.672326
0.073326
-0.015674
-0.608674
-0.015674
1.638326
1.535326
0.843326
-0.682674
1.435326
0.731326
0.109326
0.973326
0.120326
0.073326
1.435326
0.552326
0.177326
1.100326
0.973326
0.768326
0.360326
0.360326
1.100326
-0.255674
0.844326
-0.358674
-0.269674
0.520326
0.552326
1.318326
0.894326
0.910326
1.284326
0.894326
2.317326
-0.608674
0.200326
1.435326
1.284326
1.234326
1.318326
0.109326
1.100326
1.247326
0.973326
0.795326
0.160326
1.158326
0.120326
0.200326
0.664326
-0.396674
0.520326
-0.015674
0.795326
0.065326
0.664326
0.520326
1.234326
0.844326
-0.396674
0.664326
1.100326
0.200326
2.317326
0.806326
1.100326
0.200326
1.284326
-0.625674
2.317326
1.086326
0.273326
-0.132674
0.527326
0.571326
2.317326
2.244326
0.606326
1.318326
-0.132674
1.158326
1.284326
0.520326
0.606326
0.805326
2.244326
0.600326
0.795326
0.741326
1.247326
0.160326
1.247326
0.160326
1.158326
1.247326
-0.132674
0.160326
0.120326
0.600326
0.262326
0.741326
-0.608674
-0.132674
0.795326
2.244326
0.527326
0.200326
0.065326
0.910326
1.247326
0.065326
1.435326
0.120326
1.435326
-0.608674
2.244326
0.520326
1.158326
1.318326
0.120326
1.318326
-0.132674
0.805326
0.160326
1.997326
0.065326
0.402326
0.160326
1.234326
1.997326
0.402326
1.234326
0.520326
0.200326
0.606326
0.273326
1.234326
-0.454674
0.200326
0.200326
0.795326
0.120326
0.262326
0.273326
0.200326
-0.454674
0.600326
-0.626674
0.097326
0.101326
-0.089674
0.120326
-0.901674
0.520326
0.600326
0.795326
1.318326
1.247326
1.234326
0.200326
0.795326
0.741326
0.795326
0.741326
1.435326
1.234326
0.520326
0.072326
0.520326
0.520326
-0.393674
0.097326
0.741326
-0.226674
0.097326
0.843326
0.120326
-0.226674
0.097326
0.120326
1.997326
-0.390674
1.318326
1.234326
1.435326
0.741326
0.097326
1.435326
1.997326
0.520326
-0.226674
1.435326
0.843326
0.741326
-0.231674
0.686326
1.997326
1.997326
0.843326
0.843326
-0.231674
1.997326
1.247326
-0.241674
0.795326
-0.226674
0.795326
1.234326
0.520326
1.318326
-0.390674
-0.534674
-0.241674
1.234326
1.234326
1.297326
0.686326
0.843326
-0.534674
0.520326
1.318326
0.795326
-0.226674
0.795326
1.997326
1.318326
1.234326
0.520326
1.297326
1.234326
0.520326
0.520326
0.520326
1.247326
0.843326
0.520326
-0.226674
1.997326
1.318326
0.843326
1.997326
0.520326
1.234326
0.843326
0.520326
1.247326
1.297326
0.420326
0.520326
1.234326
1.297326
0.420326
1.997326
0.681326
1.297326
1.997326
1.247326
0.520326
1.297326
1.997326
1.247326
0.681326
1.997326
1.247326
1.997326
0.420326
1.234326
1.297326
0.520326
0.666326
0.520326
0.666326
0.420326
1.017326
1.234326
1.017326
1.997326
1.017326
1.017326
0.843326
0.666326
0.520326
0.843326
0.520326
1.234326
1.234326
0.666326
0.557326
1.668326
1.668326
0.520326
1.668326
0.520326
1.668326
0.843326
1.668326
0.420326
1.668326
0.843326
0.520326
1.668326
0.420326
0.843326
0.231326
1.668326
0.344326
0.843326
0.231326
0.436326
0.420326
0.843326
0.200326
0.200326
0.200326
0.843326
0.843326
0.843326
0.843326
0.843326
0.843326
0.843326
0.843326
0.843326
0.843326
0.843326
0.406326
0.406326
0.406326
0.406326
0.406326
0.406326
0.406326
0.406326
0.406326
0.406326
0.406326
0.406326
0.406326
0.406326
0.406326
0.406326
0.406326
0.406326
0.406326
0.406326
0.406326
0.406326
0.406326
0.395326
0.395326
0.395326
0.266326
0.266326
