10.530000
12.884000
10.770000
11.947000
11.129000
12.379000
13.751000
8.343000
14.328000
13.109000
6.966000
8.589000
15.460000
10.614000
15.123000
13.961000
11.666000
15.081000
14.074000
12.254000
8.654000
7.035000
15.249000
10.962000
13.384000
10.583000
11.095000
12.584000
16.820000
13.284000
10.097000
17.678000
12.714000
8.795000
15.776000
13.224000
14.146000
16.947000
14.692000
10.804000
11.335000
8.423000
14.566000
13.373000
5.063000
21.038000
14.180000
7.575000
9.256000
7.301000
15.278000
15.478000
13.948000
8.255000
12.551000
10.196000
11.944000
11.480000
4.378000
17.377000
15.232000
4.508000
16.396000
9.890000
19.082000
4.630000
8.240000
11.101000
15.720000
4.898000
18.758000
10.242000
9.956000
6.368000
8.691000
16.448000
19.062000
9.947000
11.874000
16.521000
12.891000
1.338000
6.225000
6.521000
11.691000
14.252000
13.277000
6.962000
13.925000
1.353000
13.992000
20.188000
11.092000
12.420000
12.508000
12.716000
13.835000
6.121000
11.318000
11.031000
15.259000
17.913000
11.957000
19.210000
8.767000
20.170000
15.048000
13.496000
12.855000
19.132000
12.848000
13.677000
20.490000
11.299000
10.730000
17.636000
13.359000
0.000000
14.289000
8.204000
11.689000
21.263000
14.941000
15.073000
0.000000
16.283000
0.000000
12.909000
18.403000
6.503000
12.926000
12.550000
9.860000
10.743000
2.797000
9.573000
10.038000
9.395000
10.316000
20.072000
20.393000
8.276000
1.729000
2.829000
11.487000
11.909000
1.493000
12.521000
7.650000
0.000000
2.928000
0.000000
1.609000
3.347000
5.841000
9.098000
9.178000
3.481000
0.718000
3.846000
5.770000
4.567000
14.626000
7.682000
2.578000
0.000000
7.146000
3.926000
0.000000
0.000000
13.313000
1.216000
18.401000
5.470000
8.331000
8.464000
17.765000
8.941000
3.881000
4.846000
13.673000
18.509000
10.619000
2.332000
0.000000
23.322000
8.367000
4.923000
7.223000
1.755000
21.568000
6.188000
6.797000
0.668000
14.870000
3.313000
8.901000
17.498000
15.228000
12.123000
0.000000
8.401000
9.483000
5.363000
8.934000
20.317000
0.993000
0.000000
14.489000
1.429000
15.038000
8.449000
12.366000
3.667000
3.313000
2.232000
12.736000
21.247000
3.987000
6.178000
12.697000
3.885000
16.211000
11.127000
15.429000
10.103000
14.932000
2.229000
0.000000
4.490000
13.203000
15.191000
16.621000
4.827000
9.130000
14.077000
6.335000
17.582000
17.053000
14.460000
0.643000
16.416000
14.212000
18.716000
4.376000
16.741000
2.841000
3.683000
18.836000
9.233000
0.913000
16.990000
13.232000
21.826000
5.791000
14.710000
19.190000
15.415000
4.742000
6.084000
14.400000
0.520000
8.290000
12.745000
14.164000
1.454000
10.338000
16.747000
15.120000
0.448000
1.812000
11.785000
9.125000
12.721000
16.617000
8.174000
18.347000
0.982000
19.676000
19.895000
4.997000
9.357000
11.344000
0.947000
21.558000
1.947000
2.656000
0.805000
13.357000
13.865000
15.513000
4.624000
13.636000
18.269000
9.471000
16.777000
17.759000
13.186000
15.106000
4.098000
8.447000
11.954000
15.226000
3.891000
4.589000
19.234000
5.735000
6.518000
1.103000
1.939000
20.792000
4.595000
7.151000
19.460000
9.705000
15.473000
11.747000
18.023000
9.840000
6.047000
8.288000
6.939000
10.211000
5.588000
7.120000
8.383000
13.028000
7.845000
0.955000
13.299000
10.516000
9.171000
6.626000
5.228000
2.424000
9.992000
8.414000
8.527000
11.365000
3.689000
8.162000
3.470000
7.004000
8.033000
13.120000
9.061000
10.616000
7.046000
3.353000
11.852000
16.689000
10.236000
15.160000
20.389000
2.101000
6.557000
7.809000
6.580000
3.336000
6.146000
18.521000
8.128000
4.356000
21.023000
14.553000
6.012000
10.760000
6.675000
15.456000
8.510000
3.527000
11.744000
11.761000
12.550000
9.743000
12.314000
3.985000
7.698000
11.844000
0.000000
9.485000
7.217000
6.219000
0.000000
9.920000
5.608000
4.928000
6.853000
0.000000
7.056000
7.763000
4.336000
13.215000
10.852000
11.179000
8.457000
9.442000
2.288000
8.283000
4.551000
9.069000
2.419000
11.682000
10.682000
9.680000
6.346000
14.659000
6.246000
6.707000
9.178000
4.564000
8.766000
9.726000
11.579000
9.005000
5.355000
9.319000
6.899000
6.215000
7.551000
2.398000
13.052000
3.039000
8.778000
5.729000
6.470000
9.295000
11.574000
1.435000
8.877000
12.256000
15.181000
9.655000
8.602000
5.835000
7.956000
19.031000
3.353000
0.000000
12.110000
4.741000
10.410000
8.099000
8.965000
0.000000
6.308000
7.784000
18.367000
0.000000
6.797000
7.420000
5.505000
14.936000
8.940000
9.885000
7.963000
10.784000
10.324000
10.799000
14.889000
2.979000
20.267000
7.863000
10.538000
7.219000
12.405000
6.401000
9.375000
10.439000
12.578000
12.426000
5.716000
5.475000
11.186000
4.426000
9.687000
15.947000
15.138000
14.384000
6.393000
5.596000
8.909000
7.580000
13.243000
6.233000
4.793000
8.822000
5.519000
9.325000
4.928000
9.373000
4.190000
13.214000
6.972000
3.600000
16.049000
6.047000
3.562000
2.706000
9.485000
5.478000
6.337000
4.950000
6.958000
11.963000
9.274000
7.333000
8.813000
5.496000
8.072000
17.064000
5.672000
9.670000
4.358000
4.872000
4.135000
11.857000
4.234000
8.828000
8.086000
14.982000
12.862000
7.738000
3.130000
3.673000
16.060000
14.828000
1.411000
11.185000
7.518000
20.381000
9.369000
1.794000
9.025000
15.528000
10.552000
14.025000
21.646000
11.454000
6.645000
7.418000
7.698000
9.041000
7.474000
17.153000
3.119000
4.312000
10.669000
9.178000
12.318000
3.650000
10.502000
8.281000
6.798000
5.138000
5.964000
14.220000
8.722000
8.350000
14.330000
11.329000
15.885000
13.997000
7.408000
5.445000
7.695000
5.764000
9.745000
8.406000
13.707000
13.133000
10.176000
7.430000
10.216000
1.005000
12.471000
9.966000
12.806000
19.993000
8.988000
13.125000
16.339000
14.091000
17.546000
7.579000
15.384000
9.574000
9.691000
10.022000
11.637000
1.672000
14.481000
12.185000
12.310000
12.398000
12.321000
19.125000
8.036000
7.225000
16.014000
10.423000
11.931000
14.215000
17.819000
13.918000
8.183000
8.267000
5.258000
10.698000
13.044000
8.785000
11.098000
15.460000
7.650000
10.790000
7.522000
8.285000
17.341000
6.618000
14.344000
12.596000
4.528000
9.965000
14.908000
6.716000
11.462000
4.875000
4.198000
19.174000
4.762000
15.006000
6.307000
6.696000
2.596000
11.475000
6.224000
3.821000
16.586000
9.966000
9.922000
9.633000
6.964000
11.350000
5.511000
4.010000
11.212000
8.259000
10.066000
19.072000
7.558000
10.623000
3.573000
11.333000
11.344000
13.019000
10.798000
8.473000
10.083000
13.813000
19.390000
17.589000
8.532000
14.162000
13.269000
7.931000
11.094000
8.391000
9.499000
11.040000
9.549000
7.526000
16.528000
17.107000
8.944000
10.079000
11.682000
20.634000
9.922000
19.788000
9.799000
17.558000
9.180000
19.557000
14.332000
15.680000
7.432000
11.625000
5.222000
20.366000
14.490000
13.125000
7.681000
10.877000
11.032000
16.916000
4.974000
6.598000
5.648000
8.657000
10.717000
7.534000
16.117000
11.910000
8.964000
8.056000
11.232000
16.985000
14.809000
8.502000
5.522000
13.170000
5.898000
9.228000
14.805000
11.045000
5.084000
13.043000
14.137000
4.662000
16.355000
8.449000
6.161000
9.340000
8.703000
8.541000
5.547000
16.535000
7.224000
4.368000
13.712000
14.185000
6.998000
9.783000
14.162000
7.604000
10.812000
6.458000
10.679000
12.043000
18.267000
8.872000
16.883000
16.051000
3.257000
8.482000
11.120000
10.425000
19.395000
10.416000
10.647000
8.990000
15.936000
5.924000
6.526000
11.727000
8.136000
6.972000
8.741000
11.244000
8.100000
5.300000
13.456000
4.982000
12.443000
15.252000
7.880000
7.935000
10.176000
21.938000
13.474000
8.878000
1.364000
17.428000
13.737000
7.901000
7.497000
7.447000
3.929000
8.193000
12.031000
12.314000
18.884000
21.782000
4.917000
14.704000
9.477000
7.621000
5.776000
3.787000
16.583000
5.725000
8.652000
7.690000
8.698000
7.379000
6.450000
12.166000
10.239000
8.614000
9.175000
6.760000
6.373000
8.702000
7.173000
16.333000
16.898000
10.242000
9.223000
2.268000
15.919000
10.984000
6.222000
4.440000
8.129000
8.073000
1.897000
5.957000
7.406000
11.435000
13.499000
17.199000
5.856000
7.583000
6.612000
11.897000
7.682000
7.255000
9.685000
15.880000
8.375000
4.973000
5.454000
14.572000
10.898000
12.056000
13.973000
11.164000
9.760000
10.491000
9.788000
8.763000
10.173000
10.769000
16.497000
15.918000
15.198000
8.277000
17.167000
5.006000
9.064000
9.065000
5.416000
20.063000
10.440000
6.489000
10.105000
11.679000
8.854000
8.915000
12.596000
9.066000
16.959000
5.873000
9.042000
7.503000
10.396000
17.565000
13.950000
8.266000
5.744000
21.765000
12.283000
6.978000
9.925000
18.126000
8.538000
15.492000
11.759000
9.555000
6.751000
13.199000
10.614000
8.499000
9.462000
6.683000
11.965000
13.238000
9.645000
11.170000
20.787000
10.108000
7.197000
7.845000
17.200000
6.983000
9.852000
10.719000
15.066000
8.563000
10.535000
10.327000
11.088000
1.395000
10.411000
9.440000
9.744000
15.307000
13.521000
13.529000
4.686000
6.432000
6.694000
14.261000
9.249000
15.267000
17.634000
14.738000
16.546000
8.570000
12.949000
13.864000
10.802000
10.268000
11.052000
12.557000
9.096000
12.470000
9.619000
10.966000
8.007000
13.549000
10.593000
6.246000
9.236000
20.487000
16.297000
10.955000
9.384000
4.080000
15.296000
13.173000
11.237000
16.547000
13.491000
14.545000
14.330000
11.486000
10.525000
9.734000
10.538000
10.685000
10.477000
9.111000
4.789000
11.031000
14.967000
7.472000
14.597000
14.204000
12.662000
13.763000
8.625000
16.309000
17.626000
4.759000
11.083000
3.577000
10.675000
5.007000
7.327000
7.758000
17.196000
11.301000
5.314000
12.391000
10.507000
11.228000
25.605000
15.146000
9.471000
12.210000
12.124000
10.634000
17.413000
12.907000
12.150000
12.832000
11.952000
7.403000
9.074000
7.650000
15.218000
11.853000
7.227000
11.404000
3.072000
8.294000
16.977000
14.842000
12.377000
11.327000
10.625000
9.060000
5.910000
7.266000
16.343000
7.833000
11.824000
15.359000
10.511000
5.145000
2.256000
7.192000
1.062000
16.715000
10.076000
11.402000
3.357000
10.650000
10.718000
17.316000
6.613000
6.927000
9.728000
9.260000
7.544000
11.170000
12.890000
12.686000
7.971000
13.384000
12.530000
8.169000
9.480000
14.311000
8.037000
5.220000
9.116000
5.792000
20.424000
11.417000
10.758000
13.149000
14.027000
13.132000
8.394000
7.002000
13.290000
15.138000
17.838000
8.613000
20.516000
5.736000
17.728000
21.363000
13.434000
14.969000
14.799000
5.222000
10.697000
9.355000
9.975000
17.855000
6.715000
8.858000
10.245000
8.954000
14.765000
10.676000
11.089000
21.752000
12.136000
10.705000
11.615000
10.974000
13.886000
12.925000
11.750000
11.748000
11.520000
17.144000
15.579000
17.271000
14.042000
17.255000
9.863000
14.480000
8.633000
11.049000
8.448000
8.372000
13.057000
7.764000
16.974000
16.252000
16.895000
8.939000
16.278000
5.278000
15.442000
7.024000
9.674000
7.614000
9.858000
6.021000
11.697000
10.841000
10.412000
7.189000
18.511000
12.793000
19.180000
7.900000
5.173000
15.816000
7.870000
16.025000
18.230000
15.303000
19.375000
5.842000
9.718000
10.351000
17.716000
7.935000
10.048000
10.293000
2.403000
21.476000
9.959000
10.154000
4.578000
10.683000
12.860000
6.713000
12.209000
9.029000
13.713000
10.280000
11.731000
12.485000
9.845000
16.550000
18.749000
11.425000
16.205000
11.347000
12.727000
10.455000
11.662000
24.179000
12.030000
15.751000
10.996000
15.919000
11.717000
17.853000
12.259000
10.949000
14.632000
23.270000
17.259000
11.916000
12.332000
13.895000
11.860000
9.458000
9.871000
10.907000
23.052000
9.194000
21.539000
7.470000
9.157000
9.355000
8.915000
10.487000
8.973000
9.530000
9.268000
8.506000
10.868000
12.142000
5.896000
13.000000
11.792000
7.801000
4.395000
11.428000
7.029000
8.140000
10.658000
7.990000
10.561000
10.176000
9.739000
15.276000
6.369000
13.004000
11.883000
8.297000
8.760000
7.106000
20.663000
15.099000
13.699000
12.216000
6.691000
6.946000
20.765000
6.069000
9.843000
10.653000
7.480000
9.047000
14.351000
10.686000
16.988000
8.675000
10.427000
9.131000
11.779000
15.756000
14.304000
7.455000
18.982000
12.562000
11.624000
10.785000
8.984000
13.872000
13.087000
8.635000
6.115000
11.776000
6.537000
8.654000
11.395000
13.883000
11.479000
13.083000
11.192000
13.445000
14.496000
15.822000
15.957000
6.401000
21.055000
14.885000
11.587000
10.704000
11.173000
9.520000
10.654000
14.736000
8.592000
7.370000
6.254000
10.323000
5.494000
11.786000
9.306000
6.227000
5.224000
12.163000
11.645000
7.169000
11.335000
10.850000
14.782000
13.766000
12.212000
9.888000
11.237000
7.044000
10.232000
14.770000
11.891000
12.233000
7.137000
5.597000
10.583000
11.319000
11.482000
9.984000
9.876000
7.857000
1.736000
7.123000
14.224000
6.968000
10.714000
12.348000
13.152000
9.169000
13.769000
3.939000
11.819000
19.612000
6.825000
8.584000
6.286000
6.691000
6.123000
11.181000
8.147000
10.111000
3.184000
17.022000
20.007000
14.886000
10.235000
24.747000
6.544000
11.360000
8.125000
7.233000
9.256000
14.855000
12.411000
19.343000
11.746000
11.460000
21.803000
7.564000
11.043000
9.668000
12.194000
14.287000
7.808000
9.200000
11.972000
20.064000
15.761000
10.196000
21.158000
11.821000
9.163000
12.328000
3.863000
8.574000
7.429000
12.115000
25.918000
12.183000
24.556000
9.623000
9.762000
8.352000
11.999000
10.126000
12.977000
13.990000
15.266000
8.999000
6.615000
6.243000
6.505000
18.256000
11.001000
15.149000
24.578000
12.930000
8.493000
11.134000
6.828000
9.402000
9.947000
9.845000
10.526000
8.960000
11.903000
12.410000
20.283000
14.512000
13.484000
11.761000
12.511000
3.634000
7.766000
8.230000
5.139000
6.791000
9.381000
15.198000
14.062000
12.678000
16.829000
13.176000
11.398000
15.088000
11.569000
4.926000
11.217000
6.188000
12.220000
12.712000
5.576000
13.912000
8.404000
14.606000
17.271000
16.977000
11.070000
12.969000
11.087000
11.563000
17.298000
10.377000
9.735000
4.777000
24.328000
19.420000
13.235000
21.163000
12.678000
19.304000
11.320000
7.957000
15.632000
9.844000
14.241000
3.889000
9.136000
11.944000
13.847000
14.458000
12.517000
7.129000
10.374000
9.037000
13.114000
9.435000
9.462000
11.211000
11.366000
16.092000
3.121000
9.907000
11.978000
2.508000
3.557000
8.537000
12.278000
14.330000
7.630000
11.085000
3.014000
13.290000
13.396000
9.196000
18.155000
9.830000
13.180000
10.751000
8.000000
13.620000
13.774000
8.253000
20.834000
21.846000
6.716000
9.483000
15.329000
10.461000
9.953000
9.324000
14.025000
1.949000
14.470000
10.893000
12.839000
13.238000
13.177000
23.565000
15.898000
4.181000
7.561000
10.895000
4.165000
14.181000
15.893000
13.301000
11.547000
12.843000
15.700000
16.372000
9.886000
11.726000
12.700000
14.963000
8.346000
15.037000
12.306000
14.443000
10.516000
9.901000
6.047000
2.700000
9.273000
16.726000
0.000000
8.255000
11.178000
12.917000
13.175000
4.909000
4.337000
1.297000
17.892000
10.954000
11.280000
9.717000
5.431000
14.405000
14.090000
12.048000
5.927000
15.183000
22.463000
14.058000
24.906000
2.901000
3.683000
5.014000
13.153000
8.436000
3.285000
10.637000
13.387000
8.357000
10.555000
10.240000
7.521000
7.955000
7.291000
10.656000
15.747000
9.533000
9.021000
14.559000
10.076000
0.000000
2.663000
2.753000
1.423000
14.085000
10.463000
18.560000
7.435000
5.033000
13.815000
7.503000
5.448000
14.510000
8.686000
18.201000
8.984000
5.468000
1.902000
2.073000
12.057000
6.879000
8.728000
15.804000
1.559000
14.956000
14.773000
10.165000
3.017000
7.376000
5.951000
11.248000
4.805000
6.026000
10.353000
1.356000
1.279000
13.924000
10.897000
10.788000
1.930000
6.679000
3.468000
18.255000
6.059000
6.569000
8.385000
4.496000
22.146000
2.560000
9.177000
2.472000
10.123000
7.169000
18.097000
5.270000
12.851000
7.632000
20.184000
0.269000
11.211000
1.579000
14.148000
8.625000
0.228000
4.892000
12.627000
2.163000
2.980000
8.173000
3.205000
10.354000
16.713000
3.326000
23.039000
9.664000
8.006000
5.539000
14.571000
16.969000
3.219000
0.000000
2.918000
2.712000
3.609000
21.358000
4.655000
4.270000
20.298000
4.924000
15.658000
13.342000
0.542000
19.109000
4.504000
23.642000
3.963000
15.481000
0.660000
0.000000
11.114000
13.555000
13.353000
1.529000
9.658000
1.529000
1.550000
13.497000
7.216000
17.232000
2.488000
12.155000
15.456000
5.819000
22.157000
14.176000
20.322000
13.659000
1.376000
8.849000
20.475000
4.395000
7.354000
6.705000
15.335000
6.119000
12.781000
2.463000
4.841000
2.294000
18.544000
13.030000
8.727000
8.071000
1.740000
4.576000
5.461000
19.557000
4.080000
3.709000
17.214000
1.566000
11.932000
12.383000
11.440000
18.925000
11.989000
14.231000
3.930000
12.868000
2.780000
14.077000
0.414000
1.985000
15.168000
10.179000
5.877000
1.038000
5.571000
13.840000
8.565000
2.469000
7.899000
4.136000
11.107000
4.921000
15.953000
21.313000
17.935000
6.295000
13.354000
3.307000
17.634000
12.353000
3.505000
11.806000
12.722000
10.670000
9.711000
11.428000
9.429000
13.381000
0.000000
9.495000
13.526000
14.863000
13.159000
4.916000
10.089000
0.054000
5.213000
4.126000
7.178000
13.615000
3.945000
11.186000
11.651000
15.205000
2.854000
19.675000
10.460000
14.931000
5.514000
9.014000
2.113000
6.752000
10.603000
12.748000
13.995000
12.278000
15.426000
7.539000
13.083000
12.698000
11.577000
20.619000
12.000000
12.743000
12.437000
15.619000
15.521000
10.250000
8.360000
26.153000
11.547000
0.446000
19.088000
5.587000
3.369000
3.921000
10.330000
12.518000
10.807000
17.049000
14.058000
10.357000
0.000000
8.831000
10.544000
11.749000
6.516000
12.460000
22.312000
0.643000
14.755000
12.316000
7.124000
13.198000
15.863000
15.481000
22.061000
7.818000
8.041000
10.685000
7.236000
14.036000
7.655000
17.717000
11.456000
16.294000
5.985000
8.639000
6.386000
7.788000
3.977000
11.461000
15.534000
16.122000
11.184000
14.560000
1.672000
3.235000
3.493000
12.582000
14.392000
7.461000
18.925000
15.445000
7.861000
22.821000
8.011000
7.169000
5.411000
4.637000
15.115000
10.775000
14.900000
10.273000
0.918000
3.773000
14.427000
13.005000
7.833000
0.744000
10.169000
12.962000
0.050000
10.764000
7.911000
3.122000
9.885000
12.549000
11.244000
7.097000
9.536000
2.308000
9.676000
12.271000
13.767000
16.009000
16.805000
12.412000
4.545000
16.340000
11.362000
12.901000
8.948000
7.112000
17.034000
5.237000
6.452000
9.413000
10.835000
9.909000
2.397000
0.923000
11.256000
7.468000
9.604000
12.786000
3.556000
0.845000
12.706000
9.140000
4.990000
9.356000
11.336000
8.547000
12.000000
8.140000
9.151000
12.428000
5.945000
17.360000
11.629000
7.643000
13.803000
17.187000
10.044000
9.123000
12.147000
13.656000
11.401000
20.157000
4.455000
9.900000
20.136000
12.100000
4.845000
5.674000
9.349000
3.426000
5.054000
4.908000
2.230000
6.479000
7.809000
7.946000
8.318000
10.250000
9.344000
9.040000
4.337000
11.481000
7.544000
8.139000
6.822000
11.363000
7.419000
3.920000
7.683000
12.590000
0.000000
11.171000
7.239000
13.266000
17.980000
9.606000
11.305000
9.328000
7.733000
0.000000
9.893000
15.549000
7.778000
5.813000
17.403000
10.810000
6.380000
5.802000
10.214000
7.358000
4.025000
5.772000
11.903000
2.943000
0.000000
11.261000
0.000000
5.399000
13.680000
14.900000
11.355000
16.811000
5.939000
5.517000
2.874000
11.269000
7.540000
5.509000
9.177000
20.299000
5.270000
17.839000
8.965000
27.198000
8.460000
13.923000
14.549000
5.337000
5.197000
14.522000
11.677000
9.427000
8.625000
0.000000
11.732000
14.303000
7.888000
3.904000
5.626000
5.716000
10.147000
10.516000
9.164000
17.214000
2.101000
13.224000
11.899000
5.553000
6.499000
13.988000
9.323000
9.039000
4.871000
9.730000
5.228000
10.752000
18.415000
10.095000
11.519000
14.368000
4.459000
8.047000
16.807000
6.934000
12.982000
6.506000
10.693000
0.000000
5.784000
14.143000
9.446000
16.505000
9.733000
4.969000
6.612000
5.036000
9.205000
8.783000
0.000000
6.189000
6.016000
17.184000
13.296000
10.982000
13.874000
6.195000
9.840000
9.341000
12.763000
15.181000
11.324000
23.531000
1.475000
10.420000
13.445000
20.896000
20.645000
13.548000
10.578000
8.048000
1.979000
14.808000
5.986000
7.449000
12.620000
6.753000
14.174000
15.925000
4.038000
11.986000
3.514000
20.924000
12.468000
6.000000
15.370000
10.422000
11.961000
15.371000
13.668000
14.029000
17.624000
13.092000
21.419000
13.451000
8.623000
7.053000
0.304000
7.056000
10.080000
13.602000
3.193000
0.000000
11.007000
9.472000
0.000000
11.010000
1.595000
12.291000
11.045000
8.241000
0.000000
13.726000
9.579000
6.949000
1.544000
8.213000
13.442000
1.790000
15.295000
9.807000
16.132000
15.045000
11.541000
8.319000
0.000000
9.870000
14.004000
12.482000
5.360000
14.083000
11.644000
14.292000
17.650000
7.490000
15.189000
18.521000
3.543000
7.584000
0.000000
17.394000
17.164000
13.093000
12.165000
17.835000
15.093000
12.136000
12.656000
9.343000
13.110000
9.976000
19.309000
0.000000
16.075000
14.471000
13.189000
10.908000
11.173000
10.737000
8.932000
13.025000
11.724000
11.023000
7.388000
6.234000
5.464000
6.510000
11.723000
9.505000
13.105000
17.761000
10.618000
11.810000
5.848000
16.665000
15.041000
6.570000
14.155000
1.377000
13.289000
16.050000
8.387000
0.000000
13.379000
12.457000
3.297000
11.235000
11.324000
20.124000
7.616000
11.412000
4.726000
10.279000
18.680000
15.310000
0.000000
9.039000
5.540000
0.000000
12.881000
0.000000
5.218000
0.000000
0.000000
5.050000
0.000000
9.231000
11.654000
8.804000
9.298000
4.482000
10.823000
0.000000
5.346000
8.736000
14.678000
1.215000
16.093000
20.230000
4.199000
8.060000
2.737000
0.000000
5.274000
0.000000
1.497000
0.000000
10.702000
0.000000
4.401000
12.702000
0.000000
0.000000
7.257000
0.000000
0.000000
0.000000
6.280000
0.000000
0.000000
9.978000
7.429000
1.603000
3.336000
20.268000
6.583000
9.211000
0.000000
0.000000
0.000000
12.257000
14.207000
0.000000
0.000000
12.522000
7.736000
0.000000
9.283000
0.000000
2.403000
0.000000
0.000000
11.203000
0.000000
9.853000
10.094000
0.000000
5.407000
0.000000
5.766000
4.886000
0.000000
0.000000
15.198000
0.000000
6.556000
0.000000
10.710000
0.000000
7.681000
5.936000
4.644000
9.606000
0.000000
9.139000
3.387000
12.338000
0.000000
0.607000
0.000000
16.490000
7.250000
12.085000
0.000000
7.075000
12.457000
0.239000
8.976000
7.489000
16.957000
0.202000
9.602000
0.000000
0.661000
11.012000
8.842000
10.106000
0.000000
6.341000
15.235000
8.884000
6.480000
20.969000
13.676000
6.021000
0.000000
7.565000
0.000000
0.000000
0.000000
0.000000
14.504000
0.000000
5.903000
8.798000
0.000000
4.444000
10.395000
7.193000
4.576000
0.000000
17.061000
4.757000
3.926000
10.128000
8.300000
7.629000
14.698000
0.158000
0.000000
6.678000
0.000000
0.000000
11.463000
11.282000
0.000000
10.870000
8.792000
0.000000
2.880000
11.387000
12.961000
1.945000
1.780000
8.359000
7.209000
13.567000
8.243000
0.000000
0.000000
0.324000
8.602000
16.369000
7.326000
6.713000
14.444000
0.000000
7.469000
8.426000
6.074000
10.389000
10.949000
11.135000
7.132000
10.075000
17.897000
0.742000
5.821000
11.845000
12.394000
13.570000
13.083000
13.201000
15.245000
6.749000
20.494000
7.786000
17.739000
11.207000
7.706000
6.605000
10.465000
5.541000
8.543000
9.680000
12.923000
14.823000
8.572000
9.070000
11.013000
8.802000
8.998000
12.716000
8.114000
16.869000
6.574000
3.311000
5.614000
5.823000
0.506000
0.000000
12.196000
2.309000
14.942000
17.328000
5.958000
12.752000
17.124000
0.000000
12.169000
9.402000
10.842000
17.131000
17.570000
7.421000
11.401000
11.207000
4.612000
10.397000
15.739000
12.784000
10.408000
0.000000
11.534000
4.830000
10.696000
5.653000
5.299000
0.413000
13.503000
0.000000
13.023000
9.545000
13.640000
3.857000
9.973000
15.088000
8.798000
7.474000
20.151000
7.314000
5.909000
5.769000
4.292000
8.990000
10.587000
9.105000
14.973000
5.622000
8.320000
3.505000
0.000000
4.468000
7.571000
11.748000
9.087000
7.733000
8.217000
14.497000
17.426000
18.689000
17.669000
3.052000
6.266000
5.024000
18.180000
9.944000
10.147000
6.105000
8.570000
10.147000
7.038000
15.189000
0.039000
0.000000
8.735000
9.057000
10.008000
8.494000
15.129000
5.522000
13.821000
9.259000
8.260000
8.973000
9.352000
7.567000
6.903000
5.289000
9.971000
11.068000
10.289000
11.005000
11.238000
11.793000
11.014000
4.915000
9.529000
6.067000
12.870000
9.006000
7.839000
9.324000
12.437000
7.346000
11.367000
2.051000
7.321000
8.207000
10.822000
8.309000
13.106000
8.851000
6.446000
14.815000
7.239000
11.822000
10.447000
16.763000
8.888000
9.156000
15.222000
8.061000
10.572000
9.354000
7.418000
11.589000
9.214000
9.020000
7.358000
6.243000
13.339000
7.740000
10.109000
7.139000
6.796000
5.498000
18.930000
15.482000
3.999000
7.243000
12.020000
6.559000
8.444000
6.473000
11.791000
9.899000
4.498000
4.720000
9.522000
10.271000
13.930000
15.985000
13.382000
13.882000
5.735000
7.438000
8.322000
4.734000
7.082000
10.022000
10.757000
0.000000
8.876000
7.629000
13.208000
7.685000
4.828000
8.091000
6.569000
5.799000
11.995000
5.624000
3.873000
7.500000
8.862000
6.239000
17.567000
6.982000
0.000000
12.877000
18.096000
6.141000
3.517000
11.673000
6.813000
9.075000
12.401000
15.347000
5.723000
13.145000
0.000000
18.526000
11.031000
11.581000
9.375000
7.604000
4.021000
12.264000
2.684000
9.308000
4.605000
9.203000
12.702000
15.140000
7.042000
6.834000
6.429000
7.774000
4.396000
12.812000
12.537000
9.927000
1.444000
6.014000
6.468000
8.958000
8.283000
6.854000
8.937000
7.315000
10.653000
15.298000
13.691000
3.071000
13.876000
16.334000
13.587000
9.802000
9.411000
12.606000
5.469000
15.330000
13.808000
2.505000
9.436000
10.423000
9.909000
11.862000
5.870000
3.317000
18.229000
9.088000
7.805000
10.334000
11.673000
7.486000
4.844000
7.850000
11.226000
7.723000
8.900000
12.889000
14.083000
4.029000
11.327000
9.649000
14.199000
9.986000
6.485000
9.235000
7.511000
12.540000
9.205000
9.267000
11.257000
15.877000
10.271000
14.507000
10.122000
11.293000
5.793000
8.655000
14.128000
11.215000
5.579000
14.171000
8.877000
2.626000
11.762000
9.664000
4.118000
8.931000
12.538000
17.221000
14.236000
14.747000
7.288000
13.433000
2.607000
5.591000
6.264000
13.990000
12.444000
11.569000
12.102000
9.265000
12.190000
9.895000
13.797000
8.185000
15.799000
15.493000
10.658000
8.027000
17.332000
9.405000
6.753000
12.071000
4.946000
11.800000
15.090000
5.951000
12.674000
16.737000
12.508000
14.758000
11.350000
10.881000
13.001000
5.723000
4.277000
9.454000
10.860000
11.350000
4.842000
9.145000
11.875000
6.422000
13.574000
7.449000
13.361000
9.742000
9.071000
5.004000
13.086000
13.698000
7.923000
11.535000
0.000000
15.921000
0.000000
10.146000
9.833000
12.933000
8.146000
17.324000
12.880000
5.445000
16.172000
8.134000
13.671000
4.371000
14.614000
24.646000
10.144000
3.451000
14.031000
4.197000
4.976000
17.859000
13.055000
10.214000
5.398000
11.066000
10.815000
9.409000
7.822000
8.671000
12.160000
14.273000
11.278000
10.836000
7.230000
7.159000
15.399000
10.782000
12.059000
5.255000
2.755000
8.501000
12.591000
6.332000
6.948000
10.106000
10.339000
10.728000
11.008000
11.329000
10.183000
9.634000
15.894000
9.334000
14.435000
7.220000
14.615000
1.966000
2.753000
7.703000
12.969000
11.576000
10.904000
9.458000
18.669000
8.430000
10.667000
10.303000
6.655000
16.088000
17.132000
5.805000
7.721000
9.588000
8.809000
12.816000
9.792000
9.239000
9.813000
9.247000
9.743000
12.649000
5.503000
5.687000
12.165000
16.436000
13.619000
2.025000
12.063000
14.910000
8.143000
5.781000
5.705000
9.330000
14.075000
9.504000
17.669000
5.428000
14.895000
16.279000
8.914000
7.848000
13.201000
1.841000
15.782000
8.463000
17.740000
11.334000
11.236000
2.124000
10.429000
4.960000
5.522000
5.614000
15.355000
4.482000
4.614000
7.429000
5.278000
2.545000
3.000000
5.031000
10.228000
6.594000
7.886000
8.257000
11.223000
17.593000
4.198000
5.221000
4.689000
8.881000
8.155000
10.413000
11.265000
14.911000
14.237000
4.769000
3.862000
11.101000
18.674000
8.335000
13.882000
8.824000
0.384000
9.634000
4.606000
4.646000
4.965000
6.202000
9.876000
6.495000
5.104000
6.388000
2.031000
3.581000
9.241000
10.235000
4.531000
3.410000
4.428000
11.394000
16.734000
11.512000
7.047000
4.729000
5.538000
8.020000
2.899000
7.648000
9.888000
5.764000
3.734000
16.650000
9.312000
3.190000
12.044000
5.211000
9.273000
7.312000
3.472000
10.520000
1.969000
10.092000
5.998000
8.039000
5.574000
10.825000
8.844000
11.975000
4.961000
3.438000
5.775000
7.978000
3.054000
6.987000
4.483000
4.584000
9.853000
4.921000
8.088000
4.131000
2.523000
4.191000
6.471000
13.340000
7.808000
13.218000
7.122000
4.690000
5.522000
6.152000
7.434000
5.109000
6.426000
11.238000
7.489000
5.232000
8.383000
8.037000
13.181000
3.779000
19.454000
8.364000
3.017000
15.567000
12.130000
6.968000
5.141000
7.064000
13.194000
15.310000
0.311000
5.909000
10.479000
14.099000
1.442000
12.332000
9.478000
3.207000
5.691000
9.765000
2.891000
5.377000
3.126000
12.685000
18.096000
5.090000
3.237000
11.180000
11.106000
7.993000
3.074000
12.283000
16.755000
4.343000
6.949000
4.070000
6.980000
6.760000
8.638000
11.156000
15.861000
1.705000
18.270000
6.999000
9.703000
5.702000
5.774000
5.785000
8.419000
6.210000
0.000000
8.265000
16.790000
8.258000
14.209000
8.895000
16.117000
5.609000
3.234000
8.407000
6.193000
10.631000
14.402000
8.545000
11.676000
2.971000
3.592000
13.717000
5.244000
2.985000
6.321000
15.888000
17.256000
5.072000
7.003000
10.151000
1.811000
12.178000
16.811000
8.149000
8.797000
6.040000
7.034000
5.977000
9.405000
7.753000
7.992000
12.370000
6.519000
8.489000
12.313000
14.101000
16.359000
13.154000
10.546000
10.974000
4.283000
7.159000
10.771000
4.811000
12.674000
5.498000
2.980000
19.257000
13.233000
8.959000
8.305000
6.581000
7.091000
6.429000
5.595000
5.300000
18.050000
8.015000
14.310000
5.218000
16.481000
2.663000
8.795000
9.418000
16.219000
17.156000
19.783000
6.563000
5.612000
10.228000
13.997000
10.996000
9.847000
13.873000
6.766000
7.340000
7.529000
16.430000
6.133000
17.524000
9.568000
8.938000
13.016000
8.346000
12.469000
6.548000
4.077000
11.346000
9.042000
4.780000
17.732000
12.727000
14.543000
10.997000
14.658000
8.140000
6.764000
7.750000
12.480000
15.513000
6.295000
13.435000
6.599000
3.171000
13.067000
10.813000
5.832000
2.111000
5.765000
10.850000
4.025000
5.092000
5.530000
7.656000
8.423000
9.961000
9.953000
9.868000
6.787000
13.010000
11.381000
10.158000
19.594000
12.069000
11.734000
13.969000
8.080000
6.943000
14.996000
3.683000
17.944000
6.680000
16.118000
13.416000
12.619000
7.950000
11.462000
6.229000
16.660000
5.530000
8.512000
9.286000
16.871000
4.902000
8.003000
7.624000
4.278000
8.670000
8.908000
19.285000
11.136000
7.163000
12.078000
3.366000
4.095000
2.553000
7.335000
6.981000
5.811000
7.829000
3.239000
13.754000
3.616000
2.861000
13.372000
8.382000
6.694000
12.535000
21.536000
4.436000
15.538000
4.663000
6.313000
19.703000
7.189000
10.603000
9.817000
1.268000
4.361000
8.960000
3.649000
9.002000
6.486000
5.622000
7.829000
4.364000
11.687000
12.746000
8.722000
10.280000
9.041000
9.245000
4.575000
3.595000
15.090000
5.983000
3.398000
9.561000
2.112000
8.444000
4.821000
9.188000
7.131000
11.684000
16.162000
1.101000
8.209000
7.814000
10.371000
13.362000
5.797000
7.274000
4.322000
5.635000
12.851000
18.266000
2.620000
1.469000
14.880000
6.253000
4.367000
3.622000
2.678000
9.774000
16.364000
11.456000
6.539000
1.741000
7.063000
1.039000
8.480000
5.159000
11.115000
8.202000
4.407000
2.494000
5.792000
2.160000
5.668000
5.275000
8.383000
7.457000
4.100000
3.930000
4.731000
1.495000
6.737000
3.828000
13.636000
4.120000
5.403000
3.562000
6.829000
10.594000
1.538000
7.980000
0.000000
12.888000
0.000000
6.851000
3.365000
1.880000
12.162000
4.410000
6.102000
0.000000
16.737000
10.015000
7.859000
2.887000
3.126000
10.092000
2.114000
12.974000
3.966000
6.535000
4.801000
15.778000
5.746000
2.753000
3.883000
9.894000
2.136000
2.977000
5.773000
9.100000
1.046000
5.540000
5.447000
4.124000
13.654000
4.359000
14.180000
2.947000
1.119000
10.961000
5.089000
4.530000
1.397000
0.859000
8.610000
3.467000
3.143000
5.911000
21.681000
3.641000
11.708000
0.655000
17.366000
7.169000
6.627000
20.092000
0.306000
18.179000
12.427000
17.997000
9.165000
4.394000
15.682000
4.603000
13.273000
7.096000
0.000000
9.070000
3.976000
16.394000
4.093000
4.011000
7.268000
12.648000
5.145000
7.941000
10.559000
15.840000
12.179000
19.234000
13.609000
8.428000
15.557000
8.655000
13.550000
8.943000
11.840000
4.087000
6.225000
13.709000
0.735000
14.845000
15.702000
8.440000
15.246000
9.398000
13.715000
10.787000
1.827000
4.145000
8.754000
15.698000
4.501000
5.034000
12.993000
11.695000
4.734000
1.971000
9.984000
1.077000
1.867000
16.810000
3.625000
11.379000
8.055000
8.785000
5.821000
9.420000
4.434000
4.522000
15.183000
5.935000
8.046000
11.488000
7.696000
4.957000
3.027000
2.760000
9.109000
1.464000
5.207000
7.059000
5.210000
17.303000
1.550000
8.582000
8.463000
16.414000
7.383000
0.131000
12.111000
4.133000
11.233000
15.692000
3.898000
5.250000
5.738000
7.322000
9.863000
11.144000
12.524000
3.039000
9.590000
7.256000
1.220000
5.758000
9.933000
12.450000
6.833000
3.001000
2.862000
6.325000
7.573000
6.117000
2.453000
7.971000
10.218000
6.676000
9.492000
6.503000
3.692000
13.707000
16.810000
10.124000
10.402000
5.225000
10.329000
11.026000
5.770000
3.577000
8.429000
7.727000
6.593000
14.787000
7.111000
3.847000
8.435000
6.598000
17.538000
7.868000
11.649000
7.040000
5.321000
2.319000
11.900000
19.433000
9.070000
1.551000
10.173000
6.534000
9.375000
10.321000
5.603000
10.697000
12.970000
9.422000
2.452000
5.795000
0.272000
9.856000
13.756000
7.557000
6.344000
5.289000
8.507000
11.673000
11.849000
9.852000
5.599000
9.915000
5.625000
9.984000
11.048000
3.620000
0.243000
6.676000
10.503000
5.095000
5.777000
8.301000
9.258000
7.727000
5.065000
13.894000
9.585000
11.621000
3.689000
0.080000
7.830000
13.333000
15.826000
15.235000
2.033000
6.265000
12.353000
9.899000
1.323000
11.204000
6.216000
14.928000
17.556000
4.412000
4.128000
15.909000
8.123000
6.461000
5.467000
6.355000
11.795000
7.610000
6.983000
13.708000
5.690000
11.123000
12.107000
8.698000
6.206000
5.117000
8.655000
15.420000
7.245000
10.575000
16.429000
13.889000
9.323000
9.976000
8.051000
7.303000
12.098000
9.721000
5.405000
20.245000
3.641000
10.133000
9.811000
15.454000
6.431000
7.697000
6.248000
5.948000
6.054000
4.674000
8.248000
9.839000
2.309000
1.283000
12.605000
13.316000
6.489000
2.226000
6.890000
3.890000
13.819000
6.965000
4.865000
9.731000
5.514000
11.212000
6.813000
8.206000
2.649000
6.425000
6.879000
15.016000
7.121000
5.040000
13.708000
6.883000
9.570000
8.863000
16.522000
6.235000
1.256000
7.963000
10.743000
6.688000
6.651000
8.064000
7.357000
12.205000
14.317000
11.547000
12.769000
9.444000
6.343000
6.911000
6.469000
12.126000
8.639000
8.136000
10.171000
9.386000
7.373000
8.122000
13.545000
4.548000
6.744000
7.722000
10.787000
5.805000
6.483000
6.602000
4.881000
17.918000
7.233000
13.386000
7.292000
6.866000
5.515000
3.082000
10.165000
3.825000
11.293000
5.112000
6.758000
14.778000
0.387000
6.478000
2.007000
4.726000
4.808000
8.021000
4.326000
2.178000
4.023000
4.770000
9.503000
3.578000
9.457000
11.611000
5.274000
13.443000
8.164000
6.224000
10.511000
13.279000
5.288000
7.533000
5.395000
4.506000
4.766000
9.829000
15.401000
6.572000
8.010000
6.529000
6.498000
12.387000
14.936000
6.750000
5.176000
11.568000
5.428000
1.628000
6.220000
7.550000
8.352000
11.569000
3.392000
5.005000
8.013000
7.793000
9.529000
20.541000
7.213000
7.051000
5.666000
7.560000
8.587000
4.654000
8.669000
4.171000
14.799000
12.477000
1.529000
15.607000
19.629000
4.836000
7.529000
4.727000
2.329000
18.043000
11.532000
7.143000
6.587000
7.438000
8.213000
8.541000
5.260000
1.596000
7.976000
11.416000
3.524000
11.404000
9.935000
5.182000
8.120000
4.467000
9.048000
10.755000
5.023000
4.938000
9.757000
12.248000
6.794000
4.304000
11.610000
5.788000
13.301000
8.931000
7.187000
9.108000
18.642000
7.711000
8.045000
4.438000
4.869000
4.464000
1.644000
13.875000
7.371000
9.785000
8.693000
12.859000
6.550000
8.254000
9.458000
9.369000
9.298000
8.421000
5.368000
7.058000
1.744000
9.275000
5.514000
6.100000
14.683000
11.130000
6.785000
6.562000
8.301000
6.986000
5.281000
5.314000
15.341000
13.526000
6.155000
6.103000
4.746000
8.251000
5.990000
5.993000
6.790000
7.542000
9.212000
9.340000
5.465000
5.160000
4.901000
2.637000
6.848000
2.298000
3.585000
6.873000
7.465000
7.329000
7.191000
6.492000
4.240000
15.424000
1.775000
7.875000
10.753000
14.499000
7.212000
1.271000
3.920000
14.965000
12.788000
5.021000
7.249000
12.424000
13.829000
7.762000
5.345000
13.448000
13.176000
12.487000
4.433000
7.577000
1.949000
8.030000
7.888000
5.810000
19.082000
8.084000
9.418000
10.863000
1.100000
13.594000
7.597000
8.471000
12.657000
8.119000
10.880000
4.705000
13.933000
4.134000
5.951000
13.732000
4.649000
16.780000
10.416000
5.699000
5.352000
4.328000
11.512000
6.784000
2.527000
10.090000
20.361000
13.799000
4.575000
7.344000
5.365000
8.585000
2.897000
6.989000
7.065000
4.313000
12.354000
3.978000
18.687000
15.615000
8.947000
4.581000
9.997000
17.529000
8.086000
4.727000
8.435000
2.281000
11.987000
7.258000
8.630000
5.885000
10.557000
14.028000
9.388000
5.576000
8.001000
8.924000
13.014000
0.587000
11.056000
4.616000
11.589000
12.321000
8.628000
4.190000
9.463000
5.839000
7.792000
11.328000
12.943000
15.341000
2.813000
6.665000
6.899000
8.090000
4.726000
10.935000
11.238000
0.145000
11.782000
6.741000
13.951000
14.261000
10.325000
8.553000
7.093000
13.788000
15.501000
2.761000
1.799000
1.616000
5.558000
15.856000
17.874000
9.126000
12.395000
5.820000
6.977000
11.255000
8.195000
9.257000
2.869000
2.869000
6.787000
5.118000
7.271000
5.730000
9.991000
3.025000
12.096000
5.577000
14.560000
14.873000
11.743000
6.087000
8.405000
6.031000
10.807000
8.128000
1.320000
11.708000
8.145000
2.361000
10.724000
5.157000
8.725000
8.742000
7.033000
4.279000
14.900000
3.495000
11.458000
5.749000
9.998000
4.994000
1.861000
9.103000
6.780000
5.477000
5.658000
7.801000
4.369000
14.015000
6.414000
7.341000
6.483000
13.435000
7.612000
3.585000
8.536000
3.884000
7.234000
13.821000
6.505000
9.222000
4.830000
1.704000
2.291000
8.232000
0.378000
9.672000
5.285000
8.603000
4.654000
2.981000
8.707000
8.939000
6.981000
8.124000
10.705000
9.184000
6.690000
8.188000
5.110000
11.843000
3.366000
9.102000
19.494000
7.055000
6.239000
9.983000
8.759000
9.528000
10.559000
12.068000
0.944000
1.489000
2.491000
0.000000
10.356000
13.527000
12.626000
1.963000
0.702000
3.251000
8.917000
7.752000
7.507000
4.283000
5.729000
6.261000
2.318000
5.584000
10.886000
13.528000
6.770000
8.153000
11.896000
7.925000
15.863000
7.276000
15.967000
6.816000
4.030000
11.458000
13.998000
2.125000
12.444000
4.314000
4.352000
5.221000
4.595000
0.515000
16.687000
5.774000
2.424000
4.144000
10.727000
5.738000
9.375000
1.822000
4.419000
7.473000
7.798000
12.031000
12.631000
12.035000
12.878000
6.895000
4.005000
8.541000
9.567000
9.437000
6.967000
5.292000
1.734000
5.358000
6.050000
8.609000
4.928000
4.559000
13.366000
9.305000
9.363000
4.117000
6.798000
4.851000
5.315000
7.573000
10.299000
8.285000
7.791000
4.186000
4.245000
12.099000
6.303000
14.524000
13.952000
3.303000
3.341000
7.912000
13.493000
2.494000
8.176000
13.511000
14.126000
11.370000
10.390000
3.697000
9.749000
6.177000
4.864000
10.392000
12.796000
14.689000
14.465000
7.566000
2.488000
2.441000
6.627000
7.732000
0.569000
8.587000
7.240000
7.024000
10.531000
10.067000
11.634000
5.102000
7.084000
2.944000
15.795000
9.865000
5.545000
9.049000
0.302000
5.463000
11.619000
8.372000
13.941000
3.961000
12.632000
5.671000
18.240000
13.791000
9.399000
12.793000
5.919000
13.366000
7.777000
7.631000
12.202000
1.858000
10.859000
17.684000
15.279000
12.420000
7.063000
7.414000
3.156000
8.843000
14.122000
7.677000
4.705000
10.810000
4.075000
2.992000
7.553000
5.584000
11.151000
11.573000
9.771000
3.974000
7.635000
8.853000
13.325000
13.478000
8.986000
3.275000
4.291000
0.307000
5.001000
10.850000
7.849000
10.430000
11.336000
8.558000
4.324000
14.878000
15.890000
4.749000
11.096000
11.270000
3.773000
11.473000
8.876000
1.388000
9.330000
8.657000
12.037000
8.174000
13.892000
9.890000
1.493000
9.996000
10.842000
7.268000
4.370000
8.934000
11.962000
6.108000
15.815000
16.224000
4.060000
7.572000
4.427000
7.854000
8.464000
8.425000
13.459000
8.367000
11.412000
8.158000
11.531000
16.626000
8.017000
8.808000
4.759000
10.713000
10.022000
5.977000
7.793000
5.657000
5.741000
0.523000
8.680000
13.182000
5.598000
5.818000
14.262000
13.802000
6.155000
6.619000
5.821000
18.798000
5.909000
12.651000
11.111000
5.122000
17.005000
10.026000
13.805000
11.672000
5.557000
12.086000
9.570000
7.651000
8.267000
13.033000
13.821000
10.397000
6.791000
8.523000
4.170000
17.505000
14.394000
10.841000
8.143000
4.669000
13.641000
6.905000
13.843000
8.829000
3.350000
10.335000
3.033000
6.341000
6.958000
11.871000
11.759000
10.103000
13.845000
13.005000
13.970000
9.530000
12.526000
9.215000
6.499000
10.231000
13.966000
6.036000
10.237000
9.914000
10.459000
7.769000
12.015000
3.513000
11.518000
10.723000
11.095000
2.157000
13.056000
7.966000
12.226000
15.859000
9.490000
13.822000
10.244000
13.158000
7.733000
5.214000
9.606000
10.707000
9.757000
12.984000
4.610000
7.079000
8.391000
18.406000
11.106000
12.413000
4.814000
7.764000
9.637000
10.273000
5.158000
9.242000
9.266000
7.750000
11.551000
11.944000
11.310000
3.498000
9.612000
11.471000
10.357000
6.833000
0.238000
10.194000
10.374000
4.361000
10.788000
8.160000
6.525000
6.363000
19.091000
11.101000
6.381000
4.768000
6.041000
12.188000
6.603000
10.644000
10.490000
3.718000
6.522000
9.684000
5.561000
11.106000
9.801000
7.494000
14.059000
11.932000
6.888000
6.087000
15.409000
9.971000
14.795000
6.029000
5.512000
8.315000
7.617000
10.509000
8.150000
5.531000
8.739000
10.727000
4.581000
8.090000
5.871000
9.876000
9.356000
8.206000
10.547000
6.380000
8.979000
2.897000
10.816000
9.271000
11.317000
5.471000
11.116000
12.294000
15.453000
11.799000
14.183000
6.752000
6.890000
3.846000
6.705000
13.536000
8.410000
8.142000
9.452000
15.421000
17.607000
9.294000
7.263000
8.077000
11.962000
10.376000
13.747000
14.639000
11.587000
8.482000
10.590000
14.716000
9.998000
4.729000
7.307000
10.757000
11.688000
7.995000
9.518000
10.161000
9.579000
16.323000
6.881000
11.621000
7.712000
6.945000
3.926000
8.963000
5.330000
8.365000
14.450000
14.415000
12.892000
6.111000
6.598000
3.553000
17.266000
9.443000
9.469000
7.892000
4.854000
11.045000
9.061000
10.168000
8.416000
14.347000
9.149000
12.674000
14.729000
6.713000
8.472000
7.256000
9.734000
13.472000
8.880000
8.546000
9.161000
2.832000
7.572000
7.379000
11.942000
5.987000
10.696000
4.952000
4.506000
7.283000
9.971000
13.417000
5.790000
8.138000
8.121000
21.521000
8.056000
2.631000
7.552000
7.834000
7.749000
9.593000
5.693000
10.445000
8.095000
7.348000
13.634000
10.968000
8.180000
7.124000
8.431000
6.776000
3.840000
9.227000
9.969000
7.550000
6.282000
12.404000
6.942000
11.483000
6.774000
8.127000
4.732000
3.636000
5.329000
9.349000
8.676000
10.309000
6.581000
5.174000
11.479000
15.856000
10.826000
5.195000
6.746000
3.126000
9.531000
11.475000
10.669000
4.036000
6.568000
7.503000
5.208000
12.611000
6.121000
14.089000
10.061000
7.100000
8.083000
1.952000
9.328000
18.154000
10.171000
4.745000
0.217000
10.303000
2.891000
12.132000
17.028000
7.796000
3.632000
10.995000
11.687000
5.541000
2.012000
7.035000
7.952000
8.713000
5.937000
15.676000
5.499000
14.029000
10.564000
7.211000
12.174000
7.597000
3.116000
5.471000
12.194000
17.424000
2.416000
4.949000
3.245000
6.621000
11.095000
10.477000
13.896000
16.878000
7.728000
4.918000
10.414000
8.892000
6.835000
4.187000
10.020000
2.429000
4.222000
10.259000
8.831000
0.900000
11.319000
11.842000
3.727000
10.237000
10.264000
8.521000
9.374000
11.384000
7.301000
3.621000
5.475000
7.223000
20.436000
14.209000
7.132000
8.832000
2.136000
10.252000
10.449000
15.006000
11.789000
10.447000
14.286000
10.119000
9.229000
12.312000
7.881000
2.048000
9.323000
16.077000
4.762000
10.585000
5.234000
7.439000
6.934000
8.060000
15.138000
6.699000
5.690000
7.209000
8.795000
12.690000
9.103000
1.100000
1.858000
6.298000
5.294000
20.704000
8.706000
6.810000
5.963000
7.103000
0.080000
9.655000
8.548000
1.175000
14.745000
3.981000
2.480000
7.911000
5.709000
6.412000
1.658000
9.470000
0.968000
4.145000
8.132000
5.320000
2.796000
6.663000
3.311000
8.534000
10.986000
13.229000
13.556000
3.321000
9.090000
8.653000
8.128000
5.121000
11.969000
10.406000
11.000000
9.044000
12.680000
6.796000
5.594000
4.218000
6.414000
1.709000
17.088000
2.175000
9.386000
1.228000
2.485000
3.545000
11.610000
8.361000
2.299000
3.677000
7.910000
4.936000
5.615000
7.711000
4.739000
4.876000
9.198000
6.540000
12.209000
6.660000
2.619000
6.966000
8.931000
10.887000
0.000000
8.724000
5.774000
5.054000
8.054000
4.385000
2.438000
5.951000
5.181000
4.745000
11.251000
9.038000
3.738000
2.035000
9.869000
5.159000
8.564000
16.697000
9.435000
9.021000
4.049000
4.679000
4.811000
7.888000
5.483000
4.664000
2.050000
9.090000
11.694000
6.891000
0.000000
7.523000
11.596000
14.878000
10.409000
12.177000
11.806000
2.181000
12.220000
4.760000
10.149000
9.064000
10.925000
5.672000
4.989000
1.797000
8.919000
9.587000
11.632000
2.011000
9.346000
9.449000
9.223000
7.240000
5.816000
13.780000
8.683000
1.848000
10.836000
6.034000
4.443000
6.278000
12.277000
3.241000
3.493000
3.113000
7.057000
6.924000
12.513000
5.435000
9.379000
5.735000
13.507000
0.000000
9.139000
0.000000
10.022000
11.557000
10.149000
11.064000
3.711000
4.883000
17.809000
6.513000
2.048000
6.539000
11.258000
12.764000
0.000000
6.897000
7.236000
6.820000
7.674000
3.116000
8.586000
6.906000
5.798000
7.691000
7.961000
13.624000
0.000000
12.462000
6.355000
2.937000
17.190000
11.311000
6.755000
12.656000
4.286000
7.666000
7.920000
2.265000
6.153000
4.126000
5.032000
3.037000
1.640000
5.622000
8.964000
11.652000
11.939000
10.305000
7.124000
11.866000
3.194000
8.117000
6.247000
7.451000
3.609000
8.545000
6.382000
9.801000
12.392000
6.739000
6.756000
3.238000
13.241000
9.181000
5.747000
9.216000
0.873000
5.792000
13.286000
5.363000
4.381000
9.687000
7.317000
8.081000
5.958000
5.754000
5.190000
10.026000
2.028000
21.024000
5.047000
7.546000
8.899000
11.992000
6.196000
11.210000
4.736000
12.760000
8.317000
2.744000
5.677000
0.000000
9.795000
9.346000
13.940000
9.293000
7.040000
5.818000
5.094000
5.236000
7.461000
11.307000
13.692000
10.659000
5.154000
6.683000
11.373000
10.194000
2.563000
6.501000
12.551000
6.882000
2.223000
6.895000
7.497000
8.599000
11.703000
7.905000
9.421000
6.276000
8.390000
8.002000
5.715000
8.849000
8.086000
10.578000
6.737000
9.346000
6.514000
9.856000
14.312000
13.485000
5.898000
8.754000
8.925000
3.029000
4.081000
8.651000
8.991000
6.620000
5.764000
6.258000
9.056000
14.506000
13.926000
5.828000
7.297000
8.346000
16.804000
17.692000
12.941000
1.153000
10.153000
4.024000
12.675000
11.349000
4.793000
11.651000
6.377000
8.507000
7.111000
7.644000
9.217000
9.053000
9.582000
9.970000
5.278000
10.879000
2.276000
13.342000
9.203000
10.287000
6.422000
3.894000
8.727000
0.000000
10.779000
9.586000
9.828000
11.652000
12.888000
4.928000
7.509000
11.734000
11.456000
9.993000
11.021000
5.754000
7.504000
17.102000
12.641000
6.433000
12.357000
9.700000
7.423000
10.333000
11.194000
1.806000
7.431000
10.474000
12.849000
9.272000
3.301000
8.148000
8.984000
15.102000
11.450000
8.147000
8.009000
8.252000
11.481000
6.463000
11.543000
6.142000
8.851000
9.958000
3.942000
11.355000
9.859000
8.472000
6.536000
8.796000
12.692000
12.990000
5.856000
5.071000
5.663000
7.682000
1.870000
8.727000
9.870000
17.803000
7.931000
10.391000
18.325000
18.307000
10.686000
9.256000
9.806000
12.555000
8.503000
12.553000
10.292000
5.901000
11.760000
7.590000
8.838000
16.961000
2.407000
12.454000
13.641000
10.521000
9.605000
10.299000
11.135000
10.125000
11.068000
8.404000
7.841000
7.239000
7.845000
4.884000
12.151000
13.407000
11.257000
8.998000
5.918000
12.328000
11.469000
3.053000
14.709000
10.959000
10.429000
8.874000
1.902000
14.406000
6.103000
1.673000
7.936000
8.461000
13.774000
13.766000
13.674000
14.287000
3.957000
9.119000
12.234000
7.943000
8.351000
13.313000
6.130000
2.655000
5.536000
19.272000
10.866000
4.713000
5.154000
7.181000
10.099000
8.392000
12.137000
12.532000
11.482000
5.161000
8.553000
15.673000
12.454000
10.877000
11.294000
13.515000
12.838000
6.364000
10.375000
16.085000
12.455000
4.750000
9.760000
13.524000
8.507000
11.163000
13.571000
10.352000
13.615000
4.986000
11.182000
3.995000
7.501000
9.906000
8.519000
7.512000
15.383000
11.726000
11.737000
8.753000
11.205000
12.855000
9.891000
4.367000
6.294000
7.936000
12.037000
9.307000
4.340000
12.011000
8.085000
5.049000
11.736000
9.980000
7.433000
7.339000
9.678000
14.917000
14.383000
9.232000
6.682000
8.584000
6.851000
10.785000
14.013000
14.333000
12.855000
10.377000
11.895000
8.325000
1.692000
5.859000
6.606000
12.464000
5.167000
11.381000
9.029000
6.883000
2.612000
6.707000
9.420000
8.538000
13.981000
10.654000
9.257000
7.010000
3.217000
7.268000
12.989000
3.688000
14.754000
2.609000
6.342000
7.016000
8.630000
12.501000
5.598000
9.514000
8.195000
7.226000
10.272000
7.032000
7.074000
15.830000
7.684000
18.658000
11.328000
5.212000
12.987000
0.526000
10.724000
5.402000
5.148000
7.245000
7.309000
7.349000
10.244000
13.167000
6.957000
15.548000
10.983000
11.119000
4.888000
11.724000
7.891000
10.388000
8.599000
10.192000
10.881000
16.615000
6.635000
2.940000
8.858000
4.790000
11.502000
9.309000
0.000000
10.727000
11.490000
13.101000
5.565000
9.729000
8.101000
14.891000
9.352000
8.828000
5.817000
8.067000
2.429000
10.899000
12.026000
8.143000
12.730000
10.404000
11.925000
8.000000
8.967000
8.223000
16.891000
3.766000
7.525000
13.511000
8.083000
12.100000
3.040000
4.756000
11.041000
7.316000
8.645000
6.167000
16.399000
8.810000
4.076000
6.854000
6.331000
10.357000
10.884000
8.635000
4.887000
9.222000
10.134000
6.492000
5.075000
2.781000
3.592000
9.069000
9.311000
3.635000
8.878000
9.154000
13.285000
6.625000
4.354000
13.111000
5.593000
9.265000
8.734000
2.115000
8.859000
7.305000
2.865000
5.013000
11.872000
15.419000
8.855000
11.564000
14.587000
5.828000
10.337000
4.751000
3.260000
8.527000
6.555000
15.258000
13.581000
17.281000
7.078000
17.537000
13.670000
5.240000
5.454000
7.116000
10.604000
9.727000
8.291000
11.338000
8.892000
8.354000
9.238000
12.237000
10.486000
7.254000
16.673000
13.720000
8.372000
8.244000
10.780000
7.621000
10.951000
10.529000
4.462000
12.572000
5.418000
5.118000
2.719000
6.752000
15.310000
5.785000
7.981000
7.327000
4.009000
11.023000
8.761000
11.564000
18.658000
4.084000
9.537000
10.675000
8.469000
6.177000
19.390000
11.135000
10.881000
6.753000
10.007000
5.755000
8.677000
4.883000
17.842000
10.305000
7.739000
8.341000
2.038000
7.349000
12.546000
0.000000
4.004000
7.892000
7.712000
5.156000
10.918000
17.348000
7.211000
8.813000
8.911000
13.563000
7.866000
6.773000
7.877000
9.494000
9.869000
4.972000
8.343000
8.678000
8.532000
6.428000
16.574000
6.310000
0.000000
5.341000
7.929000
10.618000
9.960000
4.901000
5.299000
10.717000
6.221000
11.685000
8.442000
5.962000
14.722000
9.458000
7.758000
11.816000
6.990000
12.191000
9.003000
5.337000
6.484000
8.859000
5.338000
12.665000
8.156000
2.330000
10.106000
13.975000
6.840000
3.598000
7.133000
8.562000
0.000000
8.630000
7.363000
8.592000
14.803000
3.562000
3.998000
6.631000
13.206000
12.229000
13.206000
3.636000
9.089000
4.911000
9.362000
12.658000
10.824000
6.632000
14.334000
2.940000
11.740000
9.193000
9.083000
3.405000
7.705000
10.267000
9.268000
8.255000
8.441000
13.740000
6.212000
12.870000
1.790000
10.158000
7.847000
6.946000
10.785000
2.930000
11.669000
13.637000
11.014000
12.635000
8.376000
15.035000
14.780000
8.868000
6.762000
3.318000
6.400000
6.766000
9.344000
9.264000
7.634000
8.626000
8.599000
9.196000
11.762000
5.714000
9.311000
4.617000
7.884000
2.514000
13.927000
12.800000
15.714000
6.357000
12.216000
11.333000
10.208000
6.361000
12.624000
8.174000
12.146000
7.576000
12.986000
5.456000
0.093000
4.505000
12.148000
13.618000
1.254000
14.066000
4.241000
13.107000
6.213000
6.601000
4.019000
4.679000
10.004000
8.884000
13.975000
9.687000
4.774000
18.207000
7.332000
11.241000
9.228000
1.004000
4.738000
5.633000
8.957000
11.619000
8.629000
9.228000
9.228000
9.888000
3.961000
9.003000
5.637000
7.103000
5.162000
1.938000
7.836000
10.065000
5.372000
6.435000
7.487000
11.128000
9.862000
1.797000
5.257000
6.284000
12.624000
8.130000
11.433000
11.535000
7.598000
4.659000
13.930000
1.720000
15.108000
7.317000
12.130000
11.901000
4.827000
3.876000
8.717000
11.294000
1.645000
7.974000
5.693000
11.538000
13.700000
9.339000
12.443000
8.444000
8.110000
13.532000
9.976000
7.084000
13.951000
12.913000
10.466000
15.643000
8.656000
8.324000
6.504000
12.388000
7.723000
6.297000
2.786000
1.746000
19.442000
8.338000
5.710000
11.230000
3.083000
10.604000
14.668000
8.900000
10.459000
0.000000
4.789000
13.943000
5.089000
5.429000
1.974000
8.136000
6.746000
7.281000
4.811000
7.339000
8.470000
15.911000
5.310000
9.440000
8.538000
1.378000
0.679000
5.987000
0.000000
4.959000
13.010000
10.171000
8.458000
15.818000
2.848000
5.300000
14.307000
13.013000
18.576000
11.633000
14.848000
17.186000
11.904000
3.340000
2.022000
4.098000
10.911000
18.710000
5.059000
11.525000
9.263000
6.485000
6.862000
2.546000
8.367000
10.235000
2.910000
12.358000
7.468000
5.100000
9.845000
3.519000
1.455000
9.493000
6.258000
5.942000
9.384000
11.093000
3.533000
14.096000
15.128000
8.070000
10.868000
9.929000
9.774000
9.114000
11.924000
10.399000
7.810000
8.344000
8.132000
10.467000
5.683000
9.506000
2.916000
4.317000
11.722000
6.707000
8.318000
2.319000
0.000000
2.559000
0.544000
4.216000
10.295000
4.005000
6.306000
8.189000
10.232000
13.394000
12.632000
15.450000
13.715000
5.411000
8.117000
4.250000
8.315000
5.213000
8.522000
5.840000
5.326000
12.548000
12.439000
8.018000
4.273000
10.387000
9.503000
10.570000
8.627000
9.198000
3.142000
0.822000
8.941000
2.709000
2.305000
6.176000
2.743000
9.655000
10.480000
6.699000
2.294000
9.360000
7.179000
5.572000
8.258000
5.820000
5.395000
9.326000
12.982000
6.582000
3.985000
5.261000
6.990000
7.182000
6.843000
10.728000
8.585000
4.264000
1.876000
0.652000
2.560000
3.866000
3.940000
9.763000
3.911000
2.869000
0.045000
12.517000
3.124000
7.269000
7.703000
5.158000
15.046000
8.272000
3.241000
7.521000
1.543000
0.000000
10.068000
8.486000
11.951000
0.967000
4.269000
7.240000
14.548000
7.504000
10.393000
4.890000
4.441000
1.026000
4.529000
5.874000
6.662000
0.000000
6.344000
10.211000
3.459000
8.356000
7.235000
0.172000
9.311000
5.005000
4.695000
3.019000
6.457000
6.927000
6.087000
13.317000
9.678000
11.727000
6.343000
5.990000
16.481000
15.154000
11.684000
6.021000
0.752000
11.224000
0.000000
3.205000
6.142000
9.075000
3.983000
1.365000
8.119000
6.130000
10.257000
9.117000
12.605000
11.865000
0.757000
6.681000
1.464000
3.898000
0.927000
6.971000
14.559000
0.000000
9.341000
7.039000
1.587000
12.014000
2.412000
4.176000
9.718000
7.303000
12.588000
4.860000
2.882000
7.431000
8.187000
7.509000
6.671000
0.000000
18.258000
5.084000
8.219000
13.515000
5.124000
1.921000
0.000000
9.216000
9.016000
1.590000
7.517000
13.399000
0.682000
7.692000
14.457000
1.718000
15.269000
5.253000
9.742000
0.935000
8.477000
9.101000
3.373000
0.000000
0.166000
8.788000
11.847000
17.067000
2.733000
2.682000
1.170000
6.364000
2.779000
9.948000
1.559000
1.132000
3.761000
11.452000
6.961000
6.298000
1.672000
9.520000
0.000000
11.217000
5.003000
6.472000
11.831000
12.731000
1.298000
9.986000
5.364000
5.515000
1.076000
4.472000
0.000000
9.245000
2.632000
7.944000
10.327000
9.008000
4.016000
12.589000
3.413000
9.023000
3.230000
11.604000
5.275000
7.365000
4.567000
2.237000
10.489000
0.000000
4.900000
5.826000
6.952000
10.891000
7.284000
10.992000
0.000000
12.766000
10.904000
12.374000
4.129000
1.366000
12.255000
8.086000
10.613000
8.069000
9.181000
9.936000
1.636000
7.658000
1.378000
5.255000
2.010000
8.693000
2.944000
6.629000
6.281000
1.643000
10.601000
3.366000
1.755000
0.587000
1.834000
11.296000
6.606000
0.000000
16.101000
5.565000
0.000000
3.895000
2.488000
9.691000
1.733000
15.714000
7.872000
10.985000
15.546000
10.564000
8.629000
14.829000
9.879000
2.149000
1.206000
13.757000
9.378000
9.870000
6.469000
10.061000
4.316000
8.146000
4.283000
2.073000
12.089000
0.000000
0.000000
7.947000
11.762000
10.738000
13.168000
7.145000
16.799000
11.024000
14.206000
0.151000
6.364000
11.470000
0.094000
3.867000
10.399000
8.585000
3.820000
1.187000
4.803000
0.878000
8.660000
5.442000
5.083000
7.245000
9.442000
7.987000
10.492000
12.541000
0.000000
6.476000
5.379000
1.585000
14.014000
6.995000
4.003000
0.467000
10.142000
13.774000
10.516000
13.943000
0.061000
9.310000
1.722000
15.050000
2.797000
12.783000
8.221000
0.000000
4.892000
13.749000
5.609000
12.248000
10.929000
12.704000
8.159000
4.295000
0.682000
15.171000
9.689000
8.629000
0.000000
13.602000
17.095000
16.397000
3.615000
10.709000
1.226000
1.335000
0.331000
14.750000
10.752000
11.150000
9.999000
5.208000
9.177000
15.852000
12.891000
0.000000
0.000000
7.871000
6.062000
1.757000
17.771000
10.281000
5.837000
14.580000
11.380000
11.744000
10.026000
0.507000
15.450000
11.250000
2.899000
3.929000
7.289000
7.920000
12.010000
4.905000
0.019000
14.795000
11.929000
9.550000
9.250000
7.895000
2.475000
14.724000
10.666000
14.360000
5.879000
6.254000
8.267000
0.000000
11.869000
14.773000
12.805000
2.818000
11.465000
10.539000
15.949000
2.701000
11.039000
6.852000
8.371000
8.756000
7.379000
0.704000
0.000000
14.490000
17.583000
7.873000
7.064000
7.485000
13.981000
14.581000
8.350000
10.041000
11.267000
9.521000
10.983000
12.634000
5.577000
0.061000
5.640000
7.522000
11.624000
1.787000
10.869000
7.784000
10.294000
0.000000
8.667000
8.318000
3.353000
11.442000
9.176000
8.144000
6.039000
12.647000
12.496000
7.742000
1.058000
10.866000
13.936000
14.969000
17.778000
7.288000
15.292000
1.403000
6.657000
0.000000
0.961000
12.476000
6.067000
6.657000
7.878000
11.500000
7.204000
0.000000
10.834000
3.983000
3.312000
12.035000
6.092000
6.418000
14.818000
8.537000
9.551000
13.398000
4.170000
12.898000
5.470000
11.782000
9.090000
16.579000
9.937000
9.241000
13.322000
0.630000
7.176000
6.142000
7.675000
7.922000
9.246000
19.036000
3.712000
9.908000
12.979000
3.979000
14.585000
9.396000
13.522000
12.045000
12.582000
17.018000
19.043000
16.377000
14.151000
4.125000
2.948000
13.511000
15.554000
4.526000
5.763000
8.280000
2.650000
6.411000
10.939000
2.758000
14.548000
3.045000
10.466000
6.567000
14.693000
12.500000
10.694000
11.474000
10.081000
15.752000
4.177000
11.499000
1.604000
6.247000
6.444000
11.254000
1.960000
17.373000
5.877000
7.880000
13.462000
0.000000
7.589000
7.425000
4.387000
5.527000
6.207000
6.545000
8.283000
8.034000
8.521000
9.008000
13.117000
4.911000
3.846000
5.481000
10.621000
6.815000
6.879000
9.970000
1.716000
2.338000
8.781000
0.000000
13.167000
8.064000
0.000000
6.731000
17.299000
3.381000
13.646000
12.360000
7.807000
7.214000
4.959000
14.047000
13.666000
1.058000
13.450000
12.813000
3.218000
7.543000
9.162000
4.427000
0.137000
12.939000
13.566000
3.820000
5.550000
2.243000
6.900000
7.354000
16.205000
8.503000
13.199000
10.088000
8.104000
14.175000
13.428000
9.455000
15.452000
16.037000
2.204000
15.118000
11.035000
5.603000
3.775000
8.872000
8.143000
16.166000
6.593000
6.467000
2.651000
0.753000
7.805000
5.183000
0.175000
12.118000
15.077000
4.337000
13.865000
7.307000
13.750000
0.000000
12.009000
14.902000
6.004000
10.957000
6.643000
3.898000
9.819000
5.869000
5.584000
2.888000
9.577000
6.373000
11.557000
15.998000
14.246000
4.329000
7.030000
16.438000
17.146000
0.000000
15.975000
16.219000
15.047000
10.659000
9.039000
6.898000
4.385000
8.829000
16.210000
11.312000
5.596000
6.717000
3.609000
11.359000
10.186000
15.577000
2.634000
7.941000
22.843000
9.365000
10.074000
7.222000
10.491000
13.117000
6.827000
10.390000
8.353000
7.124000
10.857000
7.730000
4.889000
7.820000
7.611000
8.295000
17.351000
8.637000
11.405000
13.102000
8.397000
13.269000
10.866000
7.139000
4.426000
8.750000
7.901000
9.231000
10.853000
12.883000
16.218000
8.742000
9.543000
14.774000
6.133000
12.907000
11.624000
6.972000
6.898000
7.651000
11.618000
2.796000
8.902000
6.742000
4.608000
9.688000
7.772000
15.087000
2.816000
8.908000
8.959000
1.772000
10.880000
0.000000
5.680000
2.667000
16.889000
8.186000
4.718000
11.912000
10.492000
9.124000
9.587000
13.495000
9.674000
1.797000
6.668000
12.277000
13.286000
11.500000
10.486000
14.688000
5.719000
12.444000
18.541000
19.742000
10.431000
11.777000
5.066000
8.317000
0.000000
13.934000
11.717000
6.987000
5.398000
10.079000
10.622000
10.263000
16.990000
7.956000
9.590000
7.633000
9.880000
9.725000
6.889000
4.633000
13.735000
8.415000
13.490000
13.415000
16.763000
8.980000
8.092000
4.810000
7.626000
5.433000
5.874000
9.950000
9.920000
16.952000
11.662000
7.208000
1.343000
6.463000
18.782000
7.338000
9.357000
0.358000
9.339000
10.689000
1.220000
8.783000
0.000000
8.222000
5.708000
5.943000
2.433000
10.359000
8.793000
5.733000
6.421000
13.354000
8.241000
16.143000
1.059000
0.409000
0.988000
9.068000
8.166000
15.074000
8.705000
10.245000
12.069000
10.240000
6.800000
4.328000
1.867000
7.450000
10.471000
2.491000
0.549000
11.329000
13.029000
8.120000
10.468000
8.182000
12.821000
12.068000
10.073000
1.155000
5.649000
15.158000
6.843000
8.987000
7.459000
15.654000
0.000000
9.312000
0.000000
7.449000
2.816000
6.068000
8.835000
0.000000
6.802000
7.901000
2.520000
17.561000
1.403000
8.097000
17.249000
8.407000
5.336000
2.613000
4.174000
2.244000
7.269000
9.909000
5.153000
3.937000
6.524000
0.000000
6.825000
0.351000
8.705000
0.433000
2.473000
5.112000
4.534000
1.384000
0.201000
0.000000
4.792000
0.000000
1.909000
6.937000
5.718000
11.684000
6.519000
7.625000
6.648000
13.494000
5.030000
7.204000
10.750000
7.635000
0.000000
4.602000
7.870000
5.781000
0.000000
2.655000
7.591000
5.115000
5.306000
3.957000
2.626000
15.219000
8.009000
0.716000
5.946000
7.874000
0.000000
0.000000
2.951000
6.159000
6.979000
8.093000
8.001000
0.000000
9.681000
4.272000
6.062000
14.139000
4.709000
0.000000
3.055000
1.267000
5.287000
14.131000
0.000000
14.064000
10.992000
3.265000
0.000000
16.578000
4.200000
0.000000
11.140000
3.111000
2.424000
0.000000
3.963000
2.750000
0.255000
9.591000
2.796000
4.859000
8.144000
7.166000
4.019000
10.205000
6.873000
5.532000
9.863000
7.541000
5.559000
11.466000
0.000000
6.923000
1.625000
6.185000
10.278000
1.937000
6.789000
7.298000
10.612000
0.000000
4.876000
8.121000
7.245000
1.814000
0.000000
0.000000
6.090000
7.263000
20.203000
5.290000
7.995000
10.223000
7.210000
8.348000
4.298000
8.229000
4.883000
6.580000
10.913000
11.031000
4.993000
1.902000
7.342000
1.967000
5.215000
17.094000
12.735000
8.963000
2.988000
8.445000
14.185000
7.810000
4.184000
10.322000
1.474000
0.000000
9.862000
7.658000
4.222000
7.241000
9.355000
8.831000
7.311000
12.694000
7.535000
6.356000
10.482000
0.000000
8.719000
9.534000
4.795000
4.345000
5.389000
13.086000
7.524000
1.977000
8.908000
11.931000
6.249000
8.977000
12.918000
1.260000
1.801000
9.713000
7.378000
0.227000
5.494000
11.965000
7.070000
12.710000
6.621000
5.527000
5.238000
8.868000
10.031000
9.220000
6.184000
6.467000
8.459000
4.543000
5.509000
15.258000
6.678000
8.972000
7.915000
7.264000
11.759000
14.014000
11.244000
6.920000
7.210000
6.951000
7.992000
7.954000
11.377000
8.121000
9.525000
11.362000
5.888000
3.519000
11.628000
3.023000
0.000000
7.372000
3.044000
12.234000
9.737000
1.672000
10.583000
10.157000
9.421000
2.746000
3.079000
14.851000
2.238000
15.282000
9.744000
7.767000
4.583000
6.318000
8.141000
7.382000
6.190000
8.241000
8.250000
6.431000
5.889000
0.630000
5.924000
7.168000
6.170000
13.092000
1.734000
6.144000
11.407000
11.051000
8.829000
8.379000
6.150000
4.962000
6.544000
12.724000
3.824000
7.091000
11.113000
8.425000
2.667000
7.791000
10.308000
12.953000
1.898000
4.032000
6.195000
11.060000
12.023000
1.593000
3.414000
3.949000
11.161000
6.638000
3.768000
5.018000
3.819000
9.083000
9.544000
10.755000
6.096000
7.308000
8.590000
3.880000
2.075000
7.987000
6.068000
3.400000
5.688000
9.214000
22.179000
8.329000
8.839000
1.027000
3.319000
6.531000
7.123000
8.047000
3.305000
15.742000
9.200000
14.169000
4.386000
24.625000
6.296000
2.352000
1.791000
3.297000
5.938000
8.065000
9.127000
8.789000
7.943000
10.118000
1.788000
4.820000
10.917000
5.854000
8.452000
8.164000
10.786000
6.868000
6.428000
3.920000
3.156000
4.790000
4.374000
4.784000
8.000000
13.188000
4.933000
3.958000
13.390000
5.325000
4.487000
0.803000
7.921000
1.471000
16.939000
1.703000
8.391000
10.327000
15.404000
6.694000
7.093000
2.810000
4.273000
7.381000
3.606000
0.000000
17.907000
6.778000
10.592000
13.552000
7.972000
6.755000
5.818000
6.995000
9.790000
2.897000
2.304000
8.918000
9.190000
2.341000
5.958000
9.670000
7.185000
13.931000
4.594000
6.469000
9.781000
22.078000
2.893000
3.442000
6.360000
7.570000
7.237000
16.876000
0.000000
4.916000
9.045000
9.307000
9.496000
6.412000
5.960000
9.513000
4.134000
10.470000
5.573000
2.710000
6.774000
5.619000
2.965000
13.181000
3.169000
11.194000
11.951000
9.657000
6.854000
4.811000
14.552000
4.639000
15.874000
7.294000
10.454000
7.113000
6.960000
9.735000
7.386000
8.287000
4.829000
15.266000
12.480000
8.747000
12.586000
6.478000
10.503000
2.126000
5.859000
6.473000
8.981000
7.144000
10.937000
9.734000
1.887000
6.866000
3.927000
8.748000
8.486000
10.754000
10.959000
10.775000
0.487000
6.121000
5.993000
10.399000
7.250000
12.705000
2.306000
10.813000
5.546000
2.454000
5.046000
3.019000
4.663000
10.378000
15.057000
5.208000
4.822000
11.212000
4.279000
4.813000
6.875000
2.225000
11.192000
8.419000
9.660000
9.884000
6.860000
0.252000
1.999000
8.610000
10.423000
15.763000
11.546000
6.197000
7.695000
8.010000
5.131000
8.836000
17.330000
4.100000
10.916000
8.070000
8.117000
10.942000
11.839000
3.525000
7.771000
5.521000
2.786000
4.884000
17.407000
13.240000
10.256000
7.413000
10.160000
1.090000
9.456000
11.857000
6.081000
6.288000
9.022000
5.609000
10.671000
14.167000
6.325000
14.712000
6.377000
10.593000
10.713000
9.693000
3.691000
8.645000
7.016000
0.805000
16.661000
12.429000
7.072000
7.360000
8.539000
6.960000
3.298000
6.809000
4.050000
9.493000
7.097000
10.490000
6.963000
7.824000
2.308000
12.400000
4.532000
5.069000
2.972000
5.198000
11.618000
7.509000
5.194000
7.094000
9.277000
8.965000
10.715000
6.090000
6.996000
5.881000
6.126000
3.256000
9.233000
7.178000
1.597000
4.018000
9.793000
6.816000
3.468000
5.793000
21.441000
2.021000
6.358000
6.724000
8.471000
3.845000
7.147000
10.950000
6.011000
7.678000
11.951000
6.572000
3.233000
9.519000
8.761000
11.769000
7.971000
7.819000
6.299000
7.224000
9.096000
10.429000
8.596000
7.373000
9.190000
4.282000
16.487000
6.607000
6.543000
11.966000
11.137000
0.641000
6.679000
7.527000
5.853000
4.879000
16.126000
1.265000
7.332000
7.281000
6.402000
9.010000
7.047000
8.373000
2.849000
11.671000
5.920000
9.385000
8.531000
3.938000
11.585000
14.401000
13.143000
2.160000
9.663000
17.553000
4.894000
12.172000
3.997000
8.319000
4.544000
5.518000
10.274000
4.957000
6.850000
5.175000
5.676000
1.382000
3.416000
3.342000
10.268000
17.682000
3.603000
12.480000
10.771000
4.608000
2.915000
3.266000
14.718000
12.652000
12.660000
11.929000
5.433000
10.878000
6.112000
7.442000
11.546000
5.253000
14.691000
8.281000
3.200000
5.808000
12.593000
6.976000
4.437000
4.021000
8.899000
15.664000
9.479000
9.019000
6.090000
15.881000
9.544000
2.955000
5.092000
5.919000
8.242000
15.793000
11.710000
11.170000
3.987000
7.246000
7.315000
6.701000
8.405000
5.567000
14.059000
7.937000
12.348000
3.644000
7.224000
9.792000
13.626000
11.102000
10.454000
15.962000
5.095000
6.417000
16.642000
3.576000
5.124000
10.308000
6.882000
8.566000
6.717000
7.615000
2.840000
6.206000
8.841000
7.535000
4.628000
14.045000
15.547000
18.736000
10.235000
5.389000
1.211000
6.759000
7.446000
12.018000
3.724000
9.998000
8.320000
7.414000
7.146000
15.024000
12.645000
5.206000
5.326000
8.299000
8.041000
4.412000
6.969000
2.207000
4.498000
9.233000
6.452000
12.225000
8.465000
6.172000
11.138000
12.718000
4.363000
10.538000
8.077000
10.026000
13.487000
5.100000
8.657000
3.462000
13.073000
9.184000
8.584000
1.748000
5.841000
3.318000
15.755000
7.361000
12.767000
7.546000
2.012000
8.272000
7.722000
6.006000
0.607000
6.112000
2.248000
2.712000
4.149000
10.212000
2.044000
2.852000
8.287000
10.465000
9.344000
0.270000
8.668000
5.369000
5.753000
3.415000
9.983000
3.668000
10.839000
6.623000
8.007000
3.848000
5.383000
4.869000
1.603000
12.617000
6.404000
4.359000
8.432000
4.511000
8.792000
8.005000
9.446000
11.988000
14.237000
9.684000
9.773000
10.429000
8.106000
10.723000
12.462000
17.076000
9.907000
5.713000
6.347000
7.877000
9.299000
8.924000
10.281000
3.596000
7.026000
9.256000
4.775000
5.811000
4.777000
9.400000
7.754000
6.246000
0.000000
7.762000
14.097000
8.682000
2.075000
13.373000
10.665000
5.941000
0.000000
11.044000
8.862000
12.612000
6.629000
4.150000
9.285000
6.085000
8.848000
9.118000
4.979000
6.744000
5.512000
8.758000
4.744000
17.326000
11.579000
11.779000
7.313000
8.034000
9.011000
7.201000
13.848000
18.727000
3.600000
7.990000
6.302000
2.624000
4.569000
8.840000
4.220000
7.438000
5.232000
2.437000
8.456000
9.324000
3.923000
5.120000
8.793000
8.665000
4.379000
10.821000
18.916000
13.293000
3.604000
10.406000
16.559000
11.889000
10.916000
7.445000
2.431000
8.445000
0.000000
4.216000
14.395000
2.911000
6.439000
11.940000
10.115000
12.193000
11.015000
7.224000
17.584000
6.647000
6.793000
8.237000
9.633000
5.260000
9.316000
6.563000
4.073000
1.099000
7.445000
9.584000
6.852000
11.724000
10.772000
5.128000
6.227000
4.443000
5.192000
3.199000
3.537000
7.728000
6.119000
6.875000
11.215000
11.248000
7.387000
6.838000
3.497000
15.172000
2.349000
15.410000
6.869000
10.445000
8.092000
3.835000
20.842000
11.051000
8.853000
1.377000
6.095000
4.712000
1.603000
3.999000
5.475000
2.626000
3.082000
12.376000
3.889000
10.324000
10.537000
5.950000
10.130000
5.433000
12.364000
2.048000
6.650000
8.215000
5.323000
4.616000
12.981000
10.890000
13.297000
6.856000
7.459000
12.749000
6.406000
2.622000
0.000000
6.557000
0.882000
8.296000
10.531000
4.765000
7.552000
4.659000
3.843000
11.153000
5.371000
9.632000
2.236000
1.194000
10.903000
9.048000
1.834000
12.670000
1.605000
4.528000
2.756000
13.621000
6.889000
6.521000
11.017000
7.735000
14.697000
7.271000
3.840000
9.910000
0.000000
14.526000
6.136000
0.366000
9.628000
1.756000
12.217000
11.019000
3.448000
2.761000
6.977000
8.862000
10.583000
5.258000
10.477000
13.167000
2.011000
12.815000
4.593000
12.254000
0.960000
3.246000
7.746000
9.772000
7.153000
0.965000
12.075000
7.043000
4.387000
14.686000
7.099000
3.792000
15.524000
5.099000
1.475000
4.571000
3.524000
8.944000
11.547000
10.094000
0.000000
9.451000
4.207000
12.134000
5.236000
3.929000
12.590000
7.950000
4.743000
13.951000
1.065000
1.535000
4.751000
8.591000
6.869000
3.866000
1.159000
2.686000
5.020000
6.231000
3.019000
3.135000
3.368000
2.655000
3.636000
11.139000
8.317000
7.937000
7.765000
2.181000
6.812000
5.517000
3.935000
3.192000
6.878000
2.617000
4.268000
2.795000
9.128000
5.970000
1.793000
0.000000
0.000000
0.000000
7.088000
2.834000
7.460000
11.015000
1.229000
4.409000
1.033000
4.012000
16.828000
7.819000
9.450000
3.192000
8.918000
3.588000
0.000000
1.959000
1.460000
2.092000
10.854000
4.078000
0.694000
6.042000
7.325000
3.588000
0.994000
7.382000
11.977000
12.152000
0.009000
2.950000
16.307000
3.516000
4.873000
10.500000
7.868000
5.552000
3.327000
1.960000
6.370000
10.225000
18.083000
2.801000
14.174000
2.431000
2.980000
0.323000
2.528000
3.131000
2.420000
9.257000
14.623000
0.000000
4.910000
8.211000
8.988000
1.826000
4.225000
3.181000
9.394000
9.373000
1.951000
9.521000
0.000000
0.000000
8.654000
1.231000
0.000000
13.424000
8.329000
3.143000
6.425000
9.262000
8.405000
1.929000
8.840000
19.521000
4.464000
12.544000
5.836000
2.220000
2.687000
7.930000
1.912000
4.955000
3.280000
10.646000
13.222000
3.574000
3.488000
7.869000
7.112000
6.174000
9.106000
3.536000
3.101000
11.295000
0.000000
5.847000
2.146000
0.000000
2.507000
8.329000
7.195000
0.000000
8.998000
10.542000
0.947000
8.101000
3.835000
0.000000
0.113000
0.803000
0.000000
6.378000
7.900000
9.094000
5.102000
3.565000
9.080000
0.000000
6.575000
5.267000
4.202000
2.312000
12.242000
12.319000
0.000000
2.000000
6.213000
0.000000
4.832000
2.780000
14.441000
7.934000
4.571000
9.645000
17.377000
5.205000
3.966000
2.964000
1.573000
6.831000
13.074000
2.315000
0.148000
3.215000
0.000000
10.584000
3.089000
2.580000
9.082000
14.691000
0.000000
10.170000
8.690000
0.000000
0.000000
1.258000
3.229000
10.011000
15.305000
2.040000
6.523000
1.532000
11.011000
10.961000
4.120000
2.727000
3.768000
8.410000
11.851000
7.418000
3.186000
11.535000
3.604000
3.385000
12.705000
6.821000
2.290000
0.732000
0.000000
10.497000
2.445000
7.887000
15.541000
0.000000
7.174000
17.361000
0.601000
4.781000
1.714000
18.113000
8.703000
3.901000
15.257000
3.607000
5.366000
0.000000
3.273000
1.977000
0.000000
2.262000
5.438000
13.178000
4.407000
8.420000
9.826000
2.166000
0.275000
0.000000
3.473000
2.389000
5.638000
1.590000
9.370000
8.504000
9.974000
0.231000
2.557000
2.838000
12.298000
2.635000
7.230000
2.724000
3.872000
11.623000
10.267000
12.345000
10.605000
16.570000
0.589000
6.102000
2.733000
1.750000
7.634000
2.696000
11.439000
6.739000
19.147000
2.823000
7.344000
9.481000
7.200000
3.278000
17.119000
3.475000
3.386000
4.832000
9.272000
3.480000
9.355000
12.376000
8.114000
12.877000
4.199000
0.499000
5.704000
20.134000
17.780000
14.664000
6.297000
14.545000
5.661000
6.730000
1.371000
5.413000
9.399000
13.827000
4.787000
15.595000
5.704000
7.746000
10.706000
9.452000
0.558000
10.088000
9.061000
13.776000
16.620000
8.368000
10.516000
0.000000
7.393000
20.709000
7.213000
12.434000
4.789000
8.550000
4.349000
6.591000
8.723000
5.997000
12.331000
10.900000
21.263000
4.031000
7.008000
1.603000
6.084000
14.744000
6.742000
4.797000
5.469000
14.979000
6.810000
14.253000
17.294000
6.464000
5.841000
1.052000
11.314000
7.231000
8.879000
9.727000
3.758000
10.416000
11.853000
8.484000
5.147000
7.610000
2.057000
7.147000
3.350000
1.771000
1.105000
7.018000
6.370000
5.834000
9.804000
5.379000
0.153000
7.970000
17.697000
9.034000
11.127000
8.391000
0.000000
5.270000
12.754000
10.029000
10.501000
9.273000
0.000000
4.961000
2.043000
9.667000
0.960000
4.251000
4.398000
0.000000
13.509000
11.653000
10.218000
0.000000
4.793000
5.772000
8.060000
11.188000
0.000000
10.805000
2.018000
3.829000
12.996000
12.969000
7.404000
5.369000
10.566000
9.295000
13.927000
7.233000
14.235000
8.833000
6.456000
0.804000
0.000000
4.512000
12.723000
6.257000
5.989000
11.336000
10.580000
12.619000
8.709000
0.000000
5.685000
13.882000
8.659000
6.593000
7.636000
8.031000
8.583000
10.711000
12.307000
9.502000
10.259000
6.489000
4.944000
18.844000
9.044000
19.072000
9.047000
10.093000
5.435000
8.580000
0.791000
3.535000
13.938000
16.775000
0.000000
10.849000
18.073000
10.383000
8.997000
5.126000
1.425000
9.735000
0.821000
9.015000
8.983000
12.171000
8.248000
2.601000
9.678000
10.094000
6.665000
10.335000
11.358000
0.000000
11.153000
0.000000
0.810000
0.321000
0.150000
14.994000
1.774000
0.000000
5.081000
14.401000
12.101000
1.824000
2.907000
5.907000
5.437000
8.092000
9.912000
2.685000
7.073000
6.568000
10.350000
2.108000
9.574000
13.385000
4.831000
10.087000
5.264000
8.929000
5.528000
18.167000
4.653000
0.659000
7.755000
8.071000
3.041000
2.461000
10.180000
10.184000
18.025000
8.469000
2.593000
0.242000
2.539000
3.253000
14.955000
6.500000
7.161000
0.218000
0.376000
3.250000
3.702000
0.000000
12.783000
9.027000
5.809000
5.291000
15.021000
3.768000
4.186000
8.950000
6.032000
10.737000
4.410000
7.919000
16.186000
8.881000
9.864000
16.536000
0.531000
8.875000
14.313000
12.838000
2.926000
3.057000
8.691000
9.178000
2.760000
4.980000
2.493000
4.775000
0.923000
3.284000
0.000000
5.252000
1.586000
9.856000
7.182000
4.057000
3.141000
3.977000
19.328000
5.949000
5.444000
16.517000
0.000000
3.848000
14.595000
2.788000
7.020000
0.000000
1.457000
2.793000
13.735000
0.000000
3.339000
20.920000
3.919000
3.400000
13.994000
7.805000
5.622000
8.018000
3.332000
0.000000
3.289000
11.952000
8.143000
7.282000
6.032000
17.674000
11.819000
10.867000
0.000000
0.000000
4.752000
4.966000
7.203000
8.231000
4.610000
4.962000
11.563000
1.981000
9.604000
17.413000
8.885000
4.791000
12.493000
0.000000
9.462000
8.416000
10.148000
6.761000
3.711000
5.108000
5.565000
7.177000
1.824000
10.932000
8.381000
20.492000
8.867000
0.000000
0.000000
3.491000
0.000000
7.072000
5.277000
2.442000
4.113000
8.315000
3.832000
8.389000
7.631000
19.258000
4.339000
10.365000
3.208000
0.000000
7.235000
4.418000
0.000000
6.791000
8.263000
8.590000
9.083000
9.689000
6.044000
5.945000
6.851000
11.545000
6.512000
1.079000
0.000000
0.000000
0.000000
6.167000
8.970000
4.362000
12.575000
7.718000
17.913000
0.000000
0.000000
5.802000
0.750000
0.000000
9.709000
0.000000
4.971000
4.223000
0.000000
14.373000
4.081000
0.000000
4.143000
1.346000
4.151000
0.000000
0.760000
1.597000
6.408000
2.900000
7.775000
0.139000
5.538000
6.011000
10.874000
11.870000
0.000000
4.721000
7.954000
0.728000
0.000000
0.000000
15.038000
0.985000
0.000000
0.000000
13.151000
0.000000
7.753000
10.100000
4.704000
6.502000
4.358000
12.157000
9.241000
8.916000
5.498000
14.725000
0.000000
0.000000
10.995000
0.000000
12.141000
5.342000
1.759000
0.000000
0.000000
2.748000
6.328000
3.442000
3.391000
2.077000
0.000000
4.802000
5.664000
0.000000
15.307000
4.939000
3.857000
2.847000
0.444000
4.061000
3.477000
7.948000
0.265000
0.000000
1.259000
11.016000
0.000000
0.000000
5.813000
9.610000
1.644000
0.000000
1.055000
9.056000
9.949000
0.000000
15.004000
10.801000
0.000000
0.000000
11.979000
8.355000
11.309000
0.776000
12.608000
3.892000
0.000000
7.613000
5.653000
15.250000
2.303000
10.114000
3.335000
0.062000
7.070000
0.000000
0.000000
0.000000
13.695000
9.750000
0.000000
0.000000
10.566000
13.714000
15.461000
0.000000
10.026000
11.036000
3.356000
0.000000
4.891000
12.042000
0.000000
0.000000
10.171000
0.000000
5.165000
13.830000
1.275000
4.236000
2.391000
5.017000
10.412000
10.028000
0.000000
0.217000
0.000000
0.000000
4.201000
3.381000
7.905000
13.074000
3.910000
0.000000
4.228000
8.566000
5.894000
5.341000
0.442000
0.000000
0.912000
2.453000
7.703000
6.498000
12.050000
0.000000
10.140000
8.016000
0.000000
3.129000
0.000000
6.819000
12.761000
3.589000
0.000000
0.000000
0.538000
10.402000
8.227000
2.389000
9.918000
5.190000
5.155000
10.528000
0.000000
0.000000
4.996000
0.000000
0.000000
14.209000
8.913000
0.000000
0.000000
0.000000
0.000000
5.608000
4.269000
9.403000
7.200000
0.000000
0.000000
0.979000
0.000000
0.000000
8.108000
10.386000
7.118000
5.962000
1.221000
3.868000
7.227000
7.664000
10.502000
0.000000
6.712000
5.269000
0.000000
0.000000
11.654000
1.271000
0.000000
9.509000
3.680000
0.000000
0.000000
10.134000
0.000000
2.433000
2.448000
9.689000
1.911000
5.700000
1.124000
11.955000
7.426000
10.512000
1.813000
5.626000
5.706000
0.000000
2.045000
8.512000
0.000000
0.000000
13.157000
13.850000
0.000000
2.194000
6.708000
1.385000
0.000000
6.634000
2.412000
0.000000
0.000000
0.000000
4.450000
0.000000
5.016000
4.046000
0.000000
3.351000
6.995000
0.000000
0.240000
5.868000
0.000000
0.000000
11.106000
9.468000
4.529000
11.062000
2.898000
0.000000
10.605000
8.913000
0.449000
0.000000
7.156000
12.323000
0.000000
10.611000
0.000000
0.000000
7.635000
0.000000
0.000000
9.522000
0.000000
7.819000
9.445000
1.732000
0.000000
0.000000
0.000000
0.000000
9.116000
3.481000
0.000000
0.000000
0.000000
10.339000
0.000000
0.000000
13.323000
0.000000
4.571000
0.000000
7.434000
0.000000
8.097000
0.000000
0.000000
0.000000
9.362000
1.288000
13.638000
4.231000
8.241000
5.192000
2.614000
9.248000
0.241000
3.095000
4.935000
14.597000
5.939000
8.718000
0.000000
0.000000
0.867000
1.304000
6.336000
0.000000
4.578000
0.000000
11.487000
5.624000
11.186000
2.347000
2.072000
1.317000
5.549000
7.221000
3.032000
4.040000
4.613000
0.000000
4.204000
9.353000
0.000000
0.000000
5.976000
7.834000
1.844000
2.206000
4.407000
0.000000
4.347000
0.000000
0.000000
2.863000
8.949000
2.296000
3.854000
0.000000
5.785000
9.995000
1.052000
0.000000
0.000000
6.424000
4.560000
2.488000
7.715000
4.734000
3.478000
9.819000
7.327000
0.000000
0.132000
5.156000
11.164000
2.525000
3.786000
9.017000
15.875000
1.509000
11.099000
0.000000
2.032000
3.039000
8.804000
2.347000
0.000000
5.732000
0.000000
7.503000
0.000000
0.000000
9.060000
2.531000
0.000000
1.435000
0.000000
9.423000
0.000000
2.519000
7.569000
0.000000
7.353000
8.438000
1.788000
1.493000
0.000000
0.000000
3.775000
4.298000
4.691000
0.000000
6.527000
3.895000
1.233000
0.332000
0.000000
0.000000
0.617000
4.375000
0.000000
0.000000
4.925000
0.000000
7.227000
1.169000
3.739000
6.045000
10.238000
2.103000
0.000000
4.174000
0.000000
4.109000
0.135000
7.653000
1.054000
0.000000
3.116000
2.497000
0.000000
3.948000
6.609000
3.169000
0.977000
5.902000
2.179000
3.510000
0.000000
0.000000
18.709000
4.364000
5.318000
1.660000
12.237000
9.740000
4.167000
5.298000
4.865000
3.170000
0.000000
10.403000
12.134000
3.616000
5.687000
10.296000
0.000000
2.006000
0.566000
3.596000
0.000000
0.000000
7.521000
11.699000
2.690000
0.000000
0.712000
2.644000
4.989000
3.993000
0.000000
0.000000
0.000000
0.534000
4.422000
7.831000
0.000000
7.294000
5.251000
7.133000
11.519000
4.640000
3.118000
0.000000
9.039000
0.646000
11.383000
7.520000
6.582000
5.766000
8.340000
3.231000
4.688000
6.534000
11.321000
5.093000
2.534000
0.148000
5.076000
13.307000
6.095000
5.286000
3.412000
2.370000
5.014000
11.616000
5.295000
8.830000
10.563000
10.262000
4.400000
7.477000
0.608000
0.000000
0.000000
8.260000
0.793000
0.000000
7.705000
10.918000
4.255000
8.252000
1.220000
6.234000
0.000000
8.381000
2.764000
2.347000
0.000000
0.000000
1.402000
0.000000
6.272000
10.661000
2.370000
5.324000
0.000000
10.397000
4.470000
9.471000
5.322000
0.390000
6.208000
5.605000
0.000000
5.373000
7.837000
3.635000
12.152000
6.574000
3.273000
7.983000
0.000000
10.875000
7.825000
5.395000
6.159000
7.299000
6.625000
0.000000
12.402000
4.056000
0.000000
5.172000
3.176000
6.286000
0.000000
1.103000
5.253000
0.000000
2.734000
10.175000
10.280000
6.767000
6.576000
0.000000
2.201000
5.170000
8.808000
3.410000
10.657000
6.084000
4.915000
6.692000
3.350000
0.000000
3.662000
0.000000
6.460000
1.726000
3.330000
0.000000
0.000000
6.301000
3.057000
10.297000
5.146000
5.553000
0.000000
0.000000
0.000000
0.000000
3.250000
2.148000
0.000000
0.622000
9.043000
6.275000
8.212000
6.653000
5.020000
5.380000
4.057000
9.152000
11.775000
2.071000
0.000000
0.207000
8.461000
7.193000
0.000000
10.329000
7.268000
7.269000
0.859000
4.927000
5.004000
9.212000
0.000000
6.124000
7.690000
3.607000
0.976000
0.000000
6.509000
8.518000
6.102000
0.000000
0.000000
2.522000
0.000000
2.082000
0.000000
0.965000
2.048000
0.000000
0.000000
2.068000
0.000000
5.090000
0.943000
6.841000
4.177000
4.080000
7.970000
8.655000
0.000000
1.271000
6.421000
7.972000
2.761000
0.000000
0.000000
1.387000
1.828000
0.000000
6.754000
8.148000
0.000000
4.800000
5.028000
0.000000
1.181000
0.000000
6.939000
1.020000
9.802000
6.014000
0.000000
8.960000
2.662000
9.518000
1.609000
0.000000
0.000000
8.025000
1.355000
1.877000
4.507000
0.000000
0.802000
0.000000
0.000000
6.167000
0.000000
0.774000
0.000000
0.788000
3.026000
3.125000
4.182000
0.000000
3.675000
0.000000
0.000000
0.000000
0.000000
0.257000
3.487000
4.967000
0.941000
0.000000
0.000000
7.955000
0.736000
0.000000
0.000000
2.186000
2.944000
2.939000
3.027000
1.909000
0.000000
1.912000
0.000000
0.000000
0.000000
5.545000
5.718000
0.000000
0.000000
0.000000
2.492000
0.000000
0.000000
0.000000
0.000000
7.941000
0.000000
0.993000
0.000000
0.913000
0.000000
0.000000
0.000000
0.000000
10.551000
4.561000
4.666000
0.000000
0.000000
0.000000
0.000000
6.068000
0.000000
0.000000
11.072000
0.000000
0.000000
4.971000
8.889000
0.000000
0.000000
0.000000
5.660000
0.000000
0.000000
0.000000
5.589000
1.391000
3.263000
0.000000
0.000000
7.465000
2.709000
1.511000
4.815000
2.079000
2.698000
1.273000
0.000000
0.000000
2.528000
2.793000
0.000000
0.000000
0.000000
0.000000
1.065000
0.000000
2.001000
0.000000
0.000000
0.601000
0.000000
0.111000
3.713000
0.000000
0.874000
3.380000
0.000000
1.957000
0.000000
2.776000
5.930000
0.575000
0.000000
0.717000
0.570000
0.599000
0.829000
0.000000
0.000000
0.000000
9.938000
3.172000
0.919000
0.000000
2.510000
1.845000
1.015000
0.000000
1.899000
6.391000
4.019000
0.000000
0.000000
5.024000
0.000000
0.000000
3.486000
3.832000
0.000000
4.483000
0.000000
0.000000
5.055000
1.613000
2.431000
0.000000
1.606000
0.000000
0.000000
0.000000
0.000000
0.000000
4.745000
0.000000
2.394000
2.665000
1.345000
0.000000
0.989000
0.000000
0.000000
6.885000
0.000000
0.000000
0.000000
0.000000
6.069000
0.000000
0.000000
0.000000
0.000000
0.076000
0.000000
0.253000
0.000000
0.000000
1.834000
0.000000
0.000000
0.000000
0.000000
0.000000
0.000000
5.503000
0.898000
0.501000
0.000000
0.000000
3.256000
2.642000
0.000000
3.042000
0.000000
1.152000
0.000000
0.000000
1.753000
2.610000
0.000000
0.000000
0.000000
3.554000
1.404000
0.000000
0.000000
0.730000
0.000000
2.211000
0.000000
0.000000
0.000000
4.647000
0.000000
0.815000
0.605000
0.000000
5.714000
4.094000
0.000000
0.000000
0.000000
1.166000
0.000000
0.000000
0.000000
3.191000
1.985000
0.000000
0.000000
0.000000
2.038000
4.398000
3.381000
0.000000
0.000000
0.000000
0.000000
2.641000
0.000000
0.000000
0.267000
5.019000
0.000000
0.000000
0.000000
0.188000
2.902000
3.159000
0.000000
7.414000
0.000000
0.806000
0.000000
0.650000
0.000000
0.000000
0.000000
1.495000
5.622000
0.000000
0.000000
0.000000
0.000000
0.644000
0.399000
1.797000
2.563000
0.000000
3.257000
0.000000
0.000000
1.339000
0.000000
2.905000
0.000000
5.236000
0.000000
0.000000
0.944000
0.000000
3.722000
4.189000
1.282000
0.000000
1.980000
2.575000
0.263000
0.441000
0.000000
0.000000
0.681000
1.397000
2.203000
0.000000
2.910000
0.000000
0.000000
0.533000
1.854000
0.000000
0.000000
0.000000
2.152000
2.392000
0.000000
0.000000
2.314000
0.135000
0.000000
0.000000
5.828000
0.650000
0.000000
0.000000
6.467000
0.379000
0.637000
0.000000
0.000000
3.398000
3.760000
2.032000
0.000000
0.000000
0.000000
0.000000
0.000000
1.163000
1.386000
1.135000
4.084000
0.000000
2.523000
0.000000
0.000000
2.677000
0.671000
0.885000
0.983000
1.451000
1.551000
0.000000
0.606000
0.000000
0.000000
1.101000
4.384000
2.544000
3.431000
4.710000
2.092000
2.573000
2.811000
0.000000
2.949000
0.046000
0.000000
0.313000
0.000000
3.706000
1.687000
0.637000
3.984000
2.427000
0.000000
3.619000
0.905000
3.017000
1.266000
0.287000
0.000000
0.449000
0.725000
2.271000
3.322000
3.277000
0.000000
3.228000
0.000000
0.638000
0.957000
4.898000
0.000000
0.781000
0.000000
0.000000
4.074000
0.000000
0.000000
3.990000
1.392000
0.663000
2.429000
6.254000
7.613000
2.631000
0.000000
0.132000
0.787000
0.000000
0.000000
1.745000
1.130000
1.913000
1.864000
0.507000
4.829000
5.964000
0.000000
0.000000
0.000000
0.000000
1.978000
0.000000
0.000000
2.683000
7.013000
1.330000
2.935000
1.860000
1.887000
0.000000
2.885000
0.706000
1.904000
0.714000
3.651000
0.000000
0.839000
0.237000
0.000000
3.029000
7.481000
5.130000
0.953000
0.000000
0.000000
3.898000
1.987000
0.000000
1.750000
0.612000
0.904000
2.006000
0.000000
0.000000
0.502000
0.000000
2.230000
0.006000
0.000000
0.000000
0.000000
1.880000
2.863000
4.049000
0.000000
2.842000
0.000000
6.958000
2.014000
4.134000
0.994000
0.324000
0.000000
0.000000
0.000000
3.929000
0.000000
0.000000
0.000000
0.000000
0.000000
0.000000
0.000000
6.759000
0.000000
0.000000
0.000000
0.000000
2.741000
0.000000
0.000000
4.753000
0.640000
0.000000
2.798000
0.000000
7.046000
0.000000
1.553000
1.619000
0.624000
1.675000
0.954000
0.000000
0.000000
0.055000
0.000000
4.033000
2.346000
0.000000
1.737000
0.142000
0.000000
0.000000
0.000000
0.000000
2.095000
0.911000
1.309000
0.000000
0.000000
0.000000
0.000000
0.000000
0.000000
0.340000
1.995000
1.310000
2.214000
0.390000
1.229000
0.000000
0.000000
1.971000
1.787000
0.679000
0.105000
0.000000
4.417000
0.526000
1.448000
0.000000
2.013000
0.993000
4.134000
0.157000
2.708000
0.000000
0.862000
1.881000
3.234000
0.000000
0.000000
0.000000
2.522000
4.633000
0.000000
0.107000
0.000000
5.988000
5.179000
1.572000
0.708000
0.000000
1.465000
0.000000
4.694000
1.161000
3.959000
5.656000
0.374000
4.750000
0.000000
0.000000
0.992000
0.000000
1.992000
0.000000
1.054000
0.000000
1.846000
0.000000
0.000000
0.000000
0.000000
0.000000
0.000000
0.000000
0.000000
0.829000
3.518000
0.000000
0.209000
0.000000
0.000000
0.000000
5.931000
0.000000
1.524000
0.000000
0.320000
0.000000
0.526000
0.000000
0.000000
4.907000
0.000000
0.000000
1.738000
1.248000
0.000000
0.000000
0.071000
0.000000
5.513000
0.637000
3.357000
0.000000
0.804000
0.000000
0.000000
1.276000
1.259000
0.000000
0.000000
0.000000
3.539000
0.000000
0.000000
1.126000
0.000000
0.000000
0.000000
0.145000
1.283000
3.000000
0.331000
0.205000
0.000000
0.000000
3.793000
1.790000
2.016000
1.378000
0.000000
2.156000
4.147000
0.000000
0.000000
0.000000
0.000000
0.000000
0.000000
0.686000
0.599000
0.000000
0.000000
0.000000
2.552000
0.824000
2.894000
1.990000
0.000000
0.000000
0.000000
3.152000
2.103000
0.218000
0.000000
0.303000
0.000000
2.194000
4.164000
3.519000
0.000000
0.753000
0.000000
2.302000
0.000000
2.427000
0.000000
2.848000
5.445000
4.646000
5.350000
2.227000
2.288000
1.540000
0.556000
0.000000
4.340000
0.000000
1.419000
1.143000
0.939000
0.000000
2.790000
4.448000
0.000000
4.998000
0.000000
6.084000
0.000000
0.000000
3.155000
0.428000
2.027000
0.000000
0.000000
0.000000
0.000000
0.074000
1.549000
0.000000
0.332000
1.575000
0.829000
0.967000
0.000000
2.067000
0.000000
1.401000
0.000000
0.276000
8.539000
0.000000
1.210000
4.585000
0.913000
0.000000
0.580000
0.000000
0.473000
0.349000
0.000000
0.108000
0.663000
0.000000
2.692000
0.000000
0.000000
0.279000
0.024000
0.278000
1.295000
0.000000
2.503000
1.179000
1.343000
0.000000
0.000000
0.000000
0.393000
0.000000
0.000000
2.516000
2.452000
0.000000
3.170000
0.000000
0.987000
1.015000
2.163000
0.000000
2.734000
1.553000
2.292000
5.380000
1.610000
0.754000
0.000000
0.294000
7.406000
0.576000
0.000000
0.000000
1.031000
1.817000
0.290000
4.229000
2.486000
1.480000
2.940000
1.874000
0.131000
0.000000
0.000000
0.704000
7.475000
1.897000
0.000000
1.958000
3.198000
0.181000
2.407000
0.647000
0.000000
0.000000
0.401000
0.000000
2.129000
4.685000
4.600000
3.786000
0.253000
0.000000
2.247000
0.000000
0.000000
0.000000
0.000000
2.271000
0.410000
0.000000
1.491000
0.000000
0.000000
0.000000
0.000000
0.000000
0.000000
0.000000
0.000000
0.000000
2.363000
0.000000
0.000000
2.360000
4.526000
0.000000
0.000000
0.000000
0.000000
1.371000
0.000000
0.000000
1.812000
0.873000
0.000000
2.921000
2.014000
2.015000
0.000000
0.000000
0.659000
4.855000
1.754000
0.000000
1.218000
0.000000
2.202000
0.955000
0.186000
3.632000
1.125000
0.000000
1.052000
0.939000
2.004000
0.422000
2.100000
0.000000
2.302000
2.438000
2.596000
2.002000
0.000000
0.000000
0.000000
3.827000
0.000000
2.070000
0.575000
0.000000
0.701000
0.000000
2.870000
1.516000
0.000000
0.000000
0.066000
4.522000
0.000000
2.593000
0.000000
1.454000
6.792000
0.000000
0.000000
2.965000
0.111000
1.829000
0.000000
1.518000
0.000000
2.233000
4.223000
0.000000
0.028000
0.000000
0.000000
0.000000
0.000000
0.899000
0.000000
0.000000
0.000000
0.784000
2.775000
0.000000
0.000000
0.024000
2.653000
0.000000
0.000000
0.000000
1.985000
6.530000
1.044000
2.298000
2.205000
0.000000
0.257000
4.249000
0.551000
0.000000
5.522000
0.000000
6.983000
0.000000
0.000000
1.007000
2.731000
1.004000
3.040000
6.347000
1.494000
8.555000
0.000000
2.521000
1.757000
0.000000
0.000000
4.855000
1.269000
0.336000
0.000000
0.000000
0.000000
0.478000
0.000000
0.000000
1.298000
0.000000
0.379000
0.000000
0.000000
0.000000
1.253000
3.502000
0.000000
2.424000
0.000000
2.495000
0.000000
2.831000
0.000000
0.144000
0.000000
0.451000
2.370000
2.403000
1.949000
0.000000
0.000000
1.680000
0.000000
0.942000
3.404000
0.000000
0.000000
1.148000
0.000000
2.003000
0.000000
0.000000
0.000000
0.000000
4.405000
3.057000
0.000000
0.000000
0.000000
1.970000
0.516000
1.885000
0.761000
0.564000
2.419000
0.000000
0.000000
10.564000
0.000000
1.134000
0.000000
0.000000
0.902000
0.000000
0.000000
0.879000
0.703000
0.000000
5.993000
1.291000
2.151000
1.429000
0.000000
2.871000
0.000000
0.000000
0.438000
0.000000
0.000000
1.851000
0.000000
4.704000
2.346000
1.489000
0.000000
0.617000
0.000000
0.000000
0.000000
0.000000
0.000000
2.542000
0.000000
0.000000
0.000000
0.000000
0.000000
0.000000
0.267000
1.105000
1.643000
0.280000
2.272000
0.000000
4.941000
0.000000
0.000000
2.842000
3.845000
0.480000
2.789000
0.000000
3.588000
2.358000
0.000000
0.690000
0.000000
4.928000
0.000000
0.000000
0.065000
1.450000
0.000000
3.214000
3.665000
0.000000
0.000000
0.421000
3.880000
1.250000
4.519000
0.000000
3.132000
0.000000
0.000000
0.257000
0.845000
1.951000
1.417000
0.000000
0.217000
5.240000
0.916000
0.000000
0.000000
2.352000
0.000000
0.513000
3.520000
0.000000
0.000000
0.000000
0.000000
2.530000
0.000000
0.000000
0.992000
0.000000
1.079000
0.259000
1.292000
0.000000
5.761000
5.954000
3.222000
0.000000
0.000000
4.373000
0.733000
0.295000
7.471000
0.661000
1.773000
0.263000
3.694000
6.527000
0.000000
2.713000
6.512000
6.314000
4.037000
3.445000
0.811000
3.439000
0.000000
8.597000
4.947000
2.408000
4.720000
4.544000
2.077000
3.677000
5.067000
1.204000
2.318000
10.141000
0.625000
0.000000
3.174000
3.414000
2.942000
4.666000
7.321000
0.000000
0.199000
1.687000
3.972000
0.000000
3.091000
2.430000
0.000000
3.897000
2.932000
3.821000
0.000000
0.250000
1.981000
3.200000
1.908000
2.604000
0.000000
0.000000
0.000000
1.957000
0.000000
0.415000
1.187000
2.849000
1.817000
2.628000
1.113000
1.315000
4.177000
0.000000
1.233000
0.000000
0.000000
0.008000
0.000000
0.000000
0.000000
