11.580000
14.759000
8.127000
10.752000
11.929000
13.440000
15.496000
14.569000
13.972000
4.822000
15.022000
14.412000
12.990000
13.915000
6.957000
10.616000
13.769000
9.942000
11.627000
16.805000
16.348000
9.558000
6.433000
16.853000
16.948000
14.179000
16.948000
10.150000
12.189000
6.569000
11.576000
6.014000
4.971000
11.817000
4.733000
11.167000
12.558000
8.791000
8.790000
8.853000
8.352000
7.775000
13.447000
20.124000
16.578000
4.844000
8.689000
8.517000
7.679000
14.804000
5.601000
10.409000
10.658000
8.495000
14.639000
8.357000
12.158000
8.027000
5.300000
4.861000
7.917000
7.695000
6.820000
14.305000
11.158000
9.058000
12.201000
10.701000
11.453000
15.052000
12.246000
11.817000
9.567000
12.673000
6.059000
10.941000
9.436000
16.238000
8.641000
6.510000
12.082000
10.186000
13.160000
16.870000
14.607000
8.977000
13.981000
10.160000
10.708000
12.177000
9.862000
12.043000
8.931000
12.377000
10.214000
15.720000
6.854000
10.941000
14.247000
7.659000
17.482000
9.830000
12.059000
8.829000
11.748000
4.095000
17.314000
10.147000
7.559000
14.132000
16.383000
14.085000
11.944000
10.808000
5.468000
8.394000
12.278000
4.578000
12.577000
10.044000
8.703000
15.088000
12.930000
10.718000
16.404000
12.931000
5.066000
12.627000
5.826000
15.481000
10.714000
10.583000
5.520000
13.301000
7.124000
14.770000
9.272000
6.701000
7.833000
11.484000
11.336000
10.451000
13.339000
9.901000
7.155000
3.468000
12.048000
7.636000
11.555000
6.544000
9.140000
18.595000
10.983000
11.798000
11.134000
8.385000
15.993000
9.068000
3.184000
15.548000
4.496000
8.760000
12.218000
14.963000
13.692000
14.089000
7.169000
8.684000
12.565000
17.316000
15.445000
12.043000
12.712000
6.828000
5.816000
14.198000
15.519000
14.267000
7.957000
9.536000
14.559000
14.156000
8.527000
11.398000
12.471000
10.303000
10.412000
8.436000
8.448000
17.589000
1.836000
11.615000
9.306000
12.397000
9.174000
3.573000
6.346000
16.586000
13.043000
14.304000
11.547000
12.851000
12.115000
11.726000
9.728000
14.058000
11.978000
10.176000
10.799000
11.428000
7.604000
7.503000
10.211000
11.420000
10.268000
11.333000
10.630000
10.035000
10.561000
10.411000
13.713000
14.224000
6.420000
12.627000
15.919000
10.455000
9.358000
9.984000
13.924000
11.181000
9.080000
5.494000
10.240000
13.766000
11.237000
9.717000
11.043000
11.087000
7.291000
11.819000
14.330000
10.751000
8.563000
13.206000
11.857000
9.458000
4.909000
6.479000
12.030000
7.480000
9.111000
5.571000
13.004000
17.469000
12.262000
12.176000
7.370000
6.615000
6.946000
10.240000
14.414000
8.125000
11.487000
4.751000
13.883000
9.194000
12.150000
12.977000
10.427000
11.645000
6.450000
11.725000
8.618000
15.675000
9.134000
17.298000
11.212000
8.140000
6.618000
11.021000
9.967000
11.628000
15.534000
15.620000
10.656000
6.879000
5.576000
8.872000
14.062000
15.893000
6.531000
14.137000
3.863000
7.764000
13.132000
19.292000
11.350000
12.168000
8.176000
10.535000
9.399000
7.468000
16.286000
11.104000
11.498000
14.799000
8.616000
11.531000
13.656000
9.973000
11.181000
14.632000
5.663000
14.027000
13.813000
14.736000
11.070000
12.153000
10.653000
10.165000
8.654000
8.328000
16.093000
5.014000
10.353000
9.739000
21.158000
17.022000
11.776000
10.176000
10.053000
8.657000
9.427000
12.011000
12.411000
14.064000
11.192000
9.355000
11.486000
8.542000
10.868000
8.507000
12.185000
12.478000
14.162000
11.576000
6.141000
7.777000
10.907000
11.949000
4.368000
11.366000
9.796000
11.625000
12.142000
11.743000
9.852000
15.810000
11.287000
11.873000
14.323000
11.547000
17.167000
11.965000
10.683000
13.476000
16.783000
14.908000
11.740000
17.692000
14.782000
13.252000
8.361000
7.488000
7.566000
15.756000
9.685000
14.595000
9.735000
16.070000
16.191000
12.348000
15.191000
9.352000
1.888000
5.453000
12.495000
6.069000
14.583000
14.803000
9.928000
12.163000
14.545000
13.381000
12.721000
5.006000
11.518000
7.681000
10.289000
12.348000
8.834000
3.278000
12.580000
11.924000
14.844000
4.034000
8.849000
11.532000
14.646000
5.842000
11.891000
11.579000
8.944000
10.883000
9.733000
10.732000
10.164000
8.264000
15.384000
11.986000
10.797000
7.466000
12.323000
11.105000
11.088000
10.503000
5.174000
4.632000
10.391000
11.084000
10.696000
10.254000
14.126000
2.997000
6.031000
9.998000
10.011000
11.341000
8.661000
10.763000
10.902000
13.899000
16.673000
13.542000
13.118000
10.250000
6.629000
12.536000
10.764000
8.459000
11.373000
15.119000
13.611000
4.977000
10.810000
15.376000
10.861000
14.650000
5.270000
11.191000
14.143000
12.961000
3.321000
13.026000
10.512000
1.150000
7.735000
11.791000
3.510000
8.190000
12.869000
11.402000
11.857000
3.039000
4.907000
7.677000
13.149000
14.496000
8.460000
13.025000
6.177000
5.123000
5.860000
10.728000
12.142000
10.589000
4.250000
14.639000
6.733000
3.952000
3.961000
7.153000
4.013000
14.023000
6.540000
5.634000
7.972000
2.525000
9.512000
9.271000
5.931000
18.725000
5.405000
4.286000
8.432000
3.525000
10.125000
16.092000
4.481000
3.771000
6.089000
7.420000
7.458000
5.728000
5.597000
6.758000
10.612000
8.692000
3.280000
2.766000
6.261000
13.506000
2.758000
5.259000
7.503000
13.221000
3.544000
7.778000
13.293000
6.632000
3.775000
9.712000
15.644000
2.024000
4.352000
13.159000
8.292000
6.278000
12.230000
5.182000
2.215000
10.624000
7.010000
9.923000
6.570000
8.119000
10.645000
13.387000
10.998000
11.885000
12.532000
11.961000
12.908000
14.233000
10.099000
10.409000
8.285000
10.016000
14.316000
10.679000
6.530000
5.281000
10.390000
3.961000
12.320000
5.348000
12.597000
8.374000
4.059000
4.948000
16.283000
17.249000
9.713000
13.974000
6.527000
6.254000
9.083000
6.403000
16.139000
11.264000
15.124000
11.492000
16.651000
7.803000
7.653000
6.552000
12.811000
13.668000
12.234000
12.607000
8.446000
11.977000
3.105000
3.285000
12.450000
13.649000
4.771000
15.332000
10.623000
11.532000
5.052000
14.923000
8.325000
11.835000
11.322000
10.429000
10.954000
6.689000
10.047000
5.891000
15.120000
11.981000
12.426000
4.593000
10.888000
5.013000
15.940000
8.241000
19.013000
14.889000
4.645000
16.948000
11.308000
17.672000
13.243000
5.469000
7.742000
12.410000
10.993000
13.826000
13.453000
5.197000
6.420000
16.656000
14.695000
1.866000
10.375000
7.584000
8.756000
4.883000
6.643000
6.489000
12.924000
14.315000
6.076000
19.489000
7.737000
14.276000
15.578000
15.590000
3.221000
4.533000
11.237000
12.544000
3.038000
3.508000
12.153000
8.660000
20.109000
13.747000
15.716000
10.902000
1.181000
7.453000
13.502000
9.164000
11.263000
11.627000
11.330000
15.532000
14.918000
15.878000
19.910000
5.598000
11.404000
3.813000
9.092000
20.960000
7.534000
10.768000
10.754000
16.083000
9.406000
8.013000
12.025000
16.630000
7.781000
11.725000
11.295000
13.974000
8.969000
14.984000
12.100000
11.952000
11.722000
10.588000
9.664000
17.229000
12.632000
7.059000
13.614000
14.331000
9.080000
15.480000
7.556000
17.561000
8.888000
21.524000
15.093000
17.043000
14.733000
14.993000
20.144000
12.829000
9.225000
11.344000
14.183000
9.924000
9.785000
14.305000
13.663000
10.294000
17.898000
8.712000
4.634000
11.647000
15.396000
16.320000
15.857000
16.238000
5.574000
15.396000
17.915000
7.281000
17.803000
4.486000
18.748000
16.176000
20.842000
10.410000
9.579000
16.371000
14.445000
18.269000
15.025000
12.010000
5.913000
11.563000
16.950000
11.743000
12.812000
15.022000
11.195000
16.983000
17.663000
10.884000
13.578000
12.484000
9.781000
14.740000
14.181000
17.748000
4.878000
12.946000
21.797000
7.756000
10.083000
5.095000
14.488000
12.139000
15.047000
14.674000
20.803000
16.173000
12.721000
11.716000
8.963000
10.664000
5.052000
14.265000
7.113000
9.031000
5.089000
7.744000
11.343000
11.702000
6.817000
9.031000
5.469000
7.696000
11.778000
14.052000
12.711000
13.487000
5.393000
7.024000
6.432000
11.710000
14.439000
16.155000
12.405000
11.103000
6.617000
11.185000
8.527000
12.584000
8.367000
9.079000
12.391000
14.978000
21.306000
10.601000
5.267000
9.795000
11.076000
12.011000
8.682000
17.796000
8.816000
10.799000
13.000000
9.607000
17.947000
12.192000
11.386000
7.488000
11.413000
13.844000
8.840000
4.834000
10.078000
12.555000
8.492000
5.657000
13.753000
16.673000
13.970000
10.310000
11.137000
11.540000
10.605000
11.622000
23.099000
14.929000
10.728000
5.221000
8.941000
12.086000
11.103000
11.481000
8.485000
15.509000
12.151000
10.364000
11.198000
15.267000
15.965000
10.202000
8.897000
7.628000
9.335000
20.635000
15.157000
7.175000
17.294000
6.809000
11.892000
13.307000
10.140000
7.799000
11.419000
11.406000
12.279000
8.272000
12.406000
19.134000
14.165000
8.107000
14.930000
14.845000
20.088000
26.585000
9.402000
15.433000
10.897000
9.731000
5.344000
6.997000
16.280000
14.299000
6.337000
9.583000
11.570000
16.858000
15.019000
13.032000
13.355000
10.804000
11.871000
13.623000
16.285000
18.505000
12.563000
15.220000
13.835000
15.270000
13.508000
21.280000
11.497000
22.500000
10.093000
14.318000
16.399000
13.372000
7.888000
12.877000
16.917000
16.534000
16.086000
5.650000
13.643000
11.724000
14.780000
15.868000
13.833000
12.900000
9.423000
12.526000
17.373000
11.945000
12.232000
14.001000
14.808000
13.778000
15.634000
16.194000
14.337000
18.173000
17.685000
12.744000
14.834000
9.128000
11.930000
15.525000
11.281000
14.753000
6.363000
7.135000
15.812000
9.122000
8.899000
14.271000
5.109000
16.226000
11.976000
8.071000
13.443000
8.920000
11.208000
12.409000
7.804000
7.205000
11.624000
14.116000
14.483000
9.717000
13.555000
16.448000
12.731000
9.353000
15.044000
13.616000
11.771000
18.106000
11.394000
9.026000
17.486000
12.786000
8.809000
7.472000
17.246000
13.868000
17.087000
10.583000
12.116000
6.874000
17.366000
24.000000
11.261000
11.325000
13.156000
15.276000
8.367000
16.241000
23.085000
12.100000
10.789000
14.038000
18.103000
6.776000
19.043000
8.719000
10.194000
14.668000
11.473000
9.090000
7.521000
11.688000
5.877000
12.941000
10.768000
15.459000
10.982000
13.604000
10.601000
10.621000
12.586000
8.509000
17.296000
9.998000
10.301000
17.992000
9.866000
16.382000
11.964000
16.053000
13.709000
18.234000
21.284000
12.318000
14.040000
21.128000
5.783000
20.003000
15.861000
17.021000
15.659000
7.937000
13.602000
12.889000
9.916000
10.759000
10.168000
9.327000
13.855000
10.284000
10.380000
11.035000
17.072000
14.522000
12.022000
11.587000
25.267000
16.696000
17.826000
13.751000
14.064000
16.579000
11.530000
11.978000
14.319000
10.473000
10.168000
11.031000
12.951000
13.311000
7.575000
10.313000
13.953000
16.383000
16.298000
10.606000
12.563000
23.989000
19.004000
11.522000
11.906000
10.863000
12.571000
19.432000
18.071000
18.288000
13.118000
15.679000
11.629000
7.224000
13.887000
13.925000
12.975000
10.614000
12.784000
17.052000
8.423000
13.831000
7.506000
14.570000
15.081000
14.328000
12.254000
13.109000
9.256000
17.187000
13.215000
12.703000
12.716000
10.445000
17.782000
9.937000
10.619000
12.714000
15.249000
15.106000
11.909000
13.280000
13.238000
15.048000
16.989000
14.077000
14.767000
10.583000
4.898000
12.753000
16.990000
9.947000
16.396000
6.962000
10.962000
6.521000
16.068000
11.666000
16.734000
12.845000
12.596000
11.947000
12.379000
4.567000
11.761000
15.259000
14.692000
20.808000
15.513000
16.695000
14.659000
11.487000
14.164000
12.420000
17.561000
8.255000
10.770000
12.154000
14.252000
16.798000
10.242000
10.316000
23.488000
10.730000
18.262000
15.460000
8.963000
20.064000
7.707000
8.654000
21.938000
19.015000
10.874000
14.566000
10.530000
11.335000
15.249000
11.253000
14.553000
22.918000
11.691000
5.898000
14.075000
17.259000
23.053000
11.957000
10.232000
8.975000
20.110000
11.101000
11.874000
15.198000
10.742000
7.301000
6.368000
8.691000
8.343000
13.961000
13.277000
21.412000
4.630000
9.573000
7.738000
10.985000
16.383000
12.550000
12.524000
11.539000
6.364000
11.579000
13.644000
11.318000
19.180000
18.925000
16.959000
14.931000
9.647000
11.308000
14.351000
12.093000
11.344000
5.856000
11.761000
15.776000
17.564000
5.063000
11.202000
14.289000
12.123000
14.074000
14.978000
11.154000
7.449000
16.916000
9.367000
19.082000
17.743000
12.440000
22.346000
11.095000
15.720000
17.480000
20.634000
9.410000
18.906000
15.915000
12.443000
17.049000
12.317000
17.258000
9.478000
19.460000
16.617000
18.774000
9.890000
17.759000
11.686000
14.936000
13.583000
19.444000
23.729000
20.011000
15.160000
15.936000
18.314000
8.913000
16.756000
9.462000
16.105000
14.123000
15.123000
27.565000
9.391000
18.845000
11.186000
17.207000
13.496000
21.476000
10.196000
9.549000
20.436000
19.788000
12.378000
9.888000
8.464000
18.625000
12.855000
12.584000
20.516000
15.807000
4.378000
15.004000
13.359000
9.440000
16.916000
14.286000
7.035000
19.993000
15.006000
21.419000
19.545000
13.203000
16.651000
18.435000
8.767000
16.829000
9.869000
19.390000
14.367000
17.714000
17.556000
15.265000
16.350000
18.716000
14.541000
15.965000
16.096000
13.284000
8.795000
15.687000
14.489000
14.941000
18.449000
21.757000
11.845000
17.255000
23.733000
7.083000
13.292000
17.636000
20.895000
12.471000
21.933000
16.391000
20.836000
12.256000
18.156000
15.947000
11.626000
15.146000
8.240000
15.174000
14.353000
20.798000
17.937000
18.541000
12.891000
14.279000
6.966000
14.977000
19.877000
18.125000
19.174000
14.681000
12.905000
8.798000
17.764000
17.765000
15.876000
15.882000
17.817000
18.288000
14.886000
21.362000
11.568000
12.173000
24.076000
19.060000
16.888000
16.418000
8.524000
15.442000
14.080000
17.373000
12.540000
17.587000
5.033000
15.795000
20.739000
12.820000
17.837000
19.054000
9.217000
16.346000
8.204000
11.175000
16.037000
9.351000
11.537000
14.064000
20.475000
12.165000
11.667000
15.701000
13.102000
12.235000
11.851000
19.094000
10.195000
10.078000
6.293000
9.255000
14.549000
17.607000
16.366000
8.589000
15.899000
12.811000
12.919000
22.308000
6.121000
22.966000
15.222000
15.547000
16.596000
15.533000
16.530000
7.794000
16.668000
19.114000
13.267000
11.129000
13.074000
14.378000
13.037000
18.771000
19.079000
11.597000
10.448000
17.519000
11.951000
11.905000
8.218000
7.604000
12.145000
11.788000
19.907000
14.429000
19.025000
19.072000
15.735000
16.759000
15.679000
15.203000
15.127000
12.630000
14.888000
10.100000
21.540000
15.408000
13.967000
12.556000
14.805000
21.661000
13.541000
13.466000
18.713000
25.605000
6.393000
17.602000
16.621000
16.252000
12.264000
16.111000
11.502000
13.754000
10.536000
14.220000
18.325000
10.440000
14.286000
13.431000
12.929000
18.230000
13.435000
13.585000
12.180000
19.209000
19.420000
9.548000
11.763000
17.461000
12.352000
12.299000
13.536000
9.827000
15.124000
10.996000
13.033000
20.188000
15.419000
15.310000
7.977000
12.399000
21.263000
8.116000
16.075000
7.455000
20.381000
20.723000
11.140000
17.395000
19.180000
8.468000
11.553000
15.345000
22.146000
19.224000
12.011000
16.160000
22.682000
7.891000
16.433000
13.399000
15.763000
11.475000
24.408000
13.666000
16.285000
14.112000
15.830000
12.884000
11.411000
20.413000
7.372000
7.715000
13.067000
14.214000
8.697000
12.308000
12.759000
12.484000
16.489000
9.927000
25.961000
11.776000
8.065000
14.446000
16.745000
10.112000
8.259000
10.550000
13.298000
11.549000
9.807000
9.867000
13.896000
12.757000
11.086000
9.054000
12.513000
12.838000
10.558000
8.871000
11.464000
7.564000
13.711000
15.613000
10.993000
20.063000
12.090000
13.677000
16.563000
17.103000
3.888000
15.520000
23.642000
9.085000
10.144000
14.313000
10.275000
17.611000
11.633000
9.964000
12.218000
17.625000
11.513000
11.953000
9.457000
11.726000
19.090000
13.949000
13.843000
13.112000
10.176000
15.785000
11.056000
11.877000
10.272000
16.320000
8.627000
15.977000
13.927000
8.098000
7.674000
10.272000
13.314000
14.060000
11.386000
10.080000
13.917000
14.250000
16.427000
10.269000
17.015000
10.068000
9.801000
11.798000
9.344000
8.845000
13.333000
11.918000
10.516000
7.853000
16.278000
13.075000
24.267000
13.746000
11.414000
14.508000
17.545000
13.545000
9.724000
10.275000
12.348000
18.509000
16.828000
10.526000
8.699000
15.296000
10.188000
20.582000
10.982000
20.821000
9.049000
9.881000
16.361000
9.343000
20.184000
11.161000
7.364000
7.858000
6.950000
11.944000
16.035000
11.032000
12.689000
11.736000
8.263000
14.210000
9.440000
8.882000
10.664000
9.687000
8.666000
12.132000
7.674000
15.829000
15.328000
9.761000
17.144000
9.382000
8.145000
12.911000
14.294000
13.152000
10.266000
16.501000
13.673000
12.308000
12.352000
11.633000
14.691000
16.828000
22.166000
6.925000
11.020000
5.970000
11.654000
13.793000
13.243000
15.704000
9.512000
13.422000
15.180000
14.330000
22.061000
11.001000
10.693000
5.522000
15.285000
7.066000
9.053000
17.716000
17.261000
14.486000
15.867000
16.969000
17.191000
7.943000
14.195000
15.914000
9.846000
16.831000
16.282000
9.052000
7.936000
19.283000
15.236000
16.822000
10.082000
12.843000
8.934000
15.193000
13.692000
20.187000
15.763000
8.139000
10.895000
8.651000
13.038000
12.524000
12.936000
6.498000
7.713000
11.092000
13.762000
8.907000
14.312000
13.396000
15.316000
12.202000
12.245000
13.865000
15.377000
12.754000
15.124000
14.147000
9.110000
13.133000
9.861000
16.008000
11.558000
17.623000
9.895000
14.739000
14.552000
10.724000
14.614000
9.924000
14.347000
11.826000
15.273000
17.256000
11.774000
4.452000
9.853000
15.100000
11.071000
13.494000
8.420000
19.761000
14.606000
19.734000
0.524000
12.086000
11.781000
9.181000
6.959000
11.361000
9.753000
15.456000
10.141000
18.836000
17.067000
14.488000
10.865000
14.186000
7.846000
1.590000
8.978000
16.381000
7.837000
10.101000
12.227000
13.442000
13.394000
11.943000
3.183000
6.154000
11.034000
13.873000
10.415000
7.437000
7.730000
7.787000
10.855000
11.238000
11.999000
10.191000
10.908000
11.866000
9.938000
6.046000
16.550000
8.509000
8.605000
3.414000
6.311000
10.950000
8.793000
17.980000
17.918000
8.558000
7.333000
9.357000
16.826000
9.479000
12.961000
8.062000
12.184000
9.897000
10.020000
1.651000
11.363000
4.506000
3.191000
4.093000
8.437000
12.816000
13.485000
14.329000
9.115000
3.153000
12.343000
4.481000
8.986000
11.286000
8.021000
4.431000
11.560000
8.432000
11.809000
10.440000
6.515000
7.001000
12.472000
7.728000
9.006000
12.888000
3.829000
6.155000
11.450000
18.083000
16.690000
6.258000
6.724000
8.505000
5.933000
13.858000
13.258000
13.426000
8.248000
6.000000
5.518000
13.097000
15.790000
11.481000
19.406000
10.174000
13.908000
11.561000
11.760000
6.387000
5.803000
9.464000
13.466000
6.492000
13.010000
16.780000
10.766000
11.515000
12.265000
9.487000
6.501000
9.973000
11.732000
8.874000
3.974000
17.141000
8.101000
9.198000
12.678000
11.248000
9.947000
7.750000
8.069000
3.905000
16.111000
15.355000
14.545000
18.349000
9.377000
12.678000
8.800000
12.422000
4.633000
13.527000
6.727000
13.913000
15.292000
8.741000
10.095000
8.653000
8.454000
3.023000
10.737000
13.456000
11.023000
10.314000
14.900000
7.240000
8.763000
8.458000
11.724000
15.189000
9.039000
15.181000
16.714000
6.951000
13.680000
11.412000
8.363000
13.731000
9.228000
15.136000
5.746000
12.747000
9.473000
11.427000
12.147000
15.569000
11.021000
6.584000
7.985000
13.631000
5.092000
9.406000
5.100000
3.156000
8.151000
16.645000
10.236000
10.908000
8.669000
18.849000
8.075000
21.928000
8.932000
9.323000
15.045000
16.050000
15.690000
12.682000
17.213000
17.582000
13.767000
11.401000
9.074000
7.352000
15.473000
14.554000
8.442000
10.693000
7.496000
10.895000
16.060000
8.981000
11.932000
8.316000
13.959000
9.783000
5.130000
7.683000
21.882000
15.228000
13.487000
13.189000
10.489000
11.976000
10.910000
17.593000
17.594000
15.521000
5.837000
7.691000
15.041000
10.510000
4.729000
12.255000
12.926000
13.718000
17.021000
13.376000
12.848000
10.080000
13.497000
19.238000
8.118000
20.204000
12.100000
8.995000
11.547000
15.810000
15.130000
13.016000
17.352000
15.911000
10.981000
9.991000
4.329000
0.000000
9.067000
14.329000
12.656000
4.971000
8.019000
7.128000
11.856000
10.554000
13.537000
11.261000
16.915000
8.058000
8.736000
9.044000
14.671000
11.833000
11.913000
10.572000
14.226000
12.079000
7.150000
12.485000
12.000000
15.110000
16.508000
16.150000
10.397000
8.622000
15.946000
6.494000
11.263000
12.569000
17.952000
11.274000
8.478000
13.032000
13.983000
9.280000
9.231000
13.132000
11.295000
11.870000
14.303000
9.472000
13.549000
2.794000
6.731000
10.071000
5.611000
7.138000
15.614000
9.159000
8.878000
12.868000
10.923000
13.379000
4.444000
18.043000
7.975000
16.775000
13.729000
14.141000
4.038000
11.651000
15.976000
8.954000
11.647000
17.660000
11.737000
18.021000
12.453000
13.275000
11.030000
9.825000
8.151000
11.961000
16.728000
16.448000
4.917000
10.654000
17.088000
11.062000
13.732000
0.000000
1.544000
9.476000
12.377000
10.390000
14.565000
8.899000
8.786000
10.755000
20.614000
12.832000
4.331000
18.719000
12.891000
6.963000
9.501000
15.639000
11.374000
15.645000
0.000000
7.717000
10.938000
8.888000
0.000000
11.461000
24.018000
13.199000
8.219000
16.233000
9.571000
12.281000
10.644000
9.781000
5.773000
0.000000
8.902000
13.876000
8.819000
3.071000
0.000000
0.000000
16.457000
13.932000
12.523000
16.900000
12.188000
11.985000
6.168000
7.265000
13.272000
9.178000
15.371000
13.633000
7.591000
0.223000
0.000000
13.010000
18.884000
0.000000
18.008000
14.162000
0.620000
11.774000
0.662000
5.629000
12.053000
14.944000
0.087000
16.092000
12.077000
0.000000
0.000000
13.099000
10.422000
11.529000
9.952000
1.603000
0.000000
4.886000
0.000000
0.000000
6.806000
1.989000
14.712000
10.173000
0.000000
0.000000
8.248000
6.112000
10.183000
0.000000
0.000000
2.309000
0.000000
0.000000
3.052000
0.304000
8.142000
13.952000
0.000000
0.000000
0.000000
2.293000
0.000000
0.000000
15.855000
12.275000
0.000000
0.282000
2.974000
12.054000
1.155000
9.344000
4.285000
13.785000
0.000000
0.000000
15.319000
11.846000
0.000000
10.723000
4.759000
5.251000
0.000000
3.133000
1.178000
10.863000
21.342000
17.502000
17.598000
0.682000
4.928000
15.010000
12.745000
8.311000
16.885000
6.404000
8.331000
17.823000
20.428000
0.506000
0.000000
15.216000
3.460000
15.796000
7.494000
0.000000
0.000000
5.289000
0.000000
0.607000
9.037000
2.143000
14.891000
1.197000
0.000000
0.000000
8.816000
0.000000
10.772000
16.257000
0.000000
9.108000
10.265000
0.000000
15.973000
12.407000
11.200000
8.279000
10.084000
0.000000
4.862000
7.669000
10.304000
12.942000
2.350000
17.015000
9.602000
17.954000
7.208000
15.622000
0.000000
0.000000
9.278000
0.000000
0.952000
0.000000
11.887000
0.164000
9.613000
9.999000
1.370000
4.498000
3.336000
7.534000
3.778000
5.079000
6.390000
5.037000
6.720000
14.642000
3.353000
0.000000
19.011000
11.349000
0.000000
13.301000
0.000000
0.000000
8.941000
8.755000
0.000000
3.297000
15.732000
4.654000
11.676000
6.016000
14.530000
10.242000
10.974000
0.000000
12.300000
7.536000
19.340000
7.380000
0.000000
8.926000
8.547000
0.000000
6.343000
12.217000
7.422000
9.725000
11.155000
0.000000
1.814000
20.773000
21.340000
15.269000
9.351000
1.477000
13.581000
15.091000
15.423000
7.377000
4.322000
6.237000
7.987000
21.424000
0.000000
5.397000
0.000000
0.000000
0.049000
11.884000
12.112000
10.149000
19.130000
7.355000
4.726000
11.993000
22.414000
5.989000
14.606000
5.289000
5.145000
10.856000
3.468000
25.183000
0.000000
4.582000
8.918000
14.936000
6.206000
11.324000
2.106000
0.413000
12.373000
8.232000
4.034000
0.913000
0.000000
5.243000
18.577000
4.240000
4.793000
6.350000
7.695000
3.346000
10.385000
18.559000
6.503000
22.335000
10.092000
1.812000
9.418000
16.762000
16.358000
6.598000
5.509000
6.480000
2.161000
6.958000
5.770000
13.128000
8.599000
10.696000
8.318000
2.928000
0.520000
9.416000
10.710000
4.245000
6.451000
7.875000
9.152000
0.668000
11.810000
10.536000
4.190000
0.668000
6.284000
8.642000
7.785000
8.308000
6.108000
11.568000
3.114000
12.444000
10.028000
2.288000
18.895000
6.608000
20.822000
4.594000
9.355000
6.104000
9.242000
8.034000
0.000000
10.727000
8.753000
1.606000
6.781000
13.973000
13.167000
11.157000
2.144000
4.727000
17.849000
0.267000
11.681000
0.000000
0.000000
1.902000
6.965000
8.598000
6.161000
2.010000
3.881000
3.499000
4.361000
1.909000
1.353000
0.000000
7.645000
14.261000
15.490000
13.386000
5.116000
4.983000
6.340000
0.000000
2.377000
3.481000
0.000000
13.763000
7.110000
5.391000
5.449000
4.750000
9.965000
21.024000
6.873000
1.920000
6.332000
17.964000
0.551000
5.228000
10.935000
5.775000
6.665000
0.000000
0.534000
12.506000
1.214000
16.578000
10.958000
3.474000
0.000000
15.214000
7.910000
5.287000
5.060000
0.000000
3.689000
11.773000
0.000000
3.612000
0.000000
0.719000
3.259000
9.514000
20.989000
17.605000
0.357000
2.232000
11.639000
0.000000
0.000000
4.131000
11.800000
0.000000
0.431000
3.161000
1.755000
0.175000
0.000000
13.818000
1.731000
10.676000
0.887000
0.000000
4.544000
6.087000
14.500000
0.000000
6.620000
13.952000
14.497000
3.013000
7.533000
4.997000
14.618000
7.739000
2.337000
8.699000
1.949000
1.944000
14.803000
17.045000
15.128000
0.000000
11.201000
8.181000
7.793000
5.490000
0.000000
8.932000
15.774000
19.256000
5.231000
15.248000
6.914000
0.544000
6.796000
11.587000
12.235000
0.000000
13.357000
10.144000
5.666000
6.534000
15.027000
17.350000
16.124000
6.328000
7.230000
3.571000
6.746000
7.500000
1.493000
2.338000
6.940000
1.962000
24.293000
15.264000
4.832000
13.505000
9.685000
11.872000
11.873000
13.911000
11.740000
0.324000
0.673000
0.000000
6.753000
8.808000
3.910000
12.194000
2.044000
13.613000
15.299000
16.362000
0.000000
0.000000
9.997000
3.924000
3.617000
9.847000
11.965000
22.243000
17.318000
6.737000
4.314000
14.758000
5.232000
3.897000
15.523000
16.963000
11.440000
2.573000
4.283000
7.711000
14.101000
9.186000
6.820000
0.000000
2.200000
15.912000
13.767000
11.482000
0.000000
1.858000
17.249000
9.587000
7.301000
5.709000
0.780000
3.181000
15.963000
3.126000
1.497000
3.119000
1.438000
6.171000
4.167000
6.442000
1.729000
0.000000
2.217000
3.591000
9.602000
2.915000
4.986000
5.280000
4.354000
1.061000
4.270000
15.468000
0.000000
4.574000
5.917000
15.189000
5.621000
12.171000
0.233000
5.914000
3.651000
17.998000
3.321000
6.822000
2.649000
5.874000
3.362000
3.591000
2.347000
8.675000
19.709000
4.036000
4.385000
1.429000
14.744000
12.089000
4.214000
2.490000
9.631000
8.592000
4.712000
7.240000
13.058000
5.919000
9.440000
13.500000
10.256000
5.397000
7.958000
3.784000
5.995000
13.465000
3.422000
5.453000
13.558000
4.888000
12.735000
14.118000
13.091000
8.447000
5.589000
5.594000
8.304000
5.212000
6.414000
7.952000
6.909000
9.021000
15.658000
10.690000
6.608000
11.396000
9.171000
19.828000
12.671000
9.667000
11.996000
5.885000
13.319000
6.365000
7.100000
10.623000
8.669000
4.884000
4.490000
4.506000
10.675000
10.918000
11.474000
9.136000
15.050000
4.326000
3.493000
17.316000
12.553000
3.119000
11.518000
6.620000
8.956000
8.128000
5.564000
2.942000
14.713000
13.511000
0.000000
9.961000
11.652000
3.254000
7.137000
7.363000
5.427000
0.000000
3.983000
6.153000
4.467000
6.412000
12.130000
7.592000
18.555000
3.858000
15.413000
6.319000
19.454000
9.466000
7.631000
5.835000
8.168000
6.534000
11.962000
9.813000
7.838000
8.404000
14.223000
6.361000
6.750000
3.635000
8.776000
5.543000
9.521000
10.118000
5.610000
8.246000
2.828000
16.210000
8.625000
6.663000
3.030000
8.855000
10.046000
2.490000
7.929000
7.115000
10.290000
5.832000
13.564000
8.054000
7.804000
8.154000
9.618000
6.036000
3.580000
0.000000
10.115000
8.695000
7.086000
5.333000
13.577000
17.874000
3.606000
8.499000
5.809000
18.190000
5.322000
5.648000
20.408000
7.239000
3.357000
5.464000
14.608000
3.320000
9.494000
9.543000
7.832000
2.532000
6.707000
0.000000
8.326000
15.102000
11.515000
5.609000
10.884000
5.765000
3.987000
6.282000
7.443000
9.050000
12.710000
5.649000
15.814000
18.132000
2.424000
11.257000
9.596000
4.502000
7.084000
5.202000
3.241000
6.335000
9.122000
10.459000
10.377000
7.551000
5.649000
7.625000
2.736000
6.150000
19.994000
2.419000
7.451000
8.743000
8.354000
4.409000
6.347000
10.292000
7.698000
1.947000
6.140000
13.494000
3.840000
4.595000
9.674000
11.469000
13.163000
7.626000
6.331000
5.522000
6.696000
5.493000
2.927000
1.596000
13.112000
4.741000
5.889000
10.014000
9.655000
9.914000
5.811000
8.033000
11.637000
7.838000
11.490000
4.739000
14.438000
13.052000
6.142000
6.524000
3.377000
7.453000
5.524000
5.139000
10.062000
4.041000
6.580000
5.167000
14.338000
5.329000
4.082000
6.559000
17.205000
12.613000
9.497000
4.659000
10.887000
9.997000
13.124000
9.819000
13.491000
9.471000
10.876000
5.244000
6.143000
5.843000
11.470000
5.118000
1.455000
9.443000
15.748000
2.828000
9.069000
3.770000
6.732000
13.654000
6.681000
5.863000
6.344000
7.900000
4.076000
9.743000
13.277000
9.175000
5.618000
8.720000
15.795000
13.737000
10.529000
5.893000
8.671000
8.227000
5.755000
11.277000
13.619000
5.973000
3.957000
7.295000
8.244000
11.355000
10.245000
8.728000
5.021000
5.199000
7.190000
14.383000
10.352000
6.966000
10.417000
15.198000
9.029000
5.870000
10.008000
15.317000
4.440000
7.093000
14.778000
6.053000
16.205000
8.880000
9.959000
11.816000
1.330000
9.255000
1.254000
4.736000
10.945000
12.538000
14.086000
13.419000
8.602000
17.687000
15.007000
8.630000
4.291000
6.700000
13.708000
12.394000
7.792000
11.327000
4.608000
8.720000
8.981000
13.641000
7.752000
10.761000
7.399000
7.367000
4.940000
8.506000
10.686000
7.864000
12.501000
13.577000
6.675000
18.187000
7.067000
6.121000
9.881000
9.364000
9.147000
6.783000
4.399000
8.656000
10.704000
7.017000
13.394000
7.932000
13.271000
8.525000
8.376000
8.531000
3.501000
12.550000
14.284000
7.434000
2.530000
14.780000
15.269000
8.861000
7.004000
7.461000
18.028000
8.426000
14.682000
8.036000
10.881000
8.269000
12.135000
12.572000
12.632000
4.857000
8.033000
8.709000
7.126000
14.934000
14.154000
10.054000
11.035000
10.533000
16.617000
14.014000
4.948000
7.006000
5.367000
5.278000
9.909000
7.548000
8.578000
8.101000
15.533000
6.196000
12.883000
5.788000
9.452000
4.669000
9.074000
18.962000
7.805000
16.715000
4.813000
8.281000
3.347000
14.156000
9.104000
7.829000
7.321000
10.214000
12.146000
5.717000
9.617000
6.215000
11.005000
12.452000
7.767000
6.577000
9.289000
6.829000
13.347000
4.348000
8.469000
12.658000
7.213000
12.680000
13.948000
13.232000
3.444000
13.919000
10.402000
8.592000
15.944000
5.872000
16.769000
5.926000
11.963000
12.187000
3.285000
9.061000
9.530000
2.279000
10.237000
8.037000
12.081000
14.175000
13.023000
15.258000
9.309000
10.909000
3.592000
8.244000
6.517000
9.032000
4.859000
6.805000
11.362000
12.160000
6.796000
10.009000
2.642000
11.875000
14.473000
12.302000
11.883000
6.391000
8.950000
6.810000
12.369000
3.929000
10.253000
5.807000
16.883000
9.806000
6.021000
12.649000
5.843000
11.179000
9.203000
9.485000
10.299000
14.819000
3.471000
8.147000
6.713000
16.997000
13.883000
15.295000
8.805000
8.684000
8.168000
8.702000
14.728000
8.428000
8.402000
7.209000
8.335000
8.181000
12.585000
8.761000
13.076000
7.751000
9.785000
7.592000
12.509000
16.556000
14.058000
3.309000
10.055000
12.546000
8.970000
4.784000
10.773000
7.348000
5.214000
16.179000
13.272000
12.229000
18.292000
12.491000
16.952000
8.456000
11.239000
15.278000
6.318000
19.318000
10.094000
5.517000
13.317000
10.441000
4.898000
10.264000
8.080000
8.364000
8.823000
9.355000
6.007000
12.935000
10.876000
4.915000
4.800000
9.239000
10.413000
18.258000
4.866000
6.776000
5.558000
12.610000
23.881000
9.340000
6.110000
9.178000
7.307000
5.596000
9.873000
9.960000
5.117000
9.590000
8.835000
14.888000
12.569000
15.998000
6.321000
2.755000
12.722000
16.954000
2.224000
4.801000
7.169000
13.433000
5.386000
6.621000
5.552000
7.562000
9.122000
12.736000
10.303000
7.909000
3.530000
10.319000
11.239000
5.395000
12.346000
6.780000
13.819000
8.541000
14.397000
11.769000
14.763000
9.309000
13.143000
5.579000
6.742000
2.897000
18.061000
9.991000
9.388000
13.327000
12.656000
8.315000
16.889000
15.401000
4.362000
7.900000
17.440000
8.363000
7.137000
15.911000
3.694000
9.045000
15.477000
7.775000
19.746000
9.340000
7.886000
7.240000
12.248000
8.507000
11.472000
3.082000
9.103000
8.310000
3.020000
15.429000
3.649000
9.831000
5.705000
13.121000
8.668000
10.654000
6.302000
5.249000
7.717000
7.894000
5.084000
18.879000
12.098000
8.693000
10.406000
5.692000
5.301000
9.970000
7.634000
4.854000
8.987000
10.086000
6.543000
5.296000
17.348000
7.500000
6.562000
3.391000
4.663000
9.992000
7.436000
9.154000
10.012000
5.764000
18.082000
6.596000
11.736000
9.173000
7.470000
5.136000
11.346000
10.497000
11.413000
9.125000
8.232000
7.722000
11.051000
6.604000
4.881000
4.699000
7.597000
7.072000
5.963000
1.944000
5.215000
6.152000
4.269000
9.876000
4.167000
7.519000
12.338000
7.971000
5.594000
12.406000
9.373000
16.445000
7.801000
9.405000
8.611000
4.659000
5.209000
10.479000
13.829000
10.941000
9.295000
12.348000
5.173000
2.101000
10.356000
8.785000
3.697000
10.526000
13.548000
4.148000
12.686000
11.967000
7.829000
8.858000
11.234000
7.460000
12.480000
3.076000
11.049000
4.729000
8.427000
5.723000
4.517000
12.814000
3.929000
6.291000
8.663000
10.578000
9.478000
13.175000
8.911000
9.634000
8.693000
9.994000
8.326000
5.384000
10.660000
3.807000
11.137000
2.249000
6.620000
13.450000
8.876000
16.325000
3.430000
7.191000
7.257000
13.754000
4.312000
7.010000
6.517000
1.575000
7.759000
2.262000
10.115000
8.748000
5.822000
1.357000
14.548000
7.339000
7.439000
8.195000
10.228000
9.401000
12.575000
9.032000
11.660000
10.393000
2.038000
9.657000
16.473000
6.707000
9.124000
7.670000
9.570000
9.008000
7.490000
1.424000
10.409000
3.894000
9.935000
4.084000
13.154000
8.727000
8.371000
8.922000
7.065000
6.574000
10.345000
8.254000
11.946000
12.941000
5.016000
4.642000
8.395000
7.077000
11.210000
8.958000
6.030000
4.538000
11.237000
8.023000
11.329000
8.388000
2.879000
7.236000
15.780000
8.472000
3.527000
7.068000
13.533000
9.879000
7.534000
6.305000
9.472000
4.793000
7.862000
9.021000
11.124000
8.657000
4.943000
6.322000
7.560000
15.452000
6.736000
12.805000
10.627000
9.536000
16.026000
7.451000
8.351000
7.929000
7.898000
4.465000
5.866000
13.024000
17.669000
13.789000
9.402000
5.289000
16.546000
5.982000
9.908000
4.321000
6.911000
6.167000
5.308000
6.879000
5.252000
8.149000
6.180000
7.610000
15.992000
6.224000
10.418000
3.902000
5.543000
6.717000
7.362000
5.046000
6.398000
8.711000
11.140000
18.261000
5.577000
10.693000
10.340000
2.550000
4.115000
6.313000
11.962000
5.959000
5.171000
10.758000
5.795000
4.410000
7.612000
5.644000
9.641000
6.852000
10.332000
7.951000
11.156000
8.580000
12.095000
8.480000
13.528000
10.159000
8.145000
11.115000
6.471000
8.562000
9.592000
5.274000
4.151000
9.257000
8.424000
13.199000
10.630000
11.591000
6.477000
6.528000
8.955000
6.012000
14.440000
6.196000
9.056000
9.160000
4.382000
11.708000
8.060000
12.674000
18.527000
4.257000
22.655000
5.509000
13.176000
13.286000
11.622000
13.650000
14.362000
7.178000
13.667000
7.758000
11.879000
12.500000
12.992000
2.298000
7.339000
4.378000
7.535000
7.451000
10.498000
6.803000
8.832000
4.909000
15.594000
5.483000
16.852000
4.965000
4.134000
6.225000
10.872000
11.462000
16.902000
5.981000
3.795000
6.253000
11.568000
5.945000
8.895000
5.336000
13.551000
10.593000
5.615000
9.836000
13.619000
6.100000
14.668000
11.131000
11.871000
6.206000
6.058000
21.354000
11.307000
8.829000
6.014000
8.401000
14.129000
6.633000
13.646000
8.343000
9.258000
13.317000
6.560000
12.729000
6.625000
7.848000
9.708000
14.093000
9.386000
11.679000
6.854000
4.780000
11.196000
16.513000
17.781000
16.855000
9.934000
10.333000
9.250000
6.579000
4.609000
15.593000
6.032000
13.061000
9.864000
5.351000
9.091000
3.940000
5.039000
8.782000
10.465000
6.027000
12.486000
10.079000
11.151000
8.758000
12.032000
6.361000
10.758000
14.479000
12.354000
16.230000
11.952000
8.965000
11.805000
7.892000
11.129000
15.057000
11.359000
22.040000
10.982000
10.367000
2.395000
9.778000
10.685000
5.024000
4.176000
9.523000
12.080000
15.323000
4.079000
9.674000
21.103000
5.080000
5.955000
7.805000
12.624000
13.976000
5.374000
10.565000
3.555000
12.104000
8.682000
15.655000
10.165000
10.069000
9.727000
16.246000
7.978000
6.755000
15.779000
4.779000
12.904000
13.170000
13.541000
9.579000
4.754000
1.369000
8.992000
13.297000
3.856000
18.591000
11.380000
10.220000
5.106000
11.705000
10.987000
12.512000
9.180000
12.514000
8.735000
10.569000
9.092000
4.345000
3.920000
5.817000
7.988000
9.626000
13.223000
6.054000
13.970000
9.428000
8.370000
11.374000
7.613000
18.806000
11.618000
10.983000
3.584000
4.035000
10.161000
2.322000
12.163000
16.602000
3.599000
11.732000
15.065000
12.803000
11.999000
10.967000
7.867000
7.327000
16.023000
14.242000
12.036000
17.558000
12.255000
5.649000
6.032000
13.285000
19.034000
12.653000
8.280000
11.368000
14.323000
2.230000
13.992000
11.654000
6.503000
13.402000
15.268000
13.190000
12.368000
5.141000
8.391000
10.555000
8.931000
12.237000
7.861000
8.376000
8.282000
10.505000
13.975000
15.733000
7.988000
12.554000
9.487000
8.552000
8.992000
13.649000
8.646000
11.170000
10.177000
13.217000
14.579000
16.985000
5.454000
1.377000
1.312000
13.740000
16.769000
13.276000
12.379000
15.024000
12.531000
10.134000
5.211000
7.751000
8.377000
9.577000
15.669000
8.822000
8.064000
8.895000
2.193000
8.700000
13.856000
3.193000
13.753000
3.266000
2.682000
16.883000
18.815000
10.932000
4.193000
4.459000
5.838000
9.215000
7.601000
12.332000
9.381000
2.686000
6.552000
4.578000
7.544000
2.554000
4.559000
5.312000
5.506000
10.171000
14.402000
11.913000
4.892000
5.229000
21.518000
5.873000
5.612000
11.031000
4.815000
5.514000
13.957000
15.619000
1.364000
7.178000
8.385000
9.745000
10.571000
13.597000
4.689000
6.264000
12.886000
9.424000
5.604000
11.727000
8.406000
13.203000
13.568000
4.448000
6.079000
4.984000
3.904000
8.597000
16.353000
4.657000
4.599000
13.506000
5.658000
4.942000
18.305000
2.782000
0.000000
19.251000
3.543000
1.153000
9.930000
21.619000
11.106000
3.894000
4.622000
4.455000
4.572000
15.183000
15.550000
8.546000
5.786000
12.818000
8.642000
13.403000
12.875000
2.356000
12.591000
0.729000
9.022000
6.717000
11.054000
0.657000
7.160000
0.000000
1.544000
4.286000
4.826000
1.505000
12.222000
9.115000
8.239000
3.944000
18.115000
13.893000
6.809000
1.010000
17.411000
4.871000
20.694000
6.514000
16.522000
13.085000
7.133000
12.483000
11.855000
2.547000
11.609000
5.228000
9.386000
3.387000
5.956000
12.439000
1.934000
13.004000
7.112000
8.816000
14.220000
6.614000
10.372000
10.330000
7.802000
16.212000
12.482000
8.837000
2.760000
11.305000
4.789000
9.191000
8.593000
3.558000
10.438000
8.359000
11.683000
11.111000
22.726000
4.976000
8.449000
16.800000
4.049000
15.905000
17.624000
7.769000
6.934000
2.480000
8.722000
18.467000
11.007000
7.126000
11.787000
3.145000
3.460000
6.399000
1.129000
3.474000
11.425000
18.307000
7.548000
17.958000
10.726000
16.333000
9.384000
3.426000
8.105000
9.222000
21.689000
13.992000
14.693000
6.285000
10.930000
2.764000
9.988000
10.127000
10.958000
13.120000
19.053000
3.489000
11.745000
10.052000
11.157000
11.897000
8.375000
5.025000
10.770000
10.412000
10.383000
14.101000
11.626000
4.676000
14.194000
11.294000
8.159000
9.712000
6.240000
5.784000
11.336000
11.557000
13.474000
7.866000
0.984000
5.497000
5.870000
14.754000
13.658000
7.651000
5.466000
14.852000
10.169000
3.781000
14.395000
10.616000
6.889000
9.094000
7.248000
8.026000
15.973000
7.730000
12.383000
11.719000
11.456000
6.016000
13.549000
9.730000
4.288000
10.881000
14.442000
15.996000
9.881000
9.123000
13.799000
10.453000
17.299000
9.120000
11.609000
6.723000
14.077000
5.965000
6.137000
6.895000
11.726000
10.959000
10.420000
17.353000
13.716000
16.942000
7.627000
10.992000
23.984000
7.788000
12.869000
5.845000
15.820000
9.181000
7.182000
10.520000
4.383000
9.339000
6.307000
17.119000
8.217000
13.956000
10.737000
1.407000
12.828000
11.651000
16.075000
10.189000
7.628000
18.207000
4.969000
11.626000
5.755000
8.503000
4.567000
11.307000
12.187000
6.394000
14.803000
16.891000
13.399000
12.098000
11.100000
5.716000
12.913000
8.601000
7.912000
7.788000
10.004000
15.716000
7.912000
11.341000
2.819000
7.316000
5.314000
4.828000
11.298000
12.476000
12.658000
14.137000
14.679000
13.145000
8.116000
8.855000
7.987000
4.351000
8.560000
14.198000
9.980000
8.356000
7.951000
7.374000
6.660000
12.071000
8.914000
2.011000
10.687000
13.107000
13.052000
6.895000
9.678000
10.103000
6.977000
14.688000
14.306000
11.869000
11.382000
13.344000
13.780000
7.101000
11.128000
9.629000
3.772000
13.502000
9.784000
10.301000
15.866000
9.729000
14.066000
18.324000
13.319000
10.124000
21.348000
15.315000
4.679000
10.492000
18.187000
6.504000
10.724000
11.832000
7.997000
11.451000
11.577000
15.086000
16.574000
11.847000
12.849000
11.728000
6.511000
15.154000
7.827000
14.699000
2.863000
8.529000
10.661000
7.859000
6.937000
12.674000
5.157000
7.848000
12.641000
11.525000
6.567000
7.459000
10.348000
6.361000
10.519000
9.712000
12.223000
13.092000
14.818000
4.911000
3.015000
14.862000
8.838000
20.724000
9.992000
13.454000
14.461000
11.854000
9.907000
12.965000
9.537000
11.426000
9.023000
12.400000
7.577000
11.905000
15.659000
17.329000
12.220000
7.208000
7.208000
12.028000
14.688000
11.791000
16.804000
10.691000
4.196000
14.124000
7.325000
17.310000
12.949000
6.665000
12.266000
8.032000
7.512000
13.184000
11.897000
3.354000
14.871000
10.769000
9.119000
12.588000
6.130000
10.646000
4.818000
3.386000
18.273000
10.593000
10.745000
8.119000
6.554000
12.923000
10.850000
14.096000
8.868000
14.137000
11.939000
14.014000
12.149000
13.101000
14.816000
11.150000
12.987000
5.247000
9.061000
3.801000
5.218000
9.039000
5.750000
5.717000
5.864000
6.890000
9.888000
8.097000
4.352000
13.880000
4.705000
12.388000
5.604000
8.754000
11.111000
11.343000
4.274000
6.502000
6.798000
11.091000
6.326000
10.821000
12.109000
13.994000
14.006000
10.316000
3.697000
1.905000
12.004000
14.585000
11.716000
6.135000
9.513000
0.943000
12.003000
4.856000
8.411000
5.368000
22.220000
4.203000
6.177000
4.361000
7.523000
5.390000
2.781000
6.779000
14.078000
6.599000
12.068000
17.282000
17.811000
4.082000
7.128000
11.338000
11.699000
5.463000
7.208000
11.499000
8.124000
3.375000
8.761000
3.521000
4.943000
7.677000
4.724000
1.358000
11.381000
11.235000
2.494000
5.886000
6.780000
8.939000
5.880000
3.847000
9.684000
19.135000
8.295000
15.855000
14.264000
14.782000
3.718000
7.539000
5.671000
0.628000
6.629000
2.517000
7.169000
9.352000
10.603000
24.604000
5.149000
8.526000
13.181000
4.773000
4.314000
6.671000
8.773000
0.577000
17.723000
5.599000
3.429000
11.989000
9.111000
10.182000
19.145000
5.837000
7.150000
17.904000
15.429000
15.415000
5.072000
16.319000
8.351000
6.690000
21.165000
8.025000
19.466000
15.118000
8.644000
9.497000
3.253000
16.024000
4.283000
15.770000
11.958000
9.752000
10.176000
12.363000
7.822000
9.189000
2.125000
4.800000
4.654000
3.575000
10.520000
15.090000
6.882000
9.573000
4.190000
2.800000
9.399000
3.251000
5.292000
16.519000
15.029000
5.315000
17.261000
12.031000
5.596000
15.846000
9.437000
4.687000
5.526000
7.018000
3.092000
8.372000
11.592000
5.664000
17.505000
5.018000
5.471000
6.845000
15.204000
0.938000
6.263000
15.035000
5.285000
10.073000
15.366000
8.491000
5.556000
2.484000
1.861000
0.645000
5.734000
7.859000
5.604000
5.076000
9.462000
8.780000
7.404000
13.622000
2.019000
15.597000
17.437000
7.305000
0.000000
0.000000
9.525000
5.256000
9.052000
5.457000
14.795000
8.397000
1.370000
17.422000
12.024000
8.105000
0.000000
0.000000
5.606000
7.547000
10.526000
0.603000
3.877000
20.372000
17.094000
11.439000
5.294000
17.879000
16.563000
1.115000
13.492000
3.313000
7.005000
5.305000
17.796000
0.000000
2.400000
1.451000
13.206000
12.892000
0.000000
2.007000
2.647000
14.841000
11.703000
4.308000
6.605000
17.140000
7.434000
7.266000
2.424000
14.829000
10.113000
5.165000
5.263000
0.269000
13.899000
6.245000
14.087000
13.647000
17.803000
0.189000
4.755000
15.499000
0.995000
10.743000
15.969000
21.577000
20.086000
8.458000
4.144000
4.637000
8.610000
4.182000
0.816000
14.199000
7.797000
15.481000
14.212000
10.359000
3.597000
13.496000
10.299000
5.025000
2.758000
17.139000
18.933000
4.818000
10.965000
16.616000
5.001000
11.704000
21.782000
15.483000
7.761000
19.888000
13.693000
4.702000
22.062000
13.290000
8.659000
8.613000
0.389000
14.576000
13.515000
14.537000
11.341000
10.896000
2.440000
3.849000
8.163000
5.100000
10.015000
1.995000
5.555000
4.032000
1.542000
8.296000
15.454000
11.232000
5.084000
9.151000
3.103000
6.966000
2.429000
3.721000
15.492000
6.283000
18.508000
1.790000
2.989000
4.551000
7.996000
6.650000
3.738000
8.413000
13.020000
13.360000
2.237000
16.048000
17.084000
12.697000
9.314000
10.779000
16.156000
4.250000
15.450000
1.007000
2.085000
4.301000
5.285000
3.169000
12.611000
8.958000
8.310000
0.000000
9.385000
7.723000
8.924000
6.097000
9.483000
9.987000
2.013000
4.888000
3.404000
10.919000
9.071000
19.118000
12.075000
13.668000
7.038000
16.821000
5.653000
11.522000
8.024000
5.528000
3.124000
4.834000
6.752000
18.033000
5.200000
12.054000
16.132000
7.396000
6.550000
12.977000
10.364000
0.000000
4.667000
2.832000
7.285000
7.574000
1.833000
9.131000
12.973000
15.627000
7.808000
5.547000
16.254000
16.187000
9.783000
11.734000
22.015000
0.000000
5.780000
6.187000
5.107000
0.886000
5.450000
14.325000
6.626000
9.107000
12.649000
10.802000
6.690000
7.292000
14.565000
4.981000
9.865000
7.486000
2.369000
10.378000
8.324000
2.190000
19.898000
6.448000
6.570000
5.108000
3.552000
6.111000
14.962000
5.328000
5.714000
16.774000
3.781000
14.649000
12.727000
13.799000
15.631000
4.777000
19.411000
5.215000
4.186000
7.811000
8.090000
13.286000
10.818000
4.457000
15.538000
7.415000
7.937000
8.086000
9.934000
14.574000
5.109000
6.114000
5.806000
13.943000
5.223000
8.900000
17.307000
8.235000
18.229000
5.491000
7.583000
13.376000
19.954000
4.932000
15.250000
13.812000
6.984000
5.488000
4.316000
2.120000
5.423000
3.406000
12.670000
7.861000
7.327000
11.918000
8.029000
6.525000
9.520000
10.955000
16.897000
12.149000
3.872000
10.153000
3.215000
12.621000
6.052000
6.314000
4.473000
21.099000
17.028000
5.618000
17.207000
7.215000
2.160000
7.084000
21.558000
11.563000
6.407000
15.252000
6.844000
10.578000
19.671000
8.137000
12.216000
2.132000
4.969000
21.288000
0.272000
12.635000
19.304000
5.374000
7.514000
7.591000
5.377000
13.478000
4.926000
16.547000
9.057000
9.905000
11.723000
11.058000
5.894000
15.718000
17.558000
11.488000
17.489000
3.999000
14.396000
10.320000
17.117000
7.732000
14.277000
5.633000
22.581000
12.849000
6.101000
13.626000
6.569000
9.187000
16.567000
10.967000
14.112000
13.387000
9.600000
7.233000
15.228000
15.621000
12.674000
3.333000
14.608000
12.259000
13.413000
14.683000
23.727000
16.394000
14.399000
12.199000
15.804000
7.663000
11.219000
4.236000
2.647000
4.336000
18.736000
12.926000
19.498000
8.980000
14.700000
8.448000
15.235000
10.960000
10.697000
15.131000
16.077000
10.894000
4.563000
6.246000
8.534000
9.091000
15.240000
8.743000
12.027000
17.859000
3.041000
15.091000
12.133000
11.863000
8.395000
12.118000
16.355000
6.477000
23.445000
13.565000
4.731000
8.960000
8.312000
17.754000
12.255000
4.623000
19.851000
11.028000
23.601000
15.970000
7.711000
5.183000
6.128000
2.686000
6.257000
10.434000
20.361000
17.224000
19.285000
17.411000
8.837000
12.906000
6.164000
10.196000
14.155000
5.108000
2.542000
7.416000
12.421000
15.202000
10.753000
4.828000
6.100000
5.006000
7.581000
14.699000
12.500000
7.007000
4.730000
7.823000
12.752000
8.884000
14.053000
11.910000
8.772000
10.751000
7.534000
20.499000
11.616000
4.849000
17.932000
5.537000
15.074000
14.201000
14.443000
9.330000
18.291000
9.492000
9.895000
11.473000
7.288000
14.463000
13.120000
15.815000
7.382000
4.839000
5.026000
12.925000
9.177000
8.448000
11.401000
3.095000
5.442000
9.561000
9.744000
10.296000
7.895000
7.650000
9.438000
18.245000
5.605000
9.627000
7.240000
3.549000
7.692000
11.500000
3.834000
8.369000
4.830000
6.162000
11.437000
9.044000
19.157000
10.634000
13.062000
16.494000
9.126000
4.467000
9.458000
12.651000
7.440000
17.131000
13.433000
10.480000
16.066000
10.808000
12.866000
11.066000
16.887000
10.165000
10.822000
6.605000
12.813000
10.970000
16.227000
11.303000
15.856000
12.851000
19.225000
16.236000
8.514000
14.638000
5.486000
6.343000
10.663000
11.375000
13.954000
10.368000
11.684000
10.691000
15.281000
13.752000
5.108000
12.796000
15.435000
13.903000
16.599000
9.215000
6.552000
16.014000
9.015000
12.037000
14.560000
10.328000
12.451000
7.442000
14.559000
9.216000
8.437000
17.053000
14.680000
14.333000
11.064000
10.551000
8.910000
17.286000
15.336000
12.668000
11.853000
9.004000
8.169000
2.056000
8.467000
15.051000
14.089000
14.654000
13.164000
1.892000
4.469000
10.267000
8.781000
9.637000
4.358000
19.911000
11.014000
11.082000
14.819000
7.813000
14.520000
5.184000
7.698000
6.774000
12.485000
6.372000
18.857000
17.869000
13.268000
10.890000
13.477000
16.470000
11.768000
7.500000
4.139000
8.919000
14.589000
8.068000
13.821000
9.583000
5.686000
7.992000
14.573000
8.303000
15.271000
3.754000
7.006000
13.492000
18.077000
17.248000
15.921000
12.943000
12.477000
9.688000
4.978000
16.320000
5.628000
13.416000
13.659000
15.546000
9.627000
8.887000
5.066000
10.293000
12.647000
12.769000
12.704000
8.833000
12.654000
12.982000
14.959000
11.828000
14.542000
13.909000
6.368000
6.796000
3.726000
11.744000
10.218000
11.230000
9.208000
13.126000
11.589000
17.663000
8.556000
16.538000
7.830000
7.658000
13.428000
1.794000
14.479000
11.323000
8.566000
20.890000
13.715000
14.936000
7.183000
16.098000
16.495000
10.728000
13.851000
14.122000
11.015000
12.432000
21.031000
4.377000
9.234000
5.899000
16.766000
11.536000
11.559000
8.018000
12.115000
17.328000
25.712000
17.954000
15.393000
15.395000
12.392000
9.262000
11.298000
15.452000
14.185000
11.965000
5.992000
9.249000
2.682000
11.417000
12.463000
9.521000
14.021000
4.419000
18.745000
14.007000
14.598000
11.431000
11.135000
12.258000
10.687000
12.261000
10.117000
7.144000
10.850000
9.461000
9.097000
10.349000
24.179000
23.619000
11.196000
9.280000
10.728000
4.974000
7.825000
8.442000
16.282000
7.923000
14.317000
13.915000
12.795000
9.305000
10.794000
13.908000
19.438000
14.031000
16.853000
6.029000
12.166000
19.358000
11.852000
16.763000
13.273000
15.400000
15.736000
4.049000
12.372000
10.985000
18.426000
10.034000
1.995000
11.981000
20.551000
11.430000
16.199000
8.499000
3.570000
18.118000
10.183000
13.511000
11.752000
9.459000
13.227000
8.028000
15.813000
9.771000
7.242000
13.997000
15.967000
9.536000
6.409000
14.314000
8.754000
16.809000
14.958000
13.285000
7.901000
14.924000
0.000000
8.821000
10.993000
4.632000
13.425000
2.829000
2.438000
12.857000
11.632000
13.896000
10.136000
10.738000
17.594000
18.702000
9.409000
9.790000
18.220000
10.009000
13.275000
11.533000
11.562000
12.306000
5.310000
10.329000
10.460000
10.429000
10.009000
9.168000
10.066000
10.955000
9.425000
7.353000
10.876000
7.750000
10.774000
12.170000
5.945000
10.076000
9.467000
8.135000
9.995000
11.108000
5.964000
9.572000
1.388000
7.219000
10.867000
12.923000
13.067000
7.029000
15.320000
7.394000
14.344000
8.069000
7.980000
3.511000
10.798000
8.087000
8.399000
10.023000
3.225000
14.941000
13.069000
12.933000
14.635000
7.288000
13.276000
4.383000
14.528000
7.575000
8.075000
16.685000
11.275000
10.839000
6.840000
8.639000
12.161000
5.748000
9.660000
9.184000
8.188000
8.207000
8.284000
11.790000
6.129000
6.950000
12.773000
4.945000
10.966000
7.048000
13.028000
13.133000
6.378000
8.485000
12.979000
3.113000
12.104000
11.910000
13.991000
11.265000
1.954000
8.307000
7.021000
11.230000
9.691000
11.545000
14.049000
4.124000
7.629000
20.151000
7.740000
5.694000
10.809000
12.800000
1.746000
10.502000
10.748000
18.028000
11.099000
9.685000
7.003000
9.025000
15.342000
16.736000
4.849000
9.554000
17.819000
15.625000
14.835000
9.117000
9.897000
16.939000
6.645000
6.710000
14.332000
15.436000
12.517000
13.890000
17.714000
17.384000
3.638000
10.825000
7.168000
9.711000
7.502000
11.915000
19.353000
10.003000
3.637000
9.648000
9.111000
11.498000
14.771000
12.937000
10.815000
8.932000
5.038000
14.082000
17.333000
8.785000
12.131000
2.289000
6.749000
18.079000
18.624000
15.435000
12.138000
17.469000
15.893000
21.217000
19.082000
18.193000
10.378000
16.946000
7.029000
6.899000
13.020000
13.491000
12.210000
19.746000
14.424000
12.066000
13.486000
11.514000
12.752000
7.901000
12.873000
8.337000
6.998000
17.578000
18.689000
6.393000
6.255000
21.271000
5.905000
8.858000
14.648000
12.423000
13.692000
8.713000
6.142000
16.693000
13.789000
4.223000
10.123000
14.423000
11.510000
18.026000
14.859000
20.935000
11.370000
6.144000
19.519000
9.636000
14.698000
21.091000
20.872000
10.099000
15.340000
13.295000
8.304000
8.057000
16.741000
17.835000
10.925000
11.073000
6.804000
4.114000
8.066000
4.215000
4.311000
4.952000
4.805000
12.231000
13.182000
9.403000
17.415000
14.977000
6.253000
7.486000
16.751000
8.577000
9.133000
16.490000
8.273000
3.617000
10.460000
6.424000
13.469000
6.033000
9.283000
12.354000
8.940000
11.991000
16.793000
13.809000
15.295000
5.894000
10.696000
22.356000
8.708000
5.376000
17.498000
10.345000
5.505000
13.361000
8.990000
8.610000
16.401000
10.268000
15.582000
15.937000
8.418000
16.248000
4.388000
13.033000
10.770000
7.951000
10.584000
9.227000
10.171000
13.602000
9.591000
5.398000
0.000000
24.134000
1.395000
8.513000
1.411000
6.634000
12.380000
9.446000
6.155000
4.928000
4.717000
13.040000
9.955000
2.327000
10.919000
8.850000
10.121000
7.830000
13.340000
11.713000
10.037000
4.960000
12.164000
8.222000
10.866000
6.354000
10.057000
5.249000
6.414000
2.292000
3.569000
6.927000
14.621000
7.918000
5.781000
7.413000
13.279000
4.499000
4.006000
14.112000
2.504000
0.000000
13.478000
9.532000
7.379000
0.000000
3.286000
4.135000
0.685000
0.000000
2.092000
3.349000
8.144000
5.408000
16.106000
0.891000
6.696000
5.496000
5.004000
6.815000
12.684000
7.232000
9.219000
9.867000
3.378000
9.838000
15.455000
8.030000
1.005000
13.362000
7.262000
8.226000
7.459000
4.818000
13.265000
1.553000
7.515000
7.269000
8.296000
8.335000
13.615000
3.105000
3.634000
3.856000
14.031000
8.016000
5.585000
5.293000
11.541000
11.239000
11.257000
14.862000
4.911000
6.797000
10.742000
0.000000
5.663000
11.884000
16.981000
7.321000
4.673000
8.942000
19.467000
8.686000
9.099000
6.775000
14.047000
3.597000
9.945000
2.560000
8.185000
3.594000
3.470000
10.708000
5.979000
3.427000
9.456000
6.437000
17.925000
17.078000
5.478000
7.963000
4.038000
5.536000
15.684000
8.672000
17.707000
3.403000
5.430000
0.677000
5.622000
9.808000
14.215000
7.863000
3.286000
13.568000
18.258000
18.734000
14.280000
14.893000
7.740000
11.187000
5.859000
7.594000
14.405000
18.552000
14.310000
2.460000
16.242000
4.585000
14.159000
8.755000
9.336000
1.435000
12.294000
6.286000
14.820000
13.382000
13.183000
9.328000
13.519000
10.787000
13.610000
19.018000
6.304000
17.061000
9.675000
9.265000
5.735000
14.435000
12.200000
6.820000
4.656000
11.862000
9.429000
14.694000
3.039000
6.368000
20.837000
18.350000
21.861000
3.998000
16.268000
6.377000
4.275000
1.486000
9.002000
3.119000
6.836000
7.389000
4.487000
4.759000
5.399000
13.695000
8.703000
22.082000
8.911000
4.644000
6.188000
8.057000
6.129000
15.049000
15.456000
21.123000
0.000000
3.449000
15.905000
13.536000
11.707000
12.156000
6.486000
15.358000
19.291000
13.482000
12.190000
15.938000
5.055000
10.805000
8.439000
13.445000
11.163000
2.656000
2.880000
12.308000
7.805000
10.531000
6.485000
14.291000
7.001000
7.644000
16.494000
18.636000
12.428000
5.554000
6.470000
9.365000
16.336000
9.625000
6.807000
13.056000
17.447000
4.987000
11.240000
18.335000
16.117000
20.817000
2.589000
3.353000
13.583000
5.940000
13.769000
14.116000
9.431000
14.417000
14.128000
5.436000
8.053000
9.698000
6.402000
2.321000
23.404000
5.256000
8.198000
4.662000
14.148000
11.349000
9.803000
12.652000
10.334000
18.883000
11.328000
5.880000
10.895000
5.759000
20.782000
9.584000
18.914000
9.561000
7.231000
11.586000
11.107000
7.114000
2.412000
9.483000
7.827000
13.001000
17.090000
16.667000
12.289000
13.414000
10.952000
2.285000
7.820000
2.719000
13.535000
5.162000
8.752000
7.714000
14.385000
7.115000
4.926000
15.480000
3.773000
9.645000
12.328000
7.674000
15.046000
5.821000
9.712000
6.493000
9.098000
15.679000
14.127000
6.838000
13.716000
6.063000
3.014000
19.328000
11.287000
8.213000
10.741000
7.122000
8.255000
14.910000
7.168000
6.568000
17.497000
11.726000
15.944000
8.973000
7.494000
14.367000
8.067000
17.565000
8.490000
18.081000
12.287000
4.409000
5.258000
4.011000
11.891000
5.706000
18.071000
11.433000
17.871000
17.464000
11.654000
21.340000
11.314000
17.788000
15.460000
6.053000
15.288000
12.982000
18.396000
9.487000
7.376000
15.217000
18.633000
15.036000
11.140000
8.565000
12.352000
11.079000
4.587000
12.541000
9.100000
18.594000
8.067000
14.270000
16.901000
15.561000
9.208000
14.125000
4.009000
9.404000
10.509000
14.519000
5.887000
8.785000
12.034000
11.880000
15.189000
9.748000
16.586000
11.480000
19.257000
13.135000
18.904000
4.731000
5.228000
16.549000
8.688000
5.049000
8.243000
8.100000
9.709000
8.388000
18.885000
7.597000
2.083000
19.937000
16.072000
7.059000
9.007000
16.064000
17.842000
12.326000
11.910000
17.482000
14.703000
13.146000
10.153000
9.069000
0.387000
10.395000
20.544000
15.525000
18.384000
15.925000
20.597000
13.700000
19.594000
5.164000
7.890000
0.000000
17.564000
4.351000
17.303000
6.481000
10.281000
8.267000
5.337000
6.527000
16.687000
19.037000
4.661000
9.801000
9.765000
0.000000
15.488000
13.570000
14.548000
9.286000
19.102000
6.349000
16.307000
17.424000
15.394000
6.569000
17.593000
12.936000
9.202000
6.066000
14.821000
10.728000
7.384000
10.799000
10.097000
7.921000
12.000000
9.810000
9.788000
15.901000
11.045000
20.312000
8.121000
16.831000
15.024000
11.310000
17.137000
6.640000
21.556000
10.486000
16.519000
14.094000
8.258000
14.007000
23.766000
11.280000
9.664000
8.527000
20.276000
13.478000
9.609000
5.805000
6.399000
10.587000
9.459000
8.563000
5.861000
8.660000
19.460000
10.091000
6.512000
11.154000
5.206000
1.709000
5.208000
2.897000
19.833000
5.172000
13.599000
11.530000
18.765000
7.411000
8.329000
0.000000
9.606000
1.979000
5.356000
11.401000
18.444000
1.062000
11.525000
9.128000
14.574000
11.190000
8.629000
11.982000
10.481000
7.697000
13.528000
4.118000
10.239000
16.627000
10.071000
6.776000
3.636000
17.153000
4.228000
4.992000
14.046000
10.790000
13.666000
10.866000
9.737000
13.313000
20.322000
18.826000
12.220000
13.014000
17.498000
19.009000
16.433000
9.417000
16.644000
10.823000
13.933000
13.882000
6.927000
5.504000
11.003000
11.683000
10.813000
11.113000
10.181000
18.991000
6.622000
14.029000
14.347000
7.234000
11.822000
6.364000
8.788000
11.547000
7.352000
11.642000
9.360000
1.039000
8.132000
14.787000
5.127000
16.262000
24.093000
12.429000
14.048000
17.708000
23.418000
10.379000
9.888000
11.876000
12.990000
8.040000
8.665000
8.948000
9.327000
6.951000
10.287000
20.896000
19.654000
15.453000
5.475000
14.363000
9.995000
7.912000
14.202000
5.179000
21.678000
8.040000
13.821000
10.085000
14.095000
10.184000
18.524000
20.346000
11.102000
11.709000
8.980000
7.721000
9.456000
6.891000
15.298000
18.222000
10.334000
13.258000
21.331000
13.339000
0.000000
9.222000
22.828000
10.119000
6.307000
9.412000
17.294000
8.900000
13.097000
10.050000
11.358000
16.111000
18.348000
11.479000
9.157000
13.727000
15.070000
19.356000
4.184000
14.313000
8.105000
16.206000
15.088000
11.026000
4.216000
16.878000
16.584000
12.676000
3.582000
18.154000
5.668000
0.929000
17.884000
11.412000
20.045000
11.191000
7.209000
5.165000
9.730000
15.121000
11.922000
8.934000
13.785000
3.241000
8.015000
10.522000
18.869000
10.899000
7.176000
2.598000
2.007000
10.808000
7.104000
10.229000
11.667000
10.395000
9.121000
8.947000
19.433000
12.876000
0.107000
10.419000
4.896000
13.493000
9.161000
1.913000
15.703000
9.378000
8.990000
9.588000
12.350000
8.658000
6.185000
8.393000
15.115000
1.172000
5.695000
0.000000
6.018000
7.395000
8.441000
12.100000
13.122000
9.804000
4.789000
2.254000
7.849000
4.990000
5.809000
15.454000
14.015000
3.396000
2.956000
2.355000
5.973000
2.349000
5.905000
2.208000
4.682000
8.199000
8.516000
2.290000
12.146000
5.431000
18.664000
2.494000
4.537000
17.544000
1.815000
4.218000
6.575000
8.998000
4.923000
9.760000
5.625000
8.683000
6.281000
5.635000
1.331000
4.005000
2.645000
12.064000
2.149000
1.508000
5.785000
12.044000
3.685000
10.517000
1.994000
11.601000
10.233000
13.176000
5.672000
6.017000
7.860000
0.032000
6.741000
2.983000
7.344000
3.010000
4.058000
8.288000
7.384000
19.881000
6.588000
2.913000
12.107000
7.241000
9.864000
6.071000
17.575000
3.948000
0.860000
11.283000
7.271000
12.312000
5.509000
11.186000
3.027000
5.253000
15.962000
10.991000
4.272000
4.162000
5.071000
3.172000
5.273000
3.054000
7.178000
3.308000
6.284000
9.676000
8.911000
9.934000
11.051000
2.712000
1.721000
5.337000
6.301000
19.355000
6.472000
5.190000
8.386000
14.119000
2.263000
9.103000
9.008000
4.663000
7.829000
10.018000
9.207000
7.240000
17.504000
2.917000
10.026000
1.918000
11.779000
2.357000
7.716000
7.709000
1.423000
6.030000
11.244000
7.867000
15.863000
4.201000
9.268000
6.293000
5.006000
5.326000
3.380000
5.152000
12.864000
7.628000
7.395000
6.899000
7.323000
8.296000
11.816000
14.029000
5.780000
7.216000
9.116000
3.804000
0.983000
7.607000
8.934000
3.623000
10.784000
6.033000
10.267000
6.330000
2.733000
15.461000
4.631000
12.692000
7.145000
10.543000
7.294000
20.662000
10.354000
5.740000
1.992000
8.001000
10.643000
3.254000
5.011000
4.144000
4.209000
5.949000
5.236000
6.267000
8.976000
0.488000
9.059000
9.364000
4.927000
18.605000
3.748000
6.038000
2.219000
6.968000
0.010000
11.779000
3.567000
8.149000
5.943000
6.544000
8.318000
0.910000
4.018000
8.900000
7.784000
7.751000
0.692000
9.999000
4.074000
0.423000
5.376000
5.936000
6.051000
7.816000
13.718000
0.510000
15.867000
8.213000
10.648000
8.772000
2.931000
0.000000
8.710000
11.647000
13.331000
4.486000
9.824000
0.000000
15.652000
7.135000
9.109000
6.440000
8.614000
1.934000
4.295000
9.584000
10.757000
7.013000
3.399000
3.833000
9.790000
2.374000
4.232000
10.953000
7.996000
5.635000
2.847000
9.361000
9.650000
0.000000
9.162000
5.910000
8.467000
2.454000
7.815000
2.246000
4.249000
6.363000
2.270000
9.075000
3.563000
3.795000
0.000000
7.058000
6.008000
9.500000
13.457000
16.932000
6.809000
3.109000
18.023000
9.764000
4.982000
8.007000
8.837000
3.816000
6.701000
9.560000
6.707000
8.785000
7.598000
5.803000
8.091000
8.535000
8.793000
4.148000
4.490000
9.691000
12.256000
5.668000
2.685000
4.978000
9.742000
1.319000
0.813000
0.179000
10.179000
9.829000
5.108000
8.842000
0.000000
0.000000
8.294000
8.359000
13.422000
17.090000
11.626000
7.255000
10.676000
7.526000
7.526000
5.752000
3.652000
18.286000
2.940000
7.393000
4.891000
10.543000
2.544000
0.622000
9.779000
6.979000
0.140000
5.561000
10.666000
11.677000
4.243000
12.550000
0.000000
2.826000
0.866000
10.074000
8.754000
3.013000
4.090000
8.430000
5.602000
4.534000
15.794000
2.778000
0.000000
5.736000
2.908000
14.956000
18.050000
3.012000
9.356000
4.033000
3.518000
7.526000
8.555000
7.349000
0.000000
4.792000
0.186000
14.071000
0.195000
10.024000
13.803000
5.959000
1.536000
8.164000
15.776000
11.401000
18.032000
11.738000
5.205000
15.615000
8.423000
5.297000
2.294000
0.000000
11.842000
0.000000
0.905000
11.474000
3.642000
0.000000
3.776000
2.901000
5.820000
6.694000
4.263000
4.324000
7.097000
0.000000
7.752000
0.000000
10.328000
6.458000
7.937000
5.159000
0.313000
7.169000
5.463000
0.000000
1.879000
0.324000
21.103000
0.000000
4.274000
6.850000
4.199000
3.026000
0.000000
0.000000
9.733000
0.000000
5.235000
4.051000
21.915000
0.000000
9.143000
4.368000
8.854000
2.684000
7.672000
3.014000
10.110000
11.212000
0.000000
9.309000
8.824000
0.000000
6.892000
1.550000
6.126000
0.019000
6.237000
0.000000
0.000000
0.000000
8.376000
0.000000
0.000000
7.780000
7.095000
5.497000
24.916000
0.000000
0.866000
0.000000
3.734000
0.000000
2.186000
0.000000
0.000000
10.614000
4.012000
3.915000
1.692000
8.464000
1.031000
9.889000
9.212000
7.486000
3.127000
0.000000
0.000000
0.000000
6.290000
0.000000
3.372000
2.934000
3.893000
0.385000
15.822000
11.671000
1.694000
1.705000
0.710000
8.587000
8.009000
8.073000
7.603000
16.063000
5.877000
11.418000
6.369000
8.486000
0.000000
3.126000
0.000000
3.347000
10.397000
0.000000
0.000000
0.476000
0.000000
14.131000
2.483000
0.000000
11.604000
6.300000
11.371000
6.446000
5.457000
3.430000
6.705000
0.000000
0.000000
8.798000
2.466000
3.829000
4.664000
0.000000
0.000000
3.859000
5.765000
0.000000
10.578000
15.355000
5.932000
8.536000
5.582000
0.923000
0.000000
4.974000
9.292000
8.083000
0.915000
8.101000
11.379000
1.120000
0.000000
3.483000
2.142000
11.708000
0.037000
0.000000
9.563000
0.000000
3.039000
1.934000
21.257000
4.603000
15.315000
11.397000
12.581000
1.660000
4.179000
9.730000
7.218000
9.766000
0.081000
0.000000
5.225000
0.086000
3.684000
17.210000
1.966000
7.692000
8.336000
3.942000
0.000000
7.004000
1.519000
5.603000
5.627000
1.847000
0.486000
9.229000
1.888000
3.274000
13.087000
4.734000
16.557000
8.353000
6.364000
4.277000
5.906000
8.021000
0.000000
2.579000
6.692000
3.314000
0.000000
6.407000
21.331000
0.000000
13.102000
6.883000
12.387000
3.337000
6.429000
0.000000
6.679000
0.000000
7.891000
8.570000
12.155000
3.174000
0.000000
5.201000
2.786000
1.469000
11.696000
1.335000
11.993000
6.853000
6.492000
7.065000
5.922000
10.746000
0.689000
2.453000
7.645000
6.400000
5.777000
1.000000
11.439000
6.957000
8.317000
9.017000
7.053000
7.228000
9.854000
0.000000
7.762000
7.059000
9.863000
8.943000
9.779000
4.440000
14.840000
16.303000
4.074000
1.735000
6.425000
8.473000
4.393000
9.909000
4.291000
8.055000
6.128000
6.582000
3.486000
7.314000
3.604000
5.630000
3.350000
0.503000
9.339000
7.234000
0.000000
10.320000
12.939000
2.824000
5.217000
11.175000
16.816000
4.360000
5.116000
8.860000
13.031000
4.145000
15.978000
0.000000
17.875000
6.213000
8.424000
11.547000
0.000000
1.580000
7.288000
9.090000
6.813000
12.623000
5.754000
11.589000
3.420000
1.631000
2.908000
4.361000
7.919000
7.243000
7.971000
8.288000
13.380000
6.165000
8.399000
9.424000
8.991000
0.501000
16.557000
13.340000
0.000000
8.890000
7.573000
0.000000
12.489000
7.941000
14.977000
10.398000
4.513000
7.125000
0.000000
9.096000
2.184000
0.272000
17.394000
0.000000
5.687000
10.046000
6.559000
4.295000
9.804000
2.571000
6.015000
8.333000
3.651000
8.525000
6.395000
19.285000
0.380000
10.321000
13.154000
5.076000
7.268000
5.360000
14.217000
12.901000
12.154000
11.971000
9.359000
10.471000
10.968000
8.235000
6.332000
13.073000
5.250000
8.174000
7.997000
2.022000
16.194000
13.931000
10.645000
8.408000
4.338000
12.478000
12.640000
10.442000
9.741000
7.711000
19.354000
4.470000
12.283000
8.367000
8.633000
5.005000
8.367000
18.810000
12.118000
8.531000
3.966000
13.111000
3.631000
10.058000
0.000000
19.274000
4.001000
5.977000
4.811000
6.425000
7.696000
13.722000
4.529000
11.784000
6.676000
9.530000
6.407000
14.643000
0.272000
10.015000
8.036000
11.939000
12.009000
3.755000
9.877000
6.647000
3.669000
7.442000
9.232000
1.836000
9.159000
5.603000
10.876000
10.063000
19.513000
10.675000
6.865000
11.233000
6.694000
9.757000
3.310000
9.492000
10.485000
11.557000
6.264000
4.896000
9.291000
9.161000
15.824000
5.753000
18.596000
6.782000
6.572000
6.697000
0.000000
2.730000
11.150000
7.035000
12.205000
9.919000
12.524000
5.862000
6.535000
1.054000
4.811000
4.780000
2.020000
5.117000
1.681000
20.365000
1.945000
10.191000
8.251000
3.350000
3.882000
12.294000
7.613000
11.002000
6.039000
7.981000
4.996000
6.192000
5.172000
3.622000
7.080000
9.426000
9.676000
7.273000
8.678000
0.000000
3.416000
0.000000
12.584000
10.909000
2.847000
2.818000
3.312000
4.438000
10.073000
12.420000
10.303000
6.683000
2.777000
9.835000
3.113000
11.306000
6.519000
7.458000
4.470000
8.322000
8.239000
9.271000
5.744000
7.796000
1.400000
10.296000
3.713000
6.704000
7.480000
12.283000
2.970000
8.228000
7.941000
3.619000
4.264000
7.086000
4.079000
15.888000
7.122000
12.430000
2.884000
9.111000
11.121000
10.317000
4.304000
11.291000
8.201000
10.538000
8.180000
7.286000
7.620000
6.166000
6.699000
9.468000
4.255000
8.293000
3.667000
6.232000
5.024000
1.268000
8.175000
12.577000
4.545000
3.362000
9.566000
12.095000
4.165000
11.424000
6.936000
3.939000
5.060000
8.768000
1.891000
4.214000
13.899000
3.956000
7.929000
7.650000
11.879000
12.756000
7.657000
9.077000
10.020000
17.299000
7.116000
3.383000
5.034000
7.362000
5.790000
7.732000
5.098000
7.439000
6.948000
7.576000
11.204000
5.987000
13.083000
11.717000
5.531000
15.088000
5.591000
3.252000
8.337000
7.939000
10.455000
4.518000
10.171000
8.773000
16.702000
10.433000
4.198000
10.650000
7.503000
11.205000
9.803000
13.876000
6.940000
1.397000
14.025000
6.180000
9.980000
15.417000
1.697000
2.857000
8.460000
8.411000
0.000000
0.824000
8.376000
14.967000
4.594000
4.241000
4.494000
12.209000
9.272000
1.269000
0.247000
1.352000
5.713000
3.902000
9.161000
8.940000
4.646000
5.159000
3.433000
3.592000
8.381000
4.663000
13.769000
7.854000
6.276000
4.133000
9.863000
3.203000
13.483000
10.665000
4.622000
6.380000
3.472000
5.738000
12.127000
2.477000
11.861000
10.904000
1.551000
7.244000
11.760000
9.227000
10.985000
8.073000
2.719000
10.490000
5.300000
17.459000
7.757000
1.924000
0.303000
0.480000
0.080000
11.415000
3.465000
20.823000
3.849000
8.732000
7.572000
5.062000
3.467000
4.463000
2.887000
1.773000
8.267000
9.492000
11.009000
4.410000
12.625000
10.788000
14.881000
4.861000
8.279000
17.303000
4.201000
7.040000
9.349000
0.308000
15.638000
3.742000
7.985000
10.312000
6.879000
4.622000
12.924000
0.000000
4.765000
6.133000
0.000000
1.860000
0.909000
11.236000
9.337000
3.468000
6.737000
7.791000
11.569000
11.458000
9.637000
9.683000
11.231000
1.448000
1.722000
3.173000
11.651000
0.658000
7.030000
7.533000
2.845000
3.342000
6.062000
0.000000
8.315000
8.849000
4.987000
4.753000
5.821000
0.806000
13.667000
7.379000
13.969000
11.795000
0.000000
0.000000
8.681000
0.782000
0.000000
6.940000
2.488000
7.498000
1.119000
6.850000
5.012000
1.469000
6.417000
1.909000
7.523000
5.128000
8.420000
0.000000
1.971000
4.427000
9.658000
7.226000
15.550000
6.386000
3.540000
11.819000
10.325000
1.609000
5.437000
8.090000
7.588000
7.753000
5.717000
1.484000
9.657000
7.013000
7.045000
8.596000
12.425000
8.538000
5.250000
5.826000
6.253000
1.802000
6.713000
3.533000
6.547000
7.366000
4.302000
6.257000
1.369000
7.063000
2.114000
3.305000
0.000000
1.039000
4.322000
5.832000
2.492000
0.691000
2.861000
7.502000
9.821000
4.584000
6.098000
7.940000
4.166000
6.882000
9.555000
12.217000
9.291000
2.652000
6.117000
0.859000
8.482000
3.691000
5.160000
9.114000
5.300000
0.000000
11.348000
0.188000
4.657000
9.356000
11.676000
9.286000
8.574000
2.220000
4.902000
6.679000
4.712000
5.830000
12.841000
8.682000
8.179000
10.223000
0.000000
1.461000
9.006000
7.100000
13.609000
14.811000
0.124000
6.153000
4.265000
3.818000
13.787000
4.575000
14.537000
6.232000
16.598000
6.937000
0.000000
3.139000
4.018000
9.221000
3.804000
1.847000
9.203000
0.000000
0.000000
4.128000
2.309000
3.565000
6.251000
4.469000
0.000000
1.698000
8.120000
10.668000
3.850000
2.342000
1.021000
7.302000
5.207000
0.000000
13.497000
0.902000
17.040000
6.380000
1.387000
6.952000
9.213000
2.880000
1.871000
9.697000
3.141000
9.082000
9.228000
9.204000
4.196000
3.341000
0.000000
6.357000
6.574000
4.104000
0.865000
11.850000
3.385000
7.035000
12.879000
0.000000
5.585000
2.924000
8.313000
7.163000
0.735000
2.708000
5.352000
6.872000
1.367000
1.361000
0.000000
6.154000
11.944000
8.652000
6.698000
1.236000
3.295000
8.539000
7.987000
6.950000
7.125000
5.078000
7.606000
0.000000
7.845000
13.987000
5.245000
6.105000
3.717000
8.602000
5.777000
2.611000
2.376000
7.116000
9.829000
4.049000
4.487000
6.855000
0.000000
5.922000
6.960000
6.168000
17.762000
8.051000
0.802000
11.220000
8.058000
3.523000
2.850000
8.127000
5.662000
10.467000
9.122000
8.587000
14.658000
6.974000
3.097000
12.418000
6.414000
0.000000
0.000000
10.014000
13.204000
12.356000
9.224000
3.849000
4.309000
17.281000
17.157000
11.841000
20.208000
7.770000
4.434000
5.369000
2.197000
1.661000
3.048000
9.845000
1.428000
0.000000
10.287000
6.291000
8.303000
10.713000
7.047000
10.441000
5.349000
4.279000
16.790000
5.242000
6.563000
17.005000
2.769000
7.215000
7.595000
11.734000
7.748000
2.552000
4.193000
12.644000
6.486000
4.132000
11.266000
0.106000
15.157000
1.116000
7.667000
17.085000
2.833000
7.912000
7.123000
13.954000
7.521000
15.985000
11.699000
7.233000
7.075000
6.967000
6.423000
6.995000
9.525000
4.616000
7.019000
6.524000
6.578000
11.853000
11.271000
2.072000
3.538000
13.843000
1.914000
7.038000
9.979000
5.004000
12.427000
13.349000
9.969000
9.545000
11.157000
8.931000
6.680000
17.505000
7.303000
6.418000
1.102000
3.595000
11.248000
11.551000
4.922000
10.329000
8.982000
3.407000
6.898000
3.649000
14.927000
2.863000
1.406000
20.364000
9.915000
11.709000
3.531000
5.428000
5.540000
7.542000
8.490000
7.968000
11.044000
1.496000
7.414000
8.710000
3.853000
9.681000
13.598000
6.415000
8.088000
8.444000
0.641000
3.254000
6.087000
2.095000
10.220000
10.646000
2.249000
8.473000
8.983000
6.057000
8.508000
13.466000
16.323000
8.558000
7.515000
3.049000
9.459000
9.635000
10.965000
3.726000
7.253000
1.976000
19.918000
16.386000
14.965000
8.082000
10.048000
5.885000
3.664000
0.000000
5.411000
9.432000
10.172000
4.591000
6.105000
10.784000
16.446000
1.452000
11.029000
15.223000
0.840000
9.786000
12.457000
3.612000
5.904000
14.320000
8.240000
7.109000
8.009000
10.469000
11.508000
8.360000
7.307000
20.265000
5.275000
4.671000
10.630000
0.000000
17.038000
1.217000
12.915000
6.216000
12.864000
6.651000
9.933000
14.586000
0.000000
6.985000
5.785000
4.689000
8.104000
6.435000
8.348000
3.862000
9.750000
7.461000
9.469000
13.647000
8.912000
0.068000
1.931000
15.643000
5.118000
0.000000
0.000000
1.496000
13.458000
5.058000
9.319000
4.692000
4.638000
10.996000
13.873000
7.429000
5.584000
6.502000
8.293000
16.667000
6.982000
1.473000
8.578000
2.409000
8.998000
8.144000
9.454000
9.714000
3.292000
11.962000
3.451000
13.761000
2.062000
5.041000
7.607000
5.059000
11.953000
6.332000
1.477000
15.605000
2.401000
11.041000
1.353000
12.395000
7.800000
7.236000
4.921000
2.168000
4.084000
9.567000
9.785000
2.808000
4.097000
6.069000
6.908000
3.871000
1.026000
10.102000
3.442000
6.862000
3.560000
1.875000
0.636000
1.702000
9.287000
2.063000
0.870000
6.441000
10.035000
0.000000
0.000000
6.256000
2.535000
9.797000
0.000000
6.610000
5.575000
3.282000
4.255000
5.912000
1.538000
0.059000
4.005000
2.052000
5.942000
3.354000
3.900000
4.617000
5.712000
6.398000
8.947000
8.816000
3.637000
6.648000
6.525000
0.619000
0.000000
14.209000
5.324000
3.040000
4.887000
7.820000
2.305000
8.139000
9.773000
13.621000
4.007000
5.287000
11.526000
13.759000
4.204000
8.714000
0.822000
2.607000
4.098000
12.029000
7.208000
6.691000
6.069000
0.533000
8.333000
10.351000
6.434000
5.920000
6.209000
2.845000
4.269000
1.919000
0.442000
7.179000
1.521000
7.096000
11.602000
8.141000
20.381000
7.514000
2.609000
10.100000
0.000000
8.789000
2.370000
5.513000
3.942000
6.371000
11.317000
7.727000
9.420000
8.039000
8.673000
5.270000
0.976000
11.563000
0.000000
4.739000
2.560000
9.960000
10.795000
6.383000
4.879000
13.064000
3.375000
10.935000
13.319000
13.044000
8.942000
8.156000
7.695000
6.724000
8.042000
4.335000
15.015000
13.266000
7.540000
2.294000
6.572000
4.653000
12.774000
13.795000
6.036000
0.963000
0.000000
3.511000
6.515000
10.296000
6.416000
5.773000
14.521000
2.987000
10.458000
6.002000
1.004000
9.621000
7.702000
0.000000
7.673000
2.306000
5.404000
13.843000
0.000000
7.468000
6.025000
16.925000
7.720000
11.934000
12.613000
4.113000
7.751000
6.137000
7.827000
3.083000
10.301000
9.813000
0.000000
8.655000
17.420000
2.883000
19.322000
0.000000
6.503000
11.615000
3.961000
8.598000
18.457000
14.598000
0.000000
4.109000
13.014000
6.283000
15.676000
13.002000
3.189000
18.998000
6.756000
6.392000
5.386000
7.509000
0.000000
3.895000
5.084000
7.238000
8.655000
10.114000
6.724000
12.111000
2.163000
2.024000
14.399000
3.391000
13.896000
5.942000
5.140000
14.553000
15.116000
2.194000
8.596000
5.261000
4.505000
3.602000
1.876000
7.886000
0.323000
0.163000
6.270000
6.522000
1.968000
0.000000
0.000000
10.273000
10.508000
8.840000
8.850000
14.682000
0.000000
7.272000
7.032000
5.411000
1.877000
0.000000
8.807000
12.277000
16.418000
3.980000
4.765000
8.364000
12.417000
9.861000
3.851000
9.596000
8.898000
3.067000
8.953000
2.788000
3.259000
19.107000
6.388000
8.496000
11.166000
3.029000
0.000000
14.642000
6.516000
15.498000
19.723000
14.099000
5.671000
0.639000
15.799000
3.650000
14.355000
9.228000
7.537000
6.732000
0.000000
4.411000
7.375000
4.538000
3.161000
1.480000
10.764000
5.797000
8.541000
3.489000
4.196000
0.000000
7.144000
3.772000
0.880000
0.000000
1.819000
10.155000
3.583000
10.950000
0.000000
8.512000
8.241000
10.250000
4.083000
9.335000
6.414000
5.054000
6.563000
10.926000
7.781000
7.754000
12.151000
7.814000
1.260000
8.767000
6.869000
2.557000
6.539000
10.629000
7.581000
0.000000
3.923000
6.844000
2.319000
11.621000
1.048000
5.941000
2.855000
5.244000
16.471000
8.817000
3.365000
8.391000
5.507000
0.000000
8.630000
11.035000
2.101000
15.745000
7.829000
6.313000
8.383000
9.002000
6.016000
2.479000
3.239000
14.315000
5.584000
3.197000
21.527000
7.041000
2.638000
11.824000
5.920000
7.575000
14.677000
5.863000
0.000000
0.000000
9.759000
6.353000
8.642000
6.581000
0.000000
6.694000
2.066000
11.293000
0.000000
4.837000
10.521000
9.848000
7.550000
8.202000
4.637000
4.780000
9.313000
7.040000
13.040000
9.842000
10.989000
10.937000
5.627000
5.765000
0.000000
0.000000
0.000000
0.000000
0.000000
8.003000
6.686000
3.883000
8.752000
3.665000
6.835000
2.754000
15.810000
0.000000
4.280000
6.064000
4.669000
0.000000
11.717000
0.000000
1.600000
9.140000
9.467000
0.000000
0.304000
0.000000
0.000000
12.613000
7.734000
8.490000
3.847000
0.000000
0.126000
14.195000
2.011000
7.851000
10.800000
0.000000
12.801000
0.000000
9.042000
0.101000
0.000000
14.347000
0.000000
0.000000
5.868000
10.175000
0.000000
0.000000
12.824000
10.297000
3.138000
12.152000
5.624000
0.000000
17.162000
0.000000
4.436000
0.000000
0.000000
9.696000
0.000000
4.492000
0.000000
4.396000
0.000000
10.162000
0.556000
0.000000
0.000000
1.836000
5.013000
5.710000
2.492000
0.000000
6.228000
4.456000
0.000000
0.000000
16.263000
0.000000
0.568000
0.000000
7.187000
9.113000
0.000000
10.919000
0.000000
0.731000
7.195000
0.000000
0.000000
0.000000
6.344000
0.000000
8.787000
0.000000
1.294000
0.000000
4.142000
0.000000
7.024000
6.801000
0.000000
7.252000
2.762000
9.362000
1.834000
9.869000
4.662000
0.000000
2.710000
0.000000
7.033000
1.068000
17.452000
2.914000
0.000000
0.000000
4.486000
10.869000
3.675000
11.189000
0.000000
0.000000
8.530000
2.257000
7.484000
4.758000
7.198000
6.346000
6.764000
5.891000
0.000000
14.545000
4.298000
1.559000
4.249000
0.000000
8.136000
13.963000
5.382000
4.900000
0.445000
0.000000
0.000000
0.000000
4.915000
10.667000
6.852000
0.000000
2.900000
5.066000
7.812000
12.914000
2.787000
0.000000
7.996000
0.000000
14.698000
0.000000
12.164000
3.737000
9.496000
0.000000
10.127000
4.469000
0.000000
1.215000
8.589000
0.000000
0.000000
8.924000
1.554000
0.928000
5.825000
2.508000
5.213000
3.522000
0.000000
7.768000
0.113000
8.955000
5.983000
4.687000
0.000000
3.041000
0.000000
3.620000
8.663000
6.502000
0.000000
3.587000
4.625000
1.858000
10.455000
16.756000
3.316000
4.254000
5.411000
14.581000
9.064000
3.215000
2.613000
6.697000
4.635000
4.983000
0.059000
8.408000
2.665000
0.000000
5.829000
3.836000
7.554000
9.324000
0.214000
0.000000
8.555000
0.000000
0.302000
7.797000
14.063000
8.504000
8.453000
4.085000
7.516000
0.000000
0.000000
0.000000
0.000000
14.325000
12.743000
2.111000
8.211000
0.000000
5.785000
5.325000
0.000000
14.965000
2.302000
0.000000
0.000000
6.278000
0.000000
0.000000
2.348000
2.518000
6.356000
0.000000
0.000000
5.625000
6.450000
0.000000
0.941000
14.253000
5.689000
9.267000
11.461000
4.179000
0.000000
0.000000
0.000000
16.924000
0.000000
0.000000
17.628000
6.797000
0.000000
4.652000
0.000000
0.000000
5.290000
2.872000
0.000000
0.000000
0.000000
0.000000
6.663000
12.555000
0.000000
7.048000
4.704000
6.437000
11.476000
4.724000
6.037000
0.000000
5.313000
2.550000
5.614000
0.000000
5.168000
5.941000
3.432000
0.000000
7.180000
11.547000
0.000000
11.842000
0.000000
7.003000
3.891000
4.612000
0.000000
3.921000
5.875000
10.202000
5.960000
3.504000
8.540000
1.684000
3.721000
0.000000
9.846000
0.416000
4.215000
11.482000
6.037000
0.000000
0.000000
0.000000
0.000000
11.499000
0.000000
6.185000
3.461000
4.845000
17.497000
0.942000
0.000000
2.345000
6.748000
0.000000
0.038000
10.321000
1.558000
7.720000
0.000000
2.594000
0.000000
8.032000
2.809000
5.257000
0.000000
0.000000
2.903000
3.817000
2.257000
12.645000
3.849000
4.927000
10.795000
8.193000
7.896000
0.994000
0.204000
5.373000
0.000000
6.392000
0.000000
7.778000
0.000000
0.000000
8.352000
2.885000
1.648000
13.846000
0.160000
0.460000
12.456000
0.000000
0.000000
6.874000
10.568000
4.267000
1.924000
1.025000
8.738000
19.199000
6.320000
0.953000
1.037000
5.920000
5.242000
10.411000
3.045000
0.000000
0.000000
0.000000
0.790000
0.000000
7.216000
2.038000
12.526000
10.015000
0.000000
6.123000
8.096000
0.000000
0.000000
5.890000
6.761000
0.000000
0.000000
2.856000
7.110000
0.000000
0.000000
0.157000
11.427000
2.932000
0.000000
2.940000
4.540000
8.622000
0.000000
5.475000
0.000000
0.000000
5.577000
0.000000
0.000000
0.000000
14.697000
4.478000
2.203000
5.870000
4.529000
15.587000
0.000000
0.000000
0.502000
3.366000
0.000000
0.000000
9.241000
0.000000
0.000000
11.254000
8.286000
0.000000
11.925000
5.403000
2.087000
10.419000
0.000000
4.310000
0.000000
1.788000
6.844000
2.346000
2.442000
0.000000
0.000000
9.552000
3.420000
6.208000
0.000000
2.648000
0.000000
0.000000
0.000000
2.612000
3.354000
0.000000
2.357000
8.281000
8.179000
0.000000
0.000000
0.364000
2.085000
0.000000
0.000000
0.000000
0.000000
5.969000
6.944000
2.424000
7.429000
0.000000
8.815000
9.145000
0.000000
0.588000
10.167000
5.237000
4.916000
1.528000
0.068000
8.293000
5.742000
0.000000
0.000000
0.000000
8.644000
0.000000
0.000000
8.335000
4.843000
10.273000
0.000000
0.000000
6.540000
0.000000
1.843000
5.421000
0.000000
3.645000
0.000000
1.848000
0.341000
7.293000
6.567000
5.449000
0.000000
1.469000
1.949000
4.538000
4.143000
0.745000
0.000000
3.360000
7.579000
7.585000
0.000000
0.495000
0.000000
0.000000
4.454000
0.974000
0.772000
4.244000
0.000000
2.957000
5.360000
8.611000
0.000000
2.838000
0.000000
0.000000
0.000000
0.000000
0.000000
8.887000
3.921000
0.000000
0.000000
0.375000
2.036000
0.000000
0.000000
3.224000
7.632000
0.000000
7.175000
0.883000
0.000000
0.000000
0.000000
6.093000
4.216000
3.715000
3.044000
5.730000
11.283000
2.815000
0.079000
5.919000
1.664000
0.000000
0.000000
7.163000
0.596000
4.630000
5.351000
4.703000
1.168000
2.873000
3.450000
6.342000
0.000000
0.000000
7.272000
6.305000
0.000000
0.000000
10.721000
0.893000
0.000000
0.000000
7.849000
4.520000
6.323000
7.494000
0.000000
3.230000
4.834000
2.248000
1.412000
0.000000
6.147000
4.343000
7.013000
0.531000
6.652000
7.721000
4.281000
2.884000
0.857000
0.000000
2.537000
3.543000
6.352000
7.462000
1.339000
6.801000
1.437000
3.255000
3.871000
3.532000
4.501000
0.000000
0.000000
7.455000
10.389000
3.004000
5.701000
3.915000
4.145000
7.551000
1.222000
3.722000
4.055000
2.623000
0.013000
9.362000
7.149000
0.000000
3.289000
1.422000
3.559000
5.703000
1.323000
0.858000
11.447000
11.200000
0.000000
11.177000
0.000000
0.688000
7.767000
3.219000
4.764000
1.510000
2.304000
3.523000
0.000000
8.195000
16.021000
13.206000
0.000000
8.666000
0.000000
5.686000
1.287000
10.611000
4.232000
11.496000
0.000000
7.204000
9.806000
5.078000
3.127000
0.000000
13.372000
0.000000
5.440000
0.000000
0.732000
4.499000
0.000000
4.540000
1.138000
6.709000
1.805000
0.000000
0.000000
3.378000
4.609000
0.000000
3.640000
5.360000
0.374000
0.377000
4.694000
0.000000
0.000000
1.881000
2.399000
1.898000
0.594000
0.000000
0.000000
8.578000
1.666000
3.377000
2.790000
0.205000
2.024000
9.151000
0.000000
0.000000
6.016000
0.000000
4.920000
0.000000
0.000000
0.000000
0.225000
5.983000
0.000000
0.000000
0.000000
8.359000
4.462000
9.165000
2.936000
1.030000
12.831000
10.543000
5.957000
0.161000
0.000000
0.000000
7.007000
7.306000
5.476000
2.769000
4.645000
4.708000
1.350000
1.626000
0.343000
7.922000
3.254000
1.727000
0.000000
0.000000
10.113000
2.058000
2.407000
5.762000
5.692000
8.662000
0.000000
0.302000
2.486000
1.723000
0.000000
0.000000
10.338000
12.832000
9.717000
0.000000
0.878000
4.476000
1.180000
0.000000
0.000000
10.938000
0.000000
0.000000
3.383000
0.000000
1.353000
9.286000
3.978000
0.000000
0.000000
8.279000
5.325000
0.994000
8.536000
11.535000
15.955000
3.162000
2.770000
1.358000
3.929000
7.319000
3.637000
0.000000
0.000000
0.000000
0.228000
1.902000
0.541000
0.024000
5.754000
0.628000
3.456000
6.130000
2.249000
0.273000
0.000000
5.825000
6.641000
4.042000
1.588000
0.722000
9.768000
0.000000
1.019000
0.854000
5.170000
10.847000
1.451000
6.895000
3.706000
4.372000
4.966000
4.830000
14.111000
3.260000
5.574000
2.962000
3.252000
7.501000
0.000000
2.213000
6.488000
0.294000
3.960000
2.464000
0.000000
5.777000
8.671000
0.000000
1.293000
0.408000
0.000000
0.000000
0.971000
0.000000
0.000000
5.999000
3.073000
8.214000
0.000000
0.000000
1.238000
4.567000
3.088000
1.889000
11.302000
4.268000
5.989000
3.533000
13.402000
4.253000
0.000000
2.235000
2.728000
0.000000
1.218000
7.474000
1.836000
0.603000
0.000000
4.800000
5.693000
0.240000
0.000000
10.289000
0.547000
2.911000
0.000000
9.202000
2.279000
0.000000
2.647000
2.556000
3.185000
0.442000
3.193000
1.518000
0.000000
4.741000
0.599000
8.630000
2.340000
0.000000
6.644000
0.248000
9.172000
6.136000
0.957000
5.774000
0.000000
8.476000
0.684000
4.366000
3.411000
0.531000
3.376000
10.587000
4.924000
2.261000
8.155000
4.110000
5.207000
6.108000
0.000000
8.623000
5.995000
1.544000
0.000000
2.623000
5.517000
7.381000
2.269000
3.429000
5.910000
3.922000
0.000000
0.000000
14.301000
2.579000
3.451000
0.000000
2.638000
0.000000
9.330000
3.282000
0.806000
0.000000
0.000000
4.553000
2.003000
0.000000
1.895000
6.674000
0.000000
5.266000
0.659000
5.370000
12.081000
0.000000
6.451000
1.356000
0.000000
0.607000
6.630000
4.392000
1.341000
5.262000
9.587000
3.166000
7.763000
2.381000
1.140000
0.000000
2.013000
0.000000
0.000000
1.492000
4.844000
0.000000
7.600000
4.384000
1.392000
0.000000
5.895000
0.000000
0.593000
2.669000
0.000000
0.000000
0.780000
0.000000
0.000000
0.000000
8.228000
0.000000
4.225000
0.454000
6.225000
0.000000
0.000000
1.330000
6.414000
0.000000
9.487000
0.000000
2.672000
0.000000
0.000000
0.000000
0.000000
0.920000
0.000000
0.548000
4.653000
0.000000
0.000000
0.000000
1.320000
0.000000
3.879000
0.000000
2.085000
2.540000
0.000000
3.243000
2.238000
3.175000
2.277000
0.000000
7.545000
4.388000
8.072000
2.327000
5.782000
1.435000
0.755000
2.824000
0.315000
9.862000
2.117000
0.400000
5.634000
0.859000
0.000000
0.536000
1.022000
4.311000
6.776000
0.000000
2.339000
0.426000
4.636000
6.070000
0.000000
3.812000
2.519000
1.914000
0.000000
0.000000
7.440000
0.698000
3.480000
0.000000
1.518000
9.359000
4.542000
5.241000
1.074000
0.910000
2.317000
6.556000
0.905000
4.124000
3.180000
3.692000
0.000000
0.000000
6.346000
8.263000
0.000000
0.000000
0.000000
0.000000
0.604000
0.000000
0.000000
10.949000
4.404000
7.578000
0.000000
8.374000
1.594000
0.000000
6.598000
0.262000
3.896000
4.508000
5.197000
0.000000
0.000000
2.735000
6.943000
0.988000
3.257000
3.146000
9.592000
0.000000
8.364000
2.222000
3.273000
0.000000
7.858000
0.000000
5.073000
0.000000
0.000000
0.000000
0.000000
0.000000
6.341000
8.899000
5.276000
0.000000
9.658000
0.000000
2.384000
5.294000
1.963000
0.000000
4.572000
0.000000
2.802000
1.079000
0.000000
0.000000
10.055000
0.097000
0.000000
5.624000
0.000000
0.000000
0.000000
6.801000
3.285000
0.000000
7.273000
0.000000
3.461000
9.426000
6.885000
0.000000
3.045000
8.928000
4.543000
0.000000
0.000000
11.874000
3.324000
4.046000
0.000000
0.000000
4.835000
7.369000
6.352000
0.000000
4.011000
0.000000
3.631000
0.000000
12.691000
3.412000
1.717000
4.323000
2.843000
6.195000
0.000000
1.774000
9.781000
1.502000
1.418000
0.000000
0.000000
9.922000
4.361000
0.000000
2.420000
6.702000
0.000000
6.252000
9.151000
6.527000
6.782000
0.000000
5.039000
5.505000
1.059000
0.000000
1.031000
7.705000
2.300000
1.395000
8.699000
4.417000
2.347000
7.070000
0.000000
0.000000
0.000000
2.475000
0.000000
0.000000
0.000000
6.222000
0.000000
0.000000
0.039000
2.173000
0.000000
4.304000
10.014000
9.474000
5.419000
5.133000
1.506000
7.235000
3.290000
4.827000
6.424000
1.063000
5.234000
4.907000
0.000000
4.575000
6.797000
0.359000
0.000000
6.714000
2.139000
1.458000
4.517000
7.720000
0.000000
0.000000
5.539000
6.033000
5.718000
8.460000
6.567000
0.000000
5.394000
7.005000
5.854000
0.000000
1.904000
0.000000
0.000000
0.939000
2.791000
4.261000
0.000000
13.130000
6.649000
0.000000
0.000000
2.806000
0.000000
7.538000
3.787000
1.606000
1.690000
3.185000
3.949000
0.000000
0.000000
7.509000
0.000000
0.000000
5.080000
0.564000
3.795000
5.089000
3.731000
0.000000
8.620000
5.792000
3.353000
0.510000
4.448000
10.202000
0.000000
8.603000
3.375000
0.000000
4.136000
0.000000
2.778000
10.019000
1.328000
0.000000
2.964000
5.267000
6.503000
0.000000
1.454000
3.580000
0.836000
0.000000
0.000000
9.553000
0.000000
3.139000
1.767000
0.000000
5.036000
0.000000
5.988000
0.000000
4.605000
0.000000
0.000000
0.000000
4.577000
5.709000
0.000000
7.981000
5.258000
4.741000
10.049000
0.000000
8.262000
0.000000
4.572000
0.000000
3.200000
4.456000
3.780000
1.513000
0.000000
8.826000
11.669000
2.960000
6.990000
1.850000
7.677000
2.756000
0.000000
5.306000
3.479000
0.000000
10.278000
2.624000
0.000000
0.905000
0.000000
4.892000
0.074000
0.000000
0.000000
4.426000
3.315000
8.233000
3.067000
0.000000
3.821000
0.131000
0.000000
1.137000
1.674000
0.000000
0.000000
7.516000
0.000000
4.719000
0.000000
0.000000
0.000000
0.000000
9.127000
5.434000
0.000000
0.000000
3.053000
2.747000
3.292000
0.000000
0.350000
0.000000
0.000000
0.000000
0.000000
0.000000
0.000000
0.000000
5.661000
7.426000
2.246000
0.000000
0.000000
5.878000
0.000000
0.258000
0.000000
0.000000
3.482000
0.000000
0.000000
0.000000
7.629000
6.826000
0.000000
4.145000
1.168000
0.606000
0.563000
8.474000
0.668000
8.590000
0.485000
0.129000
0.000000
0.000000
0.000000
0.000000
4.875000
4.758000
3.388000
2.789000
0.000000
4.683000
7.552000
2.250000
5.718000
0.842000
3.975000
0.000000
2.088000
5.014000
2.041000
0.000000
3.964000
0.000000
0.000000
1.479000
10.034000
3.247000
6.613000
0.000000
0.000000
0.824000
6.200000
0.000000
0.000000
0.000000
3.176000
6.087000
0.000000
2.219000
1.045000
2.420000
1.940000
0.000000
2.469000
4.922000
8.844000
2.871000
2.090000
10.307000
0.000000
3.389000
0.000000
4.432000
0.000000
0.000000
0.000000
3.899000
1.995000
0.774000
0.000000
3.353000
7.426000
0.000000
0.000000
9.400000
0.717000
1.456000
0.000000
4.057000
1.992000
5.335000
11.653000
0.000000
0.000000
6.703000
2.202000
7.652000
3.341000
3.611000
7.972000
0.000000
0.000000
0.099000
6.198000
0.959000
0.000000
0.000000
3.797000
1.109000
0.000000
7.027000
1.843000
6.719000
3.770000
0.000000
4.666000
0.516000
0.000000
0.000000
2.597000
0.000000
0.000000
2.031000
5.142000
1.677000
0.000000
10.413000
2.126000
4.789000
0.973000
4.727000
2.168000
6.743000
9.212000
1.950000
0.304000
0.037000
0.000000
1.753000
1.885000
0.000000
1.232000
0.000000
0.000000
1.540000
4.591000
0.990000
1.411000
1.641000
3.395000
0.000000
3.516000
5.449000
6.113000
2.753000
3.976000
7.986000
0.000000
3.355000
0.000000
6.127000
1.876000
0.000000
0.000000
5.987000
1.667000
2.091000
4.759000
0.637000
0.000000
2.223000
4.784000
6.263000
2.008000
0.000000
0.000000
2.069000
0.235000
2.639000
0.000000
0.000000
0.000000
0.000000
3.984000
2.833000
0.000000
0.000000
1.554000
0.197000
6.330000
1.981000
1.915000
0.000000
6.184000
0.333000
3.985000
7.149000
0.373000
0.000000
7.000000
0.000000
0.000000
1.358000
0.000000
1.981000
4.302000
2.497000
0.000000
0.000000
2.909000
0.601000
5.104000
3.114000
0.000000
0.000000
1.022000
1.296000
8.371000
3.029000
0.000000
0.000000
9.959000
0.438000
5.562000
0.000000
5.426000
5.743000
3.076000
6.968000
6.545000
0.576000
3.154000
2.711000
0.000000
2.085000
4.941000
0.000000
3.924000
2.098000
1.821000
0.000000
8.721000
0.000000
0.000000
0.000000
0.355000
6.654000
0.115000
0.000000
2.984000
3.226000
0.000000
2.635000
1.167000
1.368000
5.795000
5.916000
0.000000
0.590000
5.814000
12.071000
4.251000
0.000000
0.000000
0.000000
0.565000
0.000000
7.652000
2.711000
6.983000
3.902000
7.709000
0.000000
3.807000
0.444000
3.876000
0.000000
0.625000
1.151000
10.547000
1.388000
0.000000
0.000000
5.575000
0.000000
0.000000
2.320000
5.328000
0.000000
3.129000
8.462000
0.000000
0.000000
0.000000
0.000000
0.271000
0.000000
0.000000
7.685000
0.906000
5.378000
3.302000
6.167000
7.581000
0.017000
6.111000
0.000000
0.000000
0.664000
0.557000
0.000000
7.201000
0.324000
0.109000
1.296000
6.673000
6.076000
0.269000
0.196000
0.000000
0.000000
0.000000
4.355000
2.058000
2.994000
3.530000
3.003000
2.380000
0.000000
2.272000
4.514000
0.000000
1.847000
6.191000
4.595000
0.000000
1.800000
0.364000
1.825000
0.000000
3.835000
1.242000
1.923000
0.865000
0.000000
2.973000
0.000000
7.017000
0.000000
2.045000
0.000000
4.900000
0.000000
0.827000
0.469000
6.891000
1.207000
4.186000
0.000000
1.109000
5.526000
0.000000
0.000000
1.078000
2.198000
0.000000
3.285000
0.000000
3.111000
3.180000
4.374000
2.374000
2.487000
4.314000
4.131000
7.039000
3.367000
2.327000
0.000000
0.000000
5.284000
0.000000
0.000000
0.929000
0.000000
6.670000
0.000000
4.500000
0.000000
6.897000
5.007000
0.000000
0.000000
0.000000
2.187000
3.953000
3.761000
0.000000
3.347000
0.000000
3.351000
2.791000
2.077000
5.174000
2.304000
0.000000
0.000000
3.596000
0.000000
3.534000
0.660000
1.362000
0.000000
0.000000
2.842000
3.685000
1.399000
0.000000
4.209000
3.935000
3.847000
2.015000
5.491000
4.200000
6.098000
3.247000
5.604000
10.667000
1.227000
7.576000
5.600000
4.544000
0.000000
11.298000
0.000000
2.277000
6.889000
3.554000
7.360000
0.000000
5.903000
0.000000
0.000000
3.657000
4.684000
2.480000
3.267000
0.316000
0.000000
7.436000
4.503000
7.131000
2.408000
6.163000
4.918000
2.942000
2.430000
0.000000
0.690000
0.000000
0.000000
3.717000
3.669000
3.625000
1.889000
0.204000
7.106000
2.091000
2.593000
4.373000
0.000000
2.990000
0.000000
