1.717326
0.968326
0.872326
1.558326
1.758326
1.627326
1.844326
1.268326
1.259326
0.988326
1.041326
0.612326
2.416326
1.974326
0.612326
1.610326
0.297326
-0.385674
0.398326
0.581326
1.725326
1.606326
1.314326
1.833326
0.797326
0.968326
-0.385674
0.710326
1.412326
0.982326
1.624326
0.907326
1.691326
1.610326
1.462326
1.268326
1.254326
0.999326
1.095326
2.638326
0.097326
0.097326
1.725326
1.134326
0.581326
1.975326
0.622326
1.406326
1.606326
0.398326
0.968326
1.975326
0.858326
0.797326
0.710326
0.398326
1.436326
0.622326
1.634326
0.121326
1.479326
0.944326
0.968326
1.258326
0.710326
1.717326
1.268326
1.773326
0.627326
0.601326
1.725326
1.539326
0.398326
1.691326
0.797326
1.450326
0.356326
0.581326
2.012326
1.040326
1.558326
1.406326
0.988326
1.479326
0.982326
1.045326
0.849326
0.849326
1.758326
1.558326
0.907326
0.604326
0.893326
1.773326
2.051326
1.627326
1.254326
1.026326
1.500326
1.268326
1.436326
1.609326
1.450326
1.588326
1.844326
1.099326
1.026326
0.797326
1.045326
1.558326
1.026326
0.849326
0.902326
0.097326
0.982326
1.627326
1.634326
1.817326
1.095326
1.097326
0.771326
0.434326
1.458326
0.815326
0.858326
1.064326
0.787326
1.175326
0.612326
1.670326
1.717326
1.634326
-0.243674
0.627326
1.462326
1.436326
1.758326
1.817326
0.297326
1.259326
1.066326
1.106326
1.268326
2.638326
1.175326
0.927326
1.458326
1.588326
1.974326
0.907326
0.968326
0.988326
0.560326
0.849326
1.399326
1.094326
1.558326
2.025326
2.259326
1.773326
0.248326
2.025326
0.710326
0.622326
1.011326
0.797326
1.175326
1.258326
0.097326
1.558326
0.771326
0.858326
1.844326
0.999326
1.259326
0.612326
1.041326
1.097326
0.787326
1.975326
0.121326
1.773326
1.040326
1.097326
1.097326
0.902326
0.356326
1.399326
1.558326
0.434326
0.907326
1.011326
1.064326
2.012326
1.558326
0.581326
0.581326
1.462326
1.406326
1.026326
1.026326
2.259326
1.259326
1.040326
0.944326
0.999326
1.285326
0.591326
0.893326
1.539326
1.539326
1.558326
0.121326
1.094326
0.601326
1.254326
1.401326
1.095326
1.844326
0.815326
1.095326
1.099326
1.725326
1.450326
0.434326
1.011326
0.902326
1.773326
-0.243674
0.612326
1.026326
1.558326
1.548326
0.581326
1.500326
1.758326
0.398326
0.560326
-0.243674
2.012326
2.638326
1.097326
1.725326
0.988326
2.012326
0.097326
0.097326
0.097326
1.500326
0.627326
1.773326
0.944326
1.833326
1.833326
0.843326
1.095326
1.758326
1.099326
0.581326
1.548326
1.627326
1.491326
1.773326
-0.385674
0.121326
0.787326
1.975326
0.797326
1.609326
1.609326
0.071326
1.259326
1.558326
0.097326
1.106326
1.462326
0.902326
1.040326
1.406326
1.479326
1.285326
0.560326
0.902326
1.097326
1.627326
1.548326
1.259326
0.849326
1.691326
0.849326
2.012326
1.314326
1.175326
1.725326
1.268326
2.025326
1.500326
1.627326
1.624326
0.919326
0.858326
1.691326
2.025326
1.610326
0.097326
1.026326
1.165326
1.259326
1.634326
1.268326
0.849326
1.462326
2.259326
1.412326
1.450326
0.907326
0.815326
0.787326
0.797326
-0.385674
1.026326
2.638326
0.843326
1.258326
1.066326
1.974326
0.694326
0.612326
1.670326
1.450326
2.259326
1.094326
1.773326
1.609326
1.399326
1.539326
1.259326
0.398326
1.175326
0.121326
1.548326
0.902326
1.314326
1.491326
1.773326
1.045326
1.691326
0.601326
0.097326
0.944326
2.638326
1.258326
1.462326
1.175326
0.815326
1.558326
0.999326
1.314326
1.314326
0.968326
1.041326
1.026326
1.040326
0.771326
1.844326
1.401326
0.849326
0.928326
1.627326
1.097326
0.982326
1.609326
1.066326
1.558326
2.259326
1.548326
2.638326
0.356326
1.739326
1.624326
1.817326
1.099326
1.558326
1.064326
1.609326
0.999326
1.066326
1.412326
0.902326
1.627326
0.297326
1.500326
0.893326
0.356326
1.624326
2.012326
0.710326
0.434326
1.773326
0.787326
1.773326
1.691326
1.259326
1.624326
1.558326
1.450326
1.624326
1.401326
1.314326
1.406326
1.268326
2.012326
0.927326
1.670326
1.610326
0.982326
1.588326
0.560326
0.581326
1.975326
0.398326
-0.243674
1.817326
0.434326
0.812326
2.638326
0.434326
0.694326
1.175326
0.815326
1.095326
0.812326
1.558326
0.787326
0.601326
1.458326
1.045326
0.902326
1.041326
1.588326
0.907326
1.099326
1.817326
0.121326
0.604326
1.066326
1.066326
1.634326
1.285326
1.259326
-0.243674
0.907326
1.500326
2.638326
1.558326
0.893326
0.902326
0.591326
1.285326
1.833326
1.106326
-0.385674
1.094326
0.581326
1.095326
1.670326
1.045326
1.026326
1.097326
0.710326
0.121326
0.982326
0.581326
0.612326
1.609326
1.773326
1.041326
-0.243674
0.622326
1.627326
1.624326
1.558326
0.121326
0.907326
0.622326
1.094326
0.919326
1.097326
0.710326
1.064326
0.612326
1.254326
2.051326
0.581326
1.095326
1.285326
1.097326
0.797326
1.041326
2.638326
1.259326
0.999326
2.051326
1.844326
1.558326
0.843326
1.268326
0.627326
0.928326
0.797326
1.758326
1.634326
0.612326
0.694326
1.588326
0.398326
0.858326
1.045326
0.919326
1.314326
1.717326
2.051326
1.064326
0.560326
1.254326
1.773326
1.106326
1.175326
2.416326
0.919326
0.591326
1.064326
1.094326
1.458326
0.927326
1.634326
1.670326
1.773326
1.833326
0.849326
1.833326
1.097326
0.356326
1.634326
0.581326
0.849326
0.627326
1.099326
0.812326
0.797326
0.694326
1.165326
0.694326
0.694326
2.259326
1.254326
0.893326
0.849326
0.627326
0.919326
0.612326
1.011326
0.694326
1.268326
1.773326
1.456326
2.025326
1.064326
1.406326
0.999326
1.268326
0.398326
1.758326
2.638326
2.638326
0.710326
0.071326
1.099326
0.771326
0.434326
0.928326
1.725326
1.773326
1.041326
1.624326
1.436326
1.539326
0.968326
1.844326
1.254326
0.627326
1.670326
2.259326
0.627326
0.812326
0.604326
1.106326
1.314326
0.982326
0.710326
1.558326
1.094326
1.588326
1.258326
0.710326
0.771326
1.268326
0.121326
0.398326
0.812326
2.638326
1.624326
1.066326
2.638326
-0.385674
0.071326
0.581326
0.710326
1.773326
0.694326
0.820326
1.399326
2.051326
1.462326
2.259326
1.458326
1.456326
0.968326
1.314326
1.066326
0.928326
1.045326
0.812326
2.025326
1.066326
0.601326
-0.385674
-0.086674
0.694326
1.097326
1.045326
2.051326
0.968326
1.094326
0.927326
1.833326
1.458326
1.175326
1.627326
0.694326
0.771326
0.944326
1.844326
0.902326
1.097326
0.097326
0.622326
2.638326
1.314326
1.817326
1.259326
1.479326
2.638326
1.558326
1.399326
1.758326
1.817326
1.844326
1.196326
-0.086674
1.099326
1.399326
1.254326
1.254326
1.026326
1.844326
2.638326
2.259326
1.399326
0.999326
0.849326
2.025326
1.450326
0.843326
1.259326
1.739326
1.691326
0.612326
1.285326
1.558326
1.064326
0.927326
0.612326
0.999326
1.175326
0.771326
1.975326
2.638326
1.725326
-0.385674
1.095326
1.627326
0.919326
1.045326
1.106326
1.624326
1.479326
0.560326
1.285326
0.812326
1.175326
1.624326
0.398326
1.610326
1.045326
0.787326
0.627326
1.833326
1.064326
-0.243674
0.560326
1.717326
1.450326
1.817326
1.097326
1.099326
1.670326
1.066326
0.356326
0.919326
0.694326
0.893326
1.610326
0.787326
1.314326
1.254326
0.787326
0.612326
0.820326
1.627326
1.539326
0.622326
1.259326
0.927326
1.717326
1.406326
0.398326
1.844326
2.638326
0.812326
0.097326
1.099326
1.462326
1.254326
1.491326
1.097326
1.558326
1.627326
1.259326
0.815326
0.097326
1.610326
0.902326
0.815326
0.944326
0.297326
1.095326
0.787326
1.196326
1.691326
1.739326
0.771326
0.928326
0.604326
1.558326
1.040326
1.041326
0.248326
1.974326
1.259326
1.833326
0.787326
2.638326
1.094326
1.450326
1.479326
1.195326
1.725326
1.175326
-0.086674
0.121326
1.974326
1.833326
1.458326
0.999326
1.539326
0.902326
1.833326
1.026326
1.285326
0.694326
1.691326
1.254326
1.609326
1.833326
1.725326
0.121326
1.259326
1.026326
1.610326
1.456326
0.694326
1.462326
1.254326
1.258326
0.581326
1.175326
1.259326
0.710326
1.175326
1.095326
1.458326
0.902326
-0.243674
0.944326
1.558326
1.026326
1.627326
0.927326
0.601326
1.758326
1.045326
1.479326
1.254326
0.710326
2.259326
0.927326
1.045326
1.758326
0.927326
1.717326
0.982326
1.254326
0.297326
1.259326
0.797326
1.175326
1.558326
1.588326
1.195326
1.627326
0.843326
2.051326
1.833326
1.691326
0.771326
1.627326
0.627326
1.106326
0.710326
1.045326
0.627326
1.548326
2.416326
0.710326
1.588326
0.815326
0.297326
0.710326
0.982326
1.285326
1.539326
1.254326
0.771326
0.999326
0.815326
0.560326
0.601326
1.041326
0.434326
0.694326
1.258326
0.812326
1.258326
1.450326
0.297326
1.456326
-0.086674
0.356326
1.844326
-0.385674
1.974326
0.710326
0.982326
0.601326
1.717326
0.797326
1.259326
2.259326
1.066326
0.999326
0.710326
0.928326
1.285326
0.815326
-0.243674
1.011326
1.045326
1.401326
0.097326
0.121326
0.849326
1.196326
0.787326
1.095326
1.314326
1.610326
1.099326
1.195326
1.026326
1.285326
1.548326
1.026326
1.739326
1.406326
1.066326
0.812326
-0.086674
1.097326
0.248326
0.694326
1.717326
1.725326
0.919326
1.758326
1.610326
1.717326
1.609326
0.982326
1.462326
1.064326
1.165326
1.974326
1.094326
1.725326
0.815326
0.581326
-0.385674
1.258326
0.622326
0.812326
1.817326
1.479326
0.927326
1.558326
1.095326
0.356326
0.710326
1.254326
1.717326
0.919326
0.297326
1.401326
1.627326
2.012326
0.356326
1.258326
0.591326
1.406326
1.399326
1.175326
0.581326
0.560326
1.739326
1.739326
-0.243674
1.314326
1.627326
0.398326
1.040326
1.773326
1.254326
1.401326
1.833326
0.919326
1.175326
1.195326
2.638326
0.820326
1.436326
0.694326
0.297326
0.622326
0.843326
0.858326
0.560326
1.094326
0.248326
1.491326
0.581326
0.097326
0.849326
0.928326
1.064326
0.815326
1.399326
0.812326
1.609326
0.533326
0.797326
1.040326
1.106326
1.462326
1.106326
0.434326
0.944326
1.401326
-0.086674
1.844326
1.095326
0.787326
1.195326
0.612326
1.195326
0.927326
0.858326
1.610326
1.254326
0.604326
1.011326
0.398326
0.927326
2.012326
1.011326
-0.086674
0.097326
0.815326
0.581326
1.258326
-0.086674
0.560326
0.591326
1.627326
0.560326
1.401326
0.787326
1.258326
1.412326
0.627326
0.604326
1.725326
1.175326
2.051326
1.491326
1.548326
0.815326
1.314326
0.622326
1.011326
0.944326
1.844326
1.026326
1.450326
1.041326
1.458326
1.094326
1.259326
0.121326
1.588326
0.815326
1.412326
2.051326
0.843326
0.581326
1.450326
0.097326
1.758326
0.694326
1.095326
1.285326
0.815326
1.040326
1.175326
0.787326
1.456326
0.248326
0.815326
1.558326
1.627326
1.175326
0.398326
1.491326
1.401326
1.094326
0.612326
0.612326
1.285326
1.259326
1.773326
1.412326
0.858326
1.539326
1.258326
1.758326
1.195326
1.450326
-0.243674
-0.243674
1.097326
0.849326
0.999326
2.051326
0.944326
0.820326
1.739326
1.040326
1.099326
0.297326
0.560326
0.591326
-0.385674
0.812326
0.627326
1.717326
1.095326
1.258326
1.040326
1.817326
0.944326
1.094326
1.758326
1.773326
1.254326
1.045326
0.849326
0.601326
1.450326
0.612326
1.097326
0.248326
1.833326
0.968326
1.045326
1.458326
1.175326
0.248326
0.815326
1.040326
0.927326
1.254326
-0.243674
1.817326
1.259326
2.051326
0.097326
1.558326
0.604326
0.627326
0.893326
0.893326
1.099326
1.099326
1.479326
0.902326
1.739326
1.045326
0.927326
0.927326
0.581326
0.968326
1.314326
1.041326
1.479326
2.638326
1.479326
0.248326
1.040326
1.285326
-0.086674
1.254326
0.919326
0.919326
0.627326
1.060326
1.450326
1.060326
1.045326
1.097326
1.268326
1.539326
1.739326
-0.385674
0.097326
1.268326
1.314326
2.051326
0.820326
1.739326
1.258326
0.982326
0.797326
2.638326
1.974326
1.254326
0.944326
0.815326
1.758326
1.412326
1.610326
1.195326
0.968326
2.025326
1.254326
1.064326
0.928326
2.638326
0.591326
1.412326
1.106326
2.638326
0.612326
0.927326
1.558326
0.999326
1.064326
1.456326
0.787326
0.530326
1.064326
0.601326
0.601326
1.401326
1.739326
1.458326
1.627326
1.450326
0.398326
1.073326
1.844326
1.195326
0.999326
0.812326
0.982326
1.196326
0.944326
1.456326
1.817326
-0.385674
0.999326
0.604326
1.285326
1.073326
-0.243674
0.097326
1.406326
1.106326
1.106326
0.968326
1.717326
1.073326
1.539326
1.670326
1.462326
0.843326
0.919326
1.627326
0.627326
1.095326
1.165326
0.710326
0.612326
1.254326
1.558326
1.717326
1.491326
1.456326
1.717326
1.844326
0.982326
0.815326
0.858326
-0.258674
0.612326
0.919326
1.399326
0.121326
1.450326
2.416326
0.356326
0.820326
2.638326
0.121326
1.539326
0.812326
0.297326
1.844326
1.833326
0.694326
1.412326
0.893326
1.099326
1.817326
1.259326
1.165326
1.833326
1.833326
1.165326
2.025326
1.399326
0.248326
1.627326
-0.385674
0.927326
1.401326
1.099326
1.041326
0.398326
1.436326
0.849326
1.739326
1.548326
0.843326
0.944326
2.051326
0.815326
0.601326
0.530326
1.064326
1.258326
1.548326
0.121326
0.560326
1.725326
1.106326
1.974326
0.612326
0.812326
1.844326
1.670326
1.165326
2.051326
1.670326
1.097326
0.982326
1.285326
1.773326
0.928326
0.356326
1.627326
1.725326
0.999326
1.773326
0.604326
1.099326
1.285326
0.797326
0.919326
0.591326
1.026326
1.975326
0.928326
1.479326
1.725326
0.812326
0.097326
1.259326
1.609326
1.073326
1.073326
1.436326
0.601326
0.560326
0.248326
0.787326
1.691326
0.591326
0.919326
0.591326
1.725326
1.588326
0.601326
1.412326
0.356326
1.833326
1.548326
1.539326
1.833326
1.627326
1.258326
1.097326
1.095326
2.259326
1.106326
1.450326
1.026326
1.165326
0.820326
0.919326
1.195326
1.011326
1.670326
0.297326
1.725326
1.041326
1.041326
0.297326
0.710326
1.458326
0.820326
2.259326
0.560326
1.491326
1.106326
2.051326
0.944326
1.758326
0.694326
2.259326
0.902326
0.434326
0.999326
0.849326
0.927326
1.975326
1.011326
1.254326
1.670326
1.458326
0.820326
0.982326
1.717326
1.033326
1.450326
1.609326
1.314326
1.130326
1.717326
1.610326
2.638326
0.601326
1.739326
0.927326
0.919326
1.268326
0.787326
0.591326
0.968326
1.097326
1.450326
1.458326
0.812326
1.066326
1.844326
0.530326
2.638326
1.097326
0.787326
0.530326
1.314326
1.974326
1.833326
1.259326
1.558326
1.975326
0.982326
1.258326
0.982326
1.539326
1.558326
0.902326
0.297326
1.064326
0.604326
1.254326
1.285326
1.268326
1.558326
0.297326
1.773326
0.612326
1.670326
1.196326
1.817326
0.812326
1.314326
0.858326
1.539326
0.928326
1.558326
0.533326
1.314326
0.787326
1.285326
1.458326
1.412326
0.893326
1.491326
1.259326
0.121326
1.436326
0.787326
0.999326
0.627326
-0.258674
1.285326
0.533326
0.982326
1.609326
0.849326
2.638326
2.638326
1.717326
0.694326
1.817326
1.045326
1.026326
1.073326
0.297326
0.968326
1.406326
1.195326
0.591326
1.165326
1.106326
1.610326
1.095326
0.591326
2.025326
1.975326
1.259326
0.999326
1.479326
0.694326
0.591326
0.622326
1.412326
1.165326
-0.258674
0.849326
1.725326
1.064326
1.097326
1.458326
0.297326
1.254326
-0.258674
0.601326
0.858326
1.458326
0.797326
1.165326
1.130326
0.398326
0.919326
1.073326
1.254326
1.974326
0.902326
1.254326
1.097326
1.259326
1.627326
1.066326
1.165326
1.817326
1.254326
1.717326
1.758326
0.121326
0.849326
0.533326
1.450326
1.045326
0.398326
0.710326
0.787326
0.398326
0.944326
0.627326
0.694326
0.121326
0.982326
1.095326
0.694326
1.558326
1.844326
1.833326
1.401326
1.691326
0.627326
0.982326
1.717326
1.410326
1.401326
0.968326
1.258326
0.787326
1.739326
0.710326
1.558326
0.398326
0.097326
1.462326
1.539326
1.268326
0.398326
1.588326
1.060326
1.558326
1.725326
1.758326
0.893326
0.812326
1.073326
0.398326
2.025326
0.297326
1.436326
1.773326
1.254326
1.314326
1.450326
1.717326
1.410326
0.121326
1.436326
0.248326
1.758326
0.097326
1.195326
1.610326
1.099326
0.944326
-0.385674
0.604326
1.975326
2.051326
1.773326
0.893326
0.893326
1.462326
2.012326
1.670326
0.560326
1.095326
1.975326
1.399326
1.040326
1.196326
1.717326
0.944326
1.066326
1.259326
0.902326
-0.385674
-0.086674
-0.086674
1.450326
0.893326
1.844326
0.612326
0.797326
1.258326
1.285326
1.558326
1.011326
1.758326
0.356326
1.548326
1.165326
1.196326
1.106326
0.530326
0.812326
1.844326
1.011326
0.622326
0.999326
0.928326
1.725326
1.165326
1.406326
1.040326
1.254326
0.591326
2.259326
1.026326
1.165326
0.710326
1.314326
0.612326
1.436326
0.893326
1.040326
1.975326
1.097326
0.787326
1.410326
1.817326
0.815326
0.434326
0.710326
1.073326
0.591326
1.066326
1.011326
2.051326
-0.258674
1.097326
1.458326
0.434326
1.758326
0.398326
-0.086674
-0.385674
2.012326
1.406326
1.410326
0.601326
2.051326
1.097326
2.638326
1.548326
0.710326
0.815326
0.968326
0.944326
0.944326
0.815326
2.012326
1.833326
0.398326
1.130326
1.259326
0.297326
1.548326
0.708326
1.401326
1.033326
2.638326
2.416326
0.902326
1.033326
0.604326
0.297326
1.399326
1.558326
1.045326
0.797326
0.604326
1.627326
0.530326
0.820326
0.604326
0.820326
0.982326
0.708326
1.399326
0.434326
0.815326
0.530326
0.927326
1.064326
1.196326
0.812326
1.691326
0.612326
1.758326
1.406326
0.591326
1.758326
0.560326
1.258326
1.064326
1.106326
1.066326
0.893326
-0.385674
1.106326
0.591326
1.548326
0.928326
1.410326
0.999326
1.725326
0.982326
0.812326
1.450326
1.195326
1.399326
1.717326
2.259326
1.033326
1.254326
1.412326
1.165326
1.258326
1.130326
1.691326
1.259326
0.601326
1.436326
1.974326
0.622326
1.258326
1.410326
1.011326
2.416326
1.073326
1.739326
0.601326
0.858326
0.787326
1.095326
2.638326
1.314326
0.627326
1.026326
1.254326
1.066326
1.165326
1.401326
1.195326
1.026326
2.259326
1.412326
0.708326
1.974326
-0.258674
0.601326
1.627326
2.025326
1.406326
1.259326
1.195326
0.694326
0.797326
0.927326
-0.258674
-0.086674
0.797326
0.604326
2.259326
0.297326
0.627326
1.259326
0.612326
1.833326
0.919326
0.849326
1.401326
1.817326
0.530326
0.944326
0.434326
0.612326
1.060326
1.268326
1.353326
1.195326
0.815326
1.758326
1.196326
0.627326
0.820326
1.558326
1.410326
0.694326
1.314326
1.165326
1.691326
1.095326
1.353326
1.060326
1.060326
0.999326
1.670326
1.758326
0.849326
0.919326
1.539326
0.356326
0.533326
0.708326
1.097326
1.691326
1.258326
1.717326
1.773326
1.259326
0.919326
0.560326
0.560326
1.739326
0.591326
1.401326
1.548326
0.297326
2.259326
0.849326
0.612326
0.601326
0.627326
0.927326
0.121326
1.479326
1.040326
0.708326
0.591326
1.412326
0.820326
0.627326
0.560326
1.558326
0.968326
1.974326
1.268326
0.248326
0.927326
1.165326
1.691326
0.919326
1.130326
0.398326
2.259326
1.410326
1.195326
0.622326
1.548326
1.259326
0.591326
0.787326
2.051326
1.095326
1.462326
0.533326
1.558326
1.099326
1.130326
0.356326
0.812326
1.610326
1.401326
0.121326
0.627326
1.436326
1.130326
0.694326
1.165326
0.927326
1.106326
1.974326
1.314326
0.297326
1.045326
1.450326
1.165326
1.588326
0.612326
0.849326
2.259326
0.356326
0.398326
1.097326
1.258326
0.944326
1.259326
0.968326
0.560326
0.627326
0.530326
1.099326
0.121326
1.285326
1.066326
0.248326
1.045326
1.479326
0.902326
1.670326
1.558326
1.691326
1.758326
1.401326
1.254326
0.604326
1.670326
1.066326
1.833326
1.558326
1.588326
1.033326
1.196326
1.691326
0.612326
0.893326
0.820326
1.539326
-0.385674
1.975326
0.815326
1.436326
1.406326
0.627326
1.106326
1.033326
0.530326
1.165326
1.670326
0.398326
0.533326
0.982326
2.259326
1.285326
1.165326
0.622326
1.254326
0.533326
1.773326
1.691326
1.259326
1.353326
1.691326
1.588326
1.003326
2.259326
0.612326
0.982326
1.401326
1.588326
1.254326
0.560326
0.927326
1.099326
1.097326
1.003326
1.670326
1.254326
1.758326
0.893326
1.758326
1.975326
0.297326
0.434326
1.401326
0.612326
1.458326
1.717326
1.773326
1.758326
1.844326
1.060326
1.195326
-0.086674
0.820326
0.787326
1.436326
0.612326
1.401326
1.026326
0.434326
0.982326
2.051326
0.708326
2.012326
0.893326
1.975326
1.285326
1.095326
1.097326
1.717326
0.812326
0.927326
1.458326
1.040326
0.530326
1.003326
0.627326
0.927326
0.858326
1.033326
1.353326
0.533326
0.248326
1.130326
1.758326
1.406326
1.033326
1.060326
0.928326
-0.385674
1.097326
1.833326
0.604326
0.097326
-0.385674
0.560326
1.285326
0.612326
0.627326
1.739326
0.560326
1.285326
0.902326
1.725326
1.758326
0.982326
0.530326
1.011326
0.612326
1.040326
1.040326
0.919326
-0.258674
2.012326
0.248326
1.165326
1.491326
0.622326
0.530326
1.106326
1.268326
1.610326
0.533326
1.268326
2.025326
0.694326
1.314326
0.612326
0.560326
1.833326
1.040326
1.975326
1.758326
0.601326
1.033326
0.533326
1.610326
1.401326
1.314326
1.773326
1.412326
1.739326
1.353326
2.025326
1.097326
0.902326
0.982326
1.259326
1.450326
1.106326
0.820326
1.195326
1.259326
1.258326
0.604326
0.843326
0.398326
1.458326
1.844326
1.399326
1.717326
1.739326
1.195326
1.610326
2.012326
0.612326
1.254326
1.462326
1.610326
1.436326
1.097326
1.353326
0.919326
1.406326
0.591326
1.717326
1.758326
1.314326
1.844326
1.259326
0.893326
1.060326
1.773326
0.797326
0.356326
0.902326
1.725326
1.436326
1.406326
1.548326
1.268326
1.040326
1.259326
0.530326
1.130326
0.398326
0.787326
1.479326
1.548326
1.691326
1.099326
1.401326
1.314326
1.040326
1.725326
1.548326
0.968326
1.844326
0.815326
1.610326
0.601326
-0.086674
2.051326
2.638326
1.975326
0.622326
0.787326
0.533326
1.011326
1.458326
1.099326
1.833326
1.773326
0.927326
1.773326
1.844326
1.099326
0.612326
1.106326
0.248326
0.858326
1.095326
1.773326
1.259326
-0.385674
1.095326
1.011326
1.558326
1.195326
1.401326
-0.086674
1.353326
1.045326
0.530326
1.844326
0.927326
0.999326
1.833326
1.548326
0.533326
1.095326
1.412326
1.165326
0.601326
0.944326
0.708326
1.610326
0.297326
0.982326
0.928326
0.927326
0.467326
1.060326
1.410326
1.691326
1.773326
0.627326
2.025326
1.773326
1.064326
0.858326
0.927326
1.097326
0.968326
1.258326
1.491326
1.974326
0.843326
1.450326
0.999326
1.314326
1.099326
1.353326
0.893326
0.982326
1.097326
1.817326
0.604326
1.195326
1.462326
1.040326
1.458326
0.820326
1.259326
1.548326
1.353326
0.968326
1.401326
1.268326
1.130326
0.627326
1.040326
0.560326
1.099326
1.196326
1.817326
1.558326
-0.258674
0.999326
1.099326
0.622326
1.314326
0.398326
1.195326
2.012326
0.708326
0.612326
1.065326
1.064326
0.787326
1.833326
1.436326
0.604326
1.436326
0.968326
0.812326
0.927326
1.353326
1.399326
1.479326
0.533326
1.491326
0.858326
0.919326
0.434326
1.833326
1.130326
1.099326
1.285326
0.533326
1.314326
0.622326
1.064326
-0.086674
0.434326
0.927326
1.353326
1.254326
2.051326
1.285326
1.040326
1.097326
0.968326
0.820326
1.268326
1.106326
1.758326
2.638326
1.725326
1.060326
1.479326
1.353326
1.610326
0.533326
0.467326
0.248326
-0.086674
1.097326
1.026326
1.401326
1.254326
1.095326
0.902326
0.858326
0.533326
1.130326
1.717326
1.406326
-0.258674
0.601326
0.982326
1.254326
1.975326
1.725326
0.708326
1.450326
0.533326
1.491326
1.064326
1.717326
1.773326
1.097326
1.406326
0.982326
1.479326
1.064326
1.450326
1.844326
1.130326
1.833326
-0.385674
0.601326
1.588326
1.833326
1.458326
1.406326
1.040326
0.999326
0.530326
1.399326
0.612326
0.787326
0.097326
0.604326
1.548326
1.026326
1.773326
1.479326
1.259326
0.893326
0.902326
0.944326
2.025326
1.099326
1.033326
1.258326
2.025326
0.627326
-0.258674
1.195326
0.601326
0.815326
1.353326
1.033326
0.982326
1.353326
1.285326
0.533326
0.622326
0.708326
1.130326
1.436326
0.893326
1.254326
0.858326
0.849326
0.708326
1.610326
0.982326
1.097326
0.820326
1.353326
0.612326
1.195326
1.099326
0.968326
1.833326
0.982326
1.268326
1.725326
0.893326
1.410326
0.815326
0.843326
0.434326
1.165326
0.601326
0.858326
1.011326
1.817326
1.065326
1.406326
0.467326
1.539326
1.462326
0.963326
1.412326
1.033326
1.026326
1.401326
0.982326
0.968326
1.097326
1.353326
0.601326
1.106326
0.434326
0.797326
1.758326
1.033326
0.708326
1.558326
1.095326
1.975326
1.717326
0.815326
0.982326
0.849326
1.975326
0.097326
0.694326
0.944326
1.588326
0.467326
1.717326
0.944326
1.254326
0.812326
0.893326
0.787326
1.588326
1.259326
1.491326
0.902326
1.073326
1.975326
1.758326
1.060326
1.462326
1.691326
0.999326
0.560326
1.588326
0.248326
1.588326
0.530326
1.254326
1.558326
1.011326
0.944326
1.097326
1.725326
0.982326
0.815326
0.812326
0.467326
0.820326
0.604326
1.065326
0.968326
0.902326
1.974326
1.725326
2.051326
0.927326
0.927326
0.434326
1.739326
1.773326
2.025326
0.694326
0.356326
0.612326
0.919326
0.797326
0.963326
0.944326
0.812326
0.622326
1.195326
0.708326
1.353326
1.670326
0.849326
1.739326
2.051326
0.797326
1.410326
1.758326
1.412326
0.622326
1.033326
1.097326
1.717326
0.893326
0.843326
0.815326
2.012326
1.548326
1.974326
1.258326
0.927326
2.638326
1.285326
0.612326
1.833326
1.558326
1.254326
1.040326
0.843326
0.820326
1.450326
2.259326
1.758326
0.622326
0.097326
1.097326
1.717326
1.844326
1.401326
1.539326
1.073326
0.968326
1.066326
0.787326
0.560326
0.467326
1.462326
1.773326
1.588326
0.297326
0.812326
1.254326
0.815326
0.297326
1.610326
1.725326
1.610326
1.548326
1.268326
0.928326
0.297326
1.725326
1.436326
1.399326
0.893326
1.066326
0.533326
0.944326
1.717326
0.815326
1.106326
-0.086674
2.012326
1.833326
2.638326
0.560326
0.097326
1.458326
1.045326
1.065326
0.927326
1.065326
0.560326
0.982326
1.060326
1.165326
1.844326
0.919326
1.097326
0.467326
1.165326
0.982326
1.773326
1.833326
0.928326
0.963326
0.963326
1.974326
2.259326
1.458326
0.612326
-0.258674
2.012326
1.073326
2.638326
0.787326
1.099326
1.450326
0.787326
2.416326
1.548326
1.401326
1.758326
1.458326
1.011326
0.968326
1.095326
1.106326
1.773326
1.285326
0.893326
0.097326
1.353326
0.963326
0.928326
1.436326
1.462326
0.356326
1.670326
0.622326
1.691326
0.248326
1.833326
2.012326
1.406326
0.919326
0.858326
1.097326
0.356326
0.533326
0.849326
1.539326
-0.258674
1.974326
1.458326
-0.385674
0.708326
1.045326
0.982326
0.627326
1.462326
1.610326
1.739326
1.026326
1.033326
1.165326
1.399326
0.968326
1.399326
0.483326
1.844326
2.051326
1.717326
1.458326
0.530326
0.467326
1.097326
1.725326
1.060326
1.691326
0.483326
0.982326
1.097326
0.601326
1.268326
1.399326
1.401326
0.097326
0.530326
1.588326
1.314326
1.844326
1.130326
1.285326
1.725326
1.479326
0.604326
0.849326
1.026326
0.530326
1.130326
1.491326
1.975326
1.974326
0.622326
0.963326
0.248326
0.963326
0.944326
2.051326
0.560326
1.285326
1.410326
-0.385674
1.436326
2.051326
1.065326
1.095326
2.025326
1.060326
1.073326
0.483326
0.248326
0.356326
0.812326
2.638326
2.259326
1.401326
1.833326
2.012326
1.670326
1.670326
0.944326
1.558326
1.548326
0.858326
1.254326
2.025326
1.314326
1.106326
1.436326
1.479326
2.012326
0.982326
2.259326
1.033326
1.060326
1.844326
1.462326
1.691326
1.095326
1.975326
1.097326
0.604326
0.622326
2.051326
1.450326
0.893326
1.254326
0.297326
0.694326
1.254326
1.165326
0.927326
2.051326
0.963326
1.259326
2.025326
1.491326
1.165326
0.787326
0.858326
0.963326
1.817326
1.450326
1.739326
1.833326
0.530326
1.406326
0.560326
1.558326
0.820326
1.011326
1.610326
2.012326
1.130326
1.401326
0.622326
0.622326
1.165326
1.401326
0.248326
1.410326
0.627326
1.353326
1.406326
1.458326
1.097326
1.725326
1.458326
1.588326
1.450326
0.097326
1.033326
0.815326
0.944326
-0.258674
1.285326
1.436326
0.999326
1.558326
1.412326
0.858326
1.462326
0.787326
1.285326
0.356326
-0.385674
1.403326
1.725326
1.165326
1.458326
0.797326
0.812326
1.691326
1.060326
0.694326
-0.258674
1.725326
1.610326
0.601326
1.479326
0.982326
1.097326
2.638326
0.927326
1.259326
1.097326
1.065326
1.610326
1.097326
1.974326
1.844326
1.020326
-0.422674
1.011326
1.040326
1.717326
1.610326
1.844326
0.627326
1.106326
1.195326
1.033326
0.248326
1.097326
0.787326
1.975326
1.195326
1.558326
0.797326
1.130326
1.195326
0.787326
1.717326
1.773326
-0.422674
1.285326
0.530326
1.258326
1.412326
1.095326
1.285326
1.844326
1.060326
0.982326
0.248326
0.999326
0.097326
0.982326
1.045326
2.025326
1.458326
1.130326
0.398326
1.725326
1.403326
1.450326
1.314326
1.011326
0.919326
1.548326
1.353326
0.708326
1.691326
1.412326
1.254326
0.708326
1.717326
0.097326
2.416326
0.797326
0.963326
1.717326
2.638326
1.450326
1.975326
1.011326
1.065326
0.999326
1.026326
0.467326
1.450326
1.773326
1.254326
0.968326
0.483326
2.012326
1.254326
1.412326
1.011326
1.106326
1.066326
1.285326
1.436326
0.356326
0.467326
1.195326
1.974326
0.982326
1.558326
1.739326
1.844326
2.012326
0.356326
1.097326
1.670326
0.708326
1.739326
0.963326
1.450326
2.416326
1.254326
1.401326
0.927326
0.858326
0.944326
0.927326
-0.385674
1.020326
1.670326
1.758326
1.403326
1.479326
0.483326
1.833326
2.638326
0.248326
1.258326
1.558326
0.694326
0.982326
1.773326
1.259326
2.638326
1.558326
1.725326
0.787326
0.944326
1.725326
0.797326
1.066326
1.588326
1.353326
1.020326
0.815326
1.691326
0.622326
1.254326
0.627326
2.025326
0.812326
1.399326
1.033326
1.353326
1.650326
0.434326
0.797326
1.258326
0.797326
0.893326
1.558326
1.097326
1.399326
-0.385674
0.787326
0.999326
0.356326
1.844326
1.106326
1.026326
1.045326
1.691326
2.638326
0.858326
0.627326
0.963326
1.314326
0.612326
1.650326
1.974326
1.097326
0.928326
1.254326
0.944326
0.963326
0.612326
0.944326
0.622326
0.622326
1.099326
1.650326
2.012326
0.398326
1.739326
1.073326
2.025326
1.491326
-0.385674
1.073326
1.254326
0.858326
0.982326
1.033326
1.195326
0.121326
1.026326
0.627326
1.195326
1.095326
1.020326
1.691326
0.434326
1.254326
1.040326
1.691326
1.558326
0.694326
0.902326
0.708326
1.479326
1.717326
1.412326
1.458326
1.974326
0.919326
0.627326
1.491326
1.548326
1.195326
1.130326
1.670326
1.130326
0.968326
1.399326
0.622326
1.650326
1.106326
1.033326
1.285326
-0.086674
0.968326
1.195326
0.902326
-0.385674
1.097326
1.717326
1.773326
1.066326
-0.086674
1.020326
1.258326
0.968326
2.638326
-0.086674
1.758326
0.560326
1.011326
0.248326
0.627326
1.725326
0.944326
0.902326
0.612326
0.902326
0.467326
1.739326
0.820326
2.416326
1.330326
1.491326
0.601326
0.483326
2.025326
0.694326
1.045326
1.165326
1.066326
0.968326
1.040326
0.944326
1.403326
0.297326
1.020326
1.065326
0.530326
-0.086674
0.797326
0.820326
0.893326
2.012326
1.403326
1.450326
1.670326
1.610326
1.844326
1.011326
0.999326
1.026326
1.033326
-0.422674
1.479326
0.812326
1.548326
1.725326
0.999326
1.259326
1.403326
1.258326
0.601326
0.097326
1.450326
0.982326
1.558326
2.025326
0.601326
1.458326
-0.086674
1.403326
0.398326
1.165326
1.045326
0.927326
1.691326
1.106326
0.522326
1.974326
0.398326
0.560326
1.106326
0.356326
0.919326
1.097326
1.020326
2.012326
0.815326
1.558326
0.708326
2.012326
0.968326
1.844326
1.410326
0.927326
1.254326
0.963326
0.622326
-0.385674
0.849326
-0.422674
0.248326
2.259326
1.833326
1.097326
0.982326
1.073326
2.051326
0.121326
1.130326
1.725326
0.820326
1.130326
1.588326
1.040326
1.130326
0.434326
0.467326
1.725326
0.815326
1.558326
0.121326
0.812326
0.622326
1.401326
1.259326
-0.422674
1.436326
0.927326
1.401326
1.462326
0.248326
0.927326
1.410326
1.725326
2.638326
0.694326
0.601326
1.974326
2.259326
0.297326
1.758326
0.849326
0.849326
0.356326
1.436326
1.458326
1.099326
0.919326
0.820326
1.410326
1.462326
0.944326
0.622326
1.844326
0.783326
0.121326
1.403326
0.297326
0.694326
2.051326
1.410326
1.401326
1.011326
1.974326
0.815326
0.787326
0.963326
1.773326
0.248326
0.601326
0.467326
0.927326
0.121326
0.398326
0.248326
1.479326
1.097326
0.919326
0.927326
0.253326
0.097326
0.963326
1.285326
0.843326
1.165326
1.097326
1.011326
0.963326
1.165326
0.248326
1.259326
0.919326
0.982326
0.787326
0.948326
0.253326
1.558326
0.927326
0.121326
0.919326
1.974326
0.893326
1.165326
0.398326
1.650326
1.045326
1.691326
2.259326
1.399326
1.106326
1.020326
1.268326
1.974326
1.020326
2.638326
1.491326
1.670326
1.436326
1.650326
2.638326
0.248326
-0.385674
1.410326
1.268326
1.033326
0.783326
1.773326
1.097326
1.097326
1.450326
1.045326
1.195326
1.833326
1.060326
1.065326
-0.385674
1.097326
1.033326
1.106326
0.483326
0.483326
0.398326
0.944326
1.558326
0.121326
1.458326
1.060326
1.106326
0.783326
1.258326
1.097326
0.622326
1.758326
1.399326
0.815326
0.944326
1.254326
0.694326
1.491326
0.948326
0.812326
0.253326
0.919326
1.725326
1.195326
1.314326
0.927326
1.040326
1.617326
2.012326
0.977326
1.491326
1.617326
0.601326
1.403326
1.285326
1.548326
0.522326
1.254326
0.928326
0.919326
1.259326
0.622326
1.412326
0.434326
1.436326
0.963326
1.065326
0.783326
1.130326
0.963326
1.650326
0.968326
0.977326
1.195326
1.106326
0.434326
1.254326
0.097326
0.622326
1.099326
0.797326
0.919326
1.558326
0.522326
1.491326
1.099326
0.297326
1.403326
-0.086674
1.258326
0.560326
0.434326
1.833326
1.020326
1.045326
0.601326
1.558326
0.797326
0.483326
1.401326
-0.385674
0.097326
0.434326
0.783326
0.297326
1.285326
-0.385674
1.040326
1.617326
1.285326
0.310326
2.259326
0.121326
1.558326
0.893326
1.558326
0.797326
1.412326
0.963326
0.612326
-0.385674
1.099326
1.436326
1.099326
1.548326
0.948326
1.097326
0.963326
0.248326
0.783326
0.948326
1.403326
1.558326
0.783326
1.066326
1.458326
2.025326
2.012326
1.436326
1.462326
0.977326
1.479326
0.253326
1.099326
0.310326
0.310326
1.410326
0.948326
0.858326
1.258326
1.314326
0.902326
0.708326
1.020326
0.434326
1.065326
0.097326
0.297326
1.974326
1.773326
0.927326
0.787326
0.522326
1.410326
1.130326
0.927326
0.560326
0.253326
1.974326
1.462326
0.919326
0.968326
1.095326
0.944326
0.248326
1.758326
0.977326
1.066326
1.610326
1.617326
0.483326
1.399326
1.065326
1.773326
0.253326
0.849326
0.694326
1.558326
1.020326
0.248326
1.450326
1.066326
1.097326
0.919326
1.433326
0.812326
1.558326
0.248326
0.849326
1.353326
1.259326
0.708326
1.833326
0.977326
1.099326
1.833326
1.412326
1.095326
1.066326
0.694326
0.483326
1.433326
1.268326
0.121326
2.259326
1.558326
1.259326
-0.385674
0.977326
-0.086674
0.927326
1.314326
1.462326
2.051326
0.928326
1.060326
1.259326
1.617326
1.691326
0.858326
2.051326
-0.422674
0.977326
1.650326
1.130326
1.450326
-0.422674
1.558326
1.610326
1.650326
0.522326
1.817326
0.927326
0.622326
0.622326
1.974326
0.815326
0.948326
1.011326
0.310326
0.627326
1.548326
0.434326
1.588326
0.627326
0.928326
0.297326
0.927326
1.130326
1.462326
0.248326
0.948326
1.045326
1.650326
1.259326
1.773326
0.601326
1.588326
1.097326
0.902326
0.522326
0.858326
1.817326
1.491326
0.893326
1.040326
0.948326
1.436326
0.858326
1.254326
1.433326
0.919326
0.708326
1.458326
0.927326
1.773326
0.968326
0.248326
1.033326
1.060326
1.195326
1.650326
1.548326
1.610326
1.254326
2.025326
0.815326
1.458326
2.051326
0.708326
0.356326
0.849326
2.025326
0.483326
1.330326
0.919326
-0.086674
1.284326
1.739326
1.040326
0.982326
0.902326
1.403326
0.483326
0.919326
0.708326
0.522326
1.670326
0.927326
1.403326
1.833326
0.622326
0.483326
0.560326
0.434326
0.297326
1.095326
1.045326
2.025326
1.020326
1.060326
-0.422674
1.033326
1.011326
0.843326
2.051326
2.012326
1.670326
0.982326
1.060326
2.012326
1.412326
1.412326
0.560326
1.617326
0.467326
0.434326
1.097326
1.020326
0.963326
1.670326
1.195326
1.479326
0.893326
1.773326
0.927326
1.548326
0.434326
1.670326
1.011326
1.433326
1.045326
0.858326
1.053326
1.065326
1.146326
1.053326
0.467326
1.258326
1.073326
0.627326
2.638326
1.353326
1.095326
1.410326
1.097326
1.458326
1.403326
0.893326
0.248326
1.268326
1.097326
0.797326
2.012326
1.065326
0.919326
1.254326
1.588326
1.670326
1.817326
0.622326
1.254326
0.522326
1.268326
1.259326
0.622326
0.927326
0.483326
0.297326
1.146326
0.858326
1.617326
0.356326
2.012326
1.254326
1.610326
0.927326
1.773326
0.612326
1.412326
1.040326
0.522326
1.436326
0.483326
0.919326
1.548326
1.195326
2.638326
1.433326
1.972326
0.783326
1.548326
1.491326
1.254326
0.253326
1.588326
0.121326
1.268326
0.612326
1.040326
1.412326
1.040326
1.403326
0.248326
1.011326
1.095326
1.410326
0.248326
1.106326
1.739326
0.297326
2.259326
0.858326
0.797326
-0.086674
0.797326
0.982326
0.963326
0.253326
0.097326
0.036326
1.066326
0.601326
2.638326
1.433326
1.353326
1.403326
1.548326
0.982326
2.638326
1.020326
0.977326
0.948326
1.146326
1.739326
0.622326
0.783326
1.099326
0.858326
1.106326
0.797326
1.817326
0.560326
0.944326
1.065326
1.450326
0.627326
1.479326
0.622326
0.467326
1.462326
1.773326
0.858326
0.483326
1.060326
1.259326
0.434326
1.450326
-0.385674
0.483326
0.522326
1.974326
1.399326
2.416326
0.902326
1.020326
0.560326
1.284326
0.927326
2.259326
1.458326
0.601326
1.146326
0.858326
0.927326
0.627326
1.479326
1.073326
0.297326
1.491326
1.045326
1.691326
-0.086674
0.963326
1.739326
0.612326
0.815326
1.458326
0.097326
1.073326
1.258326
1.011326
1.691326
1.739326
1.739326
2.259326
1.974326
1.268326
0.982326
0.356326
0.434326
1.458326
0.787326
1.095326
1.844326
1.314326
1.462326
2.416326
0.708326
2.259326
1.412326
1.739326
0.522326
0.467326
1.146326
2.259326
0.902326
2.012326
0.849326
0.483326
0.036326
1.073326
1.099326
0.622326
1.972326
1.195326
1.073326
0.787326
0.248326
1.020326
1.314326
1.053326
-0.086674
1.399326
1.065326
0.919326
1.146326
1.330326
0.843326
1.739326
1.739326
2.416326
1.479326
0.893326
1.412326
0.612326
1.011326
0.787326
1.410326
1.773326
1.268326
0.248326
0.927326
1.670326
1.353326
1.268326
0.708326
1.433326
0.297326
0.858326
0.708326
1.972326
0.310326
0.622326
1.254326
1.314326
0.783326
1.146326
1.670326
1.285326
0.297326
1.758326
0.919326
1.045326
0.036326
1.670326
0.708326
0.297326
0.783326
0.783326
-0.385674
0.681326
1.436326
0.253326
1.254326
0.787326
-0.385674
0.467326
0.467326
0.783326
1.033326
0.467326
0.681326
1.548326
0.815326
0.893326
1.458326
1.548326
0.843326
1.045326
0.253326
1.972326
1.330326
1.195326
0.434326
-0.385674
0.783326
1.254326
0.434326
0.434326
1.293326
0.919326
1.412326
0.560326
1.399326
1.610326
0.797326
1.314326
0.797326
1.691326
1.099326
1.020326
1.758326
1.065326
1.097326
0.522326
1.073326
0.253326
0.977326
0.769326
0.297326
1.195326
0.297326
1.045326
0.849326
-0.422674
1.610326
0.297326
1.314326
2.638326
1.146326
1.462326
0.356326
1.293326
1.259326
0.694326
0.492326
1.097326
0.681326
1.066326
0.977326
0.769326
0.492326
1.165326
1.165326
1.165326
1.040326
0.297326
1.020326
0.919326
0.948326
1.268326
0.948326
1.258326
1.412326
0.097326
0.253326
2.025326
0.968326
1.610326
1.817326
0.356326
0.253326
0.622326
1.588326
1.410326
1.040326
1.146326
1.284326
1.106326
2.025326
0.434326
0.492326
1.195326
1.053326
0.858326
1.403326
0.434326
1.314326
1.479326
0.858326
1.065326
0.858326
1.060326
1.040326
0.919326
2.025326
0.492326
0.902326
1.588326
0.769326
-0.385674
1.065326
0.681326
0.522326
0.694326
0.522326
1.972326
0.982326
1.097326
1.972326
1.053326
0.612326
1.739326
1.670326
1.284326
0.492326
2.012326
1.491326
1.033326
0.928326
0.492326
1.478326
1.691326
1.403326
1.268326
1.053326
0.927326
0.483326
2.025326
0.248326
1.066326
0.467326
2.025326
1.433326
1.739326
2.259326
0.815326
1.817326
1.258326
1.974326
1.045326
0.492326
1.977326
0.612326
0.927326
0.398326
-0.086674
0.492326
2.259326
1.410326
1.095326
1.974326
1.254326
-0.086674
0.297326
1.053326
0.097326
1.165326
0.944326
1.045326
1.165326
0.982326
0.787326
1.588326
1.410326
1.972326
0.560326
0.560326
2.638326
1.691326
1.670326
1.974326
0.694326
1.491326
-0.086674
-0.086674
1.254326
-0.422674
0.612326
0.622326
1.588326
1.040326
0.097326
1.399326
-0.086674
0.977326
1.258326
1.450326
0.467326
0.944326
0.560326
0.612326
1.073326
1.739326
1.106326
0.483326
0.622326
1.433326
1.972326
1.040326
1.165326
2.416326
1.353326
1.403326
1.399326
-0.385674
1.066326
2.638326
1.972326
1.974326
0.356326
1.433326
0.902326
0.467326
0.893326
0.297326
0.097326
2.012326
1.691326
-0.385674
1.254326
0.787326
1.040326
0.919326
0.253326
0.815326
1.066326
1.020326
1.284326
1.254326
1.773326
0.948326
1.053326
0.769326
1.412326
2.638326
1.433326
0.982326
1.817326
2.638326
1.095326
1.040326
0.815326
1.314326
0.982326
0.627326
0.977326
0.310326
0.522326
1.478326
0.612326
0.297326
0.434326
0.253326
0.492326
0.815326
0.310326
1.403326
1.011326
1.610326
1.588326
1.617326
1.040326
1.972326
1.314326
0.948326
0.297326
0.694326
1.650326
0.597326
0.948326
0.253326
0.465326
0.977326
0.783326
1.462326
1.020326
0.483326
1.258326
1.977326
1.353326
0.560326
0.612326
1.617326
1.399326
1.254326
2.259326
1.548326
1.097326
0.297326
1.462326
1.974326
0.253326
1.670326
1.060326
1.773326
0.787326
0.597326
1.450326
1.165326
1.972326
0.467326
1.146326
0.483326
0.694326
0.310326
0.434326
1.650326
1.099326
1.258326
1.146326
1.165326
1.259326
1.060326
1.479326
0.948326
1.097326
0.597326
0.253326
0.465326
1.691326
1.353326
0.982326
0.097326
1.330326
1.095326
1.462326
0.968326
2.259326
1.410326
0.398326
1.254326
0.560326
1.588326
0.787326
0.356326
1.412326
1.053326
1.099326
1.284326
1.097326
1.817326
1.478326
1.106326
1.403326
1.399326
0.434326
0.927326
1.330326
1.972326
1.165326
1.650326
0.893326
1.739326
0.612326
1.254326
0.253326
-0.422674
-0.422674
2.012326
1.285326
1.491326
1.066326
1.462326
0.434326
1.588326
1.254326
1.458326
1.020326
1.610326
0.944326
1.033326
1.617326
1.053326
2.638326
0.467326
0.893326
0.622326
1.106326
0.849326
1.458326
0.467326
1.285326
1.479326
0.944326
1.065326
0.398326
1.458326
0.297326
0.310326
1.095326
1.065326
1.462326
-0.086674
0.858326
1.491326
0.927326
1.610326
1.285326
1.588326
1.462326
1.479326
0.097326
1.650326
0.467326
0.627326
1.353326
1.146326
1.254326
0.627326
0.036326
1.491326
1.095326
1.095326
1.045326
0.097326
0.787326
2.012326
0.893326
1.817326
0.597326
0.927326
0.902326
0.297326
1.020326
0.694326
1.974326
1.068326
1.040326
0.858326
2.259326
0.398326
1.773326
2.638326
0.858326
1.258326
1.254326
0.849326
0.467326
2.638326
1.097326
0.467326
0.968326
1.585326
1.977326
1.053326
0.977326
0.858326
1.195326
1.293326
0.982326
0.787326
0.977326
0.919326
1.330326
1.670326
0.627326
0.253326
0.982326
1.165326
0.919326
0.627326
1.195326
0.944326
-0.385674
0.919326
1.399326
1.097326
0.815326
0.622326
1.060326
1.610326
0.982326
2.012326
1.410326
1.844326
0.356326
1.478326
0.483326
0.622326
1.195326
1.833326
0.927326
-0.385674
0.963326
1.974326
1.099326
0.434326
1.254326
1.020326
1.977326
1.773326
0.769326
1.195326
0.944326
0.928326
1.068326
0.919326
1.412326
0.927326
1.293326
1.254326
1.972326
0.253326
1.833326
1.462326
1.479326
1.285326
1.974326
1.972326
1.068326
1.284326
-0.422674
0.815326
1.478326
0.858326
1.040326
0.265326
0.627326
1.412326
0.377326
1.458326
0.902326
1.099326
1.833326
1.433326
0.560326
1.068326
1.097326
0.787326
1.045326
1.146326
0.483326
-0.422674
0.928326
0.858326
1.670326
1.040326
0.928326
1.585326
1.097326
0.265326
0.927326
0.398326
1.617326
1.259326
1.478326
0.310326
1.403326
0.787326
-0.385674
2.638326
0.694326
1.974326
1.045326
1.065326
1.650326
1.330326
1.020326
0.928326
1.670326
0.928326
0.982326
2.012326
1.585326
1.450326
2.638326
0.694326
1.433326
1.293326
0.398326
1.060326
1.479326
2.638326
1.146326
1.833326
1.670326
2.416326
1.045326
1.011326
1.062326
1.053326
2.638326
0.849326
1.259326
1.773326
0.968326
1.330326
0.398326
0.902326
1.410326
1.284326
0.893326
1.433326
1.068326
0.522326
0.927326
0.253326
0.927326
1.099326
0.709326
1.817326
1.458326
1.353326
0.310326
0.944326
0.928326
1.833326
1.259326
1.086326
0.612326
0.944326
0.580326
1.314326
1.254326
0.434326
1.773326
1.062326
0.849326
1.773326
1.314326
1.066326
0.893326
1.974326
1.086326
1.410326
1.097326
1.065326
0.377326
1.033326
1.254326
1.650326
1.040326
1.833326
1.146326
1.195326
1.146326
1.974326
0.783326
0.694326
1.844326
0.963326
0.248326
0.560326
1.062326
1.285326
-0.385674
2.012326
0.465326
2.259326
0.694326
1.314326
0.310326
0.694326
0.483326
0.849326
1.817326
1.040326
1.097326
1.053326
1.977326
1.353326
1.053326
0.253326
1.650326
0.253326
1.972326
2.259326
-0.422674
1.817326
1.060326
0.483326
1.353326
-0.422674
0.902326
1.314326
0.097326
1.588326
0.769326
1.254326
1.403326
1.833326
0.893326
1.670326
1.020326
1.479326
1.254326
1.972326
0.977326
1.462326
1.254326
0.787326
1.293326
0.893326
1.478326
1.062326
1.412326
1.399326
1.691326
2.416326
0.265326
1.293326
1.977326
1.974326
1.479326
1.844326
1.020326
0.843326
1.073326
1.045326
0.968326
0.769326
1.146326
1.011326
0.858326
1.330326
1.285326
1.458326
1.053326
-0.385674
0.858326
2.416326
1.977326
-0.385674
0.968326
0.893326
0.893326
0.622326
1.650326
1.462326
0.902326
1.610326
1.462326
1.099326
2.259326
2.259326
0.597326
1.002326
1.844326
1.053326
1.972326
1.062326
1.284326
2.259326
1.491326
0.849326
1.011326
0.310326
1.095326
1.548326
0.265326
1.146326
1.403326
1.353326
0.356326
1.068326
0.709326
1.977326
0.902326
1.065326
1.314326
1.095326
0.465326
1.073326
1.330326
0.849326
0.893326
1.086326
1.773326
0.769326
1.066326
1.479326
0.902326
1.095326
1.065326
1.284326
0.849326
0.465326
0.893326
1.285326
0.927326
0.248326
0.709326
0.968326
0.377326
2.012326
1.410326
1.011326
1.548326
1.548326
0.265326
1.617326
1.548326
0.902326
0.377326
1.293326
0.356326
1.259326
0.253326
2.012326
-0.086674
0.919326
0.944326
1.353326
1.330326
1.491326
1.095326
0.783326
1.330326
1.285326
2.416326
1.433326
0.927326
0.253326
0.248326
1.548326
1.399326
1.458326
-0.422674
1.293326
1.458326
1.410326
1.817326
1.399326
1.844326
1.617326
-0.086674
0.627326
1.086326
1.412326
0.356326
1.060326
1.399326
1.330326
1.585326
1.097326
0.622326
0.815326
1.479326
1.585326
1.670326
1.002326
0.849326
1.097326
1.974326
1.045326
0.253326
0.253326
1.254326
1.062326
0.783326
1.095326
0.522326
0.580326
1.972326
0.434326
2.012326
1.977326
1.073326
1.588326
1.478326
1.065326
1.977326
1.410326
1.314326
1.146326
1.086326
1.095326
1.146326
0.560326
0.097326
2.638326
0.709326
1.259326
1.610326
1.060326
1.670326
0.982326
0.927326
0.036326
1.254326
1.066326
1.146326
1.068326
1.974326
1.977326
0.560326
2.259326
-0.422674
1.020326
1.073326
1.293326
0.977326
1.833326
0.815326
1.068326
0.843326
1.548326
1.479326
1.330326
0.622326
1.254326
0.356326
1.977326
1.977326
1.099326
1.284326
0.248326
0.893326
0.709326
2.012326
0.597326
1.053326
1.095326
1.097326
0.928326
1.833326
0.963326
1.065326
1.412326
1.610326
1.014326
-0.385674
1.479326
1.588326
1.002326
1.073326
1.330326
0.627326
0.483326
1.073326
0.944326
1.285326
1.403326
0.977326
0.580326
0.783326
1.060326
0.356326
0.694326
0.709326
2.259326
0.783326
1.833326
1.020326
1.146326
0.694326
0.356326
0.977326
-0.385674
0.036326
1.060326
1.045326
1.650326
0.769326
1.670326
1.610326
1.259326
1.068326
0.893326
0.310326
0.036326
1.478326
0.928326
1.293326
0.597326
1.548326
0.902326
1.165326
1.450326
1.066326
1.719326
1.065326
1.259326
1.353326
1.086326
1.284326
1.403326
0.927326
1.073326
0.944326
1.054326
1.146326
0.815326
0.560326
1.002326
1.254326
1.585326
0.398326
1.284326
0.902326
0.963326
0.310326
-0.086674
0.097326
1.974326
1.290326
1.068326
1.462326
0.843326
1.972326
0.356326
1.099326
1.040326
1.610326
1.399326
1.972326
1.065326
1.086326
1.002326
0.253326
1.290326
1.844326
1.097326
0.612326
1.844326
1.095326
1.491326
0.179326
0.377326
0.248326
0.179326
0.560326
1.060326
1.053326
0.787326
0.977326
2.259326
1.062326
1.458326
0.928326
1.095326
1.020326
0.597326
0.253326
1.146326
0.927326
1.002326
1.972326
0.927326
2.638326
0.858326
0.927326
1.285326
1.588326
1.065326
1.458326
1.060326
0.036326
1.585326
1.259326
0.769326
1.412326
0.748326
0.265326
0.902326
1.588326
0.483326
0.627326
0.465326
1.060326
1.650326
0.944326
1.259326
0.253326
0.356326
0.893326
2.416326
0.928326
1.585326
1.433326
0.815326
2.012326
1.478326
1.284326
1.285326
0.849326
1.617326
1.062326
1.062326
1.060326
0.858326
1.719326
0.928326
0.183326
0.097326
0.580326
2.012326
1.293326
1.491326
1.123326
1.060326
1.086326
1.073326
0.434326
1.719326
1.284326
1.353326
0.398326
0.694326
1.478326
0.398326
0.377326
1.650326
0.968326
1.403326
1.478326
1.491326
0.787326
0.919326
1.020326
1.650326
0.928326
1.097326
1.073326
1.412326
1.972326
-0.422674
0.265326
0.398326
1.433326
1.491326
0.783326
1.844326
1.165326
0.709326
0.253326
0.253326
0.849326
1.450326
2.259326
0.919326
0.036326
1.833326
1.293326
-0.086674
1.002326
0.253326
0.919326
1.097326
0.465326
0.709326
0.849326
0.036326
0.580326
1.588326
0.434326
1.458326
1.095326
1.165326
0.097326
1.040326
0.310326
1.691326
1.610326
1.290326
1.548326
1.719326
0.560326
1.083326
1.083326
1.548326
0.893326
1.491326
1.353326
1.293326
0.944326
2.416326
1.068326
-0.422674
1.062326
0.580326
1.353326
1.062326
1.972326
0.968326
0.580326
0.253326
1.086326
1.833326
1.254326
1.670326
1.123326
1.450326
0.849326
0.919326
1.060326
0.560326
0.748326
2.259326
1.974326
1.719326
1.053326
0.356326
0.580326
1.254326
1.433326
1.066326
1.086326
0.694326
1.585326
1.433326
1.478326
0.893326
1.011326
1.285326
0.398326
0.465326
0.902326
-0.422674
0.709326
1.165326
0.963326
1.588326
0.183326
0.849326
1.293326
0.902326
1.479326
-0.422674
1.548326
1.433326
0.612326
0.944326
1.053326
1.670326
0.787326
1.011326
0.522326
0.902326
1.285326
1.458326
2.638326
1.285326
-0.086674
1.045326
0.963326
0.815326
1.097326
1.610326
1.254326
1.433326
0.265326
0.694326
2.416326
-0.086674
2.638326
2.259326
1.650326
1.002326
0.963326
1.020326
0.787326
0.709326
1.353326
0.858326
1.011326
1.066326
0.398326
1.002326
1.479326
1.020326
0.787326
1.215326
1.293326
1.588326
1.123326
1.011326
0.709326
0.398326
0.612326
0.097326
-0.422674
0.377326
1.011326
1.719326
1.073326
1.165326
1.399326
0.919326
2.259326
1.617326
0.709326
0.253326
1.617326
0.483326
1.065326
0.627326
1.095326
0.902326
1.097326
1.844326
0.179326
0.968326
1.068326
1.002326
1.479326
1.011326
0.944326
1.073326
1.068326
1.450326
0.694326
1.259326
0.944326
0.893326
0.893326
0.748326
0.963326
1.585326
2.638326
0.787326
1.060326
1.086326
1.123326
1.972326
2.259326
1.195326
1.066326
1.259326
1.215326
1.215326
0.709326
1.403326
0.787326
1.719326
0.787326
0.253326
0.265326
1.083326
1.045326
0.928326
1.479326
-0.086674
1.585326
1.165326
0.310326
0.097326
1.062326
0.398326
1.433326
2.259326
-0.086674
0.709326
1.123326
0.849326
1.670326
0.179326
1.065326
0.982326
0.398326
1.195326
1.504326
1.060326
1.330326
1.290326
0.580326
-0.422674
0.356326
1.095326
1.458326
0.910326
1.585326
2.638326
1.123326
0.977326
1.972326
1.817326
2.259326
1.817326
0.356326
1.353326
1.020326
1.719326
1.450326
1.548326
1.548326
1.099326
1.817326
1.290326
1.504326
0.522326
1.833326
-0.422674
0.963326
0.183326
1.040326
1.588326
1.083326
1.215326
0.179326
0.253326
1.097326
0.927326
2.638326
2.259326
1.504326
0.465326
0.465326
2.416326
1.399326
1.817326
0.265326
1.290326
1.040326
0.398326
1.972326
0.927326
1.833326
0.265326
0.927326
1.433326
1.165326
0.928326
0.783326
0.910326
0.709326
0.612326
1.290326
0.927326
-0.086674
1.478326
1.014326
1.146326
0.815326
0.709326
1.293326
0.183326
0.849326
0.928326
1.670326
0.927326
1.458326
1.412326
1.650326
1.086326
1.330326
0.612326
1.844326
0.858326
0.928326
1.086326
1.433326
1.054326
1.433326
1.650326
0.902326
1.123326
1.548326
0.928326
1.099326
1.479326
0.893326
0.893326
0.597326
1.450326
1.020326
0.560326
1.504326
1.972326
1.020326
0.977326
1.146326
0.356326
1.974326
1.412326
0.465326
0.434326
0.036326
1.504326
1.054326
0.963326
1.048326
0.560326
0.982326
-0.086674
1.504326
1.099326
0.434326
1.691326
0.580326
1.977326
1.977326
2.012326
0.310326
1.215326
0.748326
1.757326
0.434326
1.588326
1.974326
0.434326
1.259326
0.465326
0.694326
0.709326
0.963326
1.040326
1.162326
1.817326
0.310326
0.612326
1.195326
0.179326
1.399326
1.123326
1.478326
1.146326
1.458326
1.491326
1.585326
0.183326
1.757326
1.040326
1.146326
1.011326
0.694326
1.040326
0.179326
1.504326
0.928326
1.053326
0.783326
1.974326
1.650326
1.399326
1.099326
1.162326
1.020326
1.670326
1.146326
0.893326
1.011326
1.215326
0.910326
1.833326
0.849326
0.977326
1.757326
0.982326
1.330326
1.053326
1.165326
1.585326
1.285326
0.963326
1.068326
0.310326
0.787326
1.165326
1.670326
1.048326
1.478326
1.053326
0.356326
1.588326
2.416326
1.020326
0.902326
1.844326
0.179326
0.597326
1.491326
1.458326
0.858326
1.817326
1.478326
0.709326
1.757326
1.293326
0.919326
1.065326
0.709326
1.353326
1.844326
1.162326
0.849326
0.465326
0.928326
1.833326
0.783326
1.588326
1.146326
-0.086674
0.183326
1.060326
1.330326
1.290326
0.731326
1.585326
1.011326
1.450326
1.290326
0.910326
0.265326
1.450326
1.165326
1.974326
0.265326
1.068326
0.748326
0.580326
2.012326
0.910326
1.617326
1.165326
1.195326
1.491326
0.902326
1.588326
0.612326
1.002326
0.910326
1.293326
1.285326
0.356326
0.963326
1.066326
1.095326
0.748326
2.259326
1.548326
0.377326
0.787326
0.183326
0.858326
1.020326
1.491326
1.290326
1.617326
0.968326
1.585326
1.458326
1.215326
1.833326
1.293326
1.817326
1.719326
1.833326
1.002326
1.065326
1.097326
1.433326
0.483326
0.434326
1.412326
1.719326
0.815326
1.353326
1.833326
-0.385674
0.843326
1.504326
1.060326
1.097326
1.244326
2.638326
1.719326
1.123326
1.290326
1.062326
-0.422674
1.478326
1.095326
0.253326
1.215326
0.377326
1.162326
1.458326
1.285326
-0.422674
0.963326
0.377326
0.709326
1.450326
1.095326
1.757326
0.434326
1.099326
1.244326
0.858326
1.011326
1.290326
1.086326
1.478326
0.968326
0.709326
0.815326
0.881326
-0.086674
1.491326
1.095326
1.244326
0.919326
1.068326
0.927326
2.012326
1.670326
1.062326
-0.422674
0.963326
0.902326
0.815326
1.215326
1.399326
1.478326
0.694326
1.020326
0.580326
0.963326
1.048326
1.285326
0.097326
1.403326
1.165326
1.833326
0.253326
2.416326
0.627326
0.377326
1.165326
1.099326
1.068326
1.504326
1.095326
0.858326
1.548326
0.968326
0.709326
1.259326
1.086326
0.910326
1.073326
0.910326
0.858326
1.048326
1.479326
1.588326
0.627326
1.002326
1.002326
0.815326
1.259326
-0.422674
0.265326
1.548326
1.123326
0.849326
0.902326
0.265326
1.833326
0.902326
-0.385674
0.858326
0.977326
1.099326
0.919326
1.073326
1.083326
0.465326
1.719326
1.588326
1.123326
0.815326
-0.086674
1.285326
1.293326
1.504326
1.330326
0.434326
1.479326
0.910326
0.893326
0.522326
0.928326
1.002326
0.968326
-0.385674
1.095326
0.893326
2.475326
1.403326
0.356326
1.330326
1.162326
0.356326
0.968326
1.844326
0.253326
1.691326
-0.422674
1.020326
0.968326
0.748326
1.195326
0.893326
0.483326
0.787326
0.728326
1.450326
1.972326
1.330326
0.919326
1.817326
1.083326
0.905326
0.265326
1.086326
2.259326
1.433326
1.095326
1.002326
1.040326
1.095326
0.709326
0.483326
1.215326
1.073326
0.881326
1.068326
1.053326
1.062326
0.815326
1.588326
1.195326
0.919326
0.787326
1.245326
0.179326
1.141326
1.099326
1.450326
0.858326
1.097326
1.020326
1.141326
2.012326
1.162326
1.138326
1.433326
1.073326
0.183326
1.650326
1.123326
1.833326
0.398326
0.580326
0.483326
0.905326
1.670326
0.183326
1.650326
0.977326
1.691326
1.073326
0.709326
0.580326
0.815326
1.588326
0.356326
0.377326
0.928326
1.198326
1.165326
0.265326
0.465326
1.114326
1.844326
1.020326
0.787326
1.099326
0.036326
0.787326
0.627326
1.403326
0.761326
0.881326
1.048326
0.580326
0.977326
1.066326
1.099326
0.097326
1.215326
1.114326
0.919326
0.977326
1.585326
1.048326
1.588326
0.612326
0.483326
0.265326
1.066326
1.972326
0.919326
0.694326
1.048326
0.183326
0.356326
1.972326
1.138326
0.522326
1.433326
0.336326
0.336326
1.165326
0.928326
1.215326
0.928326
1.195326
1.062326
1.323326
0.927326
0.036326
1.060326
1.330326
1.757326
1.165326
0.849326
0.748326
1.479326
1.014326
1.504326
0.893326
0.928326
0.597326
1.123326
0.849326
0.465326
0.179326
0.849326
0.483326
0.858326
1.719326
0.627326
-0.086674
1.719326
0.881326
0.310326
0.928326
1.068326
1.114326
1.146326
2.012326
0.709326
1.719326
0.944326
1.099326
1.285326
1.259326
0.465326
1.198326
1.330326
0.881326
1.146326
1.099326
0.927326
0.928326
0.977326
1.670326
0.787326
1.757326
1.014326
1.548326
1.195326
0.560326
1.650326
1.458326
0.731326
1.833326
1.053326
1.123326
1.099326
1.138326
1.290326
1.195326
0.627326
0.787326
1.290326
0.522326
1.099326
1.060326
0.694326
0.627326
2.416326
1.479326
0.944326
0.179326
0.253326
1.670326
-0.385674
0.919326
0.748326
2.012326
0.465326
1.478326
0.356326
1.399326
1.165326
1.650326
1.162326
0.783326
0.709326
1.293326
0.968326
1.087326
-0.385674
0.580326
0.566326
0.265326
1.719326
0.183326
0.919326
1.719326
0.265326
-0.422674
0.968326
1.548326
0.377326
1.399326
0.310326
1.259326
1.065326
0.944326
1.040326
1.020326
1.478326
-0.086674
1.478326
1.403326
0.858326
1.195326
1.844326
1.259326
0.858326
1.548326
0.761326
0.968326
0.560326
0.310326
-0.385674
1.504326
0.612326
1.458326
1.138326
1.087326
1.099326
0.856326
0.856326
0.310326
1.040326
1.833326
0.694326
0.858326
1.588326
0.787326
1.548326
1.399326
0.731326
2.259326
-0.422674
1.097326
0.465326
0.566326
0.253326
0.968326
0.694326
1.198326
1.062326
1.068326
1.403326
1.066326
1.146326
1.323326
0.968326
0.787326
1.215326
1.588326
0.566326
1.040326
1.138326
0.902326
0.849326
0.356326
0.336326
2.416326
0.612326
0.783326
0.849326
0.522326
0.265326
0.977326
1.479326
0.566326
1.670326
1.403326
1.215326
0.036326
1.403326
0.748326
1.504326
0.072326
0.881326
0.356326
0.783326
0.893326
0.597326
1.691326
1.195326
1.972326
1.323326
0.893326
1.548326
1.399326
0.728326
1.403326
1.650326
0.072326
-0.385674
1.086326
1.399326
1.403326
1.002326
1.290326
1.198326
1.719326
1.399326
1.060326
1.198326
0.709326
0.858326
1.293326
0.849326
1.691326
1.491326
1.040326
0.434326
0.927326
1.048326
0.612326
0.856326
0.265326
1.165326
1.974326
0.566326
1.215326
1.165326
1.066326
2.259326
1.585326
-0.422674
1.833326
1.399326
1.719326
1.040326
0.072326
0.881326
2.259326
1.123326
1.757326
0.761326
0.731326
0.856326
1.450326
2.259326
1.198326
1.165326
1.097326
1.099326
1.123326
1.817326
1.066326
0.597326
2.259326
2.416326
-0.385674
1.053326
0.097326
0.036326
0.612326
1.974326
1.450326
0.881326
0.731326
-0.385674
1.833326
0.356326
1.066326
1.099326
2.259326
0.731326
1.290326
0.968326
0.881326
0.928326
1.019326
1.588326
1.097326
0.856326
1.087326
1.285326
1.083326
0.963326
1.399326
0.580326
1.053326
1.138326
0.856326
0.434326
1.002326
1.073326
1.040326
1.285326
1.691326
0.968326
1.146326
2.475326
1.053326
1.259326
1.086326
1.019326
1.817326
1.087326
0.183326
0.183326
-0.422674
1.588326
1.146326
1.086326
2.416326
0.902326
0.783326
1.086326
1.138326
0.893326
0.522326
0.597326
1.974326
1.403326
1.833326
2.012326
1.019326
1.002326
1.162326
0.856326
0.856326
2.259326
0.265326
1.844326
1.833326
1.290326
0.748326
1.019326
1.087326
1.399326
1.065326
1.073326
1.974326
-0.385674
0.265326
0.761326
0.815326
1.002326
0.709326
1.020326
0.858326
0.928326
0.072326
1.974326
1.138326
0.483326
1.097326
1.060326
1.974326
1.162326
1.198326
1.399326
0.465326
1.691326
0.253326
1.491326
0.627326
1.972326
1.165326
0.310326
0.356326
1.650326
0.856326
2.475326
0.560326
2.012326
1.060326
1.479326
-0.385674
1.198326
1.097326
1.403326
0.927326
1.060326
1.165326
0.336326
0.627326
1.670326
1.002326
1.458326
1.198326
1.974326
1.403326
0.927326
1.719326
1.073326
1.548326
0.893326
1.099326
1.403326
0.748326
0.963326
1.719326
1.491326
1.062326
1.020326
1.019326
1.548326
1.198326
1.548326
1.259326
0.310326
0.072326
0.858326
0.097326
1.588326
0.728326
1.450326
0.560326
0.253326
0.977326
0.597326
0.465326
0.728326
1.719326
1.198326
1.062326
0.919326
0.928326
0.748326
1.073326
2.416326
1.285326
1.162326
0.968326
1.040326
1.479326
0.356326
1.020326
1.215326
1.479326
2.259326
0.627326
-0.385674
1.757326
1.079326
1.195326
1.053326
0.919326
0.787326
0.434326
0.627326
0.627326
1.974326
0.968326
0.968326
1.691326
0.377326
0.627326
0.189326
1.198326
1.548326
1.198326
1.285326
1.165326
0.253326
0.963326
1.290326
1.066326
0.902326
1.491326
0.644326
1.048326
1.757326
1.080326
0.748326
1.290326
0.944326
0.522326
1.670326
0.783326
0.694326
1.060326
0.977326
1.068326
0.627326
1.002326
1.040326
-0.385674
0.627326
1.844326
1.588326
0.644326
0.356326
1.060326
0.597326
0.815326
1.066326
0.356326
1.757326
1.162326
1.491326
1.053326
1.065326
1.670326
1.972326
0.963326
1.080326
1.403326
0.377326
1.290326
1.504326
-0.086674
1.323326
1.833326
1.817326
0.902326
0.787326
1.053326
-0.385674
0.566326
1.019326
1.020326
0.783326
1.548326
1.458326
1.068326
1.079326
1.099326
0.189326
0.977326
0.928326
1.285326
1.548326
1.146326
1.020326
1.019326
0.787326
1.844326
0.963326
1.691326
2.259326
1.066326
1.670326
0.522326
1.691326
0.787326
0.627326
1.479326
0.927326
1.458326
1.450326
1.757326
1.974326
0.097326
1.478326
0.644326
0.902326
0.787326
0.731326
0.566326
1.068326
1.146326
0.967326
1.817326
1.548326
2.259326
1.833326
1.650326
0.560326
0.977326
1.585326
0.612326
0.967326
1.285326
0.483326
0.918326
0.787326
0.902326
1.650326
1.588326
-0.086674
1.504326
1.060326
0.560326
1.817326
1.062326
0.856326
2.475326
0.815326
1.974326
0.183326
0.183326
1.757326
1.323326
1.719326
0.694326
0.815326
2.416326
1.259326
1.068326
1.285326
0.465326
0.483326
0.356326
1.972326
0.977326
1.066326
0.356326
1.195326
0.856326
1.399326
1.974326
0.597326
0.919326
1.053326
0.356326
0.189326
1.079326
1.833326
1.585326
1.195326
1.040326
1.972326
1.097326
0.377326
2.475326
0.967326
1.162326
1.065326
0.612326
0.483326
0.036326
1.086326
1.019326
1.165326
1.097326
1.087326
0.967326
0.434326
0.918326
0.783326
0.881326
1.817326
0.483326
0.310326
0.902326
0.694326
0.580326
1.692326
1.099326
1.458326
1.504326
0.356326
1.491326
0.893326
0.612326
1.403326
1.290326
1.691326
1.478326
1.195326
0.783326
1.086326
1.719326
1.670326
1.086326
0.815326
1.293326
1.588326
0.189326
1.399326
1.670326
0.072326
1.585326
0.940326
1.259326
1.491326
1.323326
0.627326
-0.086674
1.020326
0.856326
1.065326
2.259326
0.918326
1.062326
1.403326
1.585326
0.968326
0.918326
0.465326
1.146326
1.691326
1.293326
0.919326
1.491326
1.060326
0.927326
0.465326
1.290326
1.817326
0.356326
1.019326
0.522326
1.195326
0.253326
0.097326
2.012326
0.072326
1.458326
1.062326
1.099326
1.165326
0.434326
0.597326
1.097326
0.858326
0.843326
1.048326
1.002326
1.844326
0.253326
1.062326
0.881326
0.036326
1.215326
1.588326
-0.422674
1.817326
1.097326
1.079326
0.644326
1.146326
0.072326
-0.422674
1.548326
1.323326
0.522326
0.597326
1.719326
1.053326
1.650326
1.066326
1.040326
1.073326
-0.385674
0.377326
1.403326
1.087326
0.787326
0.783326
1.670326
2.012326
0.465326
1.073326
1.670326
0.356326
1.719326
1.670326
1.323326
-0.086674
0.881326
0.356326
0.843326
0.627326
0.072326
0.644326
1.478326
1.195326
1.060326
1.019326
-0.422674
1.478326
0.881326
0.815326
0.097326
1.399326
1.323326
1.040326
0.709326
1.293326
1.162326
0.849326
1.073326
1.086326
1.670326
1.844326
0.881326
1.146326
0.356326
1.293326
0.675326
0.483326
0.612326
1.691326
0.465326
0.120326
0.944326
1.047326
1.068326
0.465326
1.974326
1.403326
0.675326
1.162326
0.310326
0.709326
1.053326
0.389326
0.787326
0.783326
1.053326
1.066326
1.478326
1.548326
0.843326
1.087326
1.053326
1.066326
0.977326
0.977326
1.068326
1.491326
1.833326
0.977326
0.566326
0.968326
1.450326
0.918326
1.285326
1.215326
1.691326
0.377326
1.403326
0.944326
1.974326
0.940326
0.694326
0.849326
1.844326
1.065326
1.478326
0.434326
1.065326
0.310326
0.709326
0.434326
1.053326
0.389326
0.940326
1.215326
1.491326
1.588326
1.323326
1.040326
1.087326
0.977326
1.162326
1.650326
0.748326
-0.086674
1.817326
1.060326
0.783326
1.290326
0.336326
0.731326
1.491326
1.650326
0.189326
0.849326
1.002326
1.073326
1.097326
1.040326
-0.142674
1.817326
0.560326
1.293326
1.087326
-0.385674
0.968326
0.858326
0.377326
0.389326
0.253326
1.259326
1.285326
1.504326
0.977326
1.323326
0.881326
0.377326
1.019326
0.336326
1.097326
0.434326
0.870326
1.691326
1.323326
0.977326
0.522326
1.195326
0.120326
0.940326
1.053326
0.731326
0.627326
0.566326
0.843326
1.047326
1.162326
0.944326
1.585326
1.068326
1.974326
2.012326
1.002326
1.650326
1.972326
0.310326
0.560326
0.902326
1.040326
0.881326
1.053326
2.416326
0.694326
0.377326
-0.086674
0.597326
0.356326
0.902326
0.356326
1.019326
0.566326
1.002326
0.675326
0.434326
1.215326
0.944326
1.290326
1.073326
1.047326
0.849326
1.650326
2.475326
0.310326
1.285326
0.694326
0.940326
0.356326
1.259326
1.087326
1.491326
0.120326
1.053326
-0.385674
1.002326
1.002326
1.833326
1.047326
0.881326
1.692326
0.902326
-0.142674
1.086326
0.944326
1.065326
1.048326
0.858326
0.858326
1.087326
1.146326
0.627326
1.293326
-0.086674
0.072326
1.670326
1.053326
0.902326
1.146326
1.040326
1.323326
0.465326
0.918326
0.644326
0.918326
1.097326
1.491326
0.824326
0.356326
-0.142674
1.040326
0.714326
1.691326
0.612326
1.585326
0.270326
1.162326
0.675326
0.893326
1.833326
0.873326
1.065326
0.270326
1.060326
0.377326
-0.142674
0.097326
1.691326
1.019326
0.560326
1.548326
2.475326
1.048326
1.002326
0.310326
0.675326
1.040326
0.097326
1.002326
1.479326
1.146326
0.270326
1.020326
0.189326
0.580326
0.377326
1.097326
0.694326
1.073326
0.270326
0.597326
0.465326
1.065326
0.675326
0.270326
1.972326
0.185326
0.731326
1.399326
0.560326
0.310326
1.002326
0.120326
0.902326
0.644326
0.849326
1.087326
0.253326
0.881326
1.020326
-0.385674
1.259326
1.019326
1.323326
1.478326
1.165326
0.918326
1.548326
0.120326
0.097326
1.972326
0.612326
0.185326
1.019326
0.694326
1.053326
0.310326
0.944326
2.259326
0.918326
0.170326
0.824326
0.560326
0.336326
0.356326
0.644326
0.918326
1.146326
0.560326
1.215326
1.002326
1.073326
1.019326
0.356326
0.310326
1.972326
0.731326
1.195326
1.479326
2.012326
0.566326
0.893326
1.719326
1.068326
0.940326
-0.086674
-0.086674
0.977326
0.518326
0.498326
0.434326
1.053326
1.844326
0.751326
0.612326
0.170326
0.465326
0.310326
1.068326
2.475326
1.099326
1.479326
0.107326
0.597326
1.844326
1.504326
0.120326
0.694326
1.019326
1.162326
1.048326
1.972326
1.002326
0.748326
1.585326
1.833326
0.356326
0.918326
2.259326
0.498326
1.060326
1.844326
0.518326
1.450326
0.918326
1.479326
0.434326
0.612326
0.270326
1.974326
0.728326
0.728326
0.902326
1.403326
0.873326
0.902326
0.336326
0.560326
1.087326
0.728326
0.849326
1.450326
0.356326
1.146326
0.849326
0.824326
1.165326
0.356326
1.588326
0.881326
1.073326
0.843326
1.215326
1.097326
1.066326
1.162326
1.692326
1.585326
0.928326
0.968326
1.068326
1.833326
1.259326
0.977326
0.748326
-0.142674
0.072326
1.065326
1.293326
-0.142674
1.087326
1.844326
1.073326
1.053326
0.893326
0.434326
1.290326
0.270326
0.498326
1.285326
-0.422674
1.146326
0.072326
1.974326
0.881326
1.259326
1.817326
0.881326
0.310326
1.053326
1.670326
0.144326
1.478326
0.522326
0.518326
1.974326
1.403326
0.748326
1.065326
0.377326
0.597326
1.048326
1.068326
0.434326
1.099326
2.259326
0.977326
1.259326
1.719326
0.714326
0.977326
0.824326
1.548326
0.714326
0.144326
0.714326
1.650326
1.053326
0.631326
0.902326
2.259326
0.751326
1.048326
0.881326
1.047326
1.087326
0.748326
0.944326
0.934326
1.053326
0.631326
0.522326
0.120326
1.450326
0.627326
0.893326
1.165326
0.107326
-0.086674
0.377326
1.817326
1.215326
1.062326
0.580326
1.844326
1.097326
0.144326
-0.385674
0.580326
0.873326
-0.086674
1.293326
1.065326
0.644326
0.356326
1.479326
0.944326
0.185326
1.060326
0.144326
0.144326
0.631326
0.783326
0.873326
1.146326
0.356326
2.012326
1.458326
0.097326
1.066326
0.675326
2.416326
1.588326
1.099326
1.162326
0.356326
1.195326
1.066326
1.844326
0.270326
1.048326
0.783326
0.560326
2.012326
0.107326
0.843326
-0.385674
1.047326
1.479326
0.748326
-0.142674
0.522326
1.066326
1.588326
1.053326
1.844326
1.068326
1.285326
1.165326
0.675326
0.120326
0.597326
1.146326
0.843326
0.728326
0.918326
1.162326
0.356326
1.972326
1.844326
0.107326
1.285326
1.195326
1.097326
1.974326
0.325326
0.783326
1.585326
0.728326
0.627326
0.185326
0.971326
2.259326
1.087326
1.087326
1.691326
0.934326
0.072326
0.144326
1.406326
1.146326
1.479326
0.097326
0.928326
1.479326
1.367326
2.259326
1.719326
-0.086674
0.934326
1.458326
1.974326
1.165326
1.165326
1.162326
0.580326
0.310326
0.107326
0.612326
1.478326
1.491326
1.162326
1.692326
0.627326
1.259326
0.928326
0.434326
1.293326
0.783326
0.434326
0.751326
-0.086674
1.479326
0.784326
0.824326
0.902326
1.504326
0.843326
1.972326
0.967326
2.012326
1.974326
1.504326
0.784326
-0.385674
0.824326
1.195326
0.714326
1.367326
0.843326
0.612326
1.972326
1.285326
1.146326
1.624326
0.185326
1.670326
1.323326
1.162326
1.406326
1.403326
1.478326
1.817326
1.719326
0.627326
0.967326
1.588326
1.458326
1.097326
0.751326
1.367326
0.694326
0.465326
1.290326
1.844326
0.694326
1.215326
0.644326
0.072326
1.195326
1.504326
0.928326
-0.422674
1.719326
1.053326
0.144326
1.165326
2.475326
1.215326
1.259326
0.902326
1.099326
1.972326
0.714326
0.631326
1.047326
0.714326
1.323326
1.047326
2.012326
0.542326
1.002326
1.585326
1.146326
1.053326
1.065326
0.597326
1.367326
1.403326
-0.142674
0.465326
0.728326
1.066326
0.336326
1.066326
1.002326
0.751326
1.215326
0.097326
1.053326
0.748326
-0.142674
1.504326
1.002326
1.491326
1.053326
0.631326
1.367326
0.873326
1.065326
1.479326
0.944326
1.624326
0.627326
1.650326
1.162326
1.097326
0.881326
1.624326
0.270326
1.458326
1.588326
0.748326
0.927326
1.048326
0.310326
1.002326
0.944326
1.478326
1.399326
1.062326
1.146326
1.479326
1.195326
1.060326
0.631326
1.437326
1.437326
1.097326
0.631326
0.783326
1.162326
2.012326
1.670326
0.522326
0.784326
0.881326
1.165326
0.694326
0.631326
1.047326
1.146326
1.285326
1.259326
0.694326
1.624326
0.783326
1.478326
2.475326
-0.422674
2.475326
1.053326
2.012326
1.053326
0.849326
2.416326
1.403326
0.542326
0.597326
1.450326
1.437326
0.560326
-0.385674
1.062326
1.259326
1.504326
1.504326
0.627326
2.259326
0.731326
0.893326
0.612326
-0.422674
1.406326
1.165326
0.902326
1.323326
1.437326
1.624326
0.928326
0.886326
1.478326
1.047326
1.458326
0.631326
1.293326
1.162326
0.873326
1.450326
1.478326
0.849326
1.002326
1.362326
1.437326
1.504326
0.893326
0.902326
0.796326
0.751326
1.048326
0.783326
0.796326
1.062326
0.927326
0.097326
0.336326
0.783326
1.099326
1.048326
0.107326
1.066326
1.406326
0.944326
0.336326
0.542326
1.053326
0.580326
1.972326
-0.385674
-0.398674
1.670326
1.047326
1.323326
1.047326
1.504326
-0.422674
0.927326
0.612326
0.518326
0.597326
1.146326
0.968326
1.817326
1.719326
1.399326
0.873326
0.751326
0.597326
0.934326
1.624326
0.542326
1.259326
1.258326
0.097326
1.146326
0.612326
1.062326
1.362326
1.259326
0.627326
0.784326
1.258326
1.399326
1.479326
0.310326
0.928326
1.585326
1.406326
0.843326
1.215326
1.585326
1.650326
1.478326
0.988326
1.062326
0.310326
1.362326
0.185326
0.902326
0.560326
1.053326
0.927326
0.944326
0.107326
1.215326
1.491326
1.670326
0.731326
1.478326
1.399326
0.671326
0.714326
0.377326
0.434326
1.491326
0.107326
0.873326
2.416326
2.475326
1.817326
1.406326
1.002326
1.047326
-0.398674
1.362326
1.491326
1.052326
0.873326
1.258326
1.399326
1.162326
0.967326
0.377326
1.285326
1.068326
1.258326
1.504326
-0.385674
1.290326
0.881326
-0.385674
0.465326
0.336326
1.060326
1.066326
2.012326
0.072326
1.399326
0.522326
0.518326
1.047326
2.475326
0.988326
1.002326
0.644326
0.270326
0.107326
1.458326
0.988326
1.060326
1.162326
0.560326
1.399326
0.377326
1.585326
1.002326
0.522326
2.259326
0.597326
1.215326
1.362326
0.692326
1.293326
1.719326
0.748326
0.377326
1.624326
1.053326
0.580326
0.144326
1.056326
0.465326
1.066326
0.072326
1.504326
2.416326
1.406326
1.478326
-0.416674
1.293326
0.928326
1.491326
1.162326
0.728326
1.053326
-0.385674
-0.142674
0.714326
-0.385674
0.627326
1.290326
0.434326
1.458326
1.670326
2.012326
0.748326
0.824326
0.694326
0.498326
1.195326
0.967326
1.479326
-0.142674
0.310326
1.585326
1.479326
0.988326
0.843326
0.270326
0.893326
1.399326
1.557326
0.310326
1.557326
1.002326
0.578326
0.597326
0.902326
1.002326
0.612326
0.270326
0.434326
0.902326
1.399326
0.918326
1.165326
1.353326
0.784326
0.748326
0.072326
1.008326
0.518326
0.612326
1.215326
0.377326
0.886326
1.458326
0.522326
1.406326
-0.422674
1.491326
0.277326
0.612326
0.893326
0.928326
0.927326
0.295326
1.624326
0.928326
0.277326
1.087326
0.988326
1.491326
-0.385674
0.578326
0.728326
2.475326
0.886326
1.066326
1.087326
1.258326
1.670326
0.784326
0.310326
0.277326
1.353326
1.367326
1.585326
1.479326
0.824326
-0.416674
0.944326
0.944326
1.491326
0.751326
0.295326
1.062326
1.195326
0.843326
1.053326
0.644326
1.053326
0.185326
0.968326
1.053326
0.325326
1.972326
0.560326
0.944326
1.353326
0.518326
0.496326
1.293326
1.670326
1.479326
0.849326
0.612326
1.008326
0.824326
1.165326
0.694326
1.293326
0.597326
0.796326
1.293326
1.002326
0.944326
1.353326
0.644326
1.097326
1.258326
0.578326
0.843326
1.215326
1.670326
0.893326
0.578326
1.053326
1.195326
1.008326
1.087326
0.578326
1.062326
-0.385674
0.944326
0.277326
1.504326
0.612326
0.627326
0.918326
0.449326
0.902326
1.290326
1.068326
0.580326
0.886326
0.873326
-0.385674
0.518326
1.479326
0.580326
0.377326
2.475326
0.627326
0.671326
-0.331674
1.215326
1.458326
1.974326
1.972326
1.670326
0.120326
0.597326
1.974326
0.843326
1.223326
1.458326
0.522326
1.650326
1.290326
0.597326
1.060326
1.097326
0.310326
1.437326
0.751326
1.650326
1.146326
1.008326
0.843326
0.968326
0.627326
0.580326
0.671326
1.624326
0.849326
1.002326
0.449326
0.644326
1.504326
0.988326
0.627326
1.048326
-0.142674
0.377326
0.277326
1.353326
1.972326
0.991326
1.972326
1.353326
1.290326
0.310326
1.290326
1.557326
1.491326
1.353326
0.449326
0.644326
0.612326
0.377326
-0.422674
0.692326
0.160326
0.270326
1.557326
0.597326
1.062326
0.692326
0.751326
2.416326
1.478326
0.893326
1.068326
0.748326
1.591326
0.185326
0.928326
1.146326
1.557326
1.146326
1.974326
1.047326
0.873326
0.496326
0.377326
1.162326
0.784326
1.437326
0.967326
2.012326
0.072326
0.542326
0.893326
0.072326
0.542326
0.783326
0.748326
0.843326
-0.385674
1.974326
2.416326
1.399326
0.692326
0.824326
0.902326
1.062326
0.612326
0.518326
1.437326
-0.171674
0.928326
1.353326
1.399326
1.097326
0.496326
1.008326
0.560326
2.416326
-0.385674
0.927326
1.097326
-0.416674
1.143326
1.068326
1.585326
0.612326
1.281326
0.991326
0.580326
1.479326
0.671326
0.217326
0.097326
1.321326
0.612326
1.002326
1.844326
0.518326
0.160326
0.967326
0.644326
1.143326
0.097326
1.321326
0.644326
1.290326
1.479326
1.215326
0.144326
1.048326
0.542326
0.612326
0.612326
0.991326
0.694326
-0.416674
0.751326
0.277326
0.967326
-0.422674
0.849326
1.974326
1.195326
1.458326
1.215326
2.475326
0.928326
0.873326
0.518326
0.578326
1.258326
1.367326
1.585326
1.060326
0.692326
1.047326
1.290326
0.522326
1.491326
2.475326
1.719326
1.399326
1.223326
2.416326
0.120326
1.844326
0.928326
1.258326
0.097326
1.670326
0.799326
1.048326
1.062326
0.728326
0.902326
0.928326
0.918326
0.336326
1.060326
1.047326
-0.142674
1.591326
-0.040674
1.165326
1.053326
2.012326
1.719326
1.195326
0.751326
0.377326
1.008326
1.367326
0.496326
0.627326
1.002326
1.160326
0.314326
0.522326
-0.142674
1.062326
0.751326
0.120326
0.496326
0.849326
0.185326
1.367326
1.458326
1.293326
1.062326
1.048326
0.799326
1.097326
-0.171674
1.160326
0.893326
2.475326
0.336326
1.650326
0.893326
1.143326
0.627326
0.751326
0.449326
0.808326
1.160326
0.975326
1.258326
0.449326
0.881326
1.215326
1.591326
0.612326
1.591326
0.612326
0.072326
1.162326
1.008326
0.449326
1.585326
0.097326
0.314326
0.968326
1.491326
2.012326
-0.142674
0.578326
0.893326
0.714326
0.748326
1.479326
1.062326
0.873326
1.062326
0.242326
1.002326
-0.142674
0.627326
1.258326
0.072326
0.799326
-0.422674
0.824326
0.120326
0.991326
1.062326
1.097326
0.860326
1.399326
0.860326
1.650326
0.784326
0.627326
1.353326
1.585326
0.918326
0.891326
0.843326
0.927326
1.062326
0.612326
0.518326
2.475326
1.066326
1.087326
1.458326
0.612326
1.062326
0.999326
1.258326
1.097326
0.542326
0.578326
1.162326
0.522326
0.799326
2.475326
0.185326
1.143326
1.478326
1.585326
1.215326
0.999326
0.799326
0.928326
0.580326
1.585326
1.670326
1.143326
2.416326
0.784326
1.060326
0.358326
1.281326
1.557326
0.902326
1.053326
0.743326
0.160326
0.927326
0.493326
0.743326
0.518326
1.670326
0.627326
0.891326
1.650326
-0.171674
0.072326
1.591326
1.281326
0.799326
0.097326
1.321326
1.290326
1.585326
0.449326
0.891326
0.542326
0.217326
0.784326
0.783326
0.185326
-0.366674
0.748326
1.060326
0.314326
0.849326
0.694326
1.060326
0.358326
1.479326
1.165326
0.671326
0.333326
0.493326
1.591326
1.491326
0.522326
1.255326
1.844326
1.670326
1.290326
-0.171674
2.475326
0.072326
0.873326
0.578326
1.068326
-0.416674
1.557326
0.783326
0.968326
0.918326
2.416326
0.072326
0.783326
0.612326
1.491326
1.143326
1.585326
1.491326
1.097326
0.314326
0.671326
1.053326
1.008326
0.919326
0.968326
-0.422674
0.751326
1.399326
1.281326
1.281326
0.644326
1.321326
1.162326
-0.416674
0.881326
-0.422674
1.068326
0.714326
0.968326
0.968326
0.627326
0.072326
0.612326
0.968326
1.035326
0.542326
0.968326
0.144326
0.881326
0.999326
0.873326
0.612326
0.518326
1.650326
0.144326
1.479326
0.410326
0.796326
-0.385674
0.824326
0.799326
1.053326
-0.366674
0.217326
1.591326
0.743326
0.748326
1.281326
1.160326
-0.416674
0.928326
0.578326
2.330326
-0.422674
0.449326
0.843326
0.627326
0.824326
1.649326
0.578326
0.988326
1.585326
0.314326
0.160326
-0.595674
0.120326
1.165326
0.612326
1.085326
0.612326
-0.416674
1.087326
1.650326
1.458326
0.919326
1.062326
1.670326
0.612326
1.160326
1.087326
-0.498674
0.928326
0.918326
0.097326
1.293326
1.087326
0.333326
0.692326
0.493326
1.478326
1.215326
0.975326
0.627326
0.337326
1.624326
0.726326
1.458326
1.008326
1.160326
0.410326
0.612326
0.449326
0.902326
1.162326
0.991326
0.714326
0.714326
0.808326
0.518326
1.060326
-0.416674
0.314326
0.881326
0.336326
-0.142674
1.087326
0.522326
-0.003674
0.242326
0.160326
1.293326
0.988326
1.585326
0.337326
0.627326
0.250326
0.542326
-0.884674
0.873326
0.799326
0.522326
0.097326
1.087326
0.799326
1.068326
1.053326
1.008326
-0.416674
0.927326
2.475326
1.650326
0.542326
0.097326
1.068326
0.799326
0.410326
0.824326
0.975326
1.591326
0.796326
2.475326
0.893326
1.160326
2.330326
1.650326
0.694326
0.579326
0.783326
1.068326
0.580326
0.358326
0.336326
1.591326
0.410326
-0.422674
0.751326
0.333326
1.369326
0.873326
0.671326
0.097326
0.902326
1.097326
0.873326
0.999326
1.143326
1.458326
1.053326
0.860326
0.097326
1.557326
0.692326
0.144326
0.144326
0.743326
0.873326
0.796326
1.085326
0.242326
1.485326
1.321326
1.591326
0.999326
0.918326
0.902326
1.624326
1.293326
0.860326
0.694326
1.293326
1.290326
0.893326
0.799326
-0.003674
1.053326
0.893326
1.591326
1.215326
-0.416674
0.314326
0.999326
1.093326
1.143326
0.918326
1.060326
0.714326
0.843326
0.612326
1.485326
1.670326
1.053326
0.627326
0.975326
0.612326
0.824326
1.458326
1.143326
-0.003674
0.627326
-0.416674
0.185326
0.824326
1.162326
1.649326
0.160326
1.165326
0.991326
-0.142674
0.120326
0.493326
1.281326
2.330326
0.333326
-0.385674
0.120326
1.491326
0.217326
0.358326
-0.306674
0.242326
1.399326
1.624326
0.726326
1.293326
0.726326
-0.416674
1.321326
1.321326
1.162326
0.250326
0.919326
0.449326
-0.320674
1.062326
1.093326
0.860326
0.873326
-0.306674
0.808326
-0.422674
1.008326
0.796326
1.085326
0.242326
-0.422674
1.293326
0.449326
0.522326
0.751326
0.824326
1.215326
0.597326
0.612326
0.743326
0.522326
-0.422674
0.751326
0.358326
0.160326
0.333326
1.165326
0.242326
1.085326
0.928326
1.160326
-0.422674
0.541326
1.215326
0.968326
0.988326
0.597326
0.692326
1.053326
0.798326
1.160326
1.053326
1.399326
0.694326
0.671326
1.068326
1.491326
1.491326
0.144326
1.399326
0.120326
1.326326
0.120326
-0.416674
0.671326
1.162326
-0.416674
0.449326
0.824326
-0.142674
1.458326
1.097326
1.060326
0.410326
0.991326
0.336326
0.120326
1.053326
1.369326
-0.306674
0.580326
1.293326
0.160326
0.843326
0.881326
1.478326
0.728326
0.250326
1.162326
1.478326
0.783326
0.999326
1.321326
1.053326
0.783326
1.458326
1.162326
1.478326
0.843326
0.991326
0.333326
1.650326
1.670326
1.293326
1.458326
-0.142674
1.060326
0.799326
0.612326
0.671326
0.358326
1.369326
0.988326
0.612326
1.160326
0.783326
0.314326
1.085326
1.004326
1.326326
1.321326
0.860326
1.060326
0.726326
1.031326
0.358326
-0.306674
0.918326
0.449326
1.035326
1.035326
0.493326
1.087326
0.185326
0.893326
0.671326
1.008326
1.281326
1.085326
0.738326
0.337326
0.612326
0.799326
1.085326
0.798326
0.620326
-0.602674
0.999326
1.093326
1.031326
1.478326
1.369326
1.062326
0.881326
1.068326
0.843326
1.066326
1.097326
0.968326
-0.385674
1.478326
1.094326
0.843326
1.093326
2.475326
1.844326
0.860326
0.408326
1.165326
0.807326
0.493326
0.893326
1.585326
0.580326
1.650326
1.066326
0.620326
0.597326
1.317326
1.008326
0.845326
0.714326
1.353326
-0.422674
0.988326
1.062326
1.585326
2.330326
0.217326
1.062326
1.160326
1.162326
0.333326
0.620326
1.162326
0.120326
0.807326
0.799326
0.694326
1.317326
0.493326
0.968326
0.807326
0.738326
0.493326
1.321326
0.927326
0.796326
0.881326
0.333326
0.493326
0.843326
0.625326
0.918326
1.053326
0.373326
1.140326
0.694326
0.860326
1.053326
0.799326
1.670326
1.062326
0.120326
0.991326
1.624326
0.777326
0.144326
-0.142674
0.314326
1.585326
1.140326
0.999326
0.250326
0.927326
1.321326
0.449326
0.160326
0.314326
1.844326
1.097326
0.336326
0.726326
0.671326
0.410326
0.692326
1.097326
1.844326
0.968326
0.554326
0.999326
0.873326
0.991326
1.281326
0.358326
0.097326
0.314326
0.714326
1.649326
0.671326
0.341326
1.097326
0.337326
-0.142674
0.431326
0.217326
0.927326
0.356326
1.353326
1.624326
1.085326
1.085326
1.290326
1.035326
0.873326
1.369326
0.454326
1.035326
1.369326
0.873326
1.478326
0.726326
2.475326
1.165326
1.165326
0.807326
0.694326
0.694326
1.353326
0.120326
0.671326
0.968326
0.341326
1.485326
-0.385674
0.431326
1.165326
1.326326
1.649326
1.004326
2.330326
1.094326
-0.506674
0.410326
0.337326
0.356326
1.008326
1.060326
1.085326
2.330326
1.035326
1.290326
0.751326
1.097326
0.314326
1.085326
0.597326
1.321326
0.671326
0.410326
1.844326
0.410326
0.999326
1.290326
0.671326
0.671326
1.369326
0.807326
-0.385674
0.768326
1.004326
0.097326
1.053326
0.928326
0.356326
1.317326
1.160326
0.783326
0.751326
0.336326
-0.422674
0.410326
0.242326
0.728326
1.160326
0.726326
0.843326
0.796326
0.893326
1.844326
0.597326
0.358326
0.783326
0.356326
1.053326
1.353326
0.333326
0.968326
1.216326
1.585326
1.053326
1.649326
1.109326
0.750326
0.454326
0.893326
0.337326
0.783326
1.321326
1.216326
0.893326
0.160326
-0.416674
1.066326
0.796326
2.475326
0.860326
-0.043674
0.902326
0.790326
0.860326
1.094326
0.694326
-0.452674
0.796326
0.612326
0.884326
0.692326
0.591326
0.927326
0.375326
1.650326
0.410326
-0.452674
1.290326
2.475326
0.449326
1.035326
0.159326
0.927326
0.144326
0.751326
1.094326
0.097326
0.692326
0.902326
1.670326
2.475326
0.938326
0.845326
1.097326
1.097326
0.796326
-0.043674
-0.178674
1.353326
0.750326
1.670326
0.541326
0.356326
1.650326
0.927326
0.159326
0.493326
0.928326
1.353326
1.290326
1.649326
0.902326
1.089326
0.185326
0.467326
-0.314674
1.031326
0.159326
0.410326
-0.043674
0.941326
1.624326
-0.159674
1.004326
0.242326
0.159326
1.004326
0.106326
1.670326
1.624326
1.317326
-0.043674
0.358326
0.941326
0.120326
0.431326
1.844326
0.493326
0.796326
0.242326
0.728326
0.467326
0.541326
0.336326
0.968326
0.843326
0.751326
0.449326
-0.303674
0.796326
1.321326
0.941326
0.664326
-0.573674
0.356326
1.321326
0.159326
1.109326
0.968326
0.106326
0.612326
0.591326
0.159326
-0.142674
0.541326
0.518326
0.927326
0.375326
0.337326
0.337326
0.522326
0.449326
0.991326
1.062326
0.999326
1.281326
0.991326
0.398326
0.522326
0.714326
0.999326
0.843326
0.790326
0.398326
0.323326
0.522326
-0.385674
0.919326
0.860326
0.796326
0.919326
1.097326
0.938326
1.109326
0.845326
-0.142674
0.893326
0.144326
0.541326
0.160326
2.475326
1.097326
0.217326
0.893326
0.881326
1.321326
0.991326
0.518326
1.109326
1.281326
1.670326
0.790326
0.927326
0.097326
0.493326
1.321326
0.726326
0.336326
-0.385674
1.585326
0.999326
0.783326
0.302326
0.320326
0.597326
1.053326
1.062326
-0.385674
1.089326
0.893326
-0.259674
1.649326
1.321326
-0.259674
-0.573674
-0.259674
-0.058674
0.522326
0.783326
1.321326
0.336326
1.053326
0.991326
0.542326
1.039326
0.834326
1.317326
0.938326
0.902326
0.694326
0.796326
0.902326
0.097326
1.586326
-0.399674
0.860326
0.819326
1.097326
0.135326
2.330326
0.811326
1.062326
0.881326
1.624326
1.586326
1.624326
1.585326
-0.043674
0.106326
0.834326
-0.573674
0.664326
0.938326
0.893326
0.597326
0.612326
1.216326
0.834326
-0.452674
0.493326
0.217326
1.008326
0.902326
1.353326
1.281326
0.919326
0.927326
0.664326
0.217326
1.031326
1.097326
0.819326
0.694326
1.004326
1.353326
0.783326
0.991326
0.694326
1.066326
-0.399674
-0.142674
-0.043674
1.062326
1.097326
1.585326
0.373326
1.060326
0.398326
0.834326
0.323326
1.060326
1.585326
0.783326
0.336326
-0.303674
0.783326
0.927326
0.881326
-0.061674
1.062326
0.320326
0.845326
0.159326
0.834326
1.410326
1.039326
1.031326
0.522326
0.467326
2.330326
-0.385674
2.330326
-0.573674
-0.142674
0.881326
-0.303674
0.919326
1.650326
0.843326
2.330326
0.591326
0.144326
0.217326
0.591326
0.927326
1.216326
0.398326
0.449326
0.519326
0.928326
0.135326
0.928326
0.811326
0.242326
0.938326
-0.043674
-0.043674
1.670326
0.919326
0.845326
-0.142674
0.834326
0.242326
1.844326
0.336326
1.650326
1.094326
1.089326
-0.058674
1.039326
0.938326
0.845326
1.624326
0.106326
0.968326
0.807326
0.431326
0.135326
0.807326
0.928326
0.881326
1.066326
-0.385674
0.542326
0.242326
0.519326
0.522326
0.745326
0.476326
0.686326
1.216326
0.410326
1.039326
0.999326
0.893326
0.336326
0.467326
1.281326
0.145326
0.893326
-0.139674
0.919326
0.337326
0.938326
0.228326
2.330326
0.097326
1.410326
0.591326
0.902326
1.062326
1.410326
1.281326
0.893326
1.039326
0.135326
-0.303674
0.928326
0.893326
1.097326
0.337326
1.216326
1.624326
0.902326
0.302326
0.148326
0.467326
0.843326
0.410326
0.336326
0.796326
1.317326
0.876326
1.650326
1.353326
0.104326
0.519326
-0.230674
1.097326
0.104326
1.410326
-0.139674
0.991326
0.796326
0.286326
0.597326
0.893326
0.938326
0.519326
0.519326
0.467326
0.834326
2.330326
1.060326
-0.078674
0.398326
1.066326
0.694326
1.094326
1.062326
0.439326
1.097326
1.281326
0.796326
-0.526674
1.624326
0.439326
-0.078674
-0.088674
0.876326
0.919326
-0.142674
0.160326
0.902326
-0.573674
-0.273674
0.658326
0.658326
0.876326
2.330326
-0.452674
0.242326
0.753326
0.893326
0.148326
1.410326
-0.245674
1.062326
1.216326
0.811326
1.004326
1.060326
1.624326
1.066326
0.728326
1.039326
0.537326
0.694326
0.753326
0.893326
0.144326
0.834326
0.745326
1.844326
-0.452674
0.059326
0.131326
-0.238674
1.410326
0.467326
0.438326
-0.321674
2.330326
0.449326
1.317326
0.097326
0.302326
0.928326
0.845326
-0.405674
-0.777674
1.586326
0.542326
0.519326
0.522326
1.624326
1.039326
1.586326
0.356326
1.004326
0.358326
0.540326
0.893326
0.658326
0.938326
0.771326
0.356326
-0.040674
0.845326
0.811326
0.893326
-0.526674
1.650326
1.109326
0.694326
0.938326
-0.230674
0.034326
0.834326
0.410326
-0.230674
1.650326
1.670326
0.811326
0.804326
0.928326
0.803326
-0.230674
-0.273674
0.336326
-0.783674
0.881326
-0.340674
-0.303674
1.062326
1.060326
2.330326
0.135326
-0.521674
-0.027674
2.330326
0.285326
-0.230674
-0.783674
1.586326
0.811326
1.353326
1.109326
0.771326
0.928326
-0.078674
1.094326
0.003326
0.694326
-0.566674
1.094326
1.410326
0.796326
0.694326
1.844326
0.242326
1.281326
2.330326
0.804326
0.771326
-0.078674
1.062326
1.109326
1.008326
-0.783674
1.008326
-0.777674
1.317326
0.323326
1.008326
0.003326
0.753326
0.097326
-0.452674
-0.049674
0.919326
0.097326
0.938326
0.519326
1.060326
0.336326
-0.160674
1.586326
-0.270674
-0.078674
0.258326
-0.516674
0.881326
-0.078674
0.928326
0.438326
0.467326
0.804326
-0.270674
0.476326
0.753326
1.216326
0.796326
0.845326
0.803326
-0.270674
0.519326
0.410326
1.624326
1.624326
0.565326
1.650326
0.627326
1.624326
1.094326
1.109326
-0.142674
0.685326
0.938326
0.540326
1.094326
0.694326
1.281326
1.062326
0.876326
0.597326
0.627326
1.650326
0.135326
1.281326
0.073326
0.771326
0.876326
-1.181674
1.844326
-0.142674
0.641326
-0.303674
1.624326
1.554326
0.641326
0.097326
-0.142674
0.881326
0.258326
0.135326
1.586326
0.694326
0.410326
1.060326
1.109326
0.097326
0.537326
-0.691674
1.554326
0.336326
0.834326
1.586326
1.624326
1.586326
0.876326
1.554326
-0.777674
-0.303674
1.624326
0.597326
0.585326
1.094326
0.323326
0.486326
1.060326
-0.516674
-0.142674
1.045326
0.641326
-0.516674
2.330326
0.467326
0.597326
-0.516674
1.502326
0.039326
-0.566674
-0.316674
1.624326
1.058326
0.845326
0.834326
0.938326
-0.027674
-0.303674
0.486326
0.438326
0.845326
0.191326
1.844326
0.481326
1.058326
0.803326
0.285326
2.330326
2.330326
0.197326
0.242326
0.753326
0.481326
1.586326
1.586326
0.771326
0.097326
-0.516674
1.317326
0.476326
0.522326
0.407326
0.382326
0.152326
0.734326
0.336326
1.094326
1.586326
1.586326
0.410326
0.845326
1.066326
-0.142674
0.845326
-0.142674
0.694326
0.845326
0.143326
0.540326
0.834326
0.834326
1.317326
0.919326
-0.075674
-0.101674
0.476326
1.062326
0.067326
0.627326
0.627326
1.062326
1.502326
-0.221674
0.580326
1.670326
1.109326
0.467326
0.076326
-0.777674
-0.236674
1.109326
0.410326
1.109326
0.799326
0.014326
1.317326
1.317326
1.066326
0.410326
1.066326
0.358326
0.627326
1.109326
0.928326
0.763326
0.258326
1.281326
1.586326
0.519326
0.467326
0.694326
0.771326
0.881326
0.580326
0.881326
1.586326
-0.777674
-0.097674
-0.303674
0.627326
-0.516674
2.330326
0.884326
0.014326
0.771326
0.152326
0.336326
0.804326
0.519326
0.410326
-0.097674
0.745326
0.358326
-0.118674
0.361326
1.062326
0.580326
0.804326
0.361326
0.540326
0.721326
0.152326
-0.176674
0.486326
0.143326
0.728326
0.804326
0.771326
0.540326
0.336326
0.845326
1.061326
1.066326
1.061326
1.061326
1.062326
0.474326
0.884326
1.109326
-0.516674
0.467326
-0.142674
1.058326
-0.118674
1.502326
0.928326
1.353326
1.502326
0.358326
1.062326
0.877326
1.670326
-0.384674
0.313326
0.486326
-0.777674
1.066326
-0.384674
0.358326
0.745326
0.768326
-0.516674
1.109326
0.486326
-0.165674
0.152326
0.073326
2.330326
0.881326
0.067326
0.728326
1.844326
-0.142674
1.022326
0.763326
0.627326
0.522326
-0.165674
1.586326
1.066326
0.597326
0.745326
0.597326
0.645326
1.109326
0.684326
2.330326
1.317326
-0.516674
0.881326
2.330326
0.684326
0.768326
0.919326
-0.176674
1.066326
0.361326
0.361326
0.258326
0.729326
1.008326
0.464326
0.745326
0.872326
0.745326
2.330326
0.745326
1.586326
0.486326
0.358326
0.152326
0.244326
1.586326
0.919326
1.317326
0.919326
0.416326
0.464326
1.317326
1.353326
0.336326
-0.079674
0.645326
0.768326
0.014326
1.066326
0.474326
0.474326
0.067326
0.244326
1.062326
0.627326
-0.675674
1.022326
0.358326
0.881326
0.336326
0.407326
2.330326
0.627326
0.317326
0.745326
0.258326
0.645326
0.768326
1.353326
1.844326
0.358326
1.008326
1.317326
0.881326
0.919326
1.844326
0.881326
1.317326
1.317326
0.317326
-0.807674
0.317326
1.317326
0.919326
0.928326
0.768326
0.768326
0.464326
-0.142674
-0.392674
1.586326
0.313326
1.066326
1.022326
2.330326
0.014326
2.330326
-0.777674
0.311326
1.046326
0.919326
0.872326
-0.142674
0.291326
0.627326
0.919326
-0.878674
2.330326
2.330326
1.844326
0.194326
-0.142674
0.175326
-0.878674
0.464326
0.728326
0.097326
0.928326
-0.203674
1.844326
0.014326
-0.203674
0.433326
1.066326
0.206326
0.597326
1.066326
0.194326
0.881326
2.330326
0.928326
0.919326
0.407326
-0.203674
2.330326
-0.252674
-0.878674
0.919326
1.046326
2.330326
-0.384674
1.168326
1.066326
0.407326
0.919326
0.884326
-0.303674
0.194326
0.782326
-1.087674
0.728326
0.884326
0.881326
0.317326
0.928326
0.478326
0.872326
0.407326
2.330326
1.586326
-0.252674
0.426326
0.194326
1.844326
0.382326
0.194326
0.782326
-0.756674
0.872326
-0.141674
0.355326
-0.303674
-0.142674
0.355326
0.194326
0.881326
1.046326
2.330326
1.168326
1.046326
0.426326
0.194326
0.067326
0.353326
0.728326
-0.252674
-0.142674
-0.359674
0.051326
0.782326
0.317326
1.066326
1.586326
1.066326
1.844326
1.066326
2.330326
1.168326
0.355326
-0.779674
0.728326
2.330326
0.438326
1.844326
-0.761674
0.728326
1.844326
-0.142674
0.438326
2.330326
0.317326
0.426326
-0.625674
-0.761674
2.330326
1.168326
0.281326
1.168326
0.426326
0.728326
2.330326
1.066326
0.426326
-0.815674
0.426326
0.426326
1.168326
0.036326
0.426326
1.066326
1.844326
0.569326
0.569326
1.066326
1.168326
0.426326
0.036326
2.330326
1.066326
0.569326
1.168326
0.426326
0.426326
-0.142674
1.066326
0.728326
0.426326
-0.142674
-0.142674
-0.142674
0.728326
0.427326
-0.269674
0.728326
2.330326
2.330326
2.330326
0.728326
0.967326
0.728326
-0.269674
0.967326
0.967326
0.427326
0.967326
-0.269674
0.967326
0.426326
0.427326
2.330326
2.330326
0.427326
0.967326
2.330326
0.642326
0.427326
2.330326
0.642326
0.728326
-0.680674
2.330326
2.330326
0.642326
0.469326
0.728326
0.469326
2.330326
0.469326
0.728326
2.330326
0.728326
0.728326
0.728326
2.330326
0.728326
0.728326
0.728326
0.728326
0.728326
2.330326
0.728326
2.330326
2.330326
2.330326
0.728326
2.330326
0.728326
1.312326
0.728326
0.728326
0.728326
0.728326
0.728326
0.728326
0.728326
0.728326
0.728326
0.728326
0.728326
0.728326
0.728326
0.728326
0.606326
0.606326
0.606326
0.606326
0.606326
0.606326
0.590326
0.590326
0.590326
0.590326
0.590326
0.590326
0.590326
0.590326
0.590326
0.590326
0.590326
0.590326
0.590326
-0.268674
