14.351000
9.928000
15.583000
11.160000
8.808000
10.958000
16.390000
15.331000
9.050000
9.997000
13.918000
7.938000
18.316000
14.892000
18.708000
13.209000
14.002000
18.611000
11.773000
11.142000
13.854000
9.921000
13.660000
16.383000
14.959000
10.236000
10.176000
13.572000
11.201000
10.014000
14.122000
18.680000
12.705000
13.987000
10.536000
13.317000
13.050000
13.461000
13.581000
14.221000
9.388000
14.456000
16.415000
17.096000
16.188000
7.691000
8.058000
17.337000
12.840000
14.471000
12.501000
9.039000
19.882000
13.632000
13.329000
10.229000
16.315000
10.881000
8.776000
8.248000
8.316000
10.905000
14.300000
9.215000
19.081000
12.139000
11.706000
10.554000
14.560000
7.248000
12.326000
11.239000
12.768000
9.754000
16.696000
9.865000
13.873000
19.637000
13.358000
11.279000
13.442000
19.550000
11.639000
20.529000
10.158000
14.864000
13.128000
12.084000
13.949000
16.520000
3.974000
14.469000
4.403000
12.054000
14.063000
15.636000
12.207000
13.244000
11.886000
7.830000
7.323000
12.888000
14.307000
17.420000
13.465000
7.692000
10.314000
16.941000
19.001000
13.593000
15.943000
12.065000
16.912000
10.554000
12.065000
15.220000
10.955000
9.753000
10.691000
13.733000
12.961000
11.164000
15.785000
9.897000
11.560000
6.340000
3.183000
8.606000
1.590000
12.444000
20.765000
13.554000
15.914000
12.265000
11.583000
16.732000
6.433000
13.810000
12.754000
8.915000
5.100000
13.353000
5.522000
6.724000
13.451000
16.660000
17.469000
13.073000
8.666000
7.917000
9.952000
8.505000
18.386000
11.820000
14.414000
8.786000
16.831000
15.763000
17.151000
12.184000
10.174000
11.034000
13.573000
12.432000
15.210000
16.289000
12.257000
15.069000
7.981000
6.046000
10.908000
9.383000
11.628000
8.899000
4.861000
13.908000
15.300000
13.776000
8.069000
7.739000
8.793000
13.132000
13.258000
9.377000
14.019000
17.341000
9.067000
5.611000
7.846000
13.783000
20.256000
1.651000
19.991000
9.938000
7.128000
10.793000
7.437000
11.999000
10.225000
14.573000
11.513000
15.952000
12.472000
3.156000
7.750000
12.678000
11.173000
12.485000
15.490000
11.627000
11.021000
20.635000
13.357000
17.212000
13.639000
8.331000
11.866000
8.437000
14.743000
10.893000
5.933000
17.775000
3.414000
12.308000
8.874000
8.491000
9.092000
4.093000
12.832000
12.037000
7.496000
11.349000
11.568000
15.913000
13.485000
21.938000
14.247000
10.451000
15.022000
6.387000
17.482000
9.074000
14.592000
10.866000
13.275000
6.155000
6.727000
6.154000
12.377000
12.197000
11.592000
16.278000
16.348000
10.544000
7.410000
13.203000
16.309000
6.584000
11.302000
10.692000
17.862000
17.430000
5.356000
9.522000
7.787000
16.212000
6.311000
6.492000
7.730000
12.057000
10.865000
11.339000
20.107000
22.166000
7.265000
14.736000
13.044000
3.191000
8.509000
8.432000
8.420000
13.494000
16.783000
6.258000
14.023000
17.995000
0.000000
8.745000
10.419000
7.246000
14.606000
21.757000
12.707000
12.003000
14.064000
11.526000
13.339000
20.329000
11.561000
4.827000
10.960000
10.006000
11.855000
10.581000
23.281000
8.595000
9.947000
11.975000
9.523000
20.634000
11.648000
14.267000
9.228000
9.438000
16.948000
13.126000
14.234000
12.935000
10.615000
14.179000
10.792000
16.375000
6.143000
5.218000
16.590000
15.831000
12.448000
19.555000
6.258000
11.129000
9.478000
8.322000
6.265000
11.737000
16.238000
8.107000
11.896000
14.803000
23.053000
7.333000
17.307000
7.494000
10.713000
14.197000
3.023000
20.204000
3.153000
8.217000
7.534000
14.596000
16.734000
11.731000
9.115000
11.808000
5.252000
10.808000
6.332000
15.783000
0.000000
15.203000
8.948000
14.659000
13.124000
5.536000
12.168000
10.165000
15.333000
2.293000
10.023000
10.484000
8.790000
10.415000
10.052000
14.886000
14.333000
15.073000
16.191000
9.122000
13.692000
3.771000
10.453000
11.232000
13.457000
14.192000
11.481000
14.749000
11.398000
15.963000
17.009000
9.154000
13.452000
14.364000
5.219000
9.464000
18.577000
5.069000
20.475000
17.764000
7.679000
10.616000
13.774000
0.000000
0.000000
10.392000
11.489000
14.936000
5.415000
15.755000
13.160000
7.674000
10.696000
13.297000
6.428000
13.595000
12.346000
15.782000
1.671000
8.941000
11.034000
15.915000
14.860000
10.631000
14.888000
7.205000
24.408000
2.974000
7.070000
2.309000
0.000000
8.947000
10.380000
7.900000
14.552000
8.669000
8.707000
0.000000
15.425000
9.876000
12.678000
12.187000
5.586000
10.578000
10.191000
0.049000
6.520000
17.253000
8.176000
0.000000
6.548000
9.852000
12.302000
2.621000
8.208000
12.937000
4.498000
2.143000
0.000000
8.104000
9.743000
10.151000
8.152000
0.000000
16.286000
0.620000
21.412000
13.710000
0.000000
7.980000
13.488000
7.167000
8.863000
14.772000
4.853000
0.000000
14.125000
9.030000
13.522000
10.280000
7.132000
9.439000
10.667000
7.697000
15.124000
11.034000
7.753000
5.991000
10.726000
10.101000
17.277000
8.352000
8.101000
12.098000
9.025000
17.395000
0.000000
12.904000
7.287000
0.000000
4.481000
6.422000
12.216000
4.925000
4.769000
9.462000
11.131000
13.069000
20.197000
8.321000
6.515000
8.911000
10.727000
3.956000
10.352000
17.958000
9.821000
0.164000
1.178000
17.384000
14.613000
16.948000
13.677000
4.854000
8.817000
12.049000
0.000000
14.900000
7.363000
8.352000
15.280000
9.862000
14.803000
11.860000
14.268000
0.000000
0.000000
15.292000
15.954000
0.000000
16.383000
11.694000
10.068000
0.000000
8.693000
4.886000
5.625000
9.045000
8.855000
8.082000
0.000000
0.000000
13.519000
14.402000
0.000000
5.503000
4.015000
4.167000
0.000000
22.620000
14.981000
0.000000
0.000000
5.721000
0.000000
8.685000
9.975000
0.000000
0.682000
3.538000
10.413000
1.603000
10.600000
13.568000
12.978000
5.982000
5.249000
6.673000
0.000000
0.000000
17.849000
0.000000
0.662000
0.000000
0.000000
4.285000
6.742000
0.000000
1.920000
9.340000
0.607000
10.239000
3.052000
1.370000
0.000000
7.859000
3.336000
0.544000
0.000000
3.519000
0.000000
8.456000
0.000000
0.000000
5.106000
13.148000
4.444000
7.307000
0.000000
0.000000
16.862000
2.897000
8.370000
6.319000
0.000000
7.775000
1.814000
0.223000
8.424000
0.000000
14.259000
3.856000
0.000000
0.000000
10.701000
8.965000
16.362000
17.647000
18.198000
12.160000
0.000000
4.222000
13.293000
1.197000
0.000000
8.326000
12.851000
0.000000
1.944000
0.000000
9.931000
17.782000
18.502000
0.000000
9.703000
5.004000
0.282000
0.000000
16.855000
2.350000
0.087000
12.253000
13.994000
9.958000
18.973000
12.656000
3.885000
21.536000
10.763000
0.000000
7.548000
0.000000
0.000000
13.972000
11.432000
0.413000
10.094000
14.613000
0.000000
19.746000
12.710000
0.000000
12.512000
14.312000
5.609000
11.203000
7.348000
17.422000
6.305000
5.117000
13.819000
18.842000
1.989000
14.338000
16.075000
15.509000
6.537000
14.473000
12.866000
13.190000
9.881000
9.929000
6.128000
4.669000
8.363000
8.315000
8.325000
9.927000
5.171000
3.297000
22.308000
9.494000
2.864000
6.780000
15.992000
10.497000
5.083000
12.315000
16.326000
7.482000
10.319000
6.285000
13.125000
0.952000
8.855000
17.167000
13.829000
13.992000
9.401000
27.565000
0.000000
13.380000
9.260000
0.304000
0.000000
0.000000
21.103000
4.801000
9.997000
4.947000
8.503000
23.619000
16.489000
5.332000
10.086000
18.435000
7.822000
5.783000
18.214000
0.000000
17.063000
17.998000
8.051000
3.071000
9.651000
2.412000
5.570000
9.745000
17.308000
8.675000
4.859000
5.523000
7.137000
9.785000
9.447000
6.349000
9.856000
10.681000
5.395000
8.108000
0.000000
10.709000
16.092000
21.678000
8.931000
1.155000
19.340000
12.104000
6.031000
3.697000
9.960000
13.012000
11.129000
4.784000
9.890000
12.992000
10.330000
15.146000
16.027000
19.483000
15.522000
5.065000
10.619000
3.648000
6.321000
16.065000
12.649000
10.808000
16.632000
7.305000
17.105000
4.915000
17.045000
7.072000
16.093000
6.889000
24.235000
13.276000
6.331000
15.295000
0.000000
8.541000
17.811000
4.504000
5.764000
12.674000
7.067000
0.000000
16.445000
9.402000
9.384000
16.580000
20.997000
17.255000
10.214000
11.782000
17.505000
5.387000
8.077000
17.119000
5.386000
12.176000
8.727000
17.299000
5.255000
7.892000
12.248000
14.014000
11.330000
9.806000
9.131000
0.000000
9.757000
15.901000
9.136000
7.728000
11.622000
11.893000
16.037000
13.126000
5.630000
12.089000
14.863000
8.720000
9.178000
4.361000
13.883000
15.770000
10.377000
14.579000
8.835000
12.015000
6.621000
13.652000
15.240000
4.555000
14.101000
8.785000
7.929000
7.908000
18.838000
0.506000
10.752000
16.946000
5.289000
4.976000
1.544000
13.564000
9.514000
9.483000
12.585000
13.726000
11.021000
6.810000
16.600000
6.562000
9.046000
13.594000
11.294000
16.954000
10.402000
15.967000
3.791000
15.533000
3.841000
3.301000
11.873000
6.104000
7.100000
14.194000
10.884000
12.875000
14.116000
18.669000
12.647000
11.670000
3.101000
24.293000
10.965000
13.698000
12.211000
16.179000
17.329000
5.199000
11.993000
10.012000
9.340000
15.366000
6.846000
6.251000
12.500000
10.814000
17.318000
9.598000
10.654000
3.897000
15.655000
8.209000
11.902000
14.394000
13.433000
18.882000
4.424000
6.707000
2.285000
10.161000
9.618000
19.089000
9.769000
5.367000
8.748000
12.813000
23.881000
10.690000
12.683000
12.095000
5.195000
16.035000
14.695000
11.449000
10.316000
12.490000
15.496000
15.912000
6.966000
14.500000
0.915000
2.011000
7.821000
6.901000
19.545000
3.691000
10.184000
5.618000
12.990000
11.166000
14.048000
9.708000
11.514000
10.918000
11.456000
13.786000
7.443000
7.966000
7.887000
9.031000
8.009000
11.481000
14.490000
14.412000
13.025000
8.402000
8.592000
3.672000
11.745000
10.872000
8.657000
15.198000
14.821000
9.573000
5.116000
9.961000
14.089000
14.176000
11.140000
7.892000
11.929000
9.405000
9.373000
3.617000
12.509000
11.710000
17.153000
8.858000
11.200000
14.821000
15.235000
25.605000
12.863000
9.432000
13.524000
10.541000
14.423000
3.710000
10.372000
7.936000
5.437000
6.502000
8.067000
7.403000
10.967000
9.875000
8.722000
12.931000
15.548000
13.268000
10.761000
6.110000
8.296000
9.948000
12.851000
4.076000
11.879000
6.414000
5.336000
8.864000
5.214000
3.082000
11.075000
9.516000
11.672000
10.046000
13.619000
13.248000
9.160000
8.107000
11.490000
8.527000
8.560000
13.693000
15.477000
8.586000
6.967000
9.258000
8.439000
11.601000
9.191000
9.440000
7.363000
14.006000
9.272000
10.675000
7.682000
4.257000
23.642000
6.237000
13.981000
4.986000
7.832000
19.101000
5.872000
5.921000
11.243000
8.404000
11.233000
9.783000
8.840000
6.829000
6.608000
6.696000
14.565000
11.518000
14.886000
7.399000
13.163000
3.879000
11.499000
6.928000
7.717000
8.351000
9.599000
12.341000
6.717000
11.515000
10.016000
12.468000
9.069000
10.290000
12.249000
11.294000
6.805000
8.335000
9.531000
10.164000
8.651000
3.875000
6.363000
5.109000
3.362000
6.941000
5.663000
10.754000
12.331000
13.334000
10.727000
4.574000
10.524000
9.122000
3.512000
2.321000
11.798000
1.648000
14.262000
11.639000
14.612000
8.407000
16.963000
8.897000
6.622000
9.606000
10.067000
5.866000
13.806000
21.386000
7.626000
10.422000
0.000000
22.583000
8.965000
5.496000
14.098000
7.449000
13.020000
23.984000
5.630000
10.107000
8.376000
8.762000
4.354000
7.804000
6.560000
16.751000
6.620000
7.685000
8.561000
14.391000
12.032000
3.353000
15.519000
9.741000
16.381000
13.597000
8.981000
10.419000
8.198000
10.799000
11.102000
8.888000
8.013000
8.406000
19.380000
13.801000
7.634000
15.401000
6.957000
11.076000
8.340000
4.656000
6.030000
12.050000
8.243000
9.406000
3.471000
10.309000
14.648000
8.776000
6.617000
10.202000
10.958000
16.695000
9.729000
5.436000
4.462000
9.567000
11.487000
16.160000
8.631000
7.636000
6.331000
25.712000
7.696000
18.068000
9.646000
10.509000
6.696000
15.519000
0.677000
12.234000
5.375000
8.123000
0.000000
7.113000
10.726000
10.646000
9.996000
6.653000
19.406000
10.808000
4.203000
5.052000
4.771000
3.707000
4.662000
4.793000
8.524000
8.425000
8.145000
12.093000
11.875000
13.803000
9.100000
5.004000
6.970000
8.806000
6.393000
5.566000
7.744000
9.800000
3.837000
9.835000
10.211000
3.569000
5.598000
3.715000
5.585000
1.504000
2.038000
9.217000
12.481000
6.100000
11.257000
4.661000
9.783000
4.055000
11.891000
8.394000
2.955000
7.383000
9.781000
9.970000
11.198000
5.778000
6.112000
7.546000
0.643000
6.633000
8.948000
12.798000
6.344000
12.538000
7.269000
4.348000
7.036000
7.233000
8.006000
11.052000
7.432000
14.089000
8.961000
2.743000
6.360000
14.642000
16.067000
7.432000
5.532000
6.854000
6.544000
9.375000
4.006000
4.989000
4.378000
6.253000
10.949000
12.080000
6.579000
9.098000
0.000000
8.708000
10.334000
6.451000
3.650000
9.431000
10.292000
8.080000
4.378000
12.155000
6.133000
3.480000
3.522000
10.480000
4.092000
7.182000
8.940000
8.931000
11.420000
2.550000
13.692000
5.759000
25.183000
9.843000
4.268000
13.903000
10.083000
8.980000
11.414000
11.837000
11.717000
12.924000
6.377000
2.560000
7.124000
17.076000
4.135000
5.859000
8.630000
9.979000
10.440000
5.520000
7.530000
14.506000
6.524000
7.013000
2.130000
5.894000
23.305000
9.584000
6.836000
3.627000
8.798000
8.267000
5.258000
7.465000
2.438000
6.912000
8.222000
8.082000
3.039000
6.645000
5.478000
8.942000
2.504000
10.512000
4.840000
9.830000
12.785000
4.737000
9.747000
14.368000
7.250000
5.844000
4.423000
4.490000
2.559000
4.516000
18.358000
10.376000
7.630000
1.005000
8.580000
12.353000
0.000000
11.253000
7.730000
10.905000
4.973000
12.278000
1.395000
3.105000
12.537000
6.775000
12.613000
15.658000
10.757000
15.217000
10.074000
9.169000
4.960000
8.213000
11.140000
7.368000
4.079000
5.098000
5.256000
4.959000
4.751000
16.194000
5.143000
6.634000
7.892000
17.139000
5.718000
5.981000
10.859000
9.456000
7.554000
2.272000
7.244000
7.161000
6.488000
6.815000
6.602000
11.702000
7.963000
7.451000
4.473000
5.615000
5.467000
4.243000
7.833000
13.092000
6.797000
7.500000
11.730000
8.788000
3.634000
19.258000
8.127000
16.549000
5.598000
7.003000
10.818000
7.459000
9.945000
17.316000
6.240000
11.381000
9.259000
13.028000
4.465000
5.308000
9.085000
6.701000
11.381000
14.787000
10.188000
4.353000
6.435000
4.011000
6.190000
5.293000
8.039000
9.239000
11.474000
6.673000
7.415000
7.520000
4.578000
13.928000
3.637000
3.744000
13.298000
3.309000
11.726000
11.406000
5.384000
5.845000
11.463000
11.726000
1.553000
15.789000
17.294000
7.366000
6.651000
20.989000
5.859000
7.792000
7.333000
3.470000
6.366000
8.206000
5.430000
9.970000
5.973000
6.463000
9.807000
5.175000
5.016000
6.914000
13.924000
10.679000
3.014000
9.306000
10.229000
15.450000
10.071000
14.759000
7.681000
9.431000
12.987000
5.080000
5.781000
7.059000
6.361000
9.041000
0.000000
7.893000
8.396000
7.991000
10.327000
7.362000
5.475000
12.413000
3.468000
7.439000
7.965000
11.948000
5.477000
0.000000
0.000000
7.263000
8.442000
16.445000
17.156000
6.879000
7.114000
0.000000
11.615000
11.967000
8.436000
13.525000
12.171000
5.817000
11.349000
6.290000
5.266000
5.143000
6.470000
11.303000
5.095000
5.964000
4.556000
8.686000
12.045000
2.092000
3.184000
7.898000
9.719000
11.873000
13.014000
2.249000
8.426000
9.056000
16.807000
3.712000
10.113000
5.822000
9.584000
11.879000
9.523000
4.105000
10.144000
6.189000
7.169000
2.719000
8.105000
12.048000
10.095000
10.881000
7.519000
6.206000
4.642000
4.391000
9.522000
10.417000
18.648000
4.889000
7.491000
6.253000
2.564000
14.148000
8.754000
5.945000
8.155000
10.982000
6.322000
9.483000
10.758000
9.630000
10.479000
0.000000
6.222000
4.227000
12.680000
17.445000
5.450000
13.487000
14.060000
12.322000
14.405000
0.000000
10.504000
4.321000
7.468000
7.068000
0.000000
6.288000
8.837000
4.818000
0.476000
12.428000
7.860000
10.890000
15.128000
4.731000
0.000000
9.060000
6.286000
3.391000
10.245000
11.328000
3.902000
5.543000
8.267000
6.911000
6.819000
10.340000
6.486000
9.417000
20.109000
12.163000
5.627000
3.915000
9.369000
6.477000
16.325000
22.682000
10.009000
10.275000
9.956000
14.977000
14.161000
21.143000
7.891000
6.403000
6.683000
6.049000
15.208000
11.480000
8.688000
8.505000
4.609000
12.652000
6.584000
11.525000
6.012000
4.010000
5.413000
9.678000
3.830000
12.914000
0.706000
7.738000
7.611000
12.557000
16.745000
5.795000
8.176000
6.858000
9.020000
6.477000
4.658000
11.757000
8.624000
9.675000
6.946000
7.650000
12.328000
12.455000
1.055000
3.940000
18.762000
4.966000
9.983000
12.394000
10.022000
0.000000
5.821000
2.163000
7.220000
6.803000
8.530000
9.811000
0.000000
6.675000
18.833000
14.086000
14.214000
6.167000
17.877000
9.174000
3.996000
7.861000
9.793000
5.880000
4.805000
6.196000
9.864000
7.542000
17.803000
6.868000
17.343000
17.626000
3.362000
0.495000
4.711000
5.351000
10.041000
15.180000
6.569000
10.697000
11.884000
6.694000
9.811000
11.154000
10.084000
9.336000
8.565000
6.107000
6.722000
8.807000
5.300000
11.054000
7.674000
12.648000
9.548000
3.437000
14.421000
8.474000
15.765000
11.124000
12.750000
10.793000
8.335000
10.881000
7.614000
8.672000
13.763000
9.842000
2.529000
7.538000
11.208000
11.789000
15.550000
6.481000
4.028000
9.429000
6.606000
10.650000
2.616000
7.479000
5.176000
7.389000
0.421000
9.208000
10.583000
6.767000
6.424000
9.447000
5.270000
20.076000
8.671000
10.622000
0.000000
5.335000
0.000000
7.372000
6.023000
12.818000
14.772000
12.704000
4.455000
11.016000
6.517000
0.000000
12.241000
2.460000
12.901000
9.111000
9.031000
3.929000
9.335000
10.165000
12.283000
5.910000
15.924000
0.938000
8.849000
3.186000
6.887000
13.341000
9.077000
9.997000
12.410000
8.574000
1.787000
3.312000
11.481000
0.000000
7.504000
7.376000
2.167000
2.704000
0.000000
7.448000
3.859000
7.891000
8.110000
6.344000
8.450000
6.805000
6.316000
15.470000
8.401000
8.953000
9.426000
2.260000
15.007000
6.995000
9.888000
5.150000
5.746000
5.509000
4.909000
14.154000
10.367000
5.235000
0.000000
6.335000
8.652000
5.766000
5.760000
1.888000
10.091000
10.055000
10.759000
12.279000
8.045000
8.179000
11.823000
13.135000
11.509000
0.566000
9.801000
9.886000
8.121000
11.654000
7.367000
2.878000
12.597000
10.667000
15.419000
0.000000
17.811000
1.600000
3.756000
7.535000
2.811000
0.000000
5.918000
10.096000
12.731000
15.602000
14.417000
6.425000
5.810000
6.683000
8.676000
5.219000
0.000000
11.314000
19.641000
5.615000
0.426000
4.891000
5.483000
6.147000
4.841000
0.000000
0.000000
6.208000
4.592000
3.550000
5.877000
8.431000
7.307000
0.869000
7.287000
0.000000
9.858000
4.513000
8.793000
0.441000
0.000000
6.985000
4.384000
8.042000
3.014000
0.000000
0.000000
0.000000
9.807000
2.032000
5.818000
6.221000
5.487000
12.006000
8.862000
3.669000
11.280000
0.000000
10.391000
3.413000
9.584000
1.533000
10.622000
12.941000
5.921000
7.550000
9.181000
8.026000
0.000000
6.679000
0.000000
7.255000
5.925000
14.895000
3.929000
8.573000
0.000000
11.697000
1.059000
5.529000
0.000000
13.377000
11.172000
4.134000
12.017000
6.400000
0.000000
5.819000
8.973000
7.666000
3.930000
17.599000
10.007000
10.388000
9.281000
6.421000
1.144000
2.534000
0.000000
8.066000
0.882000
12.071000
10.824000
0.819000
13.547000
7.564000
4.749000
8.837000
9.879000
0.176000
1.551000
1.785000
9.402000
6.716000
0.000000
12.268000
0.000000
20.487000
7.636000
9.604000
0.000000
9.968000
4.074000
2.905000
8.503000
15.587000
17.349000
4.744000
7.987000
14.641000
0.175000
0.000000
3.347000
10.168000
6.471000
4.690000
4.324000
8.310000
3.894000
11.943000
15.830000
14.969000
9.470000
4.513000
3.087000
15.539000
16.069000
8.858000
12.188000
10.393000
4.091000
6.541000
9.428000
6.458000
17.573000
8.584000
13.080000
7.771000
8.114000
4.974000
3.773000
2.712000
8.606000
19.318000
6.892000
9.731000
0.000000
0.000000
6.705000
1.031000
5.283000
0.000000
15.563000
2.534000
19.150000
4.771000
13.344000
11.340000
7.613000
13.250000
15.567000
0.000000
14.621000
2.670000
4.440000
6.243000
8.701000
0.000000
14.718000
11.883000
3.236000
9.112000
19.757000
0.000000
0.643000
3.155000
2.078000
14.511000
17.314000
13.453000
3.176000
3.393000
9.594000
4.975000
5.539000
10.313000
7.014000
6.478000
2.908000
8.350000
3.430000
2.495000
11.472000
10.258000
3.524000
4.320000
6.711000
1.998000
2.126000
17.170000
8.462000
11.602000
14.442000
15.936000
11.759000
10.132000
6.460000
4.760000
13.821000
7.485000
1.559000
4.329000
7.682000
6.942000
1.692000
10.524000
13.378000
3.665000
7.965000
4.789000
3.583000
9.566000
18.567000
15.998000
6.572000
8.629000
0.000000
4.095000
10.194000
3.163000
1.851000
0.000000
9.869000
7.878000
3.274000
9.831000
0.518000
12.611000
20.327000
4.664000
16.411000
5.460000
14.524000
8.086000
6.424000
13.209000
1.989000
7.828000
9.478000
3.366000
9.908000
3.271000
11.856000
6.482000
4.689000
5.221000
16.003000
8.596000
1.787000
4.408000
6.859000
10.427000
6.329000
12.209000
14.423000
7.816000
4.729000
6.986000
7.297000
0.000000
8.537000
11.305000
11.239000
0.000000
5.315000
10.798000
0.000000
10.788000
1.486000
5.904000
24.134000
18.939000
5.972000
21.130000
3.413000
5.924000
13.173000
7.038000
14.559000
3.908000
9.128000
11.659000
9.864000
12.949000
0.000000
4.072000
7.952000
7.067000
1.971000
1.357000
8.771000
7.526000
6.829000
7.339000
8.892000
13.927000
8.948000
8.450000
2.087000
8.222000
3.667000
8.166000
16.537000
5.577000
20.645000
2.715000
4.266000
11.359000
9.217000
10.991000
9.131000
2.237000
6.062000
19.843000
0.878000
1.076000
0.000000
14.418000
22.633000
8.662000
8.267000
2.010000
0.918000
5.797000
1.965000
2.894000
6.443000
10.496000
9.311000
4.673000
9.760000
13.396000
10.449000
14.631000
9.048000
8.356000
4.727000
5.030000
1.340000
7.764000
3.269000
4.606000
2.471000
16.254000
6.309000
2.017000
5.397000
2.541000
12.277000
1.460000
0.865000
5.847000
13.334000
2.944000
3.211000
0.000000
11.312000
5.034000
1.295000
10.909000
19.649000
7.491000
11.132000
0.243000
9.311000
9.772000
15.249000
21.815000
23.265000
5.623000
20.682000
0.961000
6.606000
1.088000
9.973000
10.105000
10.579000
10.439000
0.813000
15.299000
5.565000
19.168000
2.300000
16.446000
0.970000
4.920000
0.000000
2.219000
6.469000
10.599000
5.377000
8.694000
4.946000
15.193000
14.130000
9.124000
8.858000
10.738000
13.646000
2.015000
20.637000
7.996000
7.063000
18.672000
7.615000
16.053000
7.422000
0.413000
1.618000
15.455000
1.722000
14.954000
8.612000
0.000000
11.985000
4.129000
3.929000
11.461000
13.302000
17.271000
5.912000
10.203000
4.017000
7.591000
12.162000
10.418000
6.029000
1.673000
5.509000
3.353000
14.536000
2.734000
4.526000
1.206000
7.992000
9.004000
4.102000
12.257000
0.061000
3.568000
5.634000
0.000000
7.433000
6.818000
4.791000
0.126000
6.436000
9.050000
15.209000
14.319000
3.701000
8.379000
13.557000
5.736000
19.294000
12.352000
6.247000
11.725000
17.575000
8.892000
19.237000
4.280000
4.657000
21.817000
15.288000
7.836000
2.184000
9.293000
1.636000
1.356000
2.253000
0.000000
14.183000
3.190000
7.635000
5.708000
12.880000
0.000000
10.158000
9.226000
15.604000
5.523000
10.773000
11.821000
1.962000
12.120000
16.781000
6.599000
1.810000
9.637000
4.490000
11.415000
13.498000
9.539000
18.468000
7.290000
10.391000
6.340000
2.793000
2.942000
16.673000
15.692000
19.206000
21.271000
7.962000
16.998000
21.402000
17.194000
2.582000
8.829000
10.772000
9.111000
9.083000
20.085000
8.183000
1.733000
1.331000
8.522000
8.279000
8.219000
18.698000
18.497000
11.433000
13.978000
1.453000
3.811000
0.000000
1.088000
10.604000
12.037000
15.861000
9.704000
10.983000
4.810000
8.521000
11.730000
19.373000
13.601000
7.484000
14.619000
2.795000
14.693000
5.373000
7.141000
1.403000
9.097000
6.452000
4.050000
13.601000
0.000000
8.020000
10.436000
5.649000
8.528000
3.590000
8.083000
10.330000
4.821000
7.597000
7.256000
20.191000
4.091000
4.283000
9.284000
11.339000
13.106000
9.579000
15.780000
6.177000
9.016000
10.432000
6.009000
6.123000
17.168000
7.272000
8.317000
5.567000
0.211000
7.940000
7.662000
13.487000
9.903000
5.993000
9.842000
11.101000
6.737000
1.435000
7.601000
19.127000
8.642000
9.567000
12.197000
11.918000
18.474000
12.798000
13.885000
6.876000
1.464000
11.999000
21.965000
7.953000
6.923000
3.353000
3.649000
9.667000
8.277000
9.008000
8.619000
7.987000
11.892000
7.313000
13.450000
11.842000
7.259000
10.409000
5.083000
4.480000
6.408000
18.426000
8.483000
12.824000
9.801000
3.133000
4.207000
9.476000
8.144000
2.980000
9.489000
11.456000
10.259000
7.713000
10.425000
7.914000
4.419000
8.299000
12.126000
7.730000
0.000000
8.142000
4.337000
6.869000
15.782000
0.000000
12.513000
11.375000
7.511000
8.117000
10.407000
7.092000
12.602000
13.893000
12.557000
12.056000
5.314000
15.124000
18.259000
6.752000
11.895000
2.750000
22.406000
8.399000
7.451000
12.408000
11.884000
14.957000
5.442000
5.742000
12.139000
9.810000
12.563000
9.182000
1.960000
8.265000
5.037000
11.862000
9.146000
4.849000
7.385000
11.740000
16.627000
10.396000
11.784000
15.856000
0.249000
5.221000
11.622000
8.056000
2.122000
9.541000
6.739000
8.168000
13.735000
9.584000
5.640000
6.350000
13.855000
0.832000
10.789000
9.831000
10.779000
14.432000
6.498000
5.471000
8.898000
0.956000
3.250000
5.573000
6.982000
7.934000
7.310000
10.608000
1.474000
0.000000
14.467000
6.980000
14.891000
6.018000
8.630000
18.849000
5.676000
13.633000
8.345000
7.761000
8.136000
12.275000
11.664000
5.423000
0.137000
7.651000
13.362000
3.545000
10.974000
0.000000
2.852000
15.417000
10.126000
13.199000
7.844000
10.931000
10.896000
12.811000
10.993000
4.729000
20.611000
6.835000
8.998000
2.053000
10.193000
5.514000
4.727000
15.859000
16.354000
5.944000
16.856000
4.706000
9.748000
5.344000
3.152000
1.528000
12.024000
11.720000
5.677000
5.896000
7.155000
8.853000
11.830000
4.563000
4.811000
8.252000
17.067000
10.147000
7.348000
4.426000
5.820000
7.716000
3.362000
5.134000
9.230000
16.685000
7.661000
8.494000
7.255000
7.602000
12.086000
5.909000
3.219000
3.484000
11.170000
13.361000
9.293000
16.162000
5.741000
11.052000
5.897000
11.665000
12.195000
16.939000
15.995000
7.920000
16.399000
13.832000
11.864000
5.950000
11.311000
21.553000
11.969000
16.570000
12.316000
4.265000
13.417000
14.401000
14.548000
6.302000
4.300000
7.439000
13.818000
8.982000
12.557000
4.614000
21.020000
9.199000
5.029000
12.681000
2.730000
9.063000
3.552000
15.061000
8.393000
6.650000
10.086000
6.260000
13.018000
16.861000
10.979000
10.124000
11.762000
21.204000
7.656000
7.693000
5.300000
5.708000
14.274000
2.985000
0.000000
7.083000
13.381000
10.103000
4.610000
6.494000
12.857000
2.933000
12.574000
16.112000
12.868000
7.279000
7.248000
6.869000
4.412000
6.775000
6.043000
10.507000
6.993000
16.564000
9.120000
9.255000
0.543000
8.754000
1.841000
10.866000
15.864000
0.004000
12.217000
3.375000
9.257000
2.136000
8.470000
7.325000
8.390000
9.543000
6.093000
14.068000
7.024000
9.314000
8.479000
17.674000
11.037000
5.675000
12.113000
5.432000
16.961000
7.536000
7.359000
6.988000
14.456000
14.457000
3.784000
5.308000
1.741000
8.530000
16.182000
8.439000
5.773000
11.471000
4.717000
12.870000
13.075000
13.022000
3.162000
6.563000
5.289000
8.905000
10.768000
12.252000
13.843000
7.910000
7.484000
6.764000
26.239000
9.763000
7.565000
10.679000
13.758000
8.668000
0.899000
12.294000
10.224000
5.274000
8.092000
13.640000
2.627000
13.195000
2.099000
4.159000
4.197000
11.185000
18.981000
6.891000
5.763000
14.542000
3.568000
12.011000
5.919000
0.214000
15.228000
6.549000
18.747000
2.491000
13.031000
8.209000
3.717000
9.243000
9.610000
7.603000
8.840000
25.116000
24.820000
14.094000
4.098000
13.604000
19.114000
15.166000
7.403000
2.537000
7.503000
4.733000
6.833000
5.564000
15.851000
13.032000
18.316000
13.678000
19.656000
17.799000
20.837000
17.102000
8.158000
20.478000
8.129000
8.423000
12.869000
22.828000
8.958000
8.444000
6.497000
2.035000
0.107000
3.468000
9.021000
6.159000
13.041000
9.300000
18.319000
17.333000
15.234000
5.532000
9.568000
2.691000
6.149000
6.189000
7.699000
8.108000
7.817000
15.066000
6.537000
9.356000
18.311000
8.167000
1.260000
0.000000
6.716000
0.299000
11.980000
6.787000
0.000000
7.679000
8.111000
5.832000
2.871000
6.660000
2.929000
1.927000
10.923000
8.985000
1.949000
11.804000
5.150000
12.194000
12.053000
4.197000
3.053000
2.113000
5.740000
8.601000
5.584000
5.668000
4.607000
4.021000
5.773000
7.893000
9.299000
10.168000
6.004000
7.750000
8.206000
6.408000
2.611000
6.905000
9.449000
4.061000
9.186000
7.308000
13.451000
3.939000
11.316000
6.136000
3.189000
15.096000
6.680000
2.891000
12.526000
8.964000
3.872000
12.505000
6.017000
8.329000
6.267000
5.245000
6.050000
7.472000
1.406000
0.000000
3.712000
13.357000
8.121000
8.107000
6.648000
2.750000
5.470000
4.036000
11.633000
4.239000
2.284000
4.964000
6.450000
5.270000
2.771000
7.541000
3.357000
5.698000
9.750000
10.648000
4.481000
14.872000
4.197000
2.613000
7.546000
11.489000
9.382000
5.763000
9.110000
6.414000
6.435000
10.190000
9.411000
18.061000
10.380000
5.273000
1.565000
8.584000
8.367000
9.587000
13.138000
5.666000
0.000000
8.937000
4.792000
12.455000
5.497000
11.420000
2.567000
16.118000
6.228000
7.506000
3.756000
14.215000
15.991000
16.371000
16.325000
5.668000
4.689000
11.470000
7.307000
13.130000
3.831000
0.622000
7.558000
9.776000
16.517000
16.828000
17.166000
14.035000
6.185000
0.434000
3.751000
7.980000
7.014000
10.257000
0.652000
15.406000
6.851000
5.183000
11.238000
9.265000
6.945000
5.277000
4.776000
14.150000
1.224000
3.507000
3.085000
17.746000
3.090000
1.977000
7.865000
5.013000
15.357000
0.378000
4.570000
5.084000
14.898000
10.516000
9.993000
12.589000
10.647000
4.458000
17.364000
2.507000
6.981000
12.171000
11.788000
9.197000
0.238000
5.299000
6.212000
7.058000
4.100000
13.795000
4.199000
5.367000
9.140000
8.092000
4.385000
17.148000
11.930000
3.614000
1.761000
15.532000
12.201000
1.842000
0.186000
5.621000
22.700000
15.199000
8.948000
15.607000
15.527000
25.488000
14.392000
21.165000
2.562000
5.447000
10.622000
11.656000
13.214000
2.095000
5.030000
12.405000
10.510000
8.134000
4.918000
2.880000
5.124000
15.351000
1.500000
3.422000
2.626000
14.882000
11.179000
10.658000
5.934000
1.267000
6.534000
12.059000
3.792000
7.357000
0.000000
14.165000
4.296000
1.893000
7.995000
14.764000
6.550000
5.983000
10.213000
11.720000
12.043000
13.474000
1.681000
10.754000
1.924000
13.337000
5.253000
3.113000
8.910000
3.358000
0.000000
15.327000
5.779000
3.356000
11.056000
3.563000
8.114000
0.962000
3.096000
4.156000
0.000000
7.384000
4.971000
5.638000
2.351000
15.447000
9.241000
10.269000
2.473000
10.833000
15.258000
5.356000
5.287000
12.491000
13.298000
1.855000
8.530000
12.771000
7.539000
14.209000
8.027000
12.150000
13.504000
7.524000
11.225000
14.614000
4.532000
6.755000
6.153000
7.847000
18.385000
0.815000
1.273000
8.970000
6.090000
6.384000
8.205000
9.522000
3.483000
14.778000
7.594000
2.847000
2.988000
5.234000
12.069000
16.048000
21.080000
11.214000
3.490000
4.298000
9.156000
8.927000
15.214000
8.689000
5.134000
3.364000
4.732000
20.307000
12.760000
5.174000
10.307000
17.041000
6.958000
2.940000
6.011000
0.233000
5.720000
12.828000
1.999000
5.350000
2.075000
4.259000
0.000000
5.924000
18.923000
4.813000
8.604000
4.317000
9.278000
2.535000
16.053000
11.673000
13.017000
4.216000
11.762000
3.562000
10.538000
8.442000
2.563000
9.599000
6.904000
1.100000
5.649000
6.260000
4.460000
10.626000
17.891000
13.361000
16.096000
6.039000
2.741000
12.959000
11.105000
10.211000
0.332000
10.271000
12.127000
3.352000
4.686000
7.689000
18.243000
14.371000
17.523000
4.936000
8.068000
0.738000
1.384000
8.181000
18.325000
5.041000
13.137000
4.960000
0.000000
4.062000
10.332000
6.507000
8.418000
3.157000
12.615000
8.309000
6.738000
9.660000
10.570000
11.350000
2.374000
2.972000
4.649000
0.897000
4.724000
16.191000
17.598000
0.000000
8.334000
3.731000
12.043000
14.025000
5.810000
14.216000
3.768000
11.307000
9.137000
9.259000
5.456000
6.117000
7.850000
8.147000
12.683000
0.417000
11.751000
13.827000
18.137000
5.244000
6.739000
5.545000
5.874000
3.945000
14.765000
11.724000
5.398000
6.541000
1.105000
4.049000
8.988000
0.599000
10.376000
1.682000
11.920000
3.885000
4.426000
2.475000
14.667000
2.478000
6.249000
11.099000
5.624000
17.501000
14.089000
8.075000
11.411000
13.011000
10.047000
6.409000
6.175000
4.740000
12.521000
10.478000
7.703000
13.412000
5.667000
9.980000
9.534000
11.200000
12.758000
10.985000
13.093000
8.662000
7.912000
6.394000
10.341000
5.011000
8.243000
5.584000
15.478000
14.492000
10.941000
10.761000
6.854000
12.343000
9.475000
3.898000
17.333000
3.976000
4.113000
8.429000
13.703000
8.068000
10.355000
3.248000
9.813000
6.111000
15.927000
0.752000
5.096000
10.841000
19.911000
7.015000
10.358000
0.000000
18.367000
2.947000
15.336000
8.548000
10.198000
3.891000
10.728000
1.689000
13.419000
7.411000
4.204000
15.706000
11.880000
4.470000
10.241000
10.434000
7.318000
18.028000
6.622000
16.670000
4.685000
2.726000
1.438000
18.833000
3.372000
11.900000
5.871000
17.172000
16.605000
3.731000
16.644000
15.508000
5.020000
9.571000
5.444000
10.953000
2.102000
2.726000
13.553000
0.628000
4.979000
7.513000
6.176000
1.210000
13.691000
2.022000
18.209000
14.979000
0.849000
15.565000
2.653000
8.722000
12.877000
1.766000
7.198000
9.342000
4.098000
6.491000
8.734000
6.602000
15.493000
5.557000
5.946000
15.421000
7.124000
4.811000
12.582000
9.375000
8.781000
9.216000
2.479000
1.258000
3.125000
8.111000
7.669000
1.170000
6.925000
16.775000
13.449000
4.793000
13.459000
1.708000
8.331000
19.207000
11.760000
16.369000
9.160000
14.978000
2.144000
10.303000
8.822000
15.647000
9.697000
9.310000
16.970000
4.806000
11.877000
5.266000
19.344000
6.753000
2.537000
9.409000
11.019000
2.525000
11.734000
27.629000
8.287000
9.352000
11.151000
7.088000
7.571000
15.491000
6.263000
20.842000
10.277000
6.389000
6.518000
8.357000
13.615000
12.558000
8.902000
11.085000
18.077000
6.696000
14.684000
17.934000
5.522000
5.054000
0.000000
4.969000
13.825000
3.835000
5.236000
3.812000
14.395000
14.608000
6.184000
10.153000
3.766000
17.800000
8.975000
12.778000
6.483000
5.282000
7.436000
13.263000
15.993000
3.555000
14.350000
2.578000
4.743000
14.388000
4.028000
15.600000
15.981000
0.252000
8.734000
10.824000
18.512000
9.329000
7.385000
15.298000
15.830000
3.649000
8.011000
4.315000
6.558000
16.700000
4.958000
7.767000
13.478000
10.996000
7.231000
8.241000
3.124000
6.871000
3.758000
9.280000
13.182000
10.613000
8.563000
0.762000
9.271000
16.559000
5.193000
16.912000
8.819000
3.063000
12.967000
17.594000
4.483000
16.447000
3.099000
7.206000
10.221000
15.352000
6.703000
10.252000
15.731000
4.316000
8.589000
4.000000
5.898000
12.146000
13.854000
5.813000
15.010000
7.624000
6.298000
7.038000
12.838000
5.021000
15.534000
3.849000
2.543000
6.581000
5.095000
5.455000
4.741000
4.613000
13.957000
4.412000
5.025000
7.253000
5.214000
1.687000
13.819000
9.269000
2.646000
11.384000
4.914000
4.799000
5.345000
10.826000
3.235000
8.684000
5.399000
8.988000
3.143000
3.122000
8.852000
8.434000
14.437000
7.276000
3.948000
4.890000
6.343000
9.251000
11.127000
15.550000
6.582000
19.659000
18.876000
3.363000
7.009000
4.754000
10.811000
9.997000
8.319000
4.215000
9.816000
12.872000
6.058000
7.205000
19.029000
5.114000
11.235000
19.400000
4.382000
1.532000
6.519000
20.618000
14.991000
8.744000
5.656000
4.755000
4.207000
2.727000
13.498000
2.777000
15.931000
7.571000
2.554000
7.889000
18.215000
6.996000
16.611000
15.613000
8.608000
9.006000
22.498000
4.919000
3.613000
3.712000
9.192000
6.303000
2.682000
8.399000
10.066000
7.410000
4.292000
4.117000
11.889000
3.867000
1.557000
8.676000
8.044000
18.266000
14.710000
1.619000
6.575000
17.641000
9.123000
16.734000
4.789000
10.981000
1.315000
7.235000
4.598000
3.156000
5.154000
9.632000
5.741000
9.910000
11.007000
8.987000
6.349000
7.424000
4.538000
10.458000
4.534000
3.967000
17.835000
4.463000
8.664000
16.421000
5.371000
1.719000
11.581000
6.443000
9.524000
11.415000
9.575000
4.379000
10.134000
3.430000
10.476000
6.648000
2.795000
6.046000
7.639000
13.499000
1.063000
10.425000
8.378000
9.386000
2.308000
3.596000
16.807000
5.087000
7.590000
4.362000
4.432000
4.293000
0.000000
4.446000
4.895000
7.600000
7.702000
5.866000
17.606000
6.406000
5.103000
0.000000
6.065000
5.145000
5.905000
15.589000
4.897000
5.134000
4.385000
11.576000
1.120000
7.271000
4.435000
8.881000
7.628000
4.141000
10.453000
1.163000
8.939000
13.083000
5.980000
7.632000
19.999000
7.973000
5.985000
7.450000
15.684000
5.823000
6.735000
0.000000
9.798000
15.897000
5.612000
4.127000
8.864000
20.292000
4.570000
0.900000
19.955000
3.835000
9.538000
9.505000
9.804000
9.948000
6.312000
6.824000
13.497000
17.595000
11.396000
5.012000
18.312000
7.889000
17.673000
5.134000
3.564000
25.416000
5.531000
12.946000
10.150000
0.961000
19.631000
8.159000
3.144000
8.615000
8.531000
6.467000
8.845000
9.450000
3.644000
16.079000
6.107000
14.310000
7.746000
6.482000
9.850000
7.117000
9.741000
9.329000
13.314000
0.840000
7.961000
5.870000
0.940000
9.697000
11.475000
9.680000
4.223000
4.924000
14.134000
10.212000
10.369000
12.317000
18.788000
11.454000
1.148000
23.072000
11.107000
0.000000
16.256000
7.768000
1.051000
5.056000
7.435000
7.174000
3.193000
12.829000
0.000000
2.123000
12.456000
3.469000
9.575000
11.740000
10.883000
10.412000
4.200000
5.962000
6.456000
3.622000
12.191000
8.329000
2.457000
7.055000
9.526000
3.340000
18.532000
12.533000
6.059000
11.909000
8.142000
5.228000
5.836000
0.873000
5.102000
2.906000
3.621000
5.705000
2.591000
8.065000
12.558000
11.479000
7.937000
15.004000
7.230000
3.963000
7.674000
13.340000
10.692000
7.763000
1.931000
4.351000
3.100000
10.908000
8.885000
2.290000
2.169000
5.536000
8.318000
26.904000
6.209000
17.281000
4.107000
7.403000
9.245000
13.449000
9.010000
3.710000
3.013000
9.403000
4.028000
7.216000
1.929000
4.211000
5.787000
11.159000
11.186000
4.134000
9.589000
10.782000
13.157000
12.050000
1.153000
10.363000
4.112000
7.428000
3.612000
2.688000
2.578000
0.000000
7.880000
15.395000
13.958000
0.508000
3.783000
5.761000
0.000000
12.729000
15.304000
13.471000
6.838000
16.387000
17.968000
16.278000
6.264000
5.499000
7.180000
15.963000
1.326000
2.523000
5.386000
6.058000
17.981000
13.722000
3.857000
20.014000
8.522000
1.603000
8.700000
11.227000
20.374000
7.231000
8.139000
2.532000
16.681000
6.451000
7.436000
0.201000
0.219000
15.498000
14.832000
4.888000
2.540000
4.620000
6.806000
16.424000
11.781000
7.475000
9.846000
7.933000
14.871000
17.395000
9.385000
14.659000
12.209000
4.897000
1.824000
14.330000
14.096000
3.998000
11.253000
5.019000
11.139000
0.000000
22.078000
6.230000
14.513000
1.993000
10.298000
16.810000
4.540000
9.144000
3.322000
19.433000
4.583000
7.576000
12.978000
17.197000
10.924000
27.167000
18.193000
4.631000
8.556000
14.250000
11.146000
9.907000
12.786000
2.550000
21.268000
3.958000
10.402000
5.842000
3.751000
21.660000
7.080000
9.302000
18.333000
16.737000
0.329000
3.683000
7.178000
6.206000
12.961000
20.720000
17.299000
13.594000
4.468000
10.402000
5.641000
11.508000
8.481000
8.627000
4.618000
11.742000
4.504000
8.860000
11.090000
12.126000
7.922000
5.985000
4.483000
10.487000
5.458000
16.071000
3.331000
7.669000
8.027000
10.744000
2.852000
12.723000
8.672000
20.309000
7.939000
14.940000
13.359000
15.131000
7.146000
11.199000
4.472000
5.138000
13.589000
9.272000
8.060000
13.843000
0.000000
4.941000
11.292000
11.535000
9.226000
6.044000
14.110000
15.840000
8.888000
6.348000
13.615000
10.804000
13.146000
10.501000
16.643000
9.300000
3.843000
9.792000
3.376000
10.950000
5.302000
10.622000
6.028000
2.616000
14.720000
10.403000
11.794000
13.244000
12.255000
17.512000
16.170000
0.493000
6.377000
9.990000
0.000000
4.750000
4.997000
6.567000
8.691000
13.184000
0.000000
0.000000
9.160000
8.630000
5.399000
8.231000
10.469000
11.886000
11.024000
10.658000
7.705000
21.334000
8.891000
3.691000
7.678000
18.008000
6.004000
5.847000
13.299000
5.761000
1.798000
18.350000
11.596000
14.248000
17.240000
9.761000
6.354000
12.602000
8.737000
7.444000
5.546000
5.538000
9.930000
0.669000
13.382000
10.874000
16.897000
9.523000
11.096000
7.845000
8.111000
15.393000
10.886000
5.043000
4.859000
15.473000
10.293000
8.255000
9.292000
7.755000
12.854000
12.010000
8.243000
7.150000
10.656000
7.823000
7.242000
11.387000
4.958000
3.950000
21.223000
10.466000
14.091000
12.643000
8.068000
12.400000
14.780000
6.578000
0.657000
9.088000
3.000000
25.404000
10.315000
10.375000
7.972000
10.305000
6.345000
16.088000
7.665000
8.263000
1.340000
14.536000
9.361000
7.352000
8.635000
5.475000
9.228000
6.314000
5.196000
15.249000
13.280000
8.006000
13.284000
10.242000
7.898000
3.829000
26.580000
6.527000
8.443000
12.409000
18.804000
8.879000
14.620000
12.485000
9.622000
7.571000
9.818000
11.550000
4.841000
7.048000
10.961000
8.004000
11.399000
22.489000
16.254000
22.843000
12.163000
0.783000
7.900000
3.856000
14.049000
6.679000
17.148000
12.136000
13.080000
12.192000
24.254000
9.691000
12.528000
11.761000
8.583000
7.992000
2.373000
11.016000
9.950000
8.858000
6.905000
10.035000
10.797000
6.112000
21.977000
5.898000
10.786000
12.627000
8.833000
15.798000
5.898000
6.761000
3.071000
7.194000
8.414000
18.790000
0.185000
9.865000
1.951000
14.965000
9.315000
18.815000
9.856000
0.000000
7.642000
9.697000
10.771000
5.870000
8.143000
5.449000
8.157000
9.908000
17.831000
7.425000
7.093000
10.378000
7.732000
13.456000
3.906000
9.384000
11.704000
7.391000
7.091000
10.376000
8.892000
13.270000
7.840000
8.345000
3.091000
7.992000
10.444000
6.782000
9.601000
10.594000
13.652000
7.526000
8.387000
10.281000
12.964000
11.081000
8.720000
5.744000
9.412000
11.190000
9.907000
11.708000
7.440000
13.285000
5.980000
8.967000
11.684000
6.368000
8.118000
3.734000
9.710000
8.064000
14.164000
5.834000
7.387000
8.943000
6.959000
27.199000
15.661000
9.574000
8.583000
15.574000
7.013000
13.358000
10.511000
10.696000
7.058000
18.867000
6.901000
13.751000
6.787000
7.210000
5.778000
11.031000
3.891000
5.222000
8.832000
7.778000
6.294000
7.525000
9.611000
10.157000
12.465000
9.570000
11.114000
11.493000
14.884000
18.670000
17.874000
7.223000
14.566000
7.966000
6.209000
12.280000
5.920000
5.929000
15.785000
11.958000
13.539000
8.636000
6.384000
8.498000
14.272000
16.985000
11.048000
9.150000
9.307000
10.781000
10.900000
12.423000
9.153000
10.100000
8.753000
9.994000
11.674000
11.366000
11.309000
7.057000
10.115000
11.113000
18.067000
18.976000
8.916000
4.376000
7.255000
9.210000
8.521000
9.926000
9.797000
10.551000
8.973000
5.956000
11.937000
9.799000
11.377000
12.846000
10.031000
8.916000
13.185000
4.399000
8.651000
5.924000
12.116000
5.375000
7.858000
9.009000
9.231000
3.949000
18.227000
13.227000
3.548000
6.865000
18.810000
11.616000
6.463000
9.279000
5.935000
11.211000
9.435000
9.580000
11.799000
4.737000
7.223000
11.036000
5.844000
12.747000
5.805000
12.352000
3.521000
8.571000
5.280000
6.180000
10.773000
10.959000
8.854000
6.728000
10.188000
5.761000
10.252000
9.872000
8.050000
5.213000
10.821000
11.160000
13.618000
3.444000
14.926000
8.987000
10.020000
6.492000
5.010000
3.713000
18.243000
6.123000
5.086000
12.623000
8.296000
12.088000
7.921000
21.702000
3.349000
6.170000
16.350000
11.080000
7.736000
3.044000
10.212000
9.322000
13.716000
4.280000
6.931000
7.113000
10.324000
6.418000
25.568000
5.851000
3.419000
10.081000
8.164000
12.286000
12.912000
5.771000
6.464000
10.693000
1.069000
10.674000
11.524000
7.723000
11.454000
10.746000
13.923000
8.241000
12.961000
2.645000
4.516000
12.233000
7.824000
9.480000
12.268000
5.888000
11.208000
3.574000
5.663000
8.661000
10.861000
18.831000
5.879000
3.544000
11.291000
10.699000
10.873000
17.118000
6.769000
9.658000
10.257000
4.729000
9.190000
8.178000
3.266000
11.549000
6.995000
7.245000
10.928000
13.240000
6.321000
5.876000
22.445000
3.004000
6.955000
12.470000
12.373000
2.847000
12.030000
9.290000
4.822000
13.677000
10.722000
8.303000
4.960000
10.196000
7.771000
4.658000
1.269000
12.139000
20.806000
6.951000
22.083000
3.218000
9.737000
9.052000
6.536000
10.702000
5.378000
12.849000
10.684000
1.635000
11.920000
16.795000
11.895000
9.461000
8.890000
13.838000
5.085000
19.559000
8.900000
17.283000
10.180000
3.418000
3.342000
7.306000
3.906000
5.548000
4.284000
14.401000
19.483000
12.532000
17.561000
4.119000
5.680000
18.122000
6.100000
6.851000
8.787000
19.402000
6.253000
6.552000
11.823000
8.452000
4.845000
7.591000
11.031000
9.451000
5.199000
17.551000
20.136000
18.729000
13.631000
15.643000
2.457000
8.002000
8.045000
13.133000
11.440000
11.785000
9.453000
6.309000
11.348000
13.330000
16.089000
10.228000
7.046000
10.183000
19.199000
7.072000
12.631000
10.300000
24.267000
4.160000
8.410000
9.582000
0.869000
13.050000
0.000000
7.015000
8.884000
8.375000
7.426000
4.547000
11.156000
19.835000
11.849000
9.558000
7.446000
10.668000
12.401000
2.574000
11.233000
19.438000
12.726000
14.519000
8.203000
10.500000
8.339000
9.610000
6.934000
12.261000
8.957000
14.497000
23.418000
11.448000
11.507000
13.440000
22.445000
6.064000
2.226000
12.159000
15.484000
5.691000
7.617000
4.960000
2.195000
6.983000
7.669000
7.943000
9.004000
20.365000
2.911000
19.149000
9.746000
17.545000
19.404000
8.005000
23.417000
12.531000
13.709000
14.341000
8.506000
4.111000
3.095000
12.480000
10.643000
6.040000
5.435000
7.419000
9.002000
12.580000
3.768000
10.199000
6.006000
4.059000
5.993000
6.852000
10.387000
6.355000
9.811000
3.765000
3.890000
14.290000
5.735000
14.585000
11.874000
9.884000
11.138000
13.084000
16.839000
3.771000
1.103000
4.131000
13.157000
3.657000
9.152000
11.695000
9.241000
8.752000
5.308000
4.378000
9.674000
19.601000
7.569000
22.501000
7.732000
3.565000
8.264000
24.747000
8.501000
5.546000
0.596000
9.371000
3.277000
13.682000
5.614000
6.727000
3.082000
10.866000
6.210000
11.652000
10.117000
14.401000
15.550000
21.340000
5.494000
7.029000
14.265000
7.203000
6.981000
11.241000
7.258000
4.822000
4.329000
2.035000
4.170000
6.250000
0.463000
10.520000
2.025000
10.231000
7.020000
2.201000
8.559000
8.089000
11.153000
5.498000
7.319000
2.604000
0.000000
15.811000
8.793000
8.181000
1.525000
10.095000
6.073000
5.750000
5.938000
8.391000
10.713000
7.776000
4.577000
10.062000
17.680000
19.298000
0.000000
11.144000
10.655000
6.920000
9.729000
13.276000
15.619000
10.854000
10.477000
14.381000
9.690000
17.465000
5.357000
8.926000
9.446000
6.284000
8.408000
12.349000
8.686000
9.281000
11.866000
8.213000
10.959000
9.295000
6.780000
7.888000
0.000000
5.781000
14.721000
5.615000
7.672000
7.696000
16.523000
11.514000
8.049000
5.755000
17.308000
15.752000
8.009000
7.399000
5.556000
5.846000
15.909000
17.578000
5.080000
13.285000
10.881000
3.261000
20.326000
5.246000
15.490000
0.000000
5.160000
10.207000
6.306000
13.110000
8.285000
5.610000
6.375000
11.210000
10.870000
12.694000
7.544000
13.383000
10.337000
6.285000
15.033000
3.419000
2.370000
11.677000
12.882000
6.840000
2.015000
12.424000
3.076000
6.485000
12.231000
5.177000
15.681000
7.566000
8.511000
5.287000
16.883000
10.050000
10.685000
6.265000
15.085000
3.844000
12.601000
7.496000
12.718000
6.835000
6.500000
2.045000
12.682000
4.806000
14.137000
10.199000
14.676000
3.300000
13.841000
4.665000
9.598000
5.713000
9.598000
8.306000
9.504000
12.807000
9.836000
17.164000
5.534000
17.740000
5.205000
10.712000
10.197000
11.847000
5.724000
4.531000
2.719000
6.189000
10.044000
9.745000
11.124000
10.492000
6.982000
9.145000
15.964000
14.294000
7.009000
0.000000
8.021000
10.127000
13.372000
4.319000
17.578000
12.806000
5.863000
10.359000
4.777000
9.836000
7.414000
5.978000
1.530000
17.040000
11.652000
8.574000
13.610000
7.361000
16.892000
8.768000
12.118000
16.815000
7.993000
12.341000
14.819000
0.000000
16.917000
16.025000
0.000000
12.421000
13.191000
11.649000
6.270000
15.746000
6.368000
12.334000
0.030000
12.390000
9.728000
14.014000
6.278000
0.000000
15.121000
13.747000
10.379000
12.430000
1.136000
23.651000
7.332000
2.422000
3.136000
4.960000
20.507000
11.840000
5.116000
9.087000
5.499000
6.673000
15.552000
4.948000
16.180000
8.707000
5.783000
17.169000
3.918000
5.111000
12.264000
3.510000
0.155000
5.502000
8.924000
5.067000
10.779000
16.438000
5.101000
14.179000
10.518000
15.405000
4.210000
3.748000
17.039000
10.742000
5.775000
6.034000
13.750000
6.308000
13.394000
0.000000
0.000000
4.515000
9.014000
10.739000
12.821000
4.932000
6.022000
5.513000
0.042000
5.189000
11.793000
14.713000
11.896000
2.709000
13.921000
9.246000
11.221000
6.773000
15.497000
1.434000
9.970000
4.253000
1.898000
3.807000
3.134000
2.081000
3.190000
10.481000
1.896000
3.840000
3.669000
11.623000
0.502000
15.167000
3.105000
1.925000
8.806000
4.222000
9.483000
0.209000
10.742000
15.114000
11.463000
9.479000
4.673000
10.980000
11.022000
7.338000
2.305000
23.415000
1.212000
13.457000
4.712000
5.560000
6.474000
0.000000
11.500000
2.256000
3.484000
4.298000
3.221000
17.729000
12.553000
8.857000
8.717000
2.061000
9.218000
10.000000
6.824000
13.915000
9.190000
0.000000
9.732000
9.003000
2.349000
10.305000
11.286000
14.625000
0.000000
12.142000
1.497000
8.037000
0.000000
0.328000
13.326000
0.000000
5.185000
2.278000
1.941000
10.316000
7.255000
3.645000
8.788000
9.217000
10.721000
5.654000
19.568000
9.154000
4.593000
10.902000
8.712000
3.716000
8.428000
0.000000
8.538000
3.215000
3.321000
0.937000
8.800000
12.103000
8.253000
4.678000
2.635000
3.835000
7.025000
5.801000
15.612000
4.457000
18.891000
3.714000
14.693000
16.115000
2.907000
3.568000
3.956000
3.345000
6.081000
8.644000
11.055000
2.619000
7.692000
16.166000
2.429000
11.600000
3.939000
10.438000
5.328000
13.196000
17.509000
2.752000
13.626000
4.467000
6.122000
15.016000
7.626000
10.229000
8.453000
10.896000
6.408000
11.641000
9.712000
13.666000
9.886000
0.946000
3.188000
17.742000
4.968000
9.213000
10.306000
17.394000
5.952000
11.060000
1.170000
8.756000
15.127000
8.260000
2.343000
17.677000
6.034000
3.432000
8.210000
27.196000
18.073000
5.093000
2.896000
2.943000
11.169000
4.833000
5.484000
14.192000
11.030000
13.085000
4.909000
11.926000
5.395000
12.205000
2.834000
8.034000
9.289000
20.951000
17.784000
2.513000
20.673000
8.818000
13.138000
2.541000
7.237000
1.245000
8.473000
0.811000
12.317000
5.534000
6.184000
2.355000
8.526000
15.334000
16.633000
10.178000
13.902000
8.130000
8.029000
14.575000
24.028000
2.104000
12.856000
18.555000
0.359000
10.911000
1.657000
18.143000
4.366000
13.230000
6.208000
10.072000
13.112000
10.790000
16.784000
17.754000
9.220000
11.268000
6.143000
6.650000
6.109000
3.452000
5.602000
6.214000
9.353000
10.045000
6.252000
11.699000
14.690000
6.783000
6.037000
2.752000
10.748000
10.994000
6.176000
2.886000
16.175000
13.895000
0.000000
10.819000
17.687000
9.125000
6.181000
15.991000
13.625000
10.366000
10.446000
3.285000
6.815000
9.395000
2.794000
9.431000
11.791000
1.353000
10.821000
9.277000
11.964000
10.994000
12.853000
10.637000
7.510000
7.941000
10.368000
14.423000
6.615000
7.878000
14.760000
19.780000
11.539000
14.650000
3.181000
3.199000
6.533000
4.196000
1.797000
9.866000
7.848000
17.205000
6.136000
7.712000
11.394000
7.521000
4.928000
4.822000
16.279000
6.557000
11.144000
6.903000
3.961000
15.442000
17.418000
14.025000
13.052000
5.708000
7.064000
0.000000
10.774000
8.503000
13.956000
6.440000
12.838000
7.379000
9.524000
3.573000
11.215000
7.196000
12.480000
5.672000
9.192000
14.137000
12.069000
5.346000
12.250000
11.436000
5.357000
11.836000
5.705000
7.612000
7.980000
21.055000
0.000000
8.151000
17.577000
5.835000
6.844000
9.408000
11.258000
3.032000
6.627000
16.826000
9.504000
7.238000
5.971000
11.232000
3.062000
6.477000
3.650000
11.965000
4.632000
13.187000
4.075000
14.013000
4.483000
9.564000
15.024000
11.220000
15.154000
13.131000
4.871000
5.846000
8.636000
9.706000
8.446000
9.828000
9.750000
10.662000
5.729000
5.995000
2.305000
8.086000
13.858000
2.002000
7.800000
6.053000
5.184000
12.200000
0.641000
6.323000
10.531000
11.458000
2.252000
9.181000
14.057000
6.159000
11.807000
2.783000
12.041000
10.337000
6.816000
2.318000
6.153000
9.653000
11.508000
9.262000
10.790000
6.335000
0.234000
6.948000
9.237000
12.640000
7.783000
9.622000
3.980000
7.651000
9.792000
7.960000
11.498000
5.734000
9.810000
11.079000
0.000000
12.729000
9.035000
3.334000
12.716000
11.890000
6.846000
8.240000
7.783000
7.081000
9.146000
9.931000
12.843000
5.066000
12.344000
2.549000
15.983000
6.935000
6.868000
8.696000
4.017000
5.257000
11.631000
6.869000
8.977000
4.807000
9.400000
5.444000
6.619000
7.404000
10.938000
1.828000
8.974000
8.662000
6.703000
12.057000
3.691000
6.321000
9.972000
2.999000
13.695000
6.493000
7.312000
10.330000
12.828000
4.206000
7.425000
7.888000
7.214000
6.206000
11.777000
6.511000
3.507000
9.339000
5.919000
8.374000
11.896000
11.882000
7.464000
0.000000
3.965000
8.252000
0.000000
7.135000
7.880000
13.882000
9.235000
9.443000
7.783000
9.886000
11.683000
9.550000
9.095000
6.605000
8.441000
2.503000
11.147000
9.753000
6.312000
8.764000
11.287000
5.449000
10.622000
14.405000
15.281000
9.802000
14.598000
11.525000
6.453000
5.420000
9.119000
6.470000
9.324000
8.227000
11.832000
11.345000
13.935000
17.299000
13.206000
2.911000
8.885000
9.272000
9.036000
10.919000
2.937000
15.121000
12.360000
11.064000
14.229000
12.113000
8.165000
8.188000
2.291000
10.362000
8.982000
13.848000
6.213000
0.272000
8.150000
10.959000
9.021000
3.081000
14.226000
13.519000
11.014000
10.965000
9.153000
3.859000
7.696000
10.088000
6.693000
6.648000
9.630000
7.845000
18.556000
7.839000
10.749000
10.082000
12.624000
11.603000
9.745000
4.960000
8.742000
13.078000
13.055000
10.645000
6.791000
8.954000
10.189000
14.062000
11.930000
7.546000
9.017000
9.186000
6.223000
0.043000
1.728000
11.791000
12.176000
12.582000
3.482000
8.956000
4.203000
9.796000
12.425000
12.170000
11.153000
9.885000
4.284000
4.729000
11.923000
9.206000
7.593000
10.383000
6.345000
10.468000
9.690000
11.391000
22.685000
8.890000
7.919000
14.818000
9.922000
10.313000
11.386000
10.073000
7.546000
7.402000
8.895000
7.083000
9.611000
8.693000
12.014000
7.248000
9.081000
9.060000
17.137000
7.587000
8.013000
4.468000
6.211000
9.937000
1.535000
10.779000
6.068000
7.005000
10.415000
13.916000
10.949000
0.489000
9.015000
10.685000
11.346000
5.038000
11.645000
4.809000
10.835000
5.035000
9.581000
19.036000
7.655000
13.307000
9.447000
12.063000
10.921000
7.991000
7.101000
7.243000
4.453000
14.028000
11.482000
5.199000
8.993000
10.232000
17.942000
7.566000
14.987000
8.361000
7.430000
4.255000
5.727000
11.269000
8.828000
17.094000
3.328000
7.417000
18.449000
14.075000
8.259000
12.704000
9.998000
7.341000
11.684000
13.319000
16.095000
16.339000
16.814000
7.820000
12.597000
8.475000
10.840000
12.035000
13.847000
10.134000
0.471000
7.872000
10.350000
11.367000
11.026000
9.668000
7.430000
9.858000
15.208000
10.813000
13.937000
6.812000
12.639000
7.365000
14.136000
8.656000
19.530000
13.390000
15.270000
8.677000
10.542000
9.267000
8.075000
8.181000
12.375000
9.395000
8.825000
8.834000
8.132000
7.958000
7.008000
8.973000
14.702000
8.105000
7.948000
14.747000
7.331000
11.686000
5.145000
6.599000
14.796000
5.769000
6.249000
3.489000
7.694000
10.781000
11.547000
8.297000
8.798000
7.763000
13.121000
4.108000
3.560000
8.560000
7.738000
14.206000
11.153000
11.219000
4.264000
3.791000
12.235000
9.186000
9.326000
9.633000
10.026000
9.246000
14.397000
8.493000
9.201000
13.603000
11.658000
5.800000
17.087000
18.057000
16.353000
17.339000
11.974000
1.569000
7.747000
8.990000
20.308000
7.533000
8.844000
16.688000
8.279000
15.103000
11.393000
10.745000
1.629000
8.809000
6.074000
16.371000
8.137000
4.276000
7.952000
10.052000
13.551000
3.001000
13.138000
6.497000
12.181000
14.521000
6.210000
8.790000
9.462000
10.840000
16.446000
19.847000
24.739000
12.050000
13.785000
17.980000
11.002000
6.459000
14.827000
11.532000
19.358000
27.322000
7.134000
9.453000
11.952000
7.291000
9.401000
6.125000
4.731000
17.259000
6.140000
10.393000
12.852000
8.076000
3.034000
13.149000
12.503000
13.777000
8.027000
12.047000
8.766000
9.606000
20.904000
0.638000
13.548000
17.108000
12.506000
18.030000
7.379000
5.118000
18.184000
22.184000
8.148000
9.071000
4.739000
21.558000
18.288000
14.473000
8.156000
8.243000
15.421000
6.351000
10.312000
7.905000
10.303000
14.931000
7.307000
6.503000
9.201000
14.736000
13.483000
7.538000
10.091000
2.907000
13.346000
5.705000
12.804000
15.123000
7.453000
9.406000
19.873000
6.795000
7.563000
5.079000
13.614000
11.931000
8.020000
17.336000
9.980000
14.553000
12.342000
10.503000
7.219000
12.136000
8.958000
13.786000
16.385000
0.000000
7.669000
10.445000
6.151000
9.278000
14.463000
8.259000
2.944000
23.727000
6.823000
8.274000
19.834000
19.703000
8.451000
14.273000
7.795000
8.354000
9.156000
7.554000
13.635000
9.642000
11.021000
13.351000
6.723000
4.350000
13.073000
9.679000
7.791000
11.062000
13.355000
7.661000
9.445000
25.473000
10.985000
7.989000
15.703000
16.399000
8.329000
12.038000
9.777000
14.544000
12.810000
25.396000
11.113000
17.663000
17.701000
8.866000
7.313000
5.114000
10.170000
13.619000
11.362000
11.999000
14.650000
10.912000
5.112000
17.285000
14.975000
9.938000
7.486000
7.995000
11.014000
11.879000
7.075000
4.793000
9.753000
8.941000
14.925000
9.375000
12.915000
6.932000
13.552000
14.028000
17.215000
10.878000
11.553000
12.546000
14.001000
15.481000
12.970000
18.364000
5.880000
16.889000
12.442000
8.859000
11.543000
5.076000
1.814000
11.764000
9.292000
22.364000
9.418000
10.797000
9.371000
2.993000
5.739000
9.677000
9.390000
7.637000
9.399000
17.570000
11.510000
11.601000
9.822000
11.326000
10.579000
13.873000
12.378000
11.368000
13.461000
14.182000
15.972000
17.661000
10.940000
14.449000
7.322000
16.440000
10.406000
8.582000
10.951000
8.972000
3.491000
9.904000
13.688000
1.930000
16.553000
13.087000
12.465000
10.855000
15.900000
11.540000
6.389000
10.632000
7.540000
15.759000
13.030000
11.228000
18.515000
14.688000
0.931000
7.001000
6.361000
7.167000
16.430000
9.508000
16.900000
8.639000
14.183000
15.346000
19.460000
12.358000
13.108000
9.933000
14.501000
11.052000
11.321000
11.250000
19.022000
9.913000
6.171000
7.971000
10.207000
15.759000
8.905000
9.664000
11.811000
4.075000
10.465000
4.830000
6.240000
7.949000
10.866000
5.241000
19.961000
12.230000
5.828000
6.563000
17.175000
1.042000
6.735000
8.797000
11.505000
8.136000
11.774000
13.204000
15.624000
10.071000
22.494000
3.480000
14.949000
8.451000
8.158000
17.322000
10.867000
9.990000
17.117000
6.566000
8.162000
17.146000
3.223000
5.676000
13.447000
11.212000
15.324000
12.008000
0.681000
5.994000
8.365000
11.091000
5.575000
16.263000
9.321000
15.376000
7.296000
8.643000
12.204000
9.238000
10.763000
8.452000
6.293000
4.753000
7.681000
10.563000
16.483000
11.334000
9.451000
10.119000
2.591000
6.433000
6.790000
7.239000
13.444000
16.973000
9.007000
13.899000
8.133000
9.108000
10.075000
5.859000
3.318000
12.985000
15.829000
13.050000
8.919000
2.159000
6.271000
6.746000
21.354000
18.050000
4.748000
4.860000
11.547000
0.570000
13.045000
8.735000
2.184000
7.154000
14.203000
6.239000
13.759000
11.281000
9.054000
6.578000
9.504000
13.457000
15.037000
1.847000
18.353000
17.652000
12.940000
12.107000
9.630000
13.776000
6.627000
5.281000
8.698000
10.718000
14.176000
6.185000
14.905000
10.177000
12.055000
5.394000
10.636000
3.683000
7.556000
6.012000
6.323000
5.256000
6.371000
14.366000
18.732000
6.637000
11.257000
11.414000
3.902000
3.380000
12.196000
6.692000
4.808000
12.935000
12.141000
5.978000
5.782000
6.206000
4.973000
12.105000
14.678000
4.667000
9.485000
2.407000
14.007000
3.259000
6.181000
3.537000
9.350000
14.189000
7.066000
2.837000
2.533000
14.844000
13.503000
11.165000
8.832000
4.992000
6.513000
20.750000
14.370000
10.050000
6.519000
7.339000
13.804000
7.021000
10.786000
2.114000
6.213000
10.436000
9.307000
8.236000
11.334000
8.632000
8.654000
2.278000
7.586000
12.414000
5.240000
7.087000
3.393000
0.225000
1.975000
5.517000
5.524000
7.479000
6.174000
10.399000
5.477000
3.528000
8.065000
16.137000
10.616000
12.719000
12.729000
10.412000
9.172000
11.483000
12.997000
7.699000
11.137000
6.008000
9.517000
0.000000
9.619000
10.658000
6.361000
10.276000
9.036000
9.649000
6.820000
9.513000
9.502000
14.707000
5.507000
7.737000
11.509000
4.242000
8.272000
0.000000
10.167000
13.019000
6.285000
13.025000
9.644000
8.825000
2.470000
2.143000
12.606000
6.749000
8.984000
9.902000
7.900000
9.828000
7.315000
6.601000
1.973000
2.713000
10.649000
3.121000
0.000000
12.847000
6.826000
7.725000
7.105000
17.184000
7.500000
7.639000
13.121000
10.734000
3.596000
6.125000
12.831000
1.719000
9.987000
11.906000
8.479000
8.740000
15.636000
12.259000
0.574000
10.613000
8.270000
6.798000
6.186000
6.343000
12.030000
10.918000
7.050000
7.709000
4.318000
4.941000
4.410000
10.527000
17.556000
9.009000
10.176000
6.097000
2.301000
2.317000
17.537000
10.123000
4.032000
18.138000
11.644000
7.539000
11.010000
7.797000
0.000000
8.419000
6.087000
9.656000
7.552000
0.814000
3.237000
6.172000
17.116000
13.342000
1.418000
6.663000
3.822000
10.872000
10.823000
9.415000
12.536000
8.470000
1.750000
12.588000
11.904000
3.910000
4.018000
5.863000
10.643000
7.145000
7.977000
10.357000
15.182000
4.308000
6.150000
9.907000
7.721000
8.948000
10.250000
7.655000
15.884000
11.100000
8.763000
0.000000
7.376000
9.072000
14.353000
4.709000
11.373000
0.000000
6.796000
9.710000
15.194000
10.061000
13.545000
11.458000
3.495000
13.153000
1.780000
0.852000
11.601000
5.718000
1.013000
13.520000
0.940000
12.788000
10.415000
6.465000
7.770000
11.234000
17.525000
13.816000
0.000000
2.719000
9.300000
5.118000
14.396000
8.777000
4.607000
0.051000
4.638000
10.817000
11.035000
2.261000
5.296000
17.529000
0.563000
0.097000
11.467000
0.240000
13.680000
11.549000
13.469000
3.498000
7.796000
7.753000
5.171000
5.238000
8.217000
10.076000
3.392000
7.721000
0.248000
4.289000
2.111000
4.771000
9.354000
10.560000
3.330000
8.729000
0.774000
10.414000
5.796000
2.861000
11.802000
3.004000
5.428000
9.755000
0.984000
6.071000
10.094000
18.024000
10.432000
11.318000
6.466000
2.732000
5.815000
9.826000
12.408000
16.750000
4.427000
10.629000
1.759000
9.806000
8.705000
18.788000
7.705000
6.926000
6.818000
8.514000
6.086000
6.835000
10.053000
8.113000
5.643000
10.073000
12.088000
13.002000
7.311000
8.069000
2.016000
9.973000
6.355000
4.105000
2.507000
4.961000
10.688000
17.778000
3.023000
2.912000
12.884000
6.675000
6.206000
13.142000
4.830000
1.282000
1.348000
4.061000
1.691000
12.946000
8.922000
1.862000
8.472000
16.611000
3.940000
5.941000
3.225000
2.477000
3.385000
3.903000
11.579000
7.947000
5.139000
7.737000
18.674000
5.879000
5.292000
16.133000
9.475000
0.000000
4.062000
10.546000
13.281000
1.421000
5.394000
5.809000
0.000000
4.600000
14.791000
12.250000
2.054000
9.890000
7.198000
8.232000
5.218000
7.280000
6.014000
4.565000
9.593000
9.956000
7.376000
5.178000
12.705000
2.247000
15.198000
11.788000
9.338000
8.234000
9.019000
3.098000
0.784000
15.960000
15.428000
14.712000
9.300000
13.345000
14.632000
8.798000
9.471000
11.929000
11.784000
9.989000
8.948000
6.688000
5.145000
15.422000
5.114000
11.998000
12.219000
16.318000
9.381000
9.283000
9.016000
7.727000
7.206000
8.169000
6.781000
13.652000
2.716000
1.795000
4.467000
12.164000
9.496000
8.248000
1.766000
4.300000
10.743000
6.704000
14.347000
5.747000
5.059000
12.000000
5.030000
8.991000
1.268000
5.025000
5.139000
1.603000
9.722000
13.146000
3.514000
15.982000
9.140000
16.577000
9.639000
7.504000
11.137000
15.971000
2.471000
14.813000
7.387000
12.243000
5.123000
10.466000
4.928000
8.592000
3.760000
19.130000
3.471000
12.040000
9.727000
18.385000
2.677000
14.712000
11.401000
15.639000
11.287000
3.422000
10.717000
7.206000
7.105000
8.870000
12.303000
8.016000
8.915000
12.835000
5.541000
16.186000
12.441000
5.858000
0.000000
8.310000
2.277000
11.323000
7.710000
11.843000
3.779000
6.693000
11.640000
7.082000
4.370000
9.520000
16.802000
5.217000
12.838000
11.549000
11.528000
12.750000
18.159000
10.471000
6.774000
8.292000
11.877000
5.668000
14.508000
15.355000
7.568000
21.984000
13.828000
5.475000
5.523000
10.719000
8.386000
5.657000
5.947000
7.384000
18.129000
15.810000
7.417000
13.589000
0.000000
4.910000
10.003000
4.315000
12.574000
10.318000
13.365000
12.963000
10.887000
3.522000
11.044000
11.563000
11.486000
7.012000
5.654000
9.674000
3.902000
12.599000
9.994000
5.016000
9.010000
9.453000
12.181000
12.807000
5.073000
7.494000
15.034000
9.145000
8.841000
12.618000
13.681000
11.145000
5.753000
3.547000
13.048000
13.394000
10.303000
5.616000
9.169000
3.863000
14.057000
12.177000
3.408000
9.798000
7.604000
3.144000
8.076000
1.013000
6.648000
14.386000
9.856000
9.729000
6.056000
16.345000
9.704000
11.451000
6.156000
7.075000
5.602000
14.887000
7.151000
5.642000
7.851000
4.095000
11.513000
5.953000
6.146000
16.545000
15.795000
1.954000
12.923000
14.144000
16.383000
17.600000
1.944000
2.946000
8.056000
16.912000
3.597000
16.508000
12.218000
5.993000
10.979000
9.405000
13.461000
12.348000
3.599000
9.581000
4.702000
5.056000
6.284000
1.597000
7.744000
4.944000
11.532000
8.945000
0.000000
6.752000
4.680000
7.047000
10.590000
13.142000
13.620000
12.129000
6.080000
1.774000
12.121000
7.878000
4.308000
0.689000
5.697000
10.729000
5.966000
12.658000
8.567000
4.111000
9.731000
6.605000
12.755000
10.646000
7.321000
6.387000
7.898000
7.355000
7.995000
7.805000
15.315000
4.908000
13.348000
12.451000
10.509000
8.083000
5.106000
12.617000
9.866000
5.578000
12.301000
15.286000
11.848000
1.927000
14.407000
4.997000
6.759000
3.682000
12.304000
12.686000
1.635000
6.458000
13.242000
11.889000
6.756000
9.216000
4.917000
6.831000
10.694000
6.918000
5.900000
1.794000
7.911000
9.364000
0.270000
9.343000
10.816000
11.703000
10.535000
9.892000
10.325000
15.532000
10.922000
6.069000
1.000000
10.007000
15.707000
5.293000
18.742000
9.434000
5.194000
3.912000
9.730000
8.907000
8.691000
11.874000
5.211000
19.145000
14.111000
21.203000
2.813000
13.708000
8.382000
12.654000
11.178000
4.707000
5.311000
11.045000
10.459000
0.977000
6.537000
4.292000
5.962000
8.131000
6.004000
11.107000
8.261000
8.916000
11.205000
11.961000
9.633000
1.788000
11.494000
8.843000
12.444000
12.806000
13.293000
18.841000
10.308000
8.978000
5.435000
8.480000
7.075000
13.992000
5.655000
7.496000
9.120000
13.561000
9.200000
3.450000
8.980000
3.582000
8.083000
5.778000
4.110000
10.063000
6.649000
10.168000
12.337000
9.197000
8.974000
5.150000
4.303000
5.493000
3.956000
9.733000
16.645000
6.391000
7.038000
5.124000
12.198000
5.254000
11.960000
5.774000
18.961000
0.465000
21.628000
10.581000
8.841000
10.354000
11.051000
18.392000
9.266000
5.962000
7.998000
5.931000
8.173000
21.387000
5.573000
9.129000
8.424000
12.476000
8.108000
10.284000
9.570000
12.420000
12.731000
8.331000
11.557000
7.029000
10.245000
3.236000
15.577000
7.324000
6.808000
10.769000
11.071000
19.720000
3.836000
7.375000
9.326000
9.353000
9.062000
11.257000
6.077000
8.523000
6.186000
7.336000
7.776000
3.462000
8.883000
13.964000
13.001000
1.987000
15.134000
10.714000
7.642000
6.893000
12.079000
13.367000
4.773000
12.488000
16.168000
9.136000
6.309000
7.792000
5.697000
13.560000
6.438000
11.727000
8.595000
8.802000
12.602000
5.352000
18.496000
6.823000
14.978000
9.211000
9.998000
16.311000
7.410000
2.732000
6.438000
11.301000
11.340000
9.868000
7.963000
1.960000
7.351000
15.639000
9.327000
6.250000
9.263000
11.103000
12.627000
9.538000
14.497000
10.110000
4.367000
9.382000
17.650000
9.483000
12.291000
8.064000
12.022000
10.501000
3.418000
15.278000
3.922000
6.951000
15.739000
11.050000
12.041000
7.391000
6.448000
12.598000
9.409000
4.375000
7.030000
6.085000
7.971000
1.368000
14.451000
18.844000
14.520000
9.587000
13.575000
16.257000
13.211000
12.472000
7.493000
4.285000
6.258000
14.252000
10.141000
11.374000
7.357000
7.881000
8.557000
6.261000
12.544000
15.197000
8.920000
9.098000
11.109000
9.110000
10.977000
8.148000
7.828000
3.173000
14.863000
4.627000
5.253000
5.002000
8.932000
13.208000
9.940000
12.834000
6.050000
13.795000
13.173000
13.883000
10.045000
8.618000
4.347000
7.036000
9.672000
11.209000
9.354000
8.952000
10.233000
14.268000
15.449000
14.712000
5.874000
2.687000
5.808000
15.271000
10.508000
15.998000
12.404000
14.698000
10.262000
7.458000
11.907000
7.432000
10.756000
7.111000
15.753000
14.968000
12.745000
5.518000
9.837000
17.057000
12.555000
9.143000
7.176000
10.307000
7.794000
9.300000
15.593000
9.012000
9.341000
18.596000
8.435000
10.910000
18.563000
4.026000
17.146000
11.146000
7.879000
21.568000
7.222000
7.592000
9.192000
4.278000
8.229000
14.528000
7.813000
12.055000
17.569000
6.029000
11.565000
10.524000
9.090000
10.446000
13.494000
8.146000
15.481000
8.998000
13.236000
10.848000
9.128000
12.216000
23.117000
13.172000
17.724000
13.046000
15.780000
8.347000
11.927000
12.511000
18.262000
6.589000
15.804000
9.909000
7.028000
7.753000
5.802000
11.062000
15.042000
4.405000
10.834000
9.358000
13.223000
11.575000
4.939000
0.000000
0.000000
13.678000
7.038000
8.979000
9.571000
10.624000
14.529000
12.214000
11.771000
6.779000
12.833000
9.194000
8.476000
15.435000
13.274000
10.630000
7.998000
6.338000
10.643000
3.936000
11.035000
14.773000
7.141000
10.799000
13.574000
7.704000
10.641000
17.638000
5.960000
3.293000
8.150000
14.069000
8.797000
13.713000
2.951000
15.096000
11.034000
2.940000
8.125000
6.946000
12.041000
1.096000
8.312000
0.000000
9.073000
13.600000
11.743000
12.681000
7.769000
8.267000
12.295000
10.616000
11.978000
15.677000
6.594000
1.016000
8.862000
8.884000
2.834000
4.872000
8.542000
9.134000
15.339000
15.721000
6.671000
4.454000
6.679000
5.239000
10.630000
17.018000
14.579000
15.146000
8.348000
17.743000
12.146000
15.933000
12.845000
10.203000
12.689000
6.079000
17.391000
8.703000
8.684000
17.166000
11.181000
15.648000
11.624000
4.454000
12.294000
6.696000
5.751000
16.502000
13.833000
8.719000
9.399000
9.853000
15.963000
7.677000
5.970000
7.724000
13.320000
13.708000
14.485000
13.735000
14.426000
6.159000
16.895000
0.000000
10.267000
11.023000
18.496000
5.289000
9.834000
11.367000
7.956000
16.914000
7.926000
8.751000
7.095000
4.889000
8.767000
6.998000
15.461000
11.767000
12.843000
0.000000
11.976000
11.253000
11.333000
8.101000
9.257000
21.257000
9.998000
14.368000
15.965000
2.997000
14.671000
7.555000
3.342000
9.219000
7.837000
4.608000
9.218000
0.139000
2.256000
14.982000
13.834000
8.558000
11.200000
4.520000
7.104000
4.087000
9.643000
3.853000
13.345000
8.513000
2.411000
3.017000
7.998000
3.639000
2.992000
12.003000
1.665000
7.614000
7.758000
13.206000
9.135000
2.103000
11.427000
19.442000
11.075000
11.057000
8.422000
9.290000
9.465000
7.611000
2.288000
16.775000
5.121000
5.621000
8.426000
7.988000
20.188000
18.023000
9.593000
16.885000
13.525000
8.195000
14.237000
11.411000
17.925000
5.947000
0.220000
6.138000
12.059000
8.121000
13.804000
7.423000
9.285000
10.929000
13.037000
10.035000
10.338000
15.351000
11.340000
6.905000
6.582000
6.742000
4.123000
6.556000
13.366000
8.724000
8.684000
4.767000
10.240000
11.570000
13.117000
8.139000
8.117000
8.594000
18.121000
8.401000
9.878000
5.392000
13.428000
9.800000
1.975000
8.492000
9.685000
3.405000
10.111000
5.509000
8.720000
11.104000
3.712000
5.221000
10.627000
17.549000
9.914000
15.031000
14.129000
15.588000
3.105000
4.346000
7.585000
13.167000
9.335000
14.597000
11.594000
17.167000
11.080000
6.164000
11.009000
8.115000
5.894000
13.423000
13.656000
1.865000
4.977000
15.365000
9.092000
3.749000
10.928000
12.423000
17.064000
2.714000
8.311000
7.777000
13.534000
8.811000
2.513000
20.444000
7.881000
7.266000
12.570000
7.983000
18.559000
13.511000
15.386000
10.896000
7.534000
8.642000
7.378000
6.485000
11.000000
0.210000
8.343000
6.644000
8.367000
10.618000
15.218000
7.375000
11.285000
11.392000
17.093000
6.734000
7.693000
10.745000
6.940000
11.679000
12.609000
13.895000
19.041000
11.525000
5.789000
17.762000
9.867000
2.769000
9.630000
7.583000
8.227000
6.346000
11.626000
10.253000
12.202000
15.922000
12.721000
9.024000
18.047000
7.463000
12.787000
12.451000
2.914000
13.746000
9.635000
3.731000
12.325000
8.012000
10.035000
12.115000
4.463000
7.026000
8.466000
14.761000
6.268000
14.779000
10.405000
16.981000
13.130000
13.402000
10.616000
9.325000
7.456000
16.500000
4.794000
8.916000
21.147000
12.926000
3.333000
17.504000
10.276000
10.613000
18.838000
10.745000
8.720000
5.603000
14.580000
25.353000
9.849000
7.152000
11.201000
7.290000
7.972000
14.767000
12.890000
6.182000
9.415000
10.540000
19.283000
12.256000
9.013000
15.089000
1.836000
16.286000
2.229000
8.775000
17.995000
11.835000
5.983000
10.884000
3.593000
20.135000
13.936000
8.000000
7.746000
3.988000
13.496000
14.040000
9.647000
3.294000
14.616000
0.000000
15.445000
0.811000
14.160000
10.480000
7.625000
15.527000
11.576000
4.143000
13.730000
7.313000
10.819000
12.190000
12.416000
14.202000
7.597000
8.592000
13.677000
2.731000
13.383000
12.705000
6.996000
10.177000
1.112000
9.848000
11.857000
12.063000
8.784000
10.804000
10.687000
5.617000
10.591000
8.266000
2.589000
11.274000
10.349000
7.453000
6.662000
11.194000
11.945000
9.819000
16.096000
15.319000
1.141000
16.801000
3.481000
2.894000
4.316000
15.559000
12.366000
12.987000
13.082000
10.348000
3.770000
17.915000
17.209000
9.642000
14.804000
14.350000
15.093000
12.046000
5.454000
15.904000
8.652000
8.143000
11.389000
13.314000
15.417000
6.470000
5.540000
15.802000
8.685000
15.225000
8.798000
9.030000
8.624000
9.562000
10.296000
17.550000
8.545000
6.913000
14.997000
20.177000
8.311000
3.319000
16.108000
11.870000
13.504000
10.074000
19.461000
8.836000
9.328000
9.375000
0.000000
4.905000
11.595000
10.663000
8.125000
12.402000
19.967000
15.892000
11.520000
17.248000
14.627000
11.335000
8.400000
5.601000
9.381000
8.583000
10.838000
14.545000
11.238000
12.689000
9.904000
9.467000
9.474000
5.037000
17.122000
11.882000
5.574000
16.507000
2.496000
9.833000
10.335000
8.393000
8.412000
12.752000
6.953000
11.361000
14.651000
11.594000
8.456000
13.054000
1.912000
10.060000
4.632000
10.087000
13.938000
0.000000
14.012000
11.645000
21.953000
10.865000
10.983000
11.475000
9.210000
8.451000
6.816000
8.307000
15.401000
4.239000
19.434000
13.649000
4.904000
4.726000
10.750000
8.598000
10.467000
14.486000
20.191000
4.079000
18.898000
0.000000
0.000000
4.364000
7.896000
6.941000
4.277000
4.959000
6.373000
8.422000
11.114000
11.808000
0.947000
13.541000
0.752000
6.410000
14.716000
9.062000
5.888000
6.522000
5.885000
5.729000
19.580000
7.556000
11.252000
16.172000
12.010000
5.746000
10.980000
9.292000
9.367000
11.755000
9.162000
20.768000
11.507000
9.927000
12.938000
4.610000
1.972000
12.568000
11.484000
6.591000
10.256000
9.402000
16.216000
10.649000
10.530000
16.756000
13.468000
7.224000
6.958000
13.539000
14.721000
14.210000
16.079000
3.987000
7.213000
10.890000
11.837000
4.867000
0.000000
11.275000
10.583000
0.930000
13.453000
16.356000
8.868000
8.509000
4.734000
10.391000
6.185000
7.204000
6.351000
11.862000
12.403000
13.723000
6.995000
10.307000
8.180000
12.405000
15.106000
4.512000
10.029000
10.858000
13.307000
16.512000
13.218000
16.117000
2.715000
3.916000
8.959000
0.899000
17.084000
8.444000
10.465000
2.732000
10.474000
7.566000
4.271000
5.999000
4.642000
0.000000
10.322000
7.740000
4.314000
9.417000
5.775000
11.798000
5.468000
5.261000
14.844000
5.766000
14.579000
1.989000
12.235000
13.253000
12.823000
10.097000
13.633000
6.779000
6.343000
15.305000
18.574000
9.087000
3.593000
4.480000
3.161000
2.792000
12.178000
15.905000
10.847000
13.272000
8.366000
14.245000
3.902000
6.284000
6.557000
2.087000
6.703000
10.852000
5.096000
14.376000
2.189000
10.120000
8.505000
9.508000
14.337000
1.460000
12.736000
9.171000
12.887000
10.622000
11.961000
3.138000
14.973000
11.593000
15.743000
11.223000
13.664000
7.564000
16.270000
9.921000
2.361000
10.800000
6.968000
8.891000
5.615000
10.051000
12.341000
4.587000
7.039000
6.561000
4.766000
2.029000
10.134000
6.774000
1.559000
2.719000
5.101000
3.229000
5.462000
12.242000
8.118000
7.454000
8.593000
3.805000
18.331000
3.057000
5.419000
10.440000
12.918000
14.995000
10.237000
13.587000
13.041000
4.607000
12.043000
5.271000
9.585000
8.286000
11.717000
3.836000
6.030000
7.393000
0.785000
0.000000
3.336000
8.756000
2.921000
12.614000
2.131000
9.309000
14.097000
6.321000
9.870000
7.844000
5.306000
12.415000
8.534000
2.364000
3.015000
5.510000
4.034000
14.805000
4.355000
14.577000
9.836000
15.949000
9.965000
14.185000
12.020000
2.990000
9.044000
6.586000
9.295000
9.819000
0.426000
11.053000
1.070000
13.761000
7.596000
2.709000
4.288000
9.487000
0.000000
15.832000
9.656000
5.473000
6.361000
10.242000
14.209000
1.234000
5.966000
9.084000
4.322000
10.327000
9.159000
12.689000
6.331000
8.772000
7.775000
12.032000
10.044000
9.105000
5.867000
14.616000
2.686000
3.737000
10.364000
5.087000
3.090000
6.696000
12.535000
5.593000
10.985000
1.042000
11.805000
10.856000
20.776000
14.383000
15.866000
8.483000
5.841000
0.264000
7.083000
2.128000
4.218000
7.450000
10.715000
5.691000
7.485000
13.391000
4.058000
5.648000
11.782000
4.658000
3.532000
11.558000
16.840000
4.194000
12.101000
9.054000
3.295000
8.729000
9.672000
13.101000
4.446000
13.751000
2.042000
10.788000
4.166000
10.418000
6.210000
14.205000
10.218000
11.029000
7.490000
9.712000
12.526000
2.146000
10.250000
10.484000
1.226000
11.255000
3.754000
10.738000
3.969000
8.623000
0.000000
8.852000
4.612000
4.064000
11.453000
6.331000
0.715000
7.001000
9.328000
12.515000
4.126000
11.308000
7.076000
13.751000
9.183000
3.500000
4.475000
0.000000
14.503000
4.204000
8.554000
7.841000
6.840000
5.548000
1.549000
7.091000
0.000000
7.780000
0.607000
7.932000
10.959000
10.373000
6.391000
6.547000
11.464000
5.253000
17.476000
9.683000
9.173000
8.959000
16.067000
8.317000
5.572000
18.239000
7.757000
15.738000
3.413000
8.341000
11.649000
12.328000
16.256000
4.515000
4.289000
10.957000
6.007000
0.000000
12.285000
5.983000
2.009000
8.691000
0.000000
3.828000
8.945000
12.972000
10.302000
12.809000
12.544000
15.127000
6.299000
5.426000
14.302000
11.233000
12.984000
7.155000
8.816000
8.290000
7.245000
1.686000
13.252000
9.868000
3.425000
0.000000
14.887000
4.008000
5.231000
4.144000
0.000000
13.499000
7.582000
8.831000
8.907000
9.522000
3.530000
4.327000
9.702000
14.238000
6.654000
14.838000
0.000000
6.703000
2.676000
8.995000
10.391000
4.315000
15.823000
2.836000
5.523000
14.756000
17.265000
11.397000
14.317000
12.230000
2.105000
5.646000
5.102000
0.894000
6.805000
8.067000
5.674000
6.834000
0.000000
3.994000
5.733000
11.819000
11.239000
6.308000
9.848000
13.216000
3.982000
11.951000
16.751000
12.985000
9.092000
11.438000
2.441000
0.000000
20.992000
6.598000
8.064000
12.989000
10.079000
7.319000
2.662000
17.607000
8.258000
12.627000
5.420000
5.332000
6.540000
9.705000
6.510000
12.906000
6.099000
6.293000
3.770000
15.064000
0.000000
7.901000
4.851000
9.299000
12.077000
4.784000
11.112000
1.571000
13.067000
2.256000
9.083000
10.910000
0.000000
9.826000
11.489000
17.204000
9.398000
2.151000
10.008000
8.587000
0.000000
14.124000
9.857000
13.365000
16.811000
12.077000
14.126000
8.494000
9.079000
9.860000
10.528000
10.933000
6.451000
8.913000
4.441000
10.456000
9.493000
4.317000
10.675000
13.731000
9.825000
6.723000
0.000000
12.375000
9.751000
3.297000
16.655000
1.893000
17.598000
7.305000
13.428000
15.110000
17.844000
0.478000
10.149000
17.022000
0.000000
10.157000
5.220000
14.709000
8.940000
12.984000
10.195000
10.048000
12.434000
11.236000
11.676000
15.899000
12.578000
7.673000
10.045000
15.591000
0.315000
10.383000
10.425000
9.724000
13.757000
3.038000
6.494000
5.156000
14.880000
6.675000
4.500000
12.687000
7.925000
18.057000
11.833000
0.000000
14.929000
9.909000
3.162000
8.406000
12.721000
4.026000
14.593000
6.791000
3.617000
16.625000
9.362000
16.615000
17.213000
18.404000
11.462000
18.260000
7.108000
10.289000
19.315000
0.000000
12.205000
2.709000
17.374000
4.714000
6.235000
0.000000
9.191000
6.864000
0.000000
15.131000
8.841000
12.365000
8.314000
13.510000
0.000000
12.447000
11.772000
15.232000
8.370000
0.000000
0.000000
7.766000
1.256000
0.921000
6.225000
8.568000
8.568000
19.219000
15.653000
5.983000
8.935000
5.198000
6.789000
11.949000
0.000000
7.817000
13.691000
0.000000
6.789000
10.131000
4.056000
15.578000
0.000000
4.107000
13.234000
5.608000
4.235000
1.825000
10.331000
12.818000
10.773000
11.897000
0.000000
15.960000
14.414000
16.780000
14.575000
7.781000
3.652000
1.256000
2.492000
3.231000
17.552000
0.000000
9.672000
13.876000
8.932000
9.713000
3.748000
11.084000
13.970000
0.000000
17.248000
9.730000
0.000000
6.011000
11.835000
9.834000
6.170000
12.716000
15.231000
19.961000
12.701000
13.465000
0.000000
9.985000
6.510000
8.313000
3.421000
2.989000
6.674000
4.632000
0.237000
6.705000
11.347000
8.209000
15.301000
3.576000
7.309000
5.063000
3.808000
0.000000
11.144000
13.539000
1.443000
8.760000
10.029000
17.722000
11.871000
15.329000
11.342000
0.000000
0.706000
11.293000
15.396000
7.338000
9.632000
6.415000
13.983000
20.253000
10.533000
3.534000
1.342000
6.023000
15.247000
7.146000
9.278000
10.664000
5.591000
10.909000
10.958000
6.535000
9.350000
7.545000
8.601000
3.937000
3.707000
8.245000
0.000000
16.416000
16.535000
19.499000
0.000000
6.311000
13.821000
14.635000
11.335000
19.557000
15.640000
8.646000
0.000000
8.734000
6.645000
3.518000
3.118000
7.864000
0.000000
8.992000
3.240000
13.313000
16.728000
4.786000
12.900000
2.316000
7.030000
4.683000
2.258000
11.851000
1.148000
5.316000
8.256000
1.671000
3.170000
8.805000
8.034000
6.344000
4.308000
10.581000
10.391000
11.973000
5.811000
9.934000
2.653000
4.308000
9.914000
23.069000
11.375000
13.835000
0.000000
2.494000
0.000000
14.116000
1.768000
0.000000
14.569000
16.070000
7.183000
0.426000
7.677000
11.476000
9.831000
10.942000
1.839000
5.242000
1.871000
21.684000
14.940000
3.596000
13.959000
0.229000
6.736000
4.901000
5.428000
14.766000
4.964000
2.376000
7.174000
11.820000
12.071000
15.851000
6.591000
7.341000
12.736000
8.838000
19.607000
0.393000
5.247000
9.012000
13.381000
0.000000
0.000000
4.577000
7.213000
15.214000
9.194000
12.841000
13.790000
9.260000
0.588000
2.448000
5.093000
5.967000
0.000000
12.568000
7.179000
3.136000
0.000000
0.000000
0.000000
15.549000
11.069000
3.628000
10.460000
9.607000
5.932000
0.000000
2.400000
0.000000
0.000000
12.945000
16.158000
10.008000
2.184000
0.000000
1.051000
7.626000
14.104000
1.804000
7.429000
4.108000
10.269000
6.785000
0.000000
0.000000
16.168000
21.081000
6.595000
6.554000
6.505000
0.000000
6.844000
13.755000
3.170000
2.318000
4.500000
2.317000
16.816000
0.000000
0.000000
13.190000
4.840000
0.271000
7.987000
9.401000
0.000000
2.374000
0.000000
10.845000
1.994000
14.517000
3.864000
7.023000
6.590000
15.638000
0.000000
0.000000
0.000000
13.611000
6.015000
12.152000
6.045000
5.088000
7.356000
5.567000
11.455000
0.000000
1.565000
0.000000
7.591000
6.063000
0.000000
1.939000
1.565000
14.472000
6.245000
11.797000
12.918000
6.217000
1.496000
14.193000
0.000000
8.939000
0.000000
0.000000
0.000000
0.000000
14.843000
10.008000
11.116000
5.685000
6.115000
11.476000
4.362000
13.008000
5.396000
13.220000
6.052000
3.460000
11.790000
18.380000
8.799000
3.267000
7.145000
0.000000
2.637000
8.343000
16.623000
4.726000
2.880000
16.248000
10.203000
10.562000
0.000000
5.323000
11.807000
10.774000
11.551000
13.643000
6.329000
12.802000
10.514000
3.881000
11.747000
0.000000
10.134000
0.062000
10.333000
11.933000
4.755000
8.772000
7.541000
5.058000
0.526000
14.133000
13.612000
4.437000
11.721000
6.407000
7.680000
0.000000
6.198000
15.004000
10.563000
11.465000
0.272000
9.980000
0.000000
0.000000
0.000000
11.497000
3.052000
6.240000
0.735000
15.091000
12.940000
10.212000
5.644000
0.000000
10.843000
9.890000
0.000000
8.490000
6.657000
4.914000
2.759000
15.034000
0.000000
0.000000
2.540000
10.001000
1.646000
14.194000
0.608000
2.037000
7.419000
0.000000
0.000000
3.053000
0.000000
1.894000
10.948000
0.000000
0.854000
0.000000
0.000000
1.794000
0.000000
12.415000
2.429000
4.780000
0.000000
6.684000
8.022000
7.390000
5.395000
3.293000
2.633000
0.478000
0.000000
3.142000
0.000000
4.587000
0.921000
0.789000
0.000000
5.605000
1.171000
6.021000
9.089000
6.905000
0.000000
0.237000
0.000000
2.597000
0.000000
7.309000
12.447000
3.165000
5.144000
0.679000
4.291000
0.000000
2.430000
2.019000
8.119000
6.134000
2.086000
4.058000
0.000000
1.165000
5.489000
0.000000
1.181000
7.838000
0.000000
1.175000
0.220000
13.656000
5.900000
0.000000
3.192000
0.000000
10.101000
0.000000
12.734000
8.872000
0.000000
6.953000
0.000000
0.000000
1.302000
0.000000
0.000000
0.000000
0.000000
4.734000
7.269000
0.000000
7.906000
0.000000
12.651000
0.000000
3.657000
3.409000
3.078000
9.052000
4.057000
0.000000
12.528000
7.594000
0.000000
8.510000
0.000000
0.000000
3.423000
8.847000
0.946000
5.962000
3.476000
3.572000
5.944000
4.012000
12.456000
3.719000
0.000000
1.317000
8.929000
12.268000
8.567000
12.378000
3.440000
6.711000
4.224000
13.002000
2.238000
9.126000
0.000000
0.000000
9.471000
0.000000
8.328000
2.518000
3.216000
0.000000
1.438000
0.000000
0.000000
0.707000
0.744000
0.000000
0.000000
1.635000
0.000000
3.463000
1.302000
6.762000
0.000000
0.000000
0.000000
8.135000
0.000000
0.000000
0.000000
9.468000
0.000000
0.000000
0.000000
0.930000
12.905000
6.381000
1.466000
0.000000
0.000000
4.878000
15.180000
0.000000
6.903000
0.000000
4.563000
2.478000
0.000000
0.000000
0.000000
0.000000
2.555000
3.807000
0.000000
4.006000
0.000000
2.850000
0.000000
10.189000
6.903000
0.318000
2.118000
11.519000
0.298000
1.194000
0.000000
0.000000
12.992000
0.000000
0.114000
0.000000
6.102000
0.000000
0.000000
0.000000
0.661000
8.865000
3.074000
0.472000
0.000000
0.908000
3.912000
6.104000
0.713000
0.000000
7.782000
0.782000
5.876000
0.000000
0.000000
0.000000
0.560000
2.303000
0.991000
2.925000
10.251000
0.000000
16.050000
0.000000
0.000000
0.000000
0.000000
0.000000
0.000000
6.832000
0.000000
6.790000
0.000000
0.000000
0.000000
3.568000
0.000000
1.047000
0.000000
0.000000
0.000000
0.000000
4.239000
2.100000
4.049000
0.000000
0.000000
7.395000
0.028000
0.503000
1.147000
0.000000
0.000000
11.331000
0.000000
4.205000
0.000000
0.000000
0.000000
0.000000
3.786000
8.665000
5.504000
8.197000
4.890000
0.000000
0.000000
4.798000
0.000000
7.648000
0.000000
0.000000
1.280000
0.000000
6.144000
0.000000
0.113000
11.829000
6.917000
0.000000
4.965000
0.000000
6.406000
10.431000
0.000000
0.000000
6.539000
7.237000
0.000000
3.264000
3.839000
0.000000
10.225000
8.024000
4.100000
0.000000
8.841000
5.222000
0.955000
0.000000
0.000000
0.000000
0.000000
7.322000
5.261000
0.180000
4.545000
16.473000
5.279000
13.313000
2.980000
5.036000
1.553000
4.832000
2.871000
5.703000
0.000000
3.165000
10.964000
5.364000
6.521000
7.283000
5.226000
2.829000
0.000000
4.216000
0.000000
0.000000
0.000000
5.585000
3.605000
0.000000
0.952000
0.000000
5.867000
0.000000
0.000000
3.518000
0.000000
4.663000
10.119000
2.882000
0.000000
6.430000
10.906000
12.238000
0.000000
0.000000
0.000000
0.000000
8.995000
2.462000
0.000000
0.000000
0.015000
4.398000
0.000000
4.420000
10.675000
3.132000
1.707000
3.911000
0.000000
0.000000
6.327000
2.571000
6.629000
0.000000
5.214000
0.000000
14.504000
1.235000
1.727000
3.000000
3.400000
0.000000
1.166000
6.373000
2.532000
1.963000
8.953000
5.898000
10.336000
0.220000
6.063000
4.886000
6.407000
9.530000
0.067000
0.000000
4.513000
2.847000
7.614000
0.000000
7.098000
0.424000
3.253000
2.913000
2.668000
5.733000
1.108000
12.376000
8.190000
10.021000
2.947000
5.062000
3.694000
0.000000
7.979000
5.311000
2.830000
3.846000
5.947000
6.604000
13.047000
0.000000
4.372000
0.528000
15.681000
8.483000
2.799000
1.869000
1.734000
1.051000
7.289000
5.188000
2.033000
0.000000
1.540000
8.111000
0.000000
8.624000
0.000000
0.661000
4.045000
0.000000
2.391000
0.000000
4.700000
2.389000
7.344000
1.331000
7.874000
0.000000
0.000000
1.719000
3.304000
0.428000
0.000000
4.243000
11.348000
5.033000
5.458000
2.810000
1.729000
1.777000
0.000000
7.933000
0.000000
2.679000
9.782000
0.000000
0.000000
4.130000
0.000000
0.000000
3.154000
8.457000
0.000000
5.794000
1.470000
7.409000
4.717000
9.065000
9.919000
13.788000
3.928000
0.000000
5.606000
6.477000
5.995000
5.391000
3.582000
3.685000
0.000000
7.204000
1.856000
2.426000
4.080000
3.365000
3.996000
0.000000
1.100000
7.895000
0.000000
5.850000
13.151000
4.690000
5.457000
6.645000
9.674000
8.899000
10.950000
0.000000
15.229000
5.246000
3.306000
3.475000
1.856000
5.231000
0.000000
9.942000
0.000000
0.000000
5.735000
4.476000
10.532000
12.077000
10.436000
1.191000
7.035000
2.082000
2.181000
0.000000
2.424000
11.050000
6.750000
5.212000
8.785000
0.334000
3.780000
0.000000
3.018000
6.691000
0.000000
1.847000
9.620000
2.947000
0.000000
6.817000
1.055000
1.471000
4.668000
0.000000
8.765000
3.413000
0.000000
9.784000
0.000000
0.000000
4.275000
0.000000
0.000000
9.318000
13.481000
0.000000
5.871000
9.339000
8.803000
7.884000
0.000000
0.000000
1.465000
3.275000
0.000000
7.150000
0.000000
0.000000
0.000000
4.859000
0.000000
3.844000
5.954000
4.015000
3.152000
0.000000
0.000000
2.834000
5.571000
2.910000
2.852000
10.295000
6.590000
0.000000
12.101000
2.363000
4.186000
7.922000
4.883000
0.000000
1.948000
0.000000
0.000000
3.821000
0.000000
6.188000
0.000000
0.000000
3.539000
4.304000
2.436000
6.178000
0.000000
7.716000
6.017000
0.000000
1.898000
0.270000
0.000000
0.000000
2.210000
2.089000
0.000000
0.000000
4.879000
0.000000
4.988000
8.176000
4.353000
0.000000
3.396000
2.534000
0.000000
0.000000
0.549000
8.509000
2.210000
3.809000
11.751000
10.053000
9.805000
0.000000
0.000000
0.000000
7.404000
0.000000
4.345000
12.609000
9.888000
0.000000
0.267000
0.000000
8.044000
3.842000
8.715000
8.750000
1.289000
7.151000
0.294000
2.152000
2.022000
12.635000
3.773000
0.000000
5.032000
3.696000
4.977000
0.000000
10.153000
1.827000
0.000000
8.450000
0.000000
9.579000
0.000000
3.665000
3.845000
4.141000
2.934000
0.000000
4.439000
3.650000
0.000000
0.000000
7.223000
3.160000
0.000000
2.171000
0.000000
0.000000
0.800000
4.709000
0.000000
0.000000
3.387000
1.389000
4.316000
0.000000
1.018000
0.000000
5.080000
0.000000
4.383000
7.021000
4.448000
0.000000
4.941000
0.000000
0.000000
6.873000
0.414000
0.000000
0.000000
3.818000
0.000000
0.000000
0.000000
2.962000
0.905000
0.000000
1.618000
0.197000
4.570000
0.000000
1.237000
0.000000
0.000000
0.000000
0.594000
1.341000
5.210000
2.627000
1.256000
4.364000
0.000000
3.055000
0.000000
4.798000
1.289000
11.568000
5.469000
0.000000
0.138000
3.966000
5.490000
3.342000
6.269000
0.000000
5.316000
2.511000
1.559000
3.492000
0.000000
0.000000
1.649000
0.000000
0.000000
2.647000
0.964000
4.253000
0.000000
0.083000
0.614000
2.542000
0.000000
0.000000
5.347000
0.000000
2.718000
0.000000
0.097000
2.407000
0.000000
0.601000
0.000000
0.000000
0.000000
3.647000
0.000000
1.913000
0.000000
2.525000
0.000000
0.000000
2.985000
0.000000
1.469000
0.000000
0.000000
0.000000
2.516000
0.540000
0.000000
3.302000
0.266000
0.000000
0.000000
3.882000
0.000000
0.000000
0.000000
0.000000
1.750000
0.637000
0.000000
0.000000
0.000000
1.378000
0.000000
4.205000
0.000000
0.000000
1.420000
0.000000
0.000000
0.000000
1.553000
1.610000
8.725000
0.000000
5.993000
0.000000
0.936000
0.000000
2.293000
1.646000
0.000000
3.116000
0.887000
0.000000
0.000000
1.759000
0.303000
0.320000
0.000000
0.000000
9.359000
2.370000
0.000000
0.355000
1.032000
0.000000
0.000000
3.439000
0.000000
0.000000
0.000000
4.225000
0.000000
2.071000
0.000000
3.868000
0.104000
1.780000
4.165000
0.000000
0.000000
1.383000
6.566000
8.208000
0.000000
0.560000
1.171000
0.000000
0.000000
0.800000
0.000000
3.704000
3.114000
0.166000
0.000000
0.000000
1.397000
0.707000
0.000000
0.831000
0.000000
0.000000
0.339000
1.766000
2.563000
1.647000
0.000000
0.000000
0.905000
4.173000
0.000000
0.000000
0.000000
2.678000
0.000000
0.115000
0.000000
3.569000
3.483000
0.000000
1.094000
4.417000
0.000000
1.541000
2.553000
0.000000
0.000000
0.000000
6.117000
0.000000
0.596000
0.000000
4.148000
5.002000
4.720000
1.835000
0.000000
2.725000
0.000000
0.000000
5.595000
0.000000
0.000000
0.000000
1.170000
0.000000
0.000000
0.000000
0.000000
0.000000
0.000000
2.842000
5.491000
1.921000
4.744000
0.659000
3.240000
3.599000
0.000000
0.000000
1.085000
4.561000
2.619000
1.591000
4.281000
5.887000
0.000000
5.818000
0.000000
0.636000
0.000000
2.824000
1.170000
0.000000
0.000000
0.000000
6.985000
1.753000
0.000000
2.234000
0.000000
2.244000
0.000000
0.294000
0.861000
4.841000
0.631000
5.532000
0.000000
0.000000
3.987000
0.000000
0.000000
0.000000
2.410000
0.000000
0.000000
0.000000
0.000000
1.735000
1.898000
2.045000
1.219000
2.736000
2.847000
0.834000
0.000000
0.383000
4.674000
0.891000
0.000000
0.000000
0.000000
0.000000
0.000000
3.156000
0.000000
0.000000
0.024000
4.408000
1.452000
0.000000
1.705000
0.000000
0.000000
0.000000
0.000000
5.626000
0.000000
0.000000
0.552000
0.000000
2.321000
0.471000
0.000000
2.780000
0.000000
6.527000
0.000000
5.129000
6.512000
4.969000
1.864000
0.000000
0.000000
5.587000
0.000000
1.620000
3.906000
0.000000
2.106000
3.132000
0.000000
7.098000
0.000000
1.114000
0.000000
0.000000
0.000000
1.340000
3.737000
0.000000
0.000000
2.936000
0.000000
0.000000
0.000000
0.319000
2.552000
0.000000
3.565000
0.000000
0.000000
0.000000
0.000000
1.528000
0.000000
1.653000
0.570000
0.729000
0.000000
0.381000
3.338000
3.766000
0.000000
4.701000
0.278000
2.059000
0.979000
0.973000
4.494000
0.000000
1.685000
1.040000
3.632000
0.000000
3.221000
0.000000
0.000000
0.000000
0.000000
0.000000
0.000000
0.196000
0.000000
0.766000
3.359000
0.000000
0.000000
1.105000
1.104000
6.520000
1.658000
0.000000
0.000000
2.597000
0.000000
0.000000
0.000000
0.000000
2.467000
0.000000
0.000000
0.000000
0.000000
0.000000
2.665000
1.520000
2.133000
3.241000
2.447000
2.725000
6.895000
3.174000
0.000000
0.000000
3.152000
2.872000
0.000000
0.000000
0.000000
0.000000
0.637000
0.000000
3.543000
1.626000
0.000000
0.000000
4.139000
0.000000
0.000000
2.028000
0.000000
1.181000
2.134000
0.000000
0.000000
2.870000
0.000000
2.838000
0.000000
1.405000
0.534000
0.000000
0.000000
1.005000
2.650000
0.000000
0.000000
1.368000
0.000000
3.959000
3.693000
4.546000
0.000000
1.787000
0.000000
0.000000
4.237000
4.666000
0.000000
0.000000
1.596000
2.990000
0.000000
3.163000
2.681000
1.653000
3.174000
8.064000
5.932000
0.297000
2.096000
1.979000
8.418000
1.726000
0.000000
5.361000
1.520000
7.360000
3.653000
7.436000
6.630000
0.000000
1.699000
1.073000
3.350000
2.932000
0.000000
0.000000
6.216000
0.000000
0.622000
0.000000
0.000000
4.855000
0.000000
0.703000
2.734000
1.617000
3.792000
3.868000
0.000000
2.314000
1.332000
4.182000
0.135000
2.607000
0.000000
0.000000
0.664000
3.005000
3.309000
0.000000
0.688000
0.000000
5.089000
0.000000
0.199000
0.174000
0.000000
3.795000
0.851000
1.307000
6.229000
4.567000
1.908000
2.604000
1.981000
0.000000
1.817000
2.628000
1.660000
1.113000
0.000000
0.000000
1.149000
0.000000
0.040000
0.000000
0.580000
2.733000
0.000000
