13.303000
16.784000
15.606000
11.958000
18.026000
11.420000
9.119000
9.992000
17.028000
16.943000
8.560000
9.980000
14.772000
12.409000
10.477000
12.414000
11.398000
11.357000
11.916000
10.561000
11.615000
10.718000
9.435000
5.066000
12.712000
7.833000
9.174000
6.479000
9.068000
11.978000
11.134000
13.567000
8.385000
10.044000
9.306000
14.607000
13.451000
6.701000
9.140000
13.301000
6.791000
14.014000
14.975000
5.520000
7.155000
3.522000
12.048000
6.828000
5.663000
17.298000
17.045000
6.514000
8.394000
8.082000
7.696000
10.512000
4.159000
5.521000
5.826000
15.445000
15.088000
11.428000
9.536000
13.924000
12.851000
12.930000
15.577000
15.893000
4.751000
11.336000
6.544000
10.983000
0.743000
9.163000
17.547000
9.273000
8.829000
6.200000
7.636000
5.532000
7.957000
11.366000
9.594000
7.513000
8.999000
3.794000
2.410000
5.148000
5.596000
4.259000
6.640000
6.822000
11.845000
7.237000
12.397000
4.340000
6.185000
3.652000
5.415000
0.299000
3.486000
6.051000
2.537000
6.265000
10.031000
2.390000
3.791000
9.242000
3.184000
5.145000
4.588000
15.288000
4.296000
10.151000
9.521000
5.875000
1.934000
9.497000
11.322000
5.219000
8.092000
3.597000
8.685000
15.481000
14.165000
4.399000
8.606000
5.941000
0.000000
10.781000
7.102000
0.000000
5.308000
5.055000
9.167000
13.199000
1.610000
5.801000
8.745000
6.674000
7.752000
9.064000
2.416000
5.810000
4.547000
8.123000
14.085000
2.627000
0.543000
9.108000
6.683000
5.065000
3.538000
5.252000
2.363000
7.384000
2.611000
10.240000
7.580000
3.847000
5.069000
5.526000
11.547000
16.609000
11.748000
8.491000
13.710000
6.520000
1.515000
0.140000
4.249000
1.179000
4.807000
12.278000
17.184000
7.971000
5.806000
11.592000
8.863000
3.484000
4.578000
13.737000
0.622000
17.395000
5.925000
18.085000
6.017000
9.852000
7.564000
13.488000
7.208000
13.454000
18.725000
2.447000
11.322000
16.558000
9.168000
7.132000
5.503000
12.302000
8.025000
10.692000
6.134000
17.084000
16.651000
18.701000
6.258000
2.621000
6.550000
6.306000
8.760000
5.625000
10.600000
9.174000
5.920000
14.400000
10.176000
7.124000
11.237000
10.280000
15.035000
1.419000
6.532000
18.083000
10.615000
7.822000
5.991000
2.729000
11.034000
12.935000
0.548000
10.726000
0.000000
10.211000
10.868000
10.421000
5.431000
22.500000
9.164000
10.239000
8.707000
14.062000
15.631000
7.030000
6.109000
16.358000
7.980000
15.047000
4.216000
14.330000
14.843000
3.563000
9.429000
13.066000
7.070000
14.606000
18.356000
12.353000
6.135000
3.519000
8.377000
8.208000
10.516000
7.753000
6.176000
6.435000
8.176000
4.167000
20.253000
7.847000
7.590000
6.578000
9.947000
2.713000
13.148000
6.196000
10.792000
16.214000
4.794000
12.216000
12.812000
11.034000
8.152000
10.449000
6.056000
1.647000
1.671000
8.838000
5.356000
8.068000
10.313000
4.015000
3.956000
6.895000
9.039000
4.932000
4.649000
8.362000
5.055000
6.076000
13.951000
13.843000
6.499000
6.017000
8.352000
7.247000
13.468000
9.545000
7.657000
17.860000
11.426000
7.574000
7.981000
6.260000
5.442000
3.562000
5.749000
4.685000
7.456000
15.782000
2.634000
8.412000
4.197000
16.398000
3.790000
6.435000
4.853000
9.250000
4.496000
18.203000
13.003000
15.564000
8.854000
3.468000
8.869000
11.232000
7.703000
5.949000
14.138000
14.347000
6.359000
10.226000
16.283000
13.131000
9.743000
6.507000
13.452000
9.853000
6.967000
5.557000
12.040000
5.837000
10.081000
12.868000
11.173000
8.263000
2.144000
10.277000
7.982000
5.461000
9.054000
5.218000
6.756000
12.691000
6.941000
7.468000
12.308000
11.568000
15.126000
3.974000
12.937000
9.272000
8.217000
5.881000
2.777000
9.434000
11.727000
9.173000
13.333000
15.328000
11.616000
4.827000
8.947000
3.784000
9.382000
6.307000
11.622000
14.058000
10.173000
4.740000
14.751000
9.344000
7.363000
7.282000
14.473000
14.168000
6.104000
6.143000
9.846000
11.991000
9.025000
7.841000
10.198000
11.939000
10.380000
10.704000
8.432000
16.361000
19.709000
11.726000
8.756000
7.205000
0.000000
7.333000
10.353000
14.808000
7.528000
11.737000
8.505000
7.858000
10.415000
6.615000
12.986000
4.678000
9.067000
12.968000
7.728000
4.379000
19.910000
10.631000
9.738000
10.275000
3.183000
8.139000
12.919000
10.656000
11.113000
17.191000
6.637000
4.861000
11.743000
13.692000
8.786000
9.233000
3.352000
11.396000
5.571000
8.663000
9.001000
10.392000
11.624000
12.308000
12.434000
3.771000
8.098000
16.550000
4.127000
12.211000
4.765000
7.674000
5.611000
9.074000
12.399000
13.485000
18.473000
4.925000
2.113000
3.983000
13.873000
4.093000
8.316000
8.845000
4.166000
6.510000
9.973000
8.271000
12.485000
6.515000
14.224000
19.318000
8.322000
9.876000
10.068000
10.804000
7.679000
12.838000
13.896000
11.043000
11.181000
9.115000
6.087000
6.387000
6.258000
11.918000
12.013000
10.865000
6.338000
5.933000
4.821000
12.754000
8.058000
1.590000
9.938000
9.053000
7.437000
14.486000
14.749000
8.817000
9.750000
17.305000
8.948000
8.806000
9.860000
6.855000
2.835000
8.567000
0.628000
4.167000
4.633000
4.500000
12.961000
5.217000
3.156000
14.770000
8.318000
3.191000
5.543000
5.803000
9.952000
7.942000
5.100000
7.495000
7.429000
10.250000
8.374000
8.899000
10.314000
10.157000
10.236000
17.985000
8.107000
6.154000
8.509000
2.573000
7.167000
6.492000
7.787000
11.481000
5.586000
7.037000
8.365000
5.143000
4.614000
8.227000
9.279000
16.501000
1.210000
8.101000
7.846000
10.124000
9.753000
7.610000
7.829000
5.053000
13.132000
6.869000
7.521000
22.613000
10.908000
4.933000
7.612000
6.408000
10.124000
11.866000
1.911000
10.570000
4.148000
13.044000
11.753000
12.769000
5.214000
6.950000
9.174000
7.910000
6.497000
5.037000
12.036000
9.492000
7.329000
8.373000
4.399000
6.409000
8.414000
6.390000
5.468000
4.975000
6.739000
9.108000
9.464000
11.576000
10.242000
5.350000
11.633000
5.453000
6.611000
12.328000
8.990000
7.115000
8.695000
8.501000
6.488000
7.332000
7.004000
9.091000
4.674000
21.158000
11.334000
2.490000
11.944000
4.440000
7.539000
13.067000
16.350000
6.491000
8.952000
7.730000
8.181000
8.031000
8.248000
6.260000
10.082000
12.227000
17.419000
8.467000
7.480000
5.817000
12.092000
19.090000
7.543000
3.030000
7.701000
6.418000
8.923000
6.856000
6.901000
5.027000
8.437000
8.669000
10.813000
6.982000
16.272000
9.467000
12.194000
5.438000
15.269000
9.021000
11.736000
11.560000
10.385000
6.046000
17.680000
23.085000
3.023000
2.750000
6.787000
14.552000
9.627000
10.188000
19.414000
7.674000
5.522000
11.626000
16.775000
9.049000
12.184000
4.481000
6.584000
2.649000
10.517000
9.117000
6.155000
14.294000
9.414000
1.708000
8.565000
14.261000
7.496000
3.460000
6.952000
4.434000
7.072000
12.335000
9.394000
4.904000
5.505000
6.958000
7.028000
5.155000
12.034000
12.052000
10.165000
10.231000
6.553000
9.186000
8.583000
9.463000
6.920000
11.020000
6.727000
8.072000
6.136000
11.055000
9.397000
9.150000
16.030000
11.964000
12.244000
6.386000
8.466000
10.856000
5.367000
7.228000
8.921000
8.104000
3.153000
10.727000
11.937000
11.832000
9.015000
13.301000
11.666000
3.645000
11.735000
2.371000
5.145000
9.162000
11.341000
5.244000
14.542000
11.690000
3.832000
12.137000
6.340000
11.395000
10.608000
16.266000
5.468000
10.583000
14.591000
7.266000
7.925000
11.708000
12.714000
10.437000
7.572000
6.396000
8.021000
4.726000
11.234000
12.830000
11.769000
20.151000
12.054000
10.583000
2.347000
8.183000
12.373000
6.263000
7.699000
14.963000
5.746000
7.131000
10.063000
3.788000
14.020000
6.617000
7.616000
12.784000
14.606000
11.949000
3.218000
9.483000
10.632000
9.343000
6.284000
9.387000
7.523000
6.311000
15.249000
5.193000
3.798000
1.651000
19.629000
8.331000
3.482000
9.947000
13.908000
9.836000
13.589000
7.750000
9.306000
8.128000
8.068000
8.428000
11.839000
9.965000
8.307000
9.697000
8.850000
12.346000
7.869000
8.670000
14.030000
14.790000
15.022000
7.403000
10.075000
16.438000
19.151000
12.811000
13.439000
3.020000
21.539000
11.561000
20.096000
10.167000
19.130000
10.630000
6.033000
14.330000
12.627000
10.377000
3.764000
5.378000
8.332000
16.049000
7.932000
14.692000
10.713000
8.642000
11.095000
6.575000
9.466000
5.517000
14.488000
6.820000
7.286000
6.814000
10.183000
4.322000
10.181000
9.990000
13.044000
5.842000
8.441000
9.189000
10.350000
14.659000
8.002000
15.199000
10.727000
13.474000
14.554000
10.498000
5.946000
7.588000
8.935000
13.033000
8.743000
7.245000
10.101000
4.908000
23.099000
8.075000
10.490000
5.021000
14.025000
3.414000
5.012000
8.666000
15.480000
10.060000
7.841000
10.779000
8.953000
15.095000
9.858000
9.203000
8.027000
5.737000
12.736000
10.856000
7.295000
16.759000
8.780000
8.738000
11.563000
10.256000
9.235000
11.810000
6.004000
10.027000
7.519000
4.862000
7.731000
12.321000
18.112000
15.259000
12.472000
8.028000
19.761000
14.032000
8.086000
11.071000
9.431000
11.806000
8.039000
13.384000
5.275000
8.598000
11.318000
10.401000
6.271000
15.841000
12.678000
14.052000
15.763000
12.375000
10.594000
8.719000
15.332000
18.329000
13.266000
3.320000
13.788000
4.669000
14.880000
13.665000
5.625000
15.460000
12.141000
13.711000
7.009000
3.806000
11.982000
10.771000
8.793000
8.039000
11.112000
8.554000
13.197000
8.947000
9.419000
10.364000
21.532000
0.930000
7.972000
7.829000
4.797000
6.121000
11.077000
7.568000
9.573000
6.534000
11.156000
6.732000
8.271000
11.414000
13.272000
13.284000
15.121000
21.342000
9.439000
9.744000
9.256000
9.851000
13.000000
17.816000
9.041000
5.215000
14.016000
14.236000
7.364000
24.267000
15.396000
7.265000
13.959000
8.986000
11.943000
6.951000
17.504000
13.624000
8.930000
10.955000
10.583000
6.724000
15.415000
11.913000
9.732000
7.077000
11.042000
13.917000
12.891000
14.183000
6.902000
9.377000
8.092000
9.897000
13.469000
11.579000
12.809000
7.100000
9.420000
11.031000
4.995000
7.648000
10.645000
4.759000
6.925000
14.289000
11.957000
5.621000
13.961000
9.416000
15.446000
10.831000
9.433000
13.422000
8.444000
20.690000
9.019000
9.570000
13.198000
12.480000
5.453000
8.531000
14.691000
7.588000
8.420000
12.005000
11.579000
9.401000
11.861000
9.536000
14.904000
3.987000
16.990000
17.584000
11.088000
6.255000
6.673000
7.551000
13.299000
15.123000
12.180000
11.853000
11.551000
5.792000
14.659000
12.911000
9.462000
15.578000
9.897000
7.920000
17.529000
11.196000
11.150000
8.786000
12.502000
11.649000
6.959000
11.137000
10.174000
12.714000
12.711000
17.407000
8.895000
11.952000
11.563000
11.349000
7.420000
15.501000
10.460000
12.579000
13.297000
8.965000
6.084000
22.870000
11.975000
21.381000
16.150000
4.378000
11.032000
10.962000
11.623000
16.731000
7.217000
11.361000
8.993000
13.299000
14.777000
15.532000
14.566000
8.033000
8.065000
13.224000
7.435000
18.234000
8.888000
10.228000
11.101000
7.165000
12.420000
8.418000
10.442000
10.196000
22.938000
10.354000
10.641000
10.614000
8.561000
13.537000
11.191000
10.316000
8.145000
13.949000
5.920000
8.031000
21.701000
8.654000
9.156000
6.780000
13.176000
6.521000
7.078000
10.232000
17.045000
12.299000
2.215000
12.443000
15.924000
11.402000
11.665000
15.335000
15.536000
3.286000
11.264000
7.333000
13.238000
8.207000
11.743000
9.992000
7.233000
17.229000
14.350000
9.178000
8.752000
10.714000
13.663000
12.891000
10.170000
6.966000
11.999000
5.469000
7.639000
15.141000
7.691000
10.037000
8.032000
13.010000
15.194000
12.810000
8.297000
12.721000
11.836000
7.020000
8.611000
9.456000
5.602000
13.545000
10.638000
13.603000
13.836000
7.464000
9.404000
11.909000
13.177000
10.876000
15.810000
5.197000
11.114000
8.387000
14.993000
11.654000
8.281000
8.836000
10.968000
19.156000
15.106000
9.965000
9.865000
8.862000
7.533000
15.119000
14.077000
8.190000
10.730000
9.115000
7.155000
6.402000
3.525000
7.384000
10.531000
11.512000
11.952000
9.691000
9.471000
15.831000
4.571000
13.698000
8.436000
9.705000
10.308000
10.910000
8.383000
10.724000
9.994000
7.705000
13.304000
10.462000
9.035000
13.718000
5.608000
7.900000
11.761000
5.522000
10.839000
7.880000
7.601000
10.799000
5.627000
11.545000
12.596000
7.822000
17.834000
4.481000
6.939000
8.034000
14.488000
10.616000
7.120000
12.314000
6.215000
7.845000
9.442000
11.515000
5.835000
19.647000
4.729000
6.570000
3.821000
9.896000
5.728000
5.729000
11.295000
9.171000
9.985000
9.322000
3.039000
7.809000
7.301000
11.662000
8.129000
12.110000
7.692000
10.878000
13.052000
7.430000
10.079000
6.962000
10.410000
25.781000
4.595000
4.353000
22.345000
8.457000
10.355000
8.988000
9.840000
12.571000
7.481000
10.760000
7.935000
5.759000
8.664000
8.128000
7.354000
0.617000
14.871000
19.919000
5.156000
4.250000
10.211000
7.756000
8.264000
4.909000
8.766000
11.179000
8.795000
3.527000
10.091000
13.213000
9.920000
7.420000
4.978000
17.196000
7.737000
8.283000
2.112000
3.038000
8.277000
4.567000
8.527000
5.596000
8.756000
4.771000
7.180000
5.469000
5.931000
6.733000
7.399000
7.868000
2.024000
3.280000
7.153000
4.059000
4.352000
4.486000
4.593000
8.692000
4.286000
10.410000
10.425000
19.378000
2.766000
3.105000
4.898000
6.254000
12.580000
3.510000
5.891000
5.052000
0.324000
2.997000
3.544000
5.729000
3.775000
5.259000
8.704000
20.058000
11.778000
4.788000
10.498000
6.122000
5.182000
9.225000
7.677000
18.555000
10.000000
8.240000
8.828000
8.589000
11.034000
4.034000
6.530000
10.516000
7.245000
4.377000
11.965000
19.498000
4.013000
3.221000
11.344000
4.118000
1.181000
5.270000
9.061000
2.758000
6.626000
12.582000
10.770000
8.340000
6.552000
6.368000
11.463000
22.134000
14.091000
5.860000
6.527000
20.977000
1.150000
4.883000
6.278000
5.597000
12.172000
3.278000
6.632000
5.634000
15.223000
20.504000
3.771000
14.767000
8.448000
6.219000
7.442000
10.804000
10.530000
15.223000
9.796000
3.961000
13.280000
4.481000
8.592000
12.317000
20.633000
3.952000
12.115000
10.525000
18.521000
6.089000
9.934000
4.291000
1.866000
11.386000
4.973000
4.645000
10.011000
9.788000
8.849000
4.312000
8.423000
2.419000
6.689000
14.875000
8.285000
3.961000
7.435000
3.321000
11.945000
11.940000
6.358000
6.335000
5.281000
5.833000
3.508000
13.109000
15.370000
17.501000
6.247000
10.289000
7.518000
9.345000
9.573000
5.267000
6.958000
7.731000
8.653000
15.782000
8.119000
6.177000
20.611000
12.936000
7.698000
10.242000
11.874000
12.925000
3.285000
10.392000
12.555000
5.174000
15.134000
8.699000
12.405000
13.574000
7.248000
5.405000
10.998000
11.357000
10.989000
24.081000
16.070000
10.083000
7.151000
10.048000
9.697000
5.348000
12.860000
12.495000
4.533000
11.744000
6.758000
15.376000
20.529000
10.078000
6.261000
12.154000
7.458000
9.947000
8.107000
10.188000
13.412000
8.313000
8.853000
10.679000
5.478000
13.529000
7.478000
8.963000
11.236000
11.487000
7.628000
8.840000
14.161000
9.680000
12.262000
16.282000
5.971000
12.590000
8.980000
7.927000
7.931000
6.577000
11.343000
6.363000
8.255000
4.948000
10.202000
10.463000
8.344000
13.970000
14.220000
8.627000
19.047000
11.001000
7.778000
4.634000
11.771000
13.724000
16.100000
7.418000
7.281000
10.902000
6.997000
6.540000
8.816000
15.081000
9.866000
7.696000
19.667000
11.102000
10.461000
7.735000
8.001000
9.135000
10.920000
10.236000
8.708000
5.109000
13.000000
6.617000
10.808000
14.893000
16.210000
11.683000
10.375000
4.377000
7.488000
14.181000
7.046000
9.584000
14.545000
8.822000
8.700000
6.919000
12.432000
10.883000
9.795000
13.949000
8.767000
9.239000
13.593000
11.498000
5.220000
20.401000
13.359000
8.682000
11.479000
15.131000
13.899000
11.756000
16.828000
7.534000
8.507000
9.079000
15.025000
12.530000
14.612000
11.531000
12.550000
12.410000
12.010000
5.089000
7.744000
15.048000
10.654000
9.734000
21.420000
12.429000
11.335000
16.051000
7.113000
9.405000
7.488000
10.528000
12.412000
9.250000
8.204000
9.607000
9.606000
13.297000
14.116000
10.310000
8.625000
16.079000
12.320000
9.858000
9.069000
10.273000
8.496000
7.575000
2.780000
18.276000
10.689000
9.713000
11.725000
11.525000
8.238000
10.133000
11.405000
15.880000
5.483000
4.834000
13.487000
14.929000
12.283000
11.198000
14.470000
14.328000
10.333000
6.802000
11.662000
14.860000
11.173000
6.006000
16.715000
24.601000
6.012000
16.988000
12.862000
10.391000
11.185000
9.205000
11.417000
9.783000
11.579000
10.893000
11.854000
11.821000
14.554000
4.485000
7.591000
10.588000
16.696000
8.680000
10.852000
9.781000
10.266000
13.159000
8.162000
13.895000
10.728000
12.549000
12.025000
4.896000
11.202000
15.259000
7.175000
14.809000
7.647000
11.982000
8.647000
8.162000
12.011000
8.700000
14.134000
9.606000
12.620000
13.726000
9.157000
15.831000
7.845000
11.853000
8.241000
10.624000
15.787000
10.164000
6.432000
7.491000
7.653000
10.893000
6.489000
14.164000
8.987000
10.618000
14.905000
10.511000
14.311000
11.601000
5.398000
8.493000
11.335000
17.660000
7.982000
10.516000
11.103000
9.228000
13.032000
5.283000
12.271000
6.899000
6.557000
10.035000
6.432000
11.873000
11.303000
11.070000
9.954000
12.210000
11.420000
12.314000
8.524000
20.424000
11.157000
11.740000
8.877000
13.073000
11.007000
10.380000
12.763000
7.433000
8.897000
11.031000
11.296000
8.684000
12.485000
8.626000
2.972000
8.319000
6.940000
10.634000
8.360000
10.601000
11.084000
9.351000
11.263000
8.385000
8.654000
2.126000
11.722000
9.352000
9.123000
8.374000
8.510000
7.035000
12.901000
9.352000
8.891000
11.244000
5.360000
10.173000
25.488000
8.729000
12.911000
10.069000
9.658000
16.981000
17.214000
11.654000
16.455000
8.661000
14.075000
9.583000
20.113000
15.591000
14.848000
11.072000
14.650000
6.127000
14.639000
13.381000
8.547000
10.449000
10.619000
10.888000
17.626000
9.039000
10.742000
13.615000
4.082000
12.482000
10.280000
16.900000
8.328000
12.536000
8.691000
9.998000
11.532000
8.459000
6.031000
13.209000
12.415000
6.683000
13.923000
12.584000
14.221000
10.861000
12.877000
5.863000
9.192000
7.650000
8.558000
14.805000
16.445000
13.026000
10.165000
9.317000
13.804000
10.284000
12.264000
11.918000
14.197000
4.907000
8.041000
2.460000
9.278000
9.480000
13.381000
5.289000
13.149000
12.736000
10.077000
14.833000
11.355000
24.154000
9.031000
14.143000
9.666000
13.121000
8.624000
14.233000
12.468000
16.772000
15.644000
12.230000
19.896000
10.191000
11.981000
5.124000
7.738000
3.629000
12.323000
17.360000
14.560000
16.256000
11.487000
13.833000
11.186000
6.246000
1.438000
10.754000
9.995000
5.018000
2.476000
10.589000
5.422000
6.613000
5.956000
8.367000
6.912000
2.182000
2.987000
3.016000
6.589000
13.118000
2.955000
4.053000
10.376000
12.254000
2.495000
7.431000
5.829000
15.138000
11.320000
19.717000
10.393000
11.279000
4.713000
6.460000
3.408000
10.401000
17.759000
17.253000
3.773000
7.581000
0.000000
6.545000
5.030000
6.076000
5.350000
4.921000
11.587000
13.542000
2.582000
5.577000
22.655000
5.557000
3.902000
13.371000
11.525000
6.436000
2.681000
12.459000
18.979000
1.085000
1.858000
5.144000
4.016000
13.258000
10.484000
3.176000
6.606000
5.375000
9.207000
19.283000
1.577000
10.482000
1.486000
9.522000
0.933000
9.505000
12.134000
5.589000
5.395000
12.869000
2.904000
17.403000
1.374000
10.477000
5.377000
1.860000
7.683000
12.251000
13.227000
7.083000
4.699000
3.995000
1.117000
8.018000
8.361000
11.808000
16.025000
17.295000
9.813000
14.844000
3.747000
5.640000
10.955000
6.599000
4.129000
17.672000
0.970000
13.329000
17.066000
18.719000
8.367000
16.343000
3.227000
8.601000
17.122000
8.832000
5.822000
4.185000
0.000000
10.605000
8.834000
3.271000
5.510000
2.299000
4.105000
5.502000
3.967000
10.245000
15.180000
0.411000
4.401000
8.496000
13.712000
5.455000
4.095000
6.196000
3.492000
16.696000
3.924000
11.717000
7.455000
8.446000
7.830000
14.842000
7.584000
14.583000
18.201000
10.250000
9.037000
10.775000
17.107000
9.901000
9.686000
15.861000
3.375000
15.331000
19.086000
11.626000
6.154000
16.056000
11.378000
14.135000
8.442000
12.334000
20.144000
17.739000
14.488000
9.785000
4.976000
13.342000
14.572000
9.928000
8.675000
15.088000
11.096000
8.605000
11.450000
10.146000
9.512000
7.161000
14.081000
15.454000
9.157000
17.356000
10.771000
8.809000
3.452000
7.135000
13.774000
16.366000
6.629000
7.781000
6.366000
11.961000
7.357000
6.069000
16.340000
11.161000
13.030000
12.405000
17.053000
7.538000
13.205000
12.807000
5.512000
5.628000
11.462000
13.920000
5.393000
15.218000
10.873000
18.749000
11.688000
10.960000
22.966000
8.432000
9.587000
17.920000
21.179000
17.594000
11.981000
10.503000
13.050000
10.581000
12.632000
10.769000
15.508000
19.495000
13.886000
14.808000
12.840000
9.611000
3.391000
10.764000
11.373000
14.804000
19.335000
8.492000
8.343000
0.459000
12.088000
8.595000
18.611000
14.300000
12.662000
7.411000
16.294000
14.588000
12.390000
15.370000
13.000000
11.402000
13.902000
5.437000
9.266000
6.570000
13.611000
10.460000
12.330000
14.778000
15.704000
0.000000
13.887000
4.047000
10.254000
11.577000
12.584000
12.941000
7.013000
7.461000
24.219000
12.786000
9.122000
13.928000
10.125000
11.477000
15.720000
14.863000
8.741000
4.408000
12.100000
11.713000
20.765000
14.330000
14.549000
15.079000
14.699000
17.992000
14.803000
15.639000
13.950000
5.910000
7.533000
14.930000
11.592000
19.210000
11.386000
10.728000
22.432000
12.657000
13.442000
15.460000
11.184000
9.844000
15.272000
7.908000
14.104000
13.637000
9.620000
5.095000
14.592000
15.490000
20.002000
11.064000
8.069000
16.985000
13.949000
11.546000
17.404000
15.425000
9.137000
12.717000
14.501000
10.664000
11.001000
9.808000
13.763000
9.090000
13.925000
16.876000
13.963000
17.266000
11.222000
12.128000
12.872000
10.023000
12.768000
13.314000
11.140000
15.267000
9.096000
14.668000
14.494000
12.177000
17.145000
9.169000
11.154000
13.602000
12.173000
10.606000
13.547000
8.807000
8.499000
17.518000
8.915000
4.373000
13.762000
13.357000
13.319000
16.465000
9.026000
10.797000
8.890000
4.928000
11.873000
7.566000
15.911000
16.915000
11.295000
9.251000
9.865000
15.663000
15.937000
18.627000
7.534000
16.280000
11.052000
16.191000
5.540000
11.771000
15.106000
10.763000
9.271000
17.148000
16.735000
12.866000
14.549000
9.763000
14.522000
11.986000
11.448000
9.717000
7.632000
10.538000
14.323000
13.753000
15.716000
13.677000
14.356000
14.573000
10.691000
16.133000
6.785000
17.608000
11.367000
14.287000
14.038000
12.518000
11.740000
14.314000
16.086000
17.685000
13.810000
8.727000
17.368000
11.519000
15.735000
13.502000
16.566000
14.074000
15.442000
12.437000
3.841000
12.142000
9.208000
14.343000
13.868000
12.753000
15.210000
15.569000
14.659000
11.671000
10.252000
17.478000
15.867000
17.541000
13.466000
12.216000
21.643000
9.852000
15.868000
11.583000
12.722000
15.310000
4.517000
14.443000
12.962000
11.522000
17.486000
10.985000
13.987000
10.397000
13.156000
13.302000
20.136000
14.469000
14.671000
13.776000
13.716000
15.337000
16.471000
17.960000
9.664000
13.673000
18.732000
12.478000
6.657000
20.003000
13.604000
13.079000
8.464000
16.573000
11.903000
12.258000
18.106000
9.438000
3.842000
20.309000
18.057000
8.862000
13.804000
15.550000
14.683000
17.021000
16.579000
11.393000
14.835000
15.163000
16.583000
16.297000
9.733000
16.623000
13.354000
22.490000
23.415000
10.732000
10.107000
17.685000
15.549000
17.765000
9.128000
10.115000
14.055000
15.733000
10.395000
7.466000
12.784000
12.829000
15.681000
10.286000
20.109000
18.982000
15.126000
14.147000
13.548000
7.539000
7.336000
11.479000
13.025000
15.958000
11.302000
22.685000
13.620000
14.290000
10.035000
11.413000
11.460000
13.778000
9.842000
9.827000
12.703000
7.617000
18.103000
12.970000
14.220000
6.580000
18.555000
14.286000
12.011000
7.521000
13.124000
21.931000
8.107000
6.776000
12.204000
12.981000
8.680000
9.236000
8.793000
10.713000
5.063000
11.208000
11.947000
8.040000
11.781000
17.259000
10.754000
14.096000
16.226000
11.461000
13.226000
14.900000
19.692000
12.813000
13.227000
10.252000
10.985000
15.234000
12.832000
14.080000
16.498000
17.855000
10.049000
11.533000
16.822000
10.996000
13.175000
15.638000
15.268000
7.404000
13.780000
10.984000
9.010000
10.694000
14.195000
9.950000
8.443000
19.032000
20.006000
18.050000
10.444000
17.927000
16.147000
11.749000
12.193000
2.985000
6.985000
14.978000
6.089000
6.676000
14.300000
9.888000
7.823000
4.403000
9.218000
14.310000
12.777000
13.999000
19.024000
12.460000
11.289000
14.264000
15.513000
11.930000
5.705000
10.511000
11.684000
8.719000
14.049000
13.170000
13.019000
11.264000
4.376000
16.714000
7.239000
18.003000
6.512000
11.443000
9.992000
2.290000
21.122000
19.689000
16.075000
15.855000
20.188000
14.182000
12.010000
17.259000
10.696000
9.180000
9.280000
16.848000
10.699000
14.364000
11.462000
13.789000
5.184000
16.756000
12.562000
16.262000
12.316000
9.922000
15.503000
4.952000
15.311000
16.166000
9.164000
7.301000
20.317000
11.693000
16.976000
13.302000
16.765000
3.109000
6.112000
11.647000
11.374000
18.963000
15.070000
15.138000
13.456000
11.774000
14.686000
8.606000
11.481000
13.244000
8.793000
11.664000
20.773000
12.930000
13.091000
15.409000
17.365000
17.232000
5.856000
12.726000
15.307000
14.250000
5.938000
14.021000
10.329000
14.176000
7.102000
11.710000
13.554000
13.169000
9.737000
6.378000
12.563000
17.794000
19.273000
15.421000
9.674000
13.952000
5.783000
12.343000
7.853000
14.860000
4.741000
14.042000
12.076000
8.310000
7.451000
11.105000
17.624000
12.138000
11.528000
12.794000
3.874000
13.107000
11.394000
18.548000
6.303000
9.923000
11.235000
10.768000
12.907000
16.359000
9.050000
12.940000
14.430000
11.508000
10.603000
13.864000
14.953000
15.639000
12.042000
10.226000
8.551000
12.885000
9.069000
16.713000
9.856000
13.376000
9.383000
13.511000
13.955000
10.788000
8.062000
10.897000
14.179000
6.189000
13.598000
13.721000
12.362000
5.364000
9.830000
11.488000
10.357000
9.604000
2.405000
11.261000
16.371000
12.408000
8.899000
11.956000
19.845000
8.973000
12.152000
10.237000
1.994000
9.151000
5.705000
5.829000
10.089000
8.959000
12.046000
8.490000
1.794000
2.518000
5.748000
9.321000
15.806000
4.808000
5.489000
8.934000
10.842000
8.460000
10.578000
13.277000
4.405000
7.362000
13.746000
2.795000
11.318000
5.402000
1.323000
7.419000
10.629000
1.668000
10.484000
0.000000
17.480000
13.270000
7.022000
10.207000
5.371000
9.296000
10.867000
2.293000
2.400000
10.714000
10.332000
10.842000
2.760000
5.333000
9.179000
9.756000
2.866000
13.776000
7.507000
4.968000
0.000000
14.543000
4.373000
7.528000
17.213000
11.924000
12.962000
12.991000
7.627000
7.899000
9.905000
4.733000
9.273000
5.328000
0.237000
7.503000
8.974000
6.273000
5.392000
14.293000
7.951000
4.009000
10.594000
16.508000
14.559000
9.300000
6.844000
14.613000
7.404000
14.392000
1.324000
3.930000
20.028000
13.887000
13.157000
8.977000
14.900000
14.370000
6.521000
21.128000
11.110000
5.872000
10.966000
17.979000
16.660000
4.145000
16.815000
13.677000
0.184000
11.064000
11.104000
4.021000
0.613000
8.026000
7.595000
7.398000
16.396000
15.604000
7.681000
5.401000
0.000000
9.665000
10.830000
7.621000
18.650000
3.424000
11.186000
11.032000
7.521000
7.916000
12.471000
6.799000
8.195000
7.097000
7.982000
7.077000
7.555000
11.899000
6.021000
18.889000
11.527000
3.932000
10.153000
12.348000
9.791000
3.864000
10.621000
17.728000
6.956000
7.612000
9.429000
13.353000
8.438000
8.954000
16.561000
12.855000
12.201000
13.964000
1.178000
14.712000
7.319000
8.295000
5.447000
7.269000
15.090000
9.007000
0.000000
5.756000
7.771000
9.974000
3.023000
4.741000
17.742000
6.726000
5.204000
7.777000
8.567000
3.791000
8.834000
1.814000
4.537000
8.441000
7.327000
8.413000
11.010000
6.882000
5.720000
6.668000
12.214000
7.947000
5.274000
8.190000
5.529000
7.670000
5.395000
7.937000
8.296000
3.738000
7.751000
6.034000
10.759000
5.952000
14.936000
11.040000
9.605000
8.615000
5.282000
2.429000
6.988000
3.307000
9.267000
15.296000
3.994000
8.778000
3.071000
7.972000
6.016000
5.927000
12.470000
15.721000
11.092000
5.698000
12.728000
12.642000
15.405000
13.615000
14.231000
13.026000
17.455000
7.619000
0.000000
15.091000
18.459000
17.015000
10.044000
17.850000
7.723000
9.300000
0.000000
6.442000
8.060000
0.000000
13.545000
0.000000
7.960000
11.989000
13.906000
15.618000
12.200000
12.484000
14.838000
10.500000
11.956000
4.631000
8.818000
9.436000
0.087000
1.445000
12.153000
12.848000
0.000000
0.000000
14.613000
14.092000
13.097000
13.198000
15.703000
7.922000
12.624000
11.848000
19.828000
2.719000
6.815000
0.000000
0.000000
1.804000
0.598000
3.704000
0.000000
10.347000
0.000000
1.920000
6.553000
7.094000
5.979000
1.155000
0.000000
0.000000
3.419000
0.000000
0.000000
0.000000
6.322000
10.664000
5.632000
16.321000
17.661000
12.747000
9.054000
7.213000
0.000000
0.000000
9.710000
0.000000
0.000000
0.682000
2.974000
11.200000
0.000000
10.179000
13.876000
4.285000
0.000000
0.000000
8.269000
11.363000
0.000000
14.574000
11.798000
0.000000
10.881000
14.194000
13.745000
0.000000
2.350000
0.000000
0.000000
0.000000
0.000000
13.919000
12.102000
9.706000
0.000000
11.743000
12.197000
14.817000
8.595000
10.415000
9.131000
0.000000
8.474000
4.301000
10.939000
1.197000
0.000000
13.174000
3.336000
0.000000
9.391000
6.309000
0.223000
9.483000
0.952000
17.743000
16.762000
0.164000
0.000000
8.072000
17.729000
12.082000
0.620000
3.065000
0.000000
2.143000
0.000000
9.475000
0.000000
0.282000
5.200000
11.298000
0.000000
9.408000
9.481000
18.838000
10.299000
8.596000
10.990000
9.487000
4.886000
0.000000
0.000000
1.989000
11.498000
7.707000
16.948000
6.846000
9.257000
0.000000
0.000000
19.937000
12.884000
1.370000
0.000000
9.995000
0.000000
5.806000
6.112000
13.257000
0.000000
8.328000
10.313000
0.000000
0.000000
11.035000
0.000000
4.234000
5.780000
18.033000
10.788000
10.000000
0.000000
7.826000
17.500000
2.982000
14.077000
11.672000
9.892000
4.849000
10.414000
10.919000
16.795000
9.075000
10.168000
7.286000
10.902000
0.607000
0.000000
13.123000
0.000000
10.220000
0.000000
12.134000
12.159000
10.696000
11.215000
12.326000
15.271000
14.955000
15.202000
13.618000
9.159000
3.215000
8.065000
9.964000
8.244000
22.700000
14.517000
0.000000
0.000000
0.049000
7.677000
0.000000
13.145000
15.305000
10.808000
7.960000
12.502000
9.110000
6.995000
9.931000
4.630000
0.000000
2.343000
5.475000
13.242000
0.000000
6.144000
16.262000
6.308000
9.451000
16.828000
8.572000
14.584000
0.000000
8.601000
13.064000
12.716000
13.650000
11.450000
9.593000
13.680000
6.092000
13.367000
13.269000
12.216000
21.268000
11.770000
9.334000
4.362000
0.000000
9.500000
7.958000
14.238000
9.561000
10.303000
7.135000
0.000000
12.151000
2.913000
7.174000
9.353000
16.104000
10.977000
3.172000
4.814000
10.233000
4.637000
4.811000
9.037000
7.005000
11.944000
17.108000
13.512000
8.556000
12.554000
12.838000
13.887000
14.632000
0.000000
16.246000
9.355000
9.256000
12.546000
6.840000
10.769000
0.000000
7.305000
13.633000
7.665000
3.765000
8.544000
12.156000
6.472000
6.650000
10.414000
9.327000
9.771000
11.479000
9.886000
3.489000
12.734000
10.811000
6.018000
16.946000
5.970000
13.649000
5.877000
14.606000
11.734000
6.396000
0.000000
0.662000
12.132000
12.519000
9.754000
4.990000
13.445000
1.918000
15.767000
1.557000
8.527000
12.337000
8.296000
18.689000
16.030000
7.224000
2.589000
6.502000
6.456000
5.236000
14.609000
0.544000
3.710000
12.003000
6.281000
7.271000
0.000000
4.979000
8.296000
5.625000
16.551000
10.892000
19.537000
3.804000
2.087000
11.844000
3.430000
3.948000
2.979000
9.073000
7.548000
3.054000
4.446000
5.831000
11.127000
11.298000
4.498000
2.532000
10.768000
3.246000
9.385000
4.682000
7.222000
13.286000
2.457000
5.787000
11.458000
14.935000
8.217000
9.450000
0.000000
3.891000
0.000000
11.486000
4.958000
11.221000
11.091000
1.172000
9.731000
8.329000
4.756000
13.944000
5.165000
7.428000
15.173000
7.763000
10.806000
8.530000
3.380000
5.157000
3.027000
7.716000
13.110000
0.000000
0.000000
12.218000
6.046000
13.427000
4.483000
5.190000
8.920000
5.973000
4.028000
11.976000
7.860000
6.079000
10.368000
4.218000
4.058000
11.287000
5.237000
11.742000
10.141000
16.766000
10.430000
8.583000
16.737000
13.478000
14.193000
6.238000
14.485000
10.073000
4.435000
0.738000
17.207000
12.000000
4.000000
10.062000
4.782000
8.686000
17.025000
4.112000
16.279000
7.748000
5.740000
5.273000
16.024000
2.537000
13.731000
4.033000
4.435000
9.956000
15.779000
13.890000
0.010000
9.935000
13.161000
8.838000
9.584000
18.891000
10.823000
4.215000
18.262000
11.034000
10.240000
6.482000
8.168000
7.283000
11.253000
13.789000
6.301000
12.847000
10.763000
7.178000
9.555000
10.630000
6.448000
12.817000
11.281000
2.290000
10.896000
7.492000
8.472000
12.963000
12.030000
8.703000
7.217000
8.684000
11.712000
9.036000
7.889000
12.619000
13.880000
12.318000
7.749000
6.575000
2.432000
9.931000
10.312000
1.793000
12.083000
10.023000
11.777000
7.025000
8.424000
8.386000
0.216000
10.928000
5.657000
1.836000
10.147000
10.811000
8.916000
2.598000
6.998000
7.697000
5.635000
7.112000
3.243000
5.075000
7.306000
9.249000
13.257000
11.540000
11.139000
13.126000
11.301000
2.949000
7.151000
5.247000
11.157000
9.797000
11.866000
4.789000
6.389000
8.516000
7.920000
7.744000
8.391000
2.132000
6.470000
12.441000
4.887000
16.437000
4.733000
5.894000
9.181000
9.989000
6.347000
7.777000
7.049000
8.448000
11.593000
7.417000
16.956000
1.888000
11.333000
5.963000
10.649000
6.820000
11.571000
12.719000
5.885000
14.579000
5.134000
11.486000
9.172000
5.004000
16.096000
10.003000
8.072000
4.977000
9.178000
6.239000
9.616000
6.720000
8.272000
8.117000
5.773000
14.461000
15.382000
8.136000
10.584000
9.217000
3.838000
8.740000
11.507000
4.117000
9.190000
13.762000
4.467000
9.387000
13.763000
12.689000
8.892000
16.840000
8.420000
12.024000
6.627000
12.230000
5.708000
15.235000
8.957000
13.252000
8.357000
6.346000
12.654000
9.722000
10.432000
13.128000
8.978000
5.785000
8.279000
12.366000
15.329000
11.889000
8.850000
13.268000
12.629000
8.374000
13.751000
13.357000
15.762000
1.840000
11.847000
14.294000
11.137000
4.234000
0.641000
14.077000
12.185000
4.504000
2.398000
12.798000
11.203000
12.166000
12.243000
6.125000
8.429000
15.640000
6.058000
10.298000
11.269000
13.166000
8.719000
13.092000
11.068000
15.094000
3.131000
18.079000
9.547000
7.258000
6.285000
9.030000
0.000000
11.153000
9.580000
15.647000
5.953000
9.593000
10.262000
4.441000
10.878000
8.667000
6.323000
7.418000
10.941000
11.022000
16.931000
11.952000
7.112000
8.561000
6.232000
7.136000
12.030000
8.652000
3.089000
15.840000
13.276000
8.503000
8.749000
11.576000
6.901000
5.420000
14.265000
9.164000
11.031000
9.248000
7.606000
6.815000
8.746000
9.386000
14.579000
4.532000
15.970000
14.044000
9.367000
13.513000
15.413000
6.731000
11.878000
5.898000
13.061000
10.635000
10.816000
11.555000
8.491000
13.337000
11.377000
15.159000
6.777000
4.837000
7.959000
10.052000
18.883000
9.079000
14.470000
15.424000
9.447000
10.407000
8.322000
12.327000
17.724000
7.898000
6.450000
15.195000
5.829000
10.364000
3.172000
10.006000
13.568000
13.672000
15.336000
11.228000
9.708000
16.914000
14.417000
3.829000
8.887000
16.325000
16.170000
10.616000
10.441000
6.500000
5.828000
2.032000
5.043000
14.690000
10.839000
9.396000
14.420000
14.418000
13.685000
10.971000
13.674000
11.600000
7.315000
19.400000
11.498000
9.485000
13.361000
9.424000
12.647000
9.755000
5.982000
9.999000
8.357000
14.176000
4.702000
9.329000
15.183000
16.690000
8.622000
10.372000
9.821000
11.547000
5.300000
10.225000
9.261000
4.284000
9.523000
10.799000
14.649000
15.770000
12.980000
5.522000
10.330000
11.854000
9.340000
11.010000
10.176000
15.065000
10.130000
10.150000
8.829000
11.694000
8.689000
10.958000
9.092000
11.065000
10.153000
9.131000
11.929000
12.162000
10.649000
7.559000
7.331000
7.693000
6.364000
12.818000
6.869000
13.751000
11.860000
8.449000
11.287000
8.009000
14.496000
12.255000
8.389000
5.148000
15.996000
11.648000
8.659000
8.895000
7.213000
8.996000
13.211000
10.599000
12.701000
12.544000
11.411000
0.524000
12.942000
13.751000
6.450000
14.614000
13.044000
13.128000
9.475000
10.774000
12.112000
10.324000
4.960000
6.305000
17.803000
9.611000
10.907000
11.840000
16.218000
10.113000
8.345000
16.751000
7.639000
12.867000
9.914000
19.043000
9.591000
8.670000
10.734000
9.930000
17.036000
18.898000
12.705000
7.182000
16.883000
7.342000
19.460000
7.364000
13.655000
12.555000
9.476000
14.381000
4.582000
9.845000
3.810000
8.798000
11.989000
6.607000
10.574000
6.362000
3.766000
8.695000
8.689000
6.172000
9.488000
6.285000
4.971000
5.657000
15.077000
8.362000
11.213000
13.691000
3.285000
1.487000
5.546000
9.188000
9.208000
4.067000
9.571000
9.016000
12.491000
12.703000
7.239000
8.758000
7.841000
5.816000
12.515000
13.500000
10.790000
1.013000
15.417000
7.679000
14.047000
11.086000
13.910000
7.480000
10.341000
9.153000
12.043000
7.880000
13.709000
10.476000
10.593000
1.508000
14.323000
8.668000
11.762000
6.763000
9.620000
9.102000
8.587000
8.458000
10.529000
5.978000
8.723000
8.722000
6.500000
2.374000
8.853000
3.124000
10.953000
8.027000
7.133000
7.769000
8.696000
3.661000
7.436000
13.487000
10.957000
9.381000
10.627000
10.203000
10.933000
10.182000
12.205000
13.747000
9.385000
11.085000
10.213000
4.712000
6.914000
3.574000
7.505000
10.304000
12.617000
5.344000
8.090000
5.286000
9.611000
8.604000
7.058000
11.703000
11.461000
7.110000
16.404000
10.406000
4.928000
12.465000
15.577000
6.593000
7.510000
12.376000
9.342000
7.513000
8.713000
8.943000
8.822000
8.829000
12.845000
14.193000
10.668000
12.704000
6.184000
16.726000
6.394000
8.339000
10.974000
8.253000
4.917000
6.865000
12.513000
5.650000
0.000000
10.244000
9.344000
4.167000
6.755000
10.325000
8.760000
11.493000
8.142000
8.178000
17.961000
14.428000
3.102000
3.250000
8.168000
5.499000
5.773000
5.223000
11.048000
10.193000
7.600000
11.348000
11.051000
8.281000
10.438000
11.216000
9.060000
15.034000
5.924000
9.541000
9.009000
3.929000
5.684000
9.968000
15.540000
6.869000
5.289000
10.460000
6.855000
13.457000
6.452000
13.127000
11.695000
8.750000
5.447000
6.024000
10.767000
10.648000
17.486000
7.569000
9.558000
7.446000
12.034000
7.065000
10.148000
4.298000
9.964000
7.546000
8.790000
7.317000
1.824000
11.619000
9.241000
11.816000
6.968000
11.244000
10.881000
10.772000
19.847000
6.464000
15.992000
19.846000
11.985000
16.722000
5.940000
5.989000
12.280000
8.954000
11.515000
10.647000
15.090000
8.144000
7.591000
15.971000
8.253000
10.886000
7.795000
5.452000
10.436000
7.972000
18.380000
7.073000
9.674000
11.170000
12.104000
11.900000
3.888000
8.973000
14.712000
13.573000
6.350000
10.173000
14.258000
10.092000
14.708000
12.999000
7.571000
9.200000
4.086000
7.365000
10.060000
10.446000
6.384000
9.563000
12.600000
9.230000
18.227000
9.831000
10.310000
9.827000
9.471000
8.267000
7.458000
5.675000
11.244000
14.442000
5.896000
4.460000
7.453000
7.583000
13.691000
7.987000
8.751000
12.133000
10.387000
11.395000
9.328000
9.452000
9.439000
13.647000
10.990000
3.132000
11.732000
9.300000
11.895000
9.635000
6.594000
12.610000
13.272000
15.689000
13.895000
17.739000
7.873000
12.308000
12.338000
16.997000
8.132000
8.151000
6.471000
9.309000
7.144000
12.686000
11.191000
9.999000
16.137000
6.494000
11.471000
11.882000
16.175000
8.193000
11.114000
17.213000
7.366000
13.494000
5.678000
12.053000
19.011000
12.621000
12.231000
11.940000
6.052000
10.482000
15.582000
11.021000
16.577000
11.782000
10.257000
7.422000
4.937000
6.913000
17.498000
7.168000
11.855000
8.442000
9.170000
11.456000
4.859000
9.032000
10.273000
10.715000
10.819000
7.500000
3.522000
3.143000
15.855000
9.174000
15.542000
5.397000
5.237000
11.367000
8.516000
15.085000
12.348000
15.946000
7.133000
14.048000
12.144000
8.118000
12.716000
9.195000
15.980000
9.355000
11.575000
11.833000
8.314000
7.138000
10.084000
10.174000
10.045000
0.972000
7.564000
8.284000
11.651000
12.570000
7.901000
10.053000
5.490000
4.326000
13.457000
12.434000
11.484000
11.401000
9.420000
12.233000
7.255000
14.637000
5.543000
17.167000
12.380000
9.311000
13.575000
1.785000
10.417000
5.720000
0.000000
11.277000
16.745000
6.059000
12.653000
12.391000
9.522000
11.427000
8.902000
16.412000
12.730000
10.634000
10.359000
9.520000
12.588000
10.247000
6.547000
8.431000
14.126000
12.470000
9.807000
10.851000
11.308000
12.515000
10.541000
9.826000
9.888000
9.090000
7.104000
11.145000
8.816000
8.420000
5.383000
7.181000
13.547000
17.980000
22.686000
6.903000
6.953000
11.071000
15.252000
12.693000
15.278000
10.035000
11.342000
12.658000
7.085000
13.708000
12.059000
3.778000
10.841000
7.576000
13.465000
15.394000
18.243000
10.177000
15.096000
6.558000
16.645000
12.105000
9.512000
8.953000
11.874000
13.347000
11.214000
4.353000
11.201000
9.152000
10.526000
6.949000
6.390000
11.069000
11.594000
8.866000
4.454000
12.253000
8.155000
1.682000
11.391000
12.162000
15.501000
13.377000
7.321000
8.219000
7.586000
14.287000
18.061000
7.406000
15.780000
12.610000
8.837000
3.910000
11.053000
11.450000
9.487000
15.911000
8.882000
9.299000
5.754000
1.928000
9.617000
7.443000
12.938000
7.894000
10.208000
15.789000
7.721000
11.476000
11.906000
9.255000
8.468000
10.794000
16.187000
14.058000
11.084000
10.530000
10.979000
10.501000
9.447000
14.189000
0.000000
7.372000
3.962000
14.183000
7.813000
4.172000
8.205000
8.580000
13.428000
10.158000
6.231000
9.596000
5.292000
14.608000
10.982000
8.077000
11.786000
15.450000
10.489000
8.224000
8.919000
8.979000
10.273000
7.998000
7.399000
10.982000
12.098000
6.531000
18.530000
17.015000
11.016000
9.667000
14.295000
11.135000
9.672000
8.981000
10.795000
16.651000
5.130000
11.946000
8.722000
2.163000
0.000000
13.461000
7.614000
14.397000
14.214000
6.895000
8.218000
2.824000
6.887000
9.258000
5.582000
14.688000
12.950000
9.886000
9.182000
7.717000
5.202000
12.914000
11.480000
9.343000
9.869000
1.372000
8.155000
9.345000
8.909000
10.275000
9.910000
1.341000
7.449000
6.604000
12.785000
12.348000
0.000000
5.875000
11.747000
0.441000
1.692000
0.176000
12.241000
12.750000
9.267000
12.062000
6.606000
3.186000
6.722000
7.744000
6.004000
0.000000
3.550000
2.925000
0.000000
8.164000
0.000000
8.268000
0.000000
0.000000
0.000000
0.566000
0.495000
7.083000
2.567000
14.463000
0.819000
15.015000
12.088000
2.704000
15.180000
0.000000
10.623000
11.551000
2.167000
14.290000
0.000000
9.858000
0.179000
2.101000
12.563000
3.859000
0.000000
3.524000
12.455000
0.000000
17.977000
0.000000
0.000000
17.334000
0.000000
10.745000
5.394000
6.716000
14.813000
0.000000
4.952000
0.000000
0.000000
13.682000
0.000000
7.427000
1.781000
13.619000
0.000000
5.034000
3.362000
7.247000
4.841000
11.481000
13.133000
12.139000
4.007000
3.312000
0.000000
12.639000
15.972000
4.046000
0.706000
0.175000
0.421000
17.411000
18.028000
2.616000
14.216000
0.869000
7.196000
0.243000
0.000000
10.185000
10.571000
1.551000
0.204000
0.174000
2.529000
3.226000
11.135000
12.602000
12.704000
0.000000
0.000000
10.378000
0.000000
10.658000
0.000000
1.989000
0.000000
6.237000
15.064000
0.046000
2.412000
8.515000
8.181000
12.442000
0.000000
0.000000
11.529000
5.414000
7.058000
11.361000
12.915000
19.240000
5.483000
13.703000
13.355000
4.278000
12.217000
15.010000
0.364000
0.000000
9.257000
5.016000
8.897000
0.000000
5.760000
10.534000
13.449000
0.000000
12.079000
7.032000
17.364000
4.107000
14.093000
7.083000
15.770000
8.243000
16.673000
5.253000
6.200000
17.980000
7.504000
10.910000
15.949000
8.259000
3.322000
9.031000
13.723000
11.877000
10.465000
15.830000
8.083000
10.951000
19.631000
8.932000
3.718000
20.842000
9.501000
19.557000
17.067000
8.905000
0.000000
5.615000
7.709000
7.494000
9.254000
6.823000
9.128000
10.505000
0.000000
7.050000
3.976000
7.900000
16.889000
10.508000
9.146000
0.426000
10.103000
11.325000
7.898000
0.000000
11.767000
8.841000
0.000000
13.351000
0.000000
12.041000
9.446000
3.930000
13.075000
9.210000
9.129000
5.233000
9.326000
0.950000
10.712000
3.144000
5.352000
4.868000
5.621000
2.053000
4.997000
0.000000
9.811000
10.459000
1.787000
11.724000
10.891000
15.486000
4.751000
1.930000
8.261000
6.021000
13.236000
8.020000
0.000000
6.103000
6.587000
12.880000
7.304000
7.029000
6.438000
0.000000
15.401000
12.444000
11.286000
5.096000
13.058000
12.472000
0.000000
9.453000
8.984000
8.561000
13.344000
10.834000
12.731000
10.284000
6.537000
5.578000
13.138000
6.773000
9.866000
8.011000
11.340000
4.423000
5.522000
19.020000
2.987000
8.318000
0.705000
10.593000
13.870000
7.432000
5.655000
0.023000
1.965000
14.597000
3.967000
6.265000
7.095000
0.938000
14.397000
13.520000
6.846000
10.653000
2.172000
3.062000
0.122000
13.250000
7.386000
10.993000
7.458000
8.948000
11.444000
9.793000
7.351000
1.847000
5.778000
7.493000
1.766000
6.954000
2.811000
4.944000
7.036000
5.493000
9.684000
4.431000
7.299000
4.331000
0.000000
12.374000
9.083000
7.450000
1.144000
10.003000
7.841000
8.811000
5.382000
5.651000
7.690000
10.688000
5.253000
2.670000
7.729000
9.265000
1.855000
11.595000
3.662000
9.735000
5.642000
3.582000
9.546000
9.881000
18.766000
11.526000
7.828000
10.557000
4.709000
11.494000
10.526000
6.417000
10.425000
7.251000
7.771000
2.712000
10.425000
5.739000
5.275000
16.981000
10.697000
9.128000
2.980000
19.403000
5.880000
8.751000
7.161000
8.066000
8.643000
4.321000
13.601000
6.408000
5.749000
12.048000
1.995000
14.720000
7.637000
16.399000
3.757000
2.905000
6.831000
5.350000
10.318000
8.291000
9.489000
9.278000
10.071000
11.785000
3.836000
11.549000
12.955000
6.985000
13.307000
6.086000
9.587000
6.522000
9.402000
11.090000
14.239000
6.517000
12.055000
8.282000
14.191000
15.225000
6.675000
14.803000
5.235000
6.985000
9.920000
15.745000
6.186000
9.004000
16.053000
6.062000
9.604000
6.071000
11.877000
5.487000
10.393000
13.804000
15.852000
10.743000
4.652000
5.047000
3.570000
5.210000
9.079000
5.315000
6.023000
5.978000
8.777000
12.731000
6.934000
6.612000
3.830000
5.972000
8.500000
8.701000
11.759000
9.010000
10.403000
4.689000
2.113000
0.363000
4.619000
6.140000
9.354000
9.263000
12.497000
6.741000
9.712000
8.913000
7.816000
6.424000
6.471000
5.700000
3.250000
5.808000
0.000000
10.022000
4.975000
11.465000
7.891000
7.556000
12.599000
6.594000
3.566000
11.257000
6.160000
0.000000
13.758000
7.677000
4.784000
3.898000
0.000000
5.925000
7.800000
2.928000
8.485000
6.859000
4.565000
14.181000
6.811000
4.920000
7.496000
3.087000
4.091000
10.738000
11.763000
3.501000
8.181000
12.181000
6.309000
7.303000
12.211000
0.129000
12.949000
15.973000
2.253000
11.602000
7.067000
8.959000
6.467000
6.142000
5.615000
12.408000
9.558000
5.517000
4.809000
10.599000
0.000000
11.274000
13.735000
10.020000
11.943000
3.853000
5.810000
13.773000
5.857000
1.552000
5.636000
12.823000
6.323000
11.214000
13.681000
11.253000
5.606000
5.300000
3.350000
7.568000
6.355000
10.618000
6.818000
13.431000
2.097000
0.000000
7.287000
11.108000
13.032000
2.837000
2.278000
15.191000
2.493000
6.629000
10.492000
2.397000
9.211000
9.890000
7.038000
1.459000
12.017000
12.014000
2.288000
2.776000
5.338000
10.103000
6.437000
11.727000
4.812000
9.634000
3.408000
1.749000
5.042000
2.549000
12.185000
16.505000
7.157000
4.910000
10.958000
8.675000
13.279000
4.264000
11.577000
5.241000
6.181000
14.203000
5.668000
3.738000
5.581000
11.509000
11.161000
4.845000
6.413000
10.105000
1.948000
9.496000
6.599000
9.003000
9.293000
9.504000
0.000000
12.176000
6.627000
7.992000
2.581000
0.681000
7.129000
3.822000
4.266000
10.117000
6.751000
4.822000
6.195000
5.545000
7.198000
5.797000
6.056000
11.518000
4.308000
0.000000
12.243000
4.729000
5.858000
4.075000
9.807000
4.293000
11.640000
2.184000
2.759000
8.632000
12.606000
0.000000
10.563000
6.301000
4.766000
0.000000
7.030000
6.588000
2.019000
4.749000
7.976000
11.414000
5.634000
0.000000
11.451000
0.262000
4.628000
0.520000
5.051000
0.000000
10.496000
9.960000
7.949000
3.373000
6.682000
6.043000
0.125000
0.000000
7.484000
5.219000
12.862000
0.000000
3.491000
5.714000
0.000000
5.847000
17.473000
10.073000
6.876000
7.016000
5.283000
7.872000
13.708000
7.920000
1.992000
0.000000
5.257000
6.438000
0.000000
0.574000
3.628000
9.375000
1.597000
0.000000
0.000000
1.729000
9.297000
8.059000
2.200000
10.352000
0.000000
4.657000
0.000000
0.000000
0.000000
0.000000
0.000000
0.120000
0.000000
0.000000
0.661000
7.035000
5.770000
0.512000
1.900000
4.361000
0.000000
0.045000
0.000000
0.000000
0.000000
9.441000
5.481000
12.929000
9.561000
7.045000
7.836000
2.703000
0.000000
8.305000
2.348000
7.786000
5.106000
0.000000
0.000000
3.494000
0.000000
7.152000
4.787000
3.866000
0.000000
6.049000
8.993000
5.780000
6.912000
13.978000
7.176000
4.789000
0.931000
9.059000
0.000000
8.877000
0.563000
2.368000
0.000000
0.768000
0.000000
13.078000
4.630000
2.958000
4.961000
7.862000
3.704000
10.396000
7.957000
1.855000
0.000000
4.311000
1.623000
2.054000
7.032000
1.429000
5.405000
14.697000
1.812000
1.429000
8.656000
0.000000
6.333000
14.153000
6.236000
2.121000
0.000000
3.785000
9.049000
1.952000
3.114000
8.450000
0.000000
0.000000
0.000000
0.000000
15.145000
0.755000
1.794000
11.225000
3.430000
5.401000
15.061000
12.193000
9.903000
14.246000
0.000000
1.908000
6.955000
0.000000
2.309000
11.101000
8.342000
9.801000
4.197000
7.293000
8.146000
0.000000
0.000000
3.158000
6.857000
7.288000
11.315000
3.103000
9.340000
1.801000
7.287000
9.462000
7.999000
10.857000
1.178000
0.585000
0.288000
0.000000
8.886000
6.083000
8.020000
15.093000
7.980000
9.576000
9.588000
1.155000
10.908000
6.077000
8.046000
0.000000
7.760000
4.302000
9.036000
8.123000
7.891000
3.837000
15.987000
10.548000
4.397000
0.000000
6.438000
0.000000
6.882000
5.006000
8.562000
7.995000
1.991000
1.735000
5.356000
0.332000
6.224000
0.037000
8.318000
7.705000
5.140000
4.210000
6.049000
8.806000
0.000000
8.872000
0.928000
2.303000
7.026000
16.641000
5.723000
7.808000
13.213000
12.409000
9.831000
0.000000
2.353000
9.036000
9.250000
5.340000
7.776000
0.000000
10.044000
6.749000
8.527000
5.092000
0.000000
9.517000
7.273000
13.087000
10.967000
0.000000
2.908000
4.606000
12.020000
8.986000
9.650000
3.896000
12.562000
7.412000
5.526000
10.790000
0.000000
9.149000
7.359000
4.319000
3.940000
7.021000
10.061000
9.283000
0.000000
4.835000
8.769000
9.011000
8.946000
6.053000
10.228000
8.470000
7.815000
8.886000
13.847000
8.558000
10.742000
6.052000
6.734000
1.353000
6.256000
10.547000
3.457000
4.044000
9.845000
11.946000
8.693000
6.857000
8.197000
11.619000
7.245000
7.240000
5.707000
10.044000
15.112000
8.418000
6.171000
7.054000
9.829000
14.638000
11.201000
5.075000
10.677000
1.550000
5.674000
16.021000
4.925000
0.000000
3.305000
0.435000
8.271000
13.265000
9.737000
8.464000
14.181000
12.509000
7.665000
7.618000
3.546000
0.000000
5.517000
3.428000
3.915000
7.172000
4.600000
8.293000
9.385000
10.160000
9.675000
6.206000
3.882000
14.524000
8.298000
6.613000
12.063000
9.099000
0.000000
3.854000
5.454000
3.773000
4.929000
0.000000
14.844000
5.376000
9.296000
6.448000
9.276000
11.774000
6.396000
5.588000
5.139000
8.635000
8.995000
9.275000
10.485000
11.976000
3.661000
3.673000
13.405000
19.716000
5.837000
6.868000
4.569000
11.345000
6.556000
5.333000
10.466000
3.735000
8.502000
8.151000
8.927000
6.279000
10.233000
12.546000
12.109000
5.734000
4.254000
14.816000
9.984000
11.817000
9.628000
10.348000
8.246000
11.346000
6.890000
12.565000
6.362000
4.752000
6.545000
11.946000
3.912000
7.364000
4.739000
6.146000
11.924000
4.808000
8.248000
10.761000
6.109000
9.682000
8.352000
7.388000
6.902000
5.835000
9.258000
9.971000
5.939000
9.850000
10.473000
5.837000
6.938000
4.431000
1.220000
6.462000
9.971000
11.719000
6.528000
10.549000
12.556000
5.045000
5.515000
9.813000
0.000000
2.182000
5.023000
6.665000
4.637000
8.919000
5.511000
15.269000
7.303000
8.987000
12.747000
6.040000
3.004000
9.995000
12.322000
4.255000
11.860000
10.173000
5.024000
5.643000
4.998000
1.644000
6.647000
13.527000
7.866000
5.518000
7.904000
5.570000
12.524000
15.504000
10.605000
10.922000
15.341000
10.787000
9.291000
14.524000
13.503000
1.291000
10.115000
4.025000
6.927000
9.258000
10.333000
7.062000
5.708000
6.219000
4.613000
14.977000
10.257000
6.110000
10.512000
6.791000
11.997000
15.421000
11.715000
11.596000
4.865000
8.126000
9.641000
7.245000
3.253000
13.135000
8.425000
12.544000
5.813000
5.369000
5.501000
8.274000
9.933000
5.726000
7.628000
8.435000
0.000000
8.303000
7.139000
10.136000
4.966000
3.898000
5.629000
4.798000
8.315000
8.428000
5.747000
9.824000
5.957000
7.111000
13.206000
0.779000
6.823000
11.607000
3.996000
12.196000
8.685000
8.145000
10.830000
5.102000
8.315000
6.794000
12.146000
10.622000
11.875000
11.833000
6.487000
15.154000
10.029000
10.721000
3.557000
7.557000
11.104000
10.129000
3.177000
7.010000
5.118000
6.272000
11.492000
10.488000
10.072000
9.943000
11.549000
3.800000
3.305000
6.109000
3.419000
11.111000
6.425000
9.298000
8.026000
11.113000
10.622000
6.593000
13.005000
8.780000
14.585000
10.366000
5.667000
10.266000
13.403000
10.158000
3.599000
10.235000
0.424000
9.805000
4.987000
4.276000
5.272000
5.373000
6.538000
5.963000
6.505000
6.134000
5.080000
5.174000
10.569000
7.765000
8.630000
2.452000
7.290000
3.692000
13.386000
4.110000
7.332000
14.815000
6.744000
9.725000
5.352000
3.084000
4.753000
8.645000
10.054000
5.777000
4.706000
12.637000
0.729000
6.498000
8.748000
1.661000
4.501000
6.780000
6.629000
12.046000
9.286000
4.843000
11.834000
14.818000
7.114000
3.912000
9.308000
10.208000
6.706000
7.414000
17.361000
5.298000
14.423000
13.819000
13.742000
2.700000
3.121000
0.963000
16.013000
9.503000
5.419000
8.639000
1.799000
7.191000
6.431000
10.645000
4.291000
1.821000
5.214000
4.239000
6.172000
2.897000
6.785000
3.974000
14.888000
5.880000
5.413000
10.578000
9.429000
11.683000
12.656000
15.329000
5.531000
4.485000
8.195000
5.999000
5.363000
12.501000
1.857000
16.916000
13.631000
4.129000
7.002000
13.530000
11.720000
9.678000
12.171000
5.469000
3.519000
4.664000
3.890000
9.658000
7.570000
9.355000
7.065000
5.503000
3.619000
7.051000
4.527000
14.664000
4.053000
6.742000
10.280000
4.671000
8.875000
3.470000
6.963000
9.961000
4.531000
17.593000
7.517000
6.468000
5.558000
3.654000
18.126000
6.096000
18.051000
4.380000
0.125000
9.388000
4.104000
6.928000
4.916000
4.888000
5.001000
4.076000
9.656000
6.676000
9.378000
3.920000
3.035000
3.703000
3.569000
2.944000
8.574000
13.748000
5.429000
19.521000
0.776000
6.458000
4.017000
10.763000
6.032000
2.624000
7.430000
1.734000
2.262000
9.279000
11.164000
3.833000
3.312000
11.624000
3.183000
3.802000
9.864000
10.727000
3.974000
1.010000
5.029000
5.321000
4.220000
8.224000
8.045000
2.505000
5.798000
8.016000
2.900000
4.567000
1.301000
4.760000
10.708000
6.029000
1.891000
5.660000
5.171000
3.196000
5.583000
6.966000
6.928000
6.650000
7.244000
7.469000
4.914000
5.990000
4.893000
8.427000
5.003000
3.337000
5.220000
8.984000
8.102000
10.465000
7.941000
7.987000
11.930000
1.894000
7.629000
7.222000
10.412000
7.315000
3.998000
14.031000
1.518000
10.306000
9.721000
8.580000
4.811000
14.601000
11.048000
21.018000
3.726000
7.363000
7.209000
5.053000
7.630000
3.768000
12.346000
14.754000
10.896000
4.394000
9.020000
8.800000
2.570000
3.759000
3.489000
8.439000
0.000000
8.743000
0.161000
7.983000
2.193000
4.790000
6.218000
6.771000
7.059000
11.413000
5.604000
0.754000
11.933000
9.557000
8.410000
6.883000
5.150000
8.593000
16.859000
9.289000
3.011000
4.739000
12.670000
8.686000
5.186000
1.299000
16.902000
4.836000
8.592000
4.163000
11.847000
4.257000
1.791000
8.004000
4.134000
18.680000
8.761000
7.623000
3.866000
5.947000
5.104000
8.068000
3.864000
5.387000
2.389000
7.929000
5.863000
5.755000
4.244000
13.630000
8.119000
9.566000
5.448000
6.202000
4.303000
6.105000
11.811000
7.081000
11.236000
10.490000
7.895000
1.364000
2.147000
7.648000
7.412000
10.957000
3.004000
10.275000
3.748000
3.480000
7.216000
5.065000
2.029000
6.167000
0.088000
6.796000
5.942000
0.000000
10.259000
6.631000
0.000000
5.188000
9.682000
2.830000
4.084000
6.817000
10.807000
4.113000
8.667000
8.448000
9.161000
9.616000
7.085000
2.975000
17.544000
3.806000
1.585000
5.785000
14.183000
2.410000
4.638000
3.477000
5.670000
8.415000
18.200000
1.947000
7.178000
6.193000
9.136000
3.441000
4.720000
0.188000
3.635000
0.000000
10.701000
0.997000
2.491000
8.407000
7.387000
1.048000
2.543000
1.956000
7.016000
0.485000
0.000000
3.975000
6.399000
1.719000
1.692000
2.989000
4.921000
2.540000
2.114000
8.813000
4.534000
11.543000
10.067000
16.219000
2.151000
3.640000
0.426000
20.487000
4.859000
4.351000
1.871000
4.494000
10.333000
3.248000
4.462000
3.132000
7.934000
2.161000
2.137000
9.400000
5.834000
6.680000
5.761000
0.877000
12.997000
7.742000
12.461000
11.328000
0.000000
4.452000
5.252000
8.345000
0.865000
11.716000
0.881000
0.001000
0.000000
1.046000
1.140000
3.543000
6.472000
0.000000
0.640000
0.814000
3.426000
9.003000
4.595000
18.217000
13.808000
3.491000
0.000000
0.000000
1.046000
9.405000
1.778000
0.000000
7.208000
2.157000
13.571000
11.178000
4.010000
9.118000
3.768000
1.551000
1.454000
6.331000
9.749000
12.754000
6.430000
3.191000
3.024000
9.815000
6.356000
0.305000
1.720000
1.029000
0.762000
4.024000
6.983000
10.391000
3.829000
0.000000
5.288000
9.707000
12.227000
0.778000
22.283000
2.587000
5.228000
0.000000
4.349000
5.022000
5.136000
3.587000
8.693000
7.345000
12.488000
6.154000
11.724000
0.000000
4.624000
1.598000
4.894000
17.669000
22.330000
1.126000
0.062000
7.233000
5.653000
2.607000
0.813000
4.969000
3.424000
6.883000
9.089000
10.288000
6.312000
2.480000
0.000000
0.371000
10.117000
9.935000
6.074000
3.595000
8.025000
1.006000
0.153000
3.387000
11.901000
6.182000
7.970000
6.153000
15.430000
3.289000
11.746000
5.391000
2.000000
2.100000
5.612000
7.999000
2.786000
6.102000
1.367000
6.621000
5.117000
6.707000
9.157000
13.260000
3.603000
2.832000
9.925000
6.744000
9.630000
14.882000
2.607000
1.152000
7.300000
4.801000
0.000000
12.075000
19.091000
4.396000
9.764000
2.013000
12.632000
0.000000
13.641000
6.591000
11.746000
12.038000
0.000000
0.301000
5.399000
3.377000
2.267000
2.718000
1.369000
4.396000
3.747000
6.009000
9.420000
10.561000
6.489000
3.953000
0.000000
0.000000
0.326000
4.386000
10.114000
14.666000
1.225000
3.161000
0.000000
7.331000
2.018000
8.420000
11.762000
3.327000
7.793000
0.984000
4.593000
9.659000
6.361000
11.274000
16.799000
8.114000
6.213000
6.830000
6.244000
8.992000
7.535000
5.785000
6.799000
12.579000
12.888000
5.212000
0.339000
4.218000
6.679000
0.764000
7.513000
9.430000
0.000000
12.893000
17.848000
13.221000
12.805000
0.748000
3.901000
6.083000
4.961000
10.315000
13.971000
14.678000
1.939000
1.917000
7.711000
14.124000
4.955000
8.509000
0.000000
20.705000
11.023000
15.292000
9.796000
10.994000
2.685000
10.162000
8.752000
10.881000
10.275000
12.131000
6.658000
11.832000
21.024000
2.635000
15.022000
13.987000
3.240000
6.245000
4.961000
11.341000
0.803000
6.361000
5.220000
9.707000
2.262000
6.489000
2.908000
9.229000
2.385000
1.704000
5.264000
11.276000
9.585000
9.673000
20.704000
10.252000
9.338000
6.631000
16.567000
2.029000
4.739000
12.319000
0.000000
9.631000
3.815000
10.397000
3.604000
0.000000
4.583000
7.573000
7.381000
5.652000
2.686000
8.304000
2.528000
4.571000
2.445000
4.037000
17.964000
1.002000
3.094000
4.610000
6.850000
12.089000
8.683000
4.775000
10.120000
4.842000
12.994000
11.096000
11.036000
18.908000
10.461000
5.988000
2.248000
10.465000
10.809000
0.000000
8.385000
7.691000
11.256000
10.330000
23.576000
8.833000
5.187000
14.750000
14.775000
16.995000
0.000000
12.171000
9.878000
9.986000
1.750000
7.534000
10.621000
6.753000
4.308000
12.913000
22.564000
10.904000
8.101000
8.043000
13.399000
4.657000
3.278000
3.009000
11.934000
11.192000
9.850000
11.704000
9.563000
8.232000
0.917000
0.329000
10.417000
8.273000
0.000000
4.552000
9.790000
9.758000
3.781000
0.000000
12.101000
14.941000
5.466000
3.832000
10.222000
7.679000
9.864000
0.000000
8.394000
12.170000
6.273000
14.245000
5.867000
10.884000
12.521000
7.432000
0.000000
11.725000
6.516000
9.551000
10.038000
2.493000
4.756000
12.783000
4.448000
8.947000
2.208000
6.456000
6.067000
9.746000
4.158000
3.187000
5.104000
2.938000
7.531000
0.000000
3.735000
8.589000
10.130000
0.000000
10.045000
3.253000
5.689000
0.000000
2.560000
1.526000
7.594000
3.508000
6.964000
7.160000
6.959000
11.763000
9.392000
7.880000
6.981000
9.948000
6.400000
10.559000
1.457000
5.337000
0.000000
2.632000
6.528000
4.199000
8.580000
0.242000
11.878000
5.879000
7.425000
9.984000
4.410000
4.115000
4.704000
4.340000
10.231000
3.914000
1.893000
1.048000
4.873000
6.595000
6.521000
11.648000
0.312000
4.308000
10.728000
1.590000
8.336000
4.754000
5.279000
12.588000
12.354000
5.437000
13.384000
2.621000
9.068000
3.332000
6.538000
0.000000
0.307000
6.032000
2.783000
2.907000
11.068000
2.531000
3.432000
6.821000
5.087000
2.788000
3.076000
7.986000
9.365000
0.000000
0.000000
0.871000
2.593000
1.603000
10.420000
7.182000
1.977000
5.930000
11.219000
6.911000
0.631000
0.000000
4.151000
12.691000
3.280000
1.656000
12.972000
13.749000
6.077000
0.923000
12.496000
11.191000
9.570000
12.053000
2.649000
3.990000
9.623000
13.316000
12.427000
1.504000
11.238000
5.834000
3.636000
2.077000
2.088000
10.220000
2.108000
3.025000
11.382000
14.991000
8.575000
5.317000
24.625000
0.000000
8.779000
12.704000
0.000000
0.000000
1.194000
8.585000
3.490000
8.280000
10.745000
1.992000
10.098000
4.313000
7.594000
14.058000
6.115000
1.745000
2.027000
11.552000
11.840000
8.425000
6.834000
8.125000
12.095000
9.790000
5.052000
14.359000
8.527000
11.869000
18.970000
7.457000
7.630000
13.372000
2.717000
4.562000
11.450000
12.307000
4.386000
6.032000
3.695000
16.952000
4.114000
5.241000
10.875000
0.562000
4.228000
5.252000
6.615000
7.413000
9.039000
10.403000
0.465000
16.307000
9.069000
6.777000
6.157000
9.001000
6.113000
10.364000
9.341000
9.127000
3.782000
9.034000
8.610000
5.722000
6.789000
10.085000
6.488000
10.459000
3.739000
0.888000
4.981000
7.330000
2.057000
1.905000
3.824000
4.853000
7.745000
10.197000
20.204000
6.773000
9.055000
11.588000
1.575000
11.484000
7.094000
4.943000
10.709000
11.831000
8.868000
9.008000
7.527000
1.993000
6.983000
5.591000
7.474000
10.724000
5.032000
9.233000
0.000000
8.151000
6.006000
13.073000
9.882000
7.551000
11.496000
3.711000
5.716000
7.722000
8.433000
9.266000
8.740000
3.819000
6.982000
9.618000
13.979000
11.406000
10.917000
9.479000
8.872000
5.027000
3.949000
4.165000
6.167000
3.993000
3.362000
11.161000
9.488000
5.638000
3.046000
0.838000
7.801000
5.839000
6.207000
11.496000
6.898000
15.282000
6.511000
16.578000
10.093000
4.860000
10.780000
4.574000
4.806000
14.799000
13.563000
6.187000
8.445000
7.322000
6.285000
8.461000
7.222000
13.978000
5.528000
5.312000
11.965000
3.961000
5.268000
14.983000
9.755000
3.339000
16.814000
0.000000
18.355000
9.580000
13.330000
4.124000
9.111000
4.811000
20.853000
8.463000
5.376000
7.185000
15.358000
6.141000
11.449000
13.121000
9.121000
5.415000
10.980000
7.740000
7.925000
7.814000
1.414000
10.568000
12.296000
8.423000
6.647000
0.851000
5.894000
8.087000
6.930000
15.183000
9.715000
8.920000
4.018000
7.739000
19.703000
5.684000
12.228000
4.478000
7.983000
15.487000
11.820000
12.743000
12.501000
16.001000
11.456000
10.568000
5.505000
12.986000
8.585000
6.320000
8.661000
6.220000
5.932000
0.943000
14.707000
13.314000
7.689000
2.850000
5.810000
16.950000
9.348000
4.477000
13.613000
14.151000
15.341000
0.356000
11.293000
6.572000
7.704000
7.328000
6.614000
9.754000
7.806000
6.018000
3.869000
3.141000
9.940000
5.442000
12.099000
8.201000
9.483000
6.261000
13.561000
21.637000
6.220000
14.000000
11.316000
8.653000
11.425000
6.854000
20.092000
12.142000
7.428000
9.962000
10.886000
4.489000
11.604000
9.303000
7.345000
2.422000
16.777000
0.241000
1.790000
15.902000
4.158000
5.838000
13.458000
0.000000
5.637000
11.705000
10.445000
11.248000
3.798000
12.347000
11.247000
6.128000
3.818000
2.443000
0.000000
4.540000
12.647000
2.715000
9.204000
0.901000
3.297000
6.723000
15.628000
11.545000
9.933000
4.722000
5.862000
11.600000
12.016000
4.475000
8.416000
9.034000
6.392000
12.033000
21.694000
5.675000
0.000000
12.531000
1.302000
6.209000
1.670000
0.297000
7.312000
12.416000
5.312000
9.838000
7.563000
4.161000
10.163000
11.773000
3.377000
12.196000
10.824000
13.777000
9.185000
9.913000
12.775000
6.318000
2.408000
6.603000
4.939000
12.196000
22.140000
7.350000
8.267000
13.177000
12.582000
13.745000
14.414000
9.591000
9.645000
13.820000
2.739000
4.976000
0.000000
5.421000
3.647000
10.966000
5.619000
9.217000
10.381000
9.050000
13.381000
12.694000
5.731000
5.983000
11.803000
13.400000
9.095000
3.762000
8.999000
14.139000
4.935000
6.485000
11.547000
4.497000
12.190000
9.862000
3.668000
11.828000
9.768000
9.707000
8.057000
11.814000
9.457000
10.497000
7.670000
5.019000
9.990000
5.371000
4.181000
3.813000
8.326000
13.902000
4.498000
7.334000
5.513000
2.718000
5.263000
12.498000
9.675000
3.784000
3.846000
12.211000
8.561000
0.963000
5.511000
0.549000
9.378000
3.449000
6.317000
13.997000
11.205000
3.981000
4.807000
3.050000
7.393000
6.779000
3.924000
1.205000
10.503000
4.827000
7.189000
8.313000
2.900000
6.353000
2.035000
14.886000
6.700000
0.681000
6.787000
7.064000
4.085000
7.333000
5.087000
5.441000
7.350000
6.742000
10.530000
8.286000
8.917000
0.000000
9.056000
6.809000
0.000000
6.233000
4.497000
7.495000
0.000000
1.904000
2.432000
3.811000
8.601000
2.461000
4.108000
8.584000
5.074000
9.574000
4.152000
0.571000
4.528000
0.045000
1.736000
3.131000
6.834000
3.190000
1.460000
0.000000
6.392000
11.888000
9.420000
2.725000
4.528000
6.035000
8.941000
5.735000
1.979000
8.940000
1.022000
0.251000
9.324000
1.342000
1.872000
1.615000
17.641000
0.000000
0.000000
2.706000
0.688000
4.066000
7.274000
2.598000
7.668000
5.536000
11.445000
0.000000
0.662000
0.000000
10.752000
10.376000
2.166000
0.000000
0.000000
14.957000
3.478000
0.000000
10.142000
6.987000
11.769000
3.700000
4.236000
11.349000
2.388000
9.377000
0.000000
7.938000
3.843000
6.919000
2.121000
6.105000
8.833000
7.254000
1.201000
7.222000
10.650000
2.666000
14.636000
8.138000
0.000000
6.762000
5.070000
4.987000
3.299000
3.985000
5.758000
11.214000
4.648000
5.251000
5.667000
5.341000
12.624000
1.113000
0.000000
10.234000
2.593000
5.553000
5.399000
9.590000
3.316000
4.717000
7.023000
2.338000
6.888000
14.721000
4.070000
6.370000
2.596000
2.583000
1.249000
1.355000
5.363000
12.424000
3.585000
5.999000
10.572000
6.372000
4.003000
5.994000
9.170000
10.639000
10.525000
10.878000
10.890000
9.231000
10.716000
0.702000
3.668000
8.807000
2.950000
3.837000
10.047000
4.480000
6.915000
2.775000
1.988000
8.862000
0.000000
6.154000
6.467000
8.251000
13.366000
19.494000
10.385000
6.176000
3.650000
7.162000
12.832000
10.296000
1.216000
7.504000
7.876000
0.000000
7.137000
1.092000
10.900000
0.570000
4.422000
5.594000
1.891000
7.277000
5.361000
3.261000
9.689000
5.965000
0.000000
8.625000
5.124000
1.614000
0.523000
3.010000
8.147000
0.000000
6.202000
4.392000
8.288000
10.229000
1.032000
12.749000
3.895000
0.000000
4.706000
9.540000
10.056000
0.709000
5.014000
11.151000
3.479000
4.918000
1.464000
3.719000
6.867000
10.660000
2.717000
5.718000
9.270000
13.379000
0.834000
3.747000
11.056000
3.345000
10.089000
3.682000
2.070000
8.673000
3.777000
8.654000
6.584000
12.739000
2.993000
4.535000
3.366000
7.939000
2.334000
6.663000
2.735000
3.614000
1.966000
3.571000
3.338000
5.343000
0.000000
10.445000
10.576000
8.505000
2.694000
6.753000
5.980000
5.971000
5.190000
7.723000
11.362000
1.386000
15.172000
3.394000
3.265000
8.728000
7.791000
9.322000
9.085000
4.580000
9.970000
4.757000
11.191000
3.471000
13.294000
5.657000
5.765000
4.872000
8.720000
6.921000
10.748000
12.872000
5.684000
10.240000
4.882000
11.776000
1.835000
9.553000
18.113000
8.452000
8.465000
18.418000
8.203000
5.572000
10.645000
14.130000
20.904000
8.129000
8.101000
10.306000
7.471000
4.891000
3.016000
4.538000
12.182000
5.257000
12.423000
5.196000
3.009000
3.932000
11.649000
5.153000
4.414000
9.243000
0.014000
8.462000
14.252000
7.251000
9.849000
10.896000
9.037000
10.821000
2.140000
8.657000
2.927000
12.914000
6.710000
11.889000
8.138000
0.142000
12.499000
6.953000
6.295000
1.703000
12.457000
1.206000
1.622000
0.285000
5.086000
10.031000
4.911000
6.674000
1.693000
7.320000
9.306000
9.276000
12.255000
3.901000
12.429000
4.866000
4.543000
6.955000
5.744000
4.945000
11.883000
3.833000
6.719000
0.000000
9.813000
13.249000
1.759000
10.453000
5.804000
8.431000
12.767000
5.663000
7.824000
19.293000
7.240000
6.024000
4.914000
13.491000
15.915000
7.756000
3.778000
3.693000
7.123000
7.185000
0.088000
7.103000
5.884000
3.551000
4.605000
9.804000
5.942000
6.150000
6.225000
1.637000
10.431000
10.340000
3.193000
4.230000
0.000000
12.996000
0.318000
11.264000
7.747000
8.086000
11.486000
7.139000
6.591000
12.173000
6.822000
8.734000
0.495000
2.545000
7.394000
7.365000
12.992000
1.805000
14.758000
4.686000
5.751000
1.527000
6.086000
8.660000
6.716000
9.744000
12.864000
3.583000
4.989000
10.535000
6.266000
6.512000
13.178000
2.600000
4.362000
5.518000
10.839000
9.530000
2.100000
5.206000
2.603000
4.365000
8.397000
5.301000
8.312000
9.717000
6.328000
0.000000
4.314000
0.962000
11.886000
4.605000
12.722000
11.129000
0.000000
1.927000
3.160000
6.517000
4.093000
10.028000
3.844000
10.004000
15.077000
5.238000
8.510000
13.050000
7.541000
4.617000
4.306000
5.216000
2.774000
8.457000
6.979000
5.879000
17.418000
2.001000
6.544000
11.843000
0.870000
8.125000
6.205000
8.693000
11.885000
3.520000
4.916000
22.726000
9.661000
3.176000
0.702000
6.519000
6.331000
7.432000
13.115000
13.317000
10.412000
10.720000
5.496000
7.871000
1.639000
9.307000
13.541000
1.614000
1.629000
9.074000
4.328000
4.494000
15.416000
16.961000
2.089000
4.608000
6.380000
6.793000
2.462000
8.664000
3.540000
4.836000
9.974000
13.097000
3.757000
15.452000
4.586000
3.920000
8.916000
0.000000
6.866000
4.797000
6.030000
9.378000
1.597000
9.190000
8.311000
12.225000
7.308000
7.650000
16.892000
6.961000
6.379000
10.403000
8.035000
7.651000
7.806000
14.328000
14.722000
6.431000
9.194000
9.502000
4.883000
0.695000
13.445000
9.574000
9.496000
12.441000
12.572000
12.839000
10.497000
3.392000
5.371000
6.435000
8.996000
8.103000
11.095000
11.578000
4.926000
8.629000
9.896000
9.769000
12.668000
4.784000
9.976000
1.471000
6.239000
2.874000
17.723000
4.856000
6.096000
8.591000
4.272000
8.152000
7.918000
8.144000
0.899000
3.846000
4.535000
0.000000
3.298000
2.624000
8.781000
14.188000
9.320000
0.294000
7.946000
1.791000
7.223000
2.816000
18.843000
10.950000
13.167000
14.841000
0.000000
10.750000
12.169000
11.091000
0.431000
3.879000
7.947000
9.281000
6.775000
6.657000
9.785000
5.798000
8.445000
2.308000
3.650000
11.349000
8.306000
4.492000
13.970000
3.103000
0.000000
6.317000
7.441000
7.496000
7.754000
9.571000
7.732000
11.601000
8.333000
3.503000
9.681000
13.206000
1.700000
0.000000
11.005000
7.808000
7.895000
4.814000
7.769000
9.454000
3.580000
2.651000
10.567000
10.834000
8.952000
0.630000
3.639000
9.374000
6.965000
0.392000
5.368000
4.284000
8.265000
8.093000
5.260000
7.541000
9.615000
0.000000
10.770000
2.159000
3.773000
3.044000
9.013000
0.810000
7.281000
8.371000
9.656000
4.177000
11.828000
11.442000
2.660000
9.008000
4.164000
3.166000
12.764000
1.075000
12.325000
17.083000
12.874000
10.180000
6.567000
7.072000
5.171000
0.852000
7.054000
10.138000
5.213000
11.082000
3.089000
7.222000
2.917000
7.568000
13.700000
11.586000
8.167000
7.750000
0.000000
7.485000
11.404000
5.740000
18.821000
7.182000
11.746000
14.833000
4.131000
9.363000
8.346000
2.848000
5.610000
7.895000
0.690000
18.689000
4.918000
9.914000
12.002000
5.369000
3.960000
13.407000
3.447000
10.858000
12.409000
8.909000
9.563000
4.525000
10.132000
5.267000
3.118000
4.728000
13.646000
5.801000
0.000000
7.182000
10.142000
7.381000
8.567000
2.503000
10.081000
10.098000
6.765000
4.561000
9.149000
1.800000
14.409000
8.806000
3.957000
7.483000
2.925000
1.515000
11.512000
8.171000
9.520000
3.284000
6.220000
6.037000
1.566000
9.335000
10.323000
6.717000
3.261000
7.559000
6.004000
2.439000
11.254000
1.921000
7.700000
5.674000
7.503000
3.064000
0.061000
0.000000
8.295000
3.324000
8.945000
5.059000
0.050000
11.787000
0.000000
11.476000
0.000000
3.033000
3.272000
1.457000
3.199000
10.826000
2.647000
1.866000
3.153000
0.787000
9.105000
11.618000
11.754000
2.988000
7.589000
10.106000
0.000000
4.057000
5.789000
5.073000
4.656000
8.925000
8.942000
5.313000
7.550000
7.163000
7.614000
11.668000
5.481000
6.094000
4.656000
7.224000
11.472000
12.277000
5.425000
6.984000
11.000000
5.744000
4.012000
3.727000
12.558000
5.132000
3.787000
5.871000
3.641000
4.773000
9.414000
8.549000
4.395000
5.957000
7.232000
5.557000
3.003000
7.899000
6.658000
5.311000
8.469000
2.158000
2.591000
10.553000
6.039000
13.199000
6.890000
9.614000
9.855000
10.252000
6.254000
11.202000
7.120000
3.871000
2.708000
4.981000
10.562000
6.096000
11.474000
6.904000
4.800000
5.668000
3.766000
8.881000
5.514000
6.490000
4.642000
2.687000
8.676000
1.219000
0.000000
3.880000
6.647000
4.021000
10.547000
3.632000
4.954000
5.414000
2.102000
12.945000
2.323000
8.303000
11.611000
4.325000
2.623000
7.995000
3.410000
13.028000
10.105000
11.550000
9.139000
1.584000
3.849000
1.518000
8.104000
0.556000
6.155000
6.447000
11.405000
11.713000
2.626000
0.000000
11.689000
2.735000
0.000000
9.980000
4.644000
4.854000
0.000000
0.000000
6.081000
3.785000
6.787000
6.888000
11.800000
9.400000
4.568000
7.785000
8.513000
3.556000
7.462000
3.345000
9.879000
2.362000
9.529000
14.111000
8.156000
0.000000
5.816000
9.494000
9.063000
3.575000
0.999000
9.277000
8.226000
6.888000
1.333000
5.411000
0.000000
0.000000
2.156000
0.000000
0.000000
7.170000
1.795000
10.096000
0.000000
4.284000
9.803000
0.000000
0.000000
6.891000
0.000000
7.133000
8.754000
0.000000
4.273000
0.000000
9.696000
2.089000
10.031000
2.716000
2.763000
0.000000
0.000000
0.000000
2.729000
7.814000
1.377000
3.753000
8.377000
3.773000
0.000000
0.191000
4.046000
0.000000
0.095000
7.992000
6.913000
11.832000
0.000000
2.732000
0.000000
10.052000
1.921000
0.000000
4.040000
0.063000
0.000000
9.361000
5.222000
10.764000
10.200000
4.296000
0.000000
4.686000
0.000000
0.000000
1.769000
0.000000
1.581000
0.000000
0.000000
0.000000
6.601000
0.000000
0.000000
4.708000
11.225000
0.000000
0.000000
1.300000
8.612000
5.654000
6.204000
0.000000
1.776000
5.947000
7.986000
6.542000
0.000000
6.811000
4.223000
3.943000
2.011000
0.000000
0.171000
0.850000
0.000000
5.340000
3.255000
1.543000
7.001000
1.033000
1.042000
4.564000
0.000000
8.526000
8.673000
0.000000
5.743000
5.757000
3.447000
3.195000
1.515000
1.075000
3.942000
0.732000
7.137000
5.559000
1.787000
13.132000
6.744000
5.861000
2.058000
6.727000
0.000000
7.862000
5.670000
12.559000
7.533000
3.602000
3.452000
3.352000
7.488000
7.660000
5.850000
0.000000
0.742000
6.167000
7.303000
0.000000
12.237000
5.339000
0.362000
3.155000
4.742000
9.401000
0.000000
0.000000
5.143000
4.344000
11.056000
4.424000
4.395000
4.502000
6.413000
9.368000
0.940000
4.530000
6.081000
0.343000
8.098000
8.150000
3.755000
3.742000
6.002000
11.217000
0.000000
6.658000
10.207000
5.576000
7.027000
3.042000
0.000000
0.000000
6.251000
1.786000
0.000000
4.559000
0.220000
8.460000
13.412000
5.761000
3.827000
11.737000
4.019000
6.680000
11.667000
0.000000
0.000000
12.690000
7.442000
0.000000
0.000000
0.000000
5.205000
3.766000
8.171000
2.470000
0.000000
7.374000
3.836000
7.932000
0.527000
3.862000
12.147000
10.297000
6.258000
0.000000
9.664000
7.213000
0.274000
6.346000
5.510000
4.625000
4.239000
1.347000
1.371000
11.187000
10.091000
6.308000
7.816000
1.155000
8.166000
3.572000
10.973000
7.720000
6.822000
5.555000
6.785000
0.000000
3.277000
10.730000
9.881000
3.222000
1.735000
0.000000
0.000000
10.652000
3.762000
13.215000
6.069000
9.077000
7.254000
7.693000
1.966000
4.705000
10.336000
5.488000
2.861000
0.222000
5.545000
8.176000
4.698000
0.000000
5.825000
7.647000
7.522000
1.743000
2.387000
5.960000
3.524000
11.937000
0.000000
6.967000
6.304000
6.708000
0.000000
8.786000
7.898000
6.477000
3.485000
1.532000
9.279000
2.008000
6.192000
3.835000
9.279000
0.113000
3.131000
0.000000
0.000000
0.140000
10.120000
0.236000
8.509000
5.721000
13.825000
8.099000
10.087000
4.186000
5.364000
4.123000
10.965000
1.402000
4.182000
9.006000
3.216000
5.840000
10.135000
6.139000
0.000000
7.096000
10.581000
5.547000
0.000000
0.949000
3.846000
3.541000
0.000000
9.382000
7.539000
0.568000
3.108000
4.473000
3.838000
14.602000
4.057000
2.875000
0.060000
0.780000
1.876000
9.617000
0.000000
7.942000
6.791000
5.634000
14.262000
8.051000
10.370000
3.248000
9.061000
6.505000
4.442000
3.980000
9.554000
4.414000
0.000000
1.658000
8.940000
10.963000
9.799000
1.117000
0.082000
1.472000
3.214000
13.343000
6.371000
3.456000
0.239000
7.160000
5.728000
0.000000
11.449000
2.298000
6.530000
0.000000
8.976000
2.709000
6.312000
3.237000
13.049000
4.671000
0.126000
7.230000
2.413000
6.420000
7.288000
15.319000
13.346000
2.461000
0.000000
3.530000
12.867000
16.426000
0.893000
0.000000
12.776000
4.163000
4.282000
5.492000
1.416000
10.470000
10.225000
10.882000
7.858000
1.204000
8.082000
10.492000
0.000000
0.000000
10.719000
4.270000
3.983000
9.979000
0.000000
0.000000
2.052000
6.410000
0.000000
7.414000
11.117000
10.554000
1.337000
1.442000
0.000000
6.281000
2.100000
3.386000
0.000000
5.398000
0.000000
0.000000
1.095000
0.000000
4.475000
0.000000
0.000000
3.466000
3.396000
1.109000
11.523000
1.565000
1.875000
11.603000
0.000000
6.631000
0.000000
8.943000
11.677000
5.016000
2.524000
10.096000
4.540000
0.000000
2.356000
0.000000
8.121000
3.247000
0.801000
0.169000
2.047000
9.577000
0.000000
7.688000
0.000000
0.785000
1.595000
0.000000
5.888000
5.634000
8.767000
0.000000
3.096000
5.104000
1.367000
0.000000
5.697000
12.480000
0.000000
10.323000
2.194000
3.029000
12.450000
3.909000
2.187000
2.108000
3.454000
7.246000
10.375000
0.000000
1.718000
12.151000
5.468000
0.374000
0.000000
5.971000
0.000000
10.142000
5.274000
10.887000
2.070000
0.000000
0.000000
0.000000
8.461000
0.000000
0.532000
0.277000
0.000000
0.000000
9.420000
0.000000
11.187000
2.091000
0.000000
1.585000
0.000000
10.640000
0.000000
0.000000
0.000000
6.185000
6.258000
0.373000
1.338000
3.040000
0.000000
0.000000
0.000000
0.000000
0.553000
0.000000
2.711000
0.000000
12.340000
0.000000
0.000000
0.000000
0.000000
12.836000
3.351000
6.067000
0.000000
2.119000
2.516000
0.000000
4.281000
0.000000
1.240000
4.067000
0.000000
0.000000
1.483000
1.406000
4.975000
0.000000
4.863000
12.188000
3.499000
3.810000
4.435000
5.660000
0.000000
0.000000
0.000000
1.022000
0.000000
0.000000
0.000000
5.098000
0.000000
3.584000
0.000000
4.214000
12.051000
3.868000
7.447000
4.813000
10.919000
0.000000
3.674000
6.440000
0.000000
3.159000
8.957000
0.000000
0.000000
4.215000
0.000000
0.000000
3.741000
0.000000
2.834000
0.000000
2.328000
7.690000
0.000000
0.000000
0.000000
3.159000
0.000000
5.228000
0.000000
0.000000
4.829000
0.000000
0.000000
4.809000
4.822000
5.067000
0.000000
3.201000
0.000000
0.000000
3.724000
3.160000
0.000000
0.000000
7.387000
2.580000
0.000000
1.084000
0.000000
7.959000
0.000000
7.489000
0.000000
0.000000
0.000000
3.931000
0.000000
0.000000
0.000000
0.000000
6.676000
1.056000
0.000000
3.526000
2.424000
2.981000
6.103000
11.765000
4.713000
3.910000
0.000000
0.000000
0.000000
1.448000
0.000000
1.473000
4.877000
0.000000
5.414000
7.791000
0.000000
0.000000
0.000000
8.428000
0.000000
8.364000
9.619000
0.000000
2.630000
4.272000
2.047000
0.000000
9.489000
0.000000
0.000000
0.000000
0.116000
4.282000
4.761000
0.000000
0.000000
0.000000
0.000000
5.080000
3.978000
0.000000
6.703000
0.000000
0.000000
2.656000
0.000000
4.586000
0.000000
0.000000
1.932000
5.095000
5.158000
0.000000
4.538000
3.355000
0.845000
6.725000
1.694000
0.000000
0.000000
0.000000
3.998000
7.943000
2.424000
0.000000
0.909000
0.000000
0.851000
7.238000
0.000000
0.000000
5.243000
2.058000
0.000000
0.000000
0.000000
2.523000
0.000000
0.000000
2.027000
0.000000
0.670000
0.000000
9.450000
4.311000
0.000000
0.000000
0.000000
7.227000
0.249000
0.000000
2.797000
5.425000
0.000000
0.000000
4.216000
3.653000
3.253000
0.000000
0.000000
0.000000
0.000000
0.000000
0.000000
0.000000
8.428000
1.977000
0.000000
2.217000
0.000000
0.214000
0.000000
0.000000
1.007000
0.000000
0.000000
0.289000
0.000000
0.000000
0.000000
0.303000
7.753000
0.000000
6.391000
3.271000
3.537000
3.758000
2.879000
3.150000
0.000000
0.000000
1.249000
0.000000
0.000000
0.000000
0.000000
0.000000
1.235000
8.436000
0.000000
0.000000
0.446000
0.888000
0.194000
2.270000
0.000000
2.542000
0.000000
0.000000
4.174000
0.000000
2.640000
0.000000
3.785000
3.542000
3.052000
0.000000
6.331000
2.125000
0.000000
2.952000
0.000000
0.000000
0.000000
3.045000
0.033000
0.000000
0.000000
2.223000
0.000000
0.795000
0.000000
7.511000
0.000000
0.000000
3.553000
0.000000
4.805000
0.000000
3.521000
5.819000
4.946000
1.994000
1.652000
0.000000
1.795000
0.000000
0.000000
0.000000
1.287000
1.578000
4.372000
0.000000
4.505000
0.145000
0.063000
0.000000
0.825000
1.489000
2.471000
0.000000
1.420000
0.000000
0.000000
0.787000
0.000000
0.000000
0.000000
0.000000
0.000000
0.000000
0.000000
0.000000
4.984000
0.018000
0.000000
3.088000
0.000000
0.000000
4.787000
0.000000
0.000000
1.893000
0.000000
0.000000
1.354000
4.976000
1.167000
0.000000
2.244000
0.096000
1.671000
1.638000
0.000000
1.373000
2.149000
0.000000
3.541000
3.160000
0.595000
4.869000
0.000000
0.000000
0.000000
0.000000
0.000000
0.000000
0.000000
3.726000
0.661000
0.000000
0.000000
0.349000
0.000000
0.000000
5.332000
0.000000
0.819000
2.847000
0.238000
0.745000
1.946000
3.907000
0.745000
0.000000
0.000000
0.000000
0.219000
0.750000
0.000000
0.000000
0.000000
0.135000
0.000000
0.000000
0.000000
0.000000
0.000000
5.758000
1.272000
0.000000
0.000000
0.000000
1.675000
0.000000
0.000000
1.072000
0.111000
1.125000
0.000000
0.045000
1.369000
0.006000
0.000000
2.257000
0.000000
1.709000
0.000000
0.000000
0.000000
1.396000
0.000000
0.000000
0.000000
0.000000
0.433000
0.000000
0.000000
0.884000
0.000000
0.000000
0.000000
0.000000
1.447000
1.430000
0.000000
4.115000
0.000000
4.266000
0.000000
0.000000
0.000000
2.908000
1.639000
0.000000
1.023000
0.000000
0.000000
0.000000
2.692000
0.761000
0.000000
0.000000
0.000000
0.000000
0.000000
0.000000
0.000000
0.000000
0.569000
0.000000
0.000000
0.071000
0.000000
0.706000
0.202000
0.332000
2.560000
0.000000
2.407000
0.000000
0.301000
0.000000
0.000000
0.762000
0.000000
1.015000
0.533000
1.329000
1.235000
1.043000
0.000000
0.000000
0.000000
0.000000
3.644000
0.209000
0.244000
2.203000
0.000000
0.000000
0.000000
0.000000
0.855000
0.000000
0.000000
2.748000
0.541000
3.229000
3.057000
3.502000
0.000000
0.990000
0.000000
0.773000
0.000000
0.000000
1.800000
0.035000
2.454000
0.000000
0.000000
0.151000
0.000000
5.414000
1.955000
0.000000
0.000000
0.737000
0.000000
0.000000
0.202000
0.000000
0.000000
0.549000
0.000000
2.891000
0.000000
0.000000
1.826000
0.000000
0.000000
0.000000
2.315000
2.677000
0.000000
3.356000
2.691000
0.648000
0.000000
0.000000
0.000000
0.000000
0.000000
0.000000
0.161000
0.000000
0.000000
0.000000
0.000000
0.750000
0.000000
3.155000
0.000000
0.995000
0.000000
0.000000
4.183000
0.000000
0.000000
0.491000
0.000000
0.072000
0.000000
4.398000
0.000000
1.397000
0.000000
4.274000
0.000000
2.860000
0.131000
0.000000
0.046000
1.010000
0.000000
0.940000
1.722000
2.848000
0.000000
2.906000
0.000000
0.000000
1.748000
0.000000
1.990000
0.000000
0.593000
1.978000
0.019000
0.000000
1.656000
0.000000
0.000000
0.000000
8.103000
3.004000
1.588000
0.000000
1.726000
0.000000
0.000000
2.456000
0.000000
0.328000
0.000000
1.709000
0.881000
1.119000
0.000000
5.256000
0.000000
0.000000
0.000000
1.646000
1.934000
0.000000
0.000000
0.404000
0.000000
0.000000
0.000000
1.993000
0.000000
0.000000
2.448000
1.300000
0.000000
2.594000
0.000000
0.436000
0.612000
0.000000
2.211000
0.000000
0.000000
0.675000
0.000000
1.603000
0.000000
0.000000
0.079000
0.000000
0.000000
0.000000
2.895000
2.638000
2.653000
0.165000
0.817000
0.000000
0.551000
0.000000
0.824000
1.159000
0.000000
0.000000
0.000000
0.000000
1.155000
2.924000
3.270000
2.788000
0.000000
1.179000
1.516000
3.378000
0.292000
0.000000
0.000000
0.774000
0.414000
3.523000
0.000000
3.848000
0.000000
3.234000
0.000000
2.016000
0.439000
1.156000
0.846000
1.552000
3.737000
0.000000
0.766000
0.145000
0.379000
0.000000
1.098000
0.740000
0.000000
1.265000
0.000000
0.000000
0.664000
0.000000
4.954000
1.929000
1.232000
0.000000
0.000000
0.000000
0.000000
0.573000
0.000000
0.000000
0.000000
0.449000
0.000000
2.809000
0.718000
0.060000
1.576000
2.132000
0.091000
0.000000
2.200000
1.136000
4.238000
0.000000
0.000000
0.312000
1.160000
2.243000
0.788000
0.000000
0.000000
0.787000
0.000000
7.077000
0.000000
0.350000
0.259000
0.000000
0.312000
0.000000
0.000000
0.000000
0.374000
0.441000
3.280000
0.000000
0.000000
0.000000
0.583000
1.170000
0.000000
0.000000
1.359000
1.240000
0.000000
0.000000
0.000000
0.000000
0.000000
0.000000
0.000000
2.472000
0.000000
0.439000
1.214000
0.334000
0.000000
1.797000
0.530000
0.671000
2.220000
0.000000
2.488000
0.644000
0.000000
0.000000
0.000000
0.705000
3.077000
2.805000
2.157000
0.000000
1.197000
1.041000
0.550000
0.861000
0.143000
1.927000
0.000000
0.000000
0.941000
0.000000
0.122000
4.902000
0.440000
3.017000
0.000000
1.064000
0.068000
0.000000
0.699000
0.000000
1.854000
1.274000
2.890000
0.000000
1.874000
3.163000
0.281000
0.000000
1.613000
2.108000
0.000000
0.264000
0.839000
3.035000
0.000000
1.078000
0.000000
2.232000
0.000000
0.000000
0.769000
1.790000
0.716000
2.417000
0.276000
3.020000
0.339000
2.775000
0.000000
0.000000
0.000000
0.000000
0.000000
0.000000
0.000000
0.158000
0.100000
3.723000
1.731000
0.303000
2.401000
0.350000
2.666000
1.736000
0.071000
0.788000
0.000000
1.591000
0.000000
0.000000
0.000000
0.000000
2.480000
1.062000
0.000000
0.000000
0.000000
3.607000
0.162000
2.198000
0.000000
0.563000
0.000000
0.000000
0.000000
0.000000
1.274000
0.000000
0.000000
0.000000
0.000000
0.000000
0.000000
0.000000
2.679000
0.000000
0.000000
0.000000
0.019000
0.000000
0.000000
0.000000
1.105000
1.303000
1.085000
0.057000
1.707000
0.000000
0.882000
0.651000
0.000000
0.000000
0.610000
0.000000
0.822000
0.708000
0.000000
0.000000
1.461000
0.000000
0.000000
0.000000
0.714000
1.562000
1.773000
2.924000
0.000000
0.388000
0.383000
0.000000
0.000000
0.087000
3.053000
0.000000
0.000000
0.000000
2.352000
0.000000
3.647000
0.000000
0.055000
0.000000
2.043000
0.000000
0.008000
0.000000
0.885000
0.973000
0.000000
0.000000
0.000000
0.000000
0.251000
1.503000
0.000000
0.256000
0.776000
0.048000
1.496000
0.751000
0.008000
0.000000
0.401000
0.000000
2.725000
0.000000
2.403000
2.205000
0.205000
1.175000
1.874000
0.000000
0.006000
1.690000
1.903000
0.000000
1.888000
0.522000
3.212000
0.000000
0.000000
0.000000
0.000000
1.069000
0.706000
1.371000
4.588000
0.000000
0.000000
0.000000
2.302000
0.000000
0.000000
1.617000
0.000000
3.133000
0.000000
0.048000
0.000000
0.000000
0.000000
0.000000
1.994000
0.000000
0.000000
0.000000
0.000000
0.000000
0.000000
0.000000
0.000000
0.167000
2.268000
4.357000
0.000000
0.161000
0.383000
2.600000
0.637000
0.000000
0.000000
2.146000
0.000000
0.998000
1.198000
3.630000
0.774000
0.000000
0.000000
0.000000
0.000000
0.000000
0.000000
1.541000
0.000000
0.522000
0.000000
0.155000
0.000000
0.000000
0.000000
0.000000
0.000000
0.000000
2.122000
0.166000
0.000000
0.000000
0.626000
0.000000
0.000000
4.191000
0.294000
0.238000
0.396000
2.004000
0.000000
0.941000
1.479000
1.739000
0.000000
0.000000
1.078000
0.171000
0.006000
0.681000
0.000000
0.000000
2.708000
1.805000
2.376000
0.000000
0.000000
0.229000
1.332000
0.000000
0.000000
0.878000
0.000000
0.000000
2.121000
0.000000
0.417000
1.184000
0.189000
0.000000
0.000000
0.000000
0.000000
0.000000
0.571000
0.000000
0.784000
1.305000
1.564000
0.000000
0.000000
0.000000
0.000000
0.000000
0.000000
0.624000
2.027000
0.229000
0.000000
3.136000
0.000000
2.629000
1.210000
0.106000
1.311000
0.000000
0.000000
1.291000
0.000000
0.657000
0.000000
0.000000
1.242000
0.110000
0.000000
0.638000
0.000000
0.000000
0.000000
1.434000
0.000000
0.000000
0.000000
0.000000
1.243000
0.000000
0.000000
0.000000
0.616000
0.332000
0.000000
0.816000
3.261000
0.736000
0.000000
0.000000
0.000000
0.000000
0.000000
2.841000
0.000000
0.000000
0.000000
0.000000
0.000000
0.000000
1.488000
0.000000
0.000000
0.156000
0.000000
0.745000
0.000000
0.000000
0.000000
1.692000
2.428000
0.274000
1.308000
0.000000
1.393000
0.000000
0.583000
0.000000
2.782000
0.000000
0.484000
0.000000
0.286000
0.000000
0.000000
0.000000
0.000000
0.564000
0.000000
0.151000
0.608000
1.312000
1.890000
1.753000
0.000000
0.186000
2.362000
0.000000
0.822000
1.142000
0.996000
0.000000
0.000000
1.017000
0.000000
1.087000
0.000000
2.373000
0.000000
0.635000
0.000000
0.000000
0.414000
0.000000
0.583000
0.225000
0.336000
0.000000
0.000000
0.000000
0.000000
0.000000
1.336000
0.000000
0.207000
0.032000
0.943000
1.158000
0.000000
0.923000
2.862000
0.000000
0.252000
1.068000
0.083000
0.000000
0.000000
0.000000
0.798000
1.356000
2.623000
0.000000
0.000000
0.183000
0.178000
0.959000
2.419000
0.101000
0.212000
0.276000
0.775000
1.853000
0.054000
0.854000
0.000000
0.441000
0.000000
0.000000
0.000000
0.016000
0.277000
0.000000
0.000000
1.380000
0.000000
0.000000
5.519000
1.051000
0.940000
1.387000
0.754000
0.000000
0.000000
0.000000
0.619000
0.000000
0.967000
0.000000
0.613000
1.031000
0.000000
1.143000
0.107000
1.845000
1.374000
0.000000
1.242000
0.000000
0.000000
0.517000
2.370000
2.246000
0.000000
0.000000
2.603000
0.000000
0.000000
0.000000
0.273000
0.000000
2.709000
0.558000
1.098000
0.000000
0.144000
0.000000
0.000000
0.568000
2.616000
0.000000
0.615000
1.262000
1.877000
2.100000
0.542000
2.961000
0.000000
3.619000
0.000000
0.000000
1.892000
0.000000
1.317000
0.000000
0.000000
0.000000
0.000000
0.000000
0.000000
0.000000
2.761000
0.459000
0.000000
1.163000
0.000000
0.617000
0.111000
0.000000
0.000000
0.000000
0.000000
0.000000
0.000000
3.983000
0.639000
1.216000
0.000000
1.919000
0.306000
0.000000
0.233000
2.041000
1.797000
1.357000
0.000000
0.000000
1.825000
0.000000
1.311000
0.000000
0.598000
0.000000
0.773000
0.000000
2.813000
0.431000
1.694000
0.141000
0.984000
1.425000
0.290000
1.389000
0.000000
0.000000
0.000000
0.000000
1.150000
0.000000
0.000000
0.415000
0.000000
0.000000
0.000000
0.000000
1.235000
0.000000
0.000000
2.090000
1.374000
0.000000
0.000000
0.000000
0.000000
0.423000
0.068000
0.962000
0.000000
0.446000
4.474000
0.000000
0.873000
0.000000
1.292000
1.032000
0.000000
0.000000
0.000000
0.704000
0.294000
0.000000
0.293000
0.000000
1.037000
3.651000
1.170000
0.000000
4.603000
0.000000
0.000000
0.469000
0.000000
0.000000
0.443000
3.713000
0.000000
2.277000
1.252000
0.000000
0.000000
0.183000
0.000000
1.326000
1.252000
0.000000
0.000000
0.607000
0.957000
0.000000
0.000000
0.815000
0.683000
0.471000
0.754000
1.327000
0.434000
0.000000
3.226000
2.789000
2.226000
0.000000
0.000000
1.088000
0.822000
1.499000
0.000000
0.000000
1.805000
0.000000
0.000000
1.366000
0.000000
0.000000
0.000000
0.000000
0.000000
0.203000
0.000000
0.000000
0.000000
0.366000
0.733000
0.000000
0.327000
0.000000
0.000000
0.000000
0.000000
1.408000
3.208000
0.000000
0.770000
0.217000
0.000000
0.509000
0.000000
1.821000
0.000000
0.659000
1.442000
0.702000
0.000000
0.000000
1.968000
0.000000
0.000000
0.671000
0.000000
0.000000
0.000000
1.764000
0.000000
0.000000
0.000000
1.566000
0.000000
0.000000
1.326000
0.000000
0.000000
0.000000
0.000000
2.059000
0.209000
0.612000
0.029000
0.000000
0.000000
0.000000
0.000000
0.263000
1.786000
0.000000
0.000000
0.845000
1.098000
0.000000
2.498000
0.000000
0.000000
1.275000
0.611000
1.778000
0.000000
1.137000
0.000000
0.001000
0.362000
0.000000
0.388000
0.000000
0.000000
0.000000
2.620000
1.280000
1.234000
0.000000
0.000000
0.000000
0.168000
1.545000
0.000000
0.660000
0.830000
0.000000
0.000000
0.000000
0.000000
0.000000
0.343000
0.000000
0.000000
0.000000
0.000000
0.000000
0.157000
0.564000
0.000000
1.562000
0.525000
0.000000
0.000000
0.771000
0.000000
0.000000
0.000000
0.000000
0.055000
0.765000
0.700000
0.308000
0.000000
0.000000
0.000000
0.006000
0.000000
0.879000
0.000000
0.094000
0.000000
0.000000
0.000000
0.000000
0.000000
1.460000
0.305000
0.000000
0.000000
1.618000
0.000000
0.951000
0.299000
1.596000
0.000000
0.675000
0.000000
0.000000
0.000000
0.287000
0.000000
0.691000
0.000000
0.431000
0.000000
0.000000
0.000000
0.000000
0.000000
0.000000
0.631000
0.234000
0.000000
0.242000
1.225000
0.000000
0.000000
1.517000
0.000000
0.000000
0.000000
1.883000
0.000000
0.000000
2.166000
0.000000
0.000000
0.000000
0.000000
0.000000
0.000000
1.391000
0.864000
0.551000
0.000000
0.000000
0.000000
0.000000
0.000000
0.586000
0.000000
0.000000
0.000000
0.501000
0.000000
0.059000
0.780000
0.000000
2.089000
0.290000
0.000000
0.239000
0.000000
1.022000
1.240000
0.000000
0.402000
0.000000
0.000000
0.000000
0.000000
0.014000
0.576000
0.000000
0.000000
0.336000
0.000000
0.261000
0.000000
0.000000
0.000000
0.000000
0.000000
0.000000
2.037000
2.432000
0.041000
0.000000
1.093000
1.140000
0.000000
0.169000
0.000000
0.605000
2.328000
1.276000
0.000000
0.659000
1.039000
2.070000
0.000000
1.055000
0.000000
2.475000
0.000000
0.029000
1.203000
0.000000
0.000000
0.249000
0.000000
1.454000
0.000000
0.000000
0.000000
0.000000
1.180000
0.323000
0.000000
0.000000
2.494000
0.000000
0.000000
0.159000
0.272000
0.000000
2.390000
0.625000
0.000000
1.917000
1.834000
0.818000
2.277000
0.000000
0.000000
0.000000
0.387000
0.629000
0.000000
0.303000
0.683000
1.377000
1.628000
0.199000
2.522000
0.821000
0.000000
2.798000
1.454000
0.000000
0.000000
0.218000
3.434000
0.000000
0.473000
2.706000
0.000000
0.910000
0.000000
2.490000
0.000000
1.030000
0.000000
1.214000
0.000000
0.000000
0.000000
2.565000
0.000000
0.331000
0.000000
1.021000
0.000000
0.433000
0.000000
0.000000
2.932000
0.081000
0.564000
3.821000
0.000000
2.099000
1.528000
1.285000
0.954000
1.195000
1.278000
0.000000
0.968000
0.764000
0.000000
0.806000
0.000000
0.000000
0.000000
0.646000
0.000000
0.073000
0.900000
1.887000
0.000000
0.596000
0.000000
1.187000
1.113000
1.315000
0.000000
0.132000
0.157000
0.000000
0.221000
0.305000
0.000000
1.284000
0.048000
0.000000
0.000000
0.000000
