18.616000
14.313000
16.621000
16.703000
19.435000
18.411000
20.005000
20.276000
18.416000
22.613000
22.017000
18.819000
17.246000
21.346000
23.989000
21.874000
18.788000
13.378000
19.705000
14.733000
22.234000
25.198000
15.091000
22.115000
24.267000
17.339000
16.424000
14.892000
14.506000
24.455000
24.134000
20.614000
12.105000
22.146000
21.082000
13.144000
16.645000
14.682000
11.767000
24.076000
14.329000
9.607000
7.751000
16.243000
10.501000
15.102000
17.781000
9.067000
15.780000
13.639000
15.843000
13.721000
13.909000
8.965000
19.163000
5.054000
16.285000
12.146000
19.089000
13.143000
17.444000
9.549000
24.013000
13.975000
10.607000
10.177000
16.348000
14.780000
19.513000
8.823000
9.451000
11.693000
15.911000
13.167000
14.270000
12.138000
11.839000
12.536000
16.079000
15.449000
13.708000
14.755000
11.010000
15.953000
12.138000
12.511000
12.918000
11.318000
14.231000
14.392000
21.280000
12.700000
18.050000
11.528000
12.781000
7.104000
17.740000
13.270000
13.708000
14.606000
8.793000
14.025000
15.355000
8.595000
15.549000
11.211000
8.656000
6.570000
16.279000
12.147000
14.303000
17.593000
14.036000
8.458000
11.732000
10.788000
13.257000
12.100000
13.287000
13.092000
12.784000
11.174000
12.177000
12.316000
11.248000
11.053000
13.353000
7.234000
10.895000
10.603000
11.010000
14.176000
12.362000
8.932000
13.680000
13.620000
13.442000
5.130000
12.489000
9.604000
11.261000
18.584000
6.000000
10.908000
16.645000
13.887000
17.856000
17.232000
13.628000
11.145000
12.962000
15.863000
14.900000
12.794000
10.693000
17.527000
15.018000
15.106000
17.980000
12.417000
14.021000
13.964000
11.749000
11.164000
14.498000
16.241000
14.038000
11.030000
17.952000
13.497000
13.057000
10.714000
15.181000
15.126000
12.155000
11.064000
15.411000
11.186000
12.877000
9.396000
12.885000
12.862000
12.816000
13.615000
14.427000
11.263000
13.465000
14.522000
12.000000
12.907000
16.280000
19.043000
17.685000
9.026000
7.521000
20.124000
10.737000
17.835000
11.932000
7.135000
11.453000
11.154000
7.681000
11.413000
10.985000
16.226000
14.668000
12.656000
10.670000
13.668000
17.373000
11.710000
16.713000
17.826000
12.320000
11.989000
16.412000
16.448000
14.147000
13.604000
9.090000
9.856000
13.198000
12.940000
9.664000
18.648000
8.899000
11.629000
15.168000
16.366000
15.569000
18.103000
17.455000
14.930000
13.833000
11.386000
13.731000
15.946000
13.883000
7.683000
9.122000
8.118000
11.781000
16.141000
11.723000
13.005000
13.591000
5.783000
21.123000
19.094000
15.735000
13.156000
9.069000
11.394000
11.461000
10.606000
6.776000
16.579000
9.827000
14.977000
21.452000
18.349000
17.607000
10.357000
18.541000
15.503000
15.044000
16.916000
13.583000
17.087000
12.869000
16.651000
10.768000
13.868000
15.174000
17.519000
12.748000
11.587000
12.753000
19.060000
16.917000
14.956000
12.716000
18.449000
15.868000
10.982000
15.459000
20.593000
7.083000
17.512000
12.409000
25.800000
15.876000
14.541000
9.410000
17.634000
14.368000
17.623000
15.926000
11.836000
20.334000
17.419000
14.483000
14.110000
14.353000
13.575000
21.788000
18.288000
16.805000
11.558000
10.759000
20.549000
10.284000
17.132000
16.696000
16.769000
10.601000
18.140000
8.736000
11.899000
19.634000
18.713000
11.140000
17.337000
8.981000
15.867000
12.506000
13.709000
12.784000
17.814000
18.325000
22.109000
14.123000
11.281000
23.729000
14.279000
14.431000
16.530000
20.798000
21.309000
6.874000
12.343000
19.054000
19.514000
12.703000
11.637000
22.759000
13.644000
21.652000
14.272000
20.003000
16.418000
18.125000
17.486000
13.778000
15.861000
10.489000
14.001000
14.941000
18.503000
12.747000
18.815000
9.593000
23.342000
13.537000
13.133000
20.739000
23.336000
8.442000
23.932000
20.180000
16.104000
13.376000
16.821000
11.195000
17.528000
13.297000
13.504000
11.261000
21.106000
20.816000
14.286000
17.688000
16.847000
18.699000
14.088000
15.527000
16.519000
16.519000
12.343000
14.165000
16.096000
12.119000
11.473000
16.119000
19.237000
24.028000
20.951000
12.003000
17.259000
13.762000
11.724000
14.124000
15.584000
13.773000
18.173000
18.529000
15.331000
21.582000
15.357000
15.910000
15.813000
6.635000
10.770000
10.432000
15.097000
8.595000
11.683000
18.562000
17.770000
4.455000
15.156000
12.065000
19.596000
13.209000
12.216000
10.400000
9.865000
14.860000
14.898000
14.791000
17.749000
12.941000
13.124000
20.124000
14.936000
14.585000
14.592000
14.476000
17.151000
14.122000
19.047000
16.505000
15.967000
19.478000
14.299000
19.353000
15.991000
14.815000
27.303000
15.425000
13.247000
11.890000
7.534000
10.955000
17.449000
11.820000
13.958000
21.801000
12.207000
12.683000
12.109000
14.613000
15.706000
19.680000
15.759000
17.616000
14.573000
14.493000
17.799000
13.554000
13.244000
14.835000
14.560000
11.325000
11.324000
9.418000
14.469000
12.432000
13.774000
15.829000
8.107000
14.989000
13.770000
15.801000
22.808000
10.023000
18.311000
15.944000
10.397000
21.661000
10.165000
16.754000
21.274000
18.423000
16.309000
9.394000
14.888000
8.880000
21.522000
7.553000
11.536000
9.352000
8.321000
9.743000
10.893000
13.329000
14.882000
13.290000
19.134000
6.339000
15.209000
9.890000
19.821000
20.208000
18.526000
12.828000
13.217000
6.886000
15.401000
10.238000
10.696000
5.886000
20.934000
11.068000
23.403000
10.619000
10.082000
12.796000
11.830000
6.742000
21.204000
9.960000
10.960000
11.981000
10.449000
11.412000
13.829000
15.333000
12.257000
8.790000
11.093000
12.037000
9.806000
14.364000
13.716000
18.749000
9.929000
9.383000
7.254000
13.233000
9.180000
14.365000
11.045000
12.935000
10.725000
15.521000
10.497000
13.949000
11.808000
8.914000
17.714000
10.117000
10.379000
16.840000
18.295000
16.348000
15.576000
14.152000
19.413000
16.093000
11.432000
4.915000
17.810000
14.290000
20.098000
11.158000
18.963000
10.516000
10.581000
16.533000
13.442000
5.214000
14.182000
12.134000
16.455000
14.516000
5.536000
22.655000
13.357000
18.898000
17.256000
18.548000
12.003000
20.361000
21.928000
11.313000
15.689000
4.859000
13.754000
11.748000
18.559000
16.484000
10.657000
8.424000
11.343000
8.783000
5.700000
11.713000
10.441000
14.543000
12.759000
15.091000
14.055000
10.544000
14.959000
17.272000
15.223000
16.902000
11.368000
16.321000
10.801000
20.794000
13.019000
8.038000
8.727000
6.924000
23.274000
18.527000
24.727000
11.514000
11.093000
14.452000
10.083000
9.990000
21.643000
17.844000
15.045000
8.119000
18.979000
13.519000
10.385000
15.638000
12.328000
2.642000
9.178000
10.253000
10.402000
18.180000
7.697000
7.248000
12.315000
16.203000
15.603000
10.380000
9.396000
10.526000
12.664000
23.032000
9.749000
11.109000
13.561000
16.193000
10.398000
10.383000
8.606000
10.547000
10.701000
15.687000
6.646000
17.854000
8.760000
16.138000
11.725000
16.437000
17.492000
13.227000
12.870000
16.848000
16.490000
15.100000
16.114000
9.264000
4.854000
8.315000
14.103000
11.700000
12.085000
16.527000
6.364000
10.555000
11.448000
11.642000
10.094000
17.564000
19.236000
9.425000
12.041000
15.667000
8.273000
8.901000
18.154000
10.297000
17.518000
7.830000
7.597000
14.623000
17.366000
21.122000
12.847000
9.442000
17.937000
2.897000
17.669000
11.279000
12.200000
8.838000
16.465000
19.940000
6.562000
12.959000
13.894000
12.963000
17.927000
9.627000
9.599000
23.253000
10.407000
6.731000
16.793000
12.046000
11.464000
14.997000
14.626000
17.254000
16.277000
15.725000
15.234000
17.535000
14.998000
15.583000
15.183000
22.147000
8.199000
16.725000
17.025000
10.979000
21.768000
11.821000
10.655000
10.773000
20.958000
14.138000
18.866000
15.787000
23.307000
17.608000
8.236000
13.318000
5.208000
12.898000
13.417000
13.485000
13.064000
15.094000
6.799000
16.689000
16.103000
12.656000
18.493000
14.094000
20.765000
10.649000
16.660000
10.879000
13.808000
14.363000
8.934000
12.974000
18.979000
5.210000
13.003000
5.481000
13.804000
7.859000
15.066000
13.577000
21.282000
17.223000
7.482000
14.528000
18.013000
17.848000
7.912000
16.158000
9.785000
10.810000
15.322000
14.698000
17.990000
12.048000
8.835000
9.095000
13.335000
16.623000
8.451000
12.101000
15.666000
9.052000
11.627000
17.424000
19.071000
23.109000
14.028000
1.828000
17.960000
11.580000
15.902000
17.491000
13.052000
11.302000
14.006000
14.197000
10.752000
13.819000
14.188000
11.489000
13.031000
5.912000
15.831000
8.176000
15.269000
14.513000
8.660000
20.529000
15.548000
12.143000
9.997000
9.431000
14.506000
6.331000
17.167000
8.977000
8.102000
28.270000
11.404000
7.959000
5.668000
7.059000
14.311000
11.310000
15.124000
14.016000
6.683000
15.350000
8.712000
11.515000
13.692000
17.239000
16.133000
10.790000
6.528000
11.414000
10.876000
14.686000
6.312000
16.498000
11.726000
7.078000
9.729000
10.078000
14.569000
9.647000
8.930000
10.083000
9.419000
4.571000
7.533000
12.809000
7.519000
9.019000
9.058000
9.897000
17.512000
10.456000
10.641000
10.771000
13.412000
10.594000
9.015000
14.134000
9.327000
19.664000
23.599000
12.024000
10.546000
6.312000
13.711000
8.313000
8.862000
13.520000
13.624000
10.442000
21.342000
14.838000
15.690000
16.270000
6.673000
13.769000
7.155000
12.141000
11.853000
13.469000
10.771000
16.747000
7.647000
13.044000
11.580000
10.449000
11.945000
11.629000
9.958000
10.937000
11.861000
16.804000
15.470000
13.439000
13.302000
7.286000
16.535000
12.977000
8.129000
10.630000
10.308000
9.416000
14.128000
9.212000
29.457000
9.080000
9.156000
19.411000
8.554000
21.033000
7.246000
14.157000
11.393000
7.648000
6.957000
14.412000
16.590000
5.792000
25.690000
12.832000
15.446000
17.584000
24.601000
6.600000
10.401000
13.999000
18.099000
13.031000
29.075000
9.888000
14.554000
14.317000
11.463000
9.339000
16.262000
8.561000
8.271000
11.477000
12.768000
16.263000
17.739000
17.660000
10.119000
18.444000
7.568000
5.625000
17.792000
13.073000
10.207000
8.032000
13.704000
14.804000
13.776000
19.631000
16.696000
15.294000
11.208000
13.762000
4.447000
24.881000
15.645000
10.709000
13.026000
9.979000
13.677000
4.403000
19.082000
11.042000
14.300000
12.088000
28.457000
8.248000
18.909000
10.868000
19.629000
15.130000
11.594000
15.639000
29.917000
10.316000
9.674000
9.934000
8.333000
16.093000
13.983000
11.164000
12.172000
14.162000
7.478000
7.464000
9.358000
24.046000
14.782000
11.357000
5.598000
7.692000
13.593000
18.611000
9.160000
11.837000
7.758000
13.050000
11.836000
8.931000
10.386000
10.578000
20.816000
17.594000
22.644000
11.727000
14.456000
15.704000
14.089000
10.364000
15.411000
11.903000
13.766000
10.455000
5.576000
14.304000
10.968000
26.291000
9.867000
15.210000
7.352000
14.496000
4.822000
26.786000
22.402000
5.842000
12.977000
9.230000
11.532000
13.004000
9.208000
14.903000
6.537000
20.597000
27.176000
23.681000
14.221000
12.840000
13.476000
21.041000
23.163000
20.405000
15.519000
15.216000
14.632000
12.163000
10.115000
19.693000
15.831000
19.151000
17.045000
3.863000
11.237000
9.194000
12.627000
24.655000
22.376000
7.764000
9.427000
9.358000
13.917000
13.214000
8.915000
10.035000
12.084000
7.503000
19.367000
14.333000
23.531000
13.152000
21.492000
22.083000
9.458000
25.396000
10.463000
13.149000
17.043000
25.219000
16.133000
11.547000
27.629000
21.119000
11.725000
13.826000
7.468000
8.542000
7.480000
10.839000
9.739000
21.965000
12.768000
17.253000
11.181000
22.432000
11.043000
4.669000
8.758000
13.132000
8.125000
10.111000
8.666000
9.967000
23.217000
5.014000
11.583000
14.579000
10.412000
12.990000
10.571000
26.904000
7.588000
18.379000
15.004000
20.096000
12.413000
4.377000
8.531000
13.660000
19.717000
19.692000
12.057000
19.177000
12.030000
15.756000
7.370000
17.022000
9.351000
12.707000
14.900000
9.355000
13.126000
23.557000
6.420000
14.700000
12.411000
7.936000
10.232000
10.907000
13.069000
25.473000
12.197000
19.832000
15.770000
10.574000
10.419000
10.550000
7.287000
11.930000
9.134000
16.285000
13.079000
22.561000
15.755000
9.030000
11.648000
4.909000
13.203000
11.886000
15.345000
9.728000
14.743000
11.032000
15.804000
13.656000
9.280000
7.291000
15.073000
9.865000
14.772000
6.141000
12.265000
21.590000
9.735000
11.070000
20.007000
13.190000
19.127000
11.788000
17.430000
20.950000
20.830000
17.277000
10.165000
6.940000
24.591000
16.651000
21.549000
24.558000
17.009000
9.115000
17.837000
10.656000
8.965000
13.713000
4.632000
11.131000
14.448000
10.309000
11.851000
15.276000
23.418000
11.464000
10.195000
4.995000
7.548000
20.444000
9.420000
10.440000
25.033000
22.549000
24.912000
12.165000
10.996000
10.484000
12.622000
12.299000
7.066000
12.245000
6.946000
10.427000
15.408000
14.888000
14.064000
9.717000
16.596000
16.252000
17.373000
8.984000
21.977000
14.080000
9.618000
11.175000
10.100000
8.140000
16.346000
12.235000
19.614000
15.795000
14.474000
5.494000
9.984000
16.327000
10.429000
13.987000
8.058000
18.156000
8.907000
15.763000
22.326000
12.556000
11.034000
11.953000
15.547000
13.364000
10.355000
21.334000
7.943000
11.537000
12.630000
17.587000
9.399000
18.311000
15.090000
13.074000
16.759000
13.067000
8.529000
14.805000
12.150000
19.079000
11.686000
23.795000
6.879000
10.073000
13.883000
9.747000
15.345000
13.573000
14.499000
25.501000
13.555000
16.805000
13.213000
13.267000
10.653000
11.798000
24.755000
11.672000
13.972000
10.618000
18.521000
11.508000
16.605000
12.820000
10.537000
26.580000
20.663000
11.420000
15.533000
14.803000
14.378000
18.857000
20.787000
15.041000
16.433000
16.425000
16.257000
13.381000
16.668000
21.869000
14.855000
10.035000
13.828000
12.348000
18.256000
15.679000
14.220000
18.511000
15.965000
18.350000
13.541000
11.903000
15.088000
10.584000
21.765000
7.591000
11.568000
8.684000
12.366000
12.929000
12.540000
12.549000
7.604000
11.654000
8.360000
7.461000
8.077000
13.205000
20.475000
18.586000
17.295000
11.244000
15.127000
21.055000
9.813000
10.169000
13.729000
12.763000
9.037000
19.484000
17.909000
13.923000
11.335000
13.711000
6.016000
12.271000
17.624000
14.695000
12.811000
17.034000
13.726000
11.982000
15.370000
19.441000
17.064000
10.751000
15.882000
12.142000
12.018000
11.305000
10.482000
8.625000
8.385000
15.822000
13.503000
21.672000
14.848000
9.497000
13.030000
19.031000
12.172000
7.239000
11.845000
14.560000
10.273000
16.355000
11.475000
11.763000
11.577000
10.300000
19.375000
19.025000
11.645000
10.420000
17.360000
8.624000
19.895000
23.039000
11.355000
14.112000
22.822000
9.730000
11.235000
9.111000
9.123000
12.620000
16.122000
15.223000
13.435000
12.005000
14.578000
7.927000
15.120000
21.782000
11.703000
9.697000
24.665000
15.770000
9.225000
6.189000
17.844000
5.252000
10.458000
5.360000
10.080000
19.136000
12.468000
18.838000
10.685000
8.727000
21.102000
25.488000
11.296000
5.052000
16.252000
20.322000
10.775000
15.376000
17.717000
8.248000
15.918000
11.184000
5.455000
12.180000
16.974000
14.387000
10.516000
19.873000
12.013000
16.689000
13.396000
18.999000
5.469000
17.367000
15.456000
9.582000
16.682000
15.429000
23.934000
20.863000
15.528000
15.227000
3.961000
17.592000
16.111000
12.569000
7.420000
21.147000
19.234000
23.727000
12.153000
16.294000
16.309000
8.152000
11.667000
21.157000
7.632000
8.041000
17.271000
2.997000
3.280000
4.948000
19.824000
5.596000
2.215000
6.530000
18.367000
16.895000
7.153000
4.250000
14.749000
18.319000
6.047000
7.010000
0.617000
4.533000
9.860000
18.193000
18.786000
5.991000
5.259000
6.247000
2.525000
13.290000
5.728000
8.798000
15.759000
7.169000
2.758000
21.055000
5.469000
21.677000
5.281000
8.322000
4.013000
9.352000
23.565000
7.180000
5.348000
15.442000
22.681000
5.597000
26.009000
9.743000
6.552000
5.540000
19.847000
3.105000
3.278000
5.182000
4.883000
4.352000
8.948000
5.891000
8.285000
11.973000
10.151000
18.894000
10.631000
11.034000
13.613000
5.405000
11.568000
8.082000
6.265000
5.803000
19.207000
8.663000
13.710000
19.355000
21.931000
20.389000
5.069000
13.452000
7.980000
20.135000
1.866000
8.670000
15.700000
10.616000
8.692000
7.070000
7.794000
3.519000
10.052000
17.555000
15.867000
8.752000
11.592000
21.247000
25.174000
10.667000
13.380000
7.972000
5.625000
20.366000
10.250000
16.765000
25.416000
14.880000
23.390000
19.568000
6.941000
5.398000
13.737000
8.863000
6.261000
9.218000
5.006000
14.940000
9.523000
13.384000
12.302000
6.278000
6.570000
3.956000
11.173000
4.827000
14.659000
18.577000
12.937000
10.615000
12.216000
20.046000
14.958000
20.619000
4.853000
7.167000
2.621000
18.669000
6.520000
4.769000
19.675000
21.268000
16.492000
7.949000
12.806000
14.430000
11.157000
3.952000
4.729000
4.167000
8.217000
8.407000
15.837000
10.600000
8.176000
3.508000
7.981000
18.925000
6.527000
1.671000
4.015000
13.085000
8.119000
10.378000
8.183000
18.252000
8.282000
8.491000
3.038000
16.025000
5.184000
26.185000
3.321000
12.839000
8.707000
4.925000
9.876000
20.896000
5.219000
17.214000
5.859000
4.034000
5.218000
2.766000
7.822000
17.090000
9.050000
1.150000
11.232000
20.490000
3.544000
10.392000
4.291000
12.989000
12.563000
15.791000
6.540000
3.771000
16.811000
12.497000
13.681000
4.593000
12.722000
12.565000
16.756000
5.503000
6.632000
5.442000
2.024000
4.486000
6.548000
6.967000
8.181000
9.092000
18.535000
15.422000
3.285000
7.281000
13.044000
12.346000
5.415000
7.205000
11.975000
10.280000
8.405000
11.626000
8.499000
6.089000
15.780000
11.034000
8.190000
8.104000
1.181000
13.060000
12.063000
5.860000
19.309000
10.225000
10.653000
8.764000
11.112000
15.314000
13.382000
12.112000
14.592000
4.481000
11.931000
6.785000
12.136000
13.296000
8.817000
3.039000
15.017000
8.401000
14.458000
17.155000
21.358000
5.123000
14.490000
8.685000
19.029000
8.802000
4.038000
14.029000
9.732000
4.353000
6.733000
23.052000
20.191000
12.217000
6.234000
13.454000
18.560000
4.377000
10.113000
16.741000
13.102000
14.880000
15.093000
11.462000
6.089000
8.282000
15.415000
15.492000
13.199000
10.638000
19.612000
17.636000
14.496000
14.548000
12.996000
10.380000
14.096000
11.660000
14.426000
5.065000
12.800000
7.753000
18.822000
10.792000
3.525000
21.406000
6.143000
12.536000
9.355000
11.060000
15.960000
11.334000
5.270000
14.049000
11.684000
13.951000
6.826000
10.275000
15.149000
19.116000
19.622000
8.117000
15.371000
13.445000
10.856000
18.945000
11.401000
12.373000
5.880000
14.314000
3.510000
20.309000
5.478000
12.511000
14.512000
6.258000
14.313000
18.650000
13.488000
15.198000
17.650000
9.893000
6.227000
12.590000
18.544000
12.189000
12.962000
7.232000
11.007000
8.208000
11.541000
4.898000
3.775000
7.829000
15.499000
13.313000
10.239000
10.713000
9.852000
7.935000
10.364000
8.352000
11.883000
24.557000
6.649000
7.367000
18.555000
7.677000
5.197000
4.059000
10.704000
9.025000
8.514000
5.833000
11.519000
23.270000
7.192000
5.586000
11.520000
7.920000
8.045000
10.048000
9.863000
22.700000
8.264000
6.689000
8.146000
21.927000
9.439000
16.878000
7.458000
7.266000
14.384000
3.236000
6.104000
5.634000
9.409000
7.679000
7.800000
14.261000
11.945000
12.396000
9.573000
17.399000
10.154000
7.363000
9.266000
19.125000
5.102000
7.950000
11.170000
11.327000
2.126000
10.020000
7.778000
6.715000
9.845000
10.692000
16.777000
10.643000
13.224000
7.189000
15.816000
10.841000
10.293000
12.193000
8.756000
13.218000
10.558000
10.103000
4.513000
12.314000
0.563000
5.173000
9.431000
8.169000
14.080000
8.858000
8.915000
8.954000
11.089000
12.113000
0.000000
10.863000
11.480000
12.793000
6.676000
19.701000
12.541000
0.324000
17.437000
6.366000
5.024000
4.771000
15.409000
10.486000
10.802000
8.318000
5.174000
12.000000
2.927000
6.177000
20.157000
5.931000
7.399000
14.626000
7.024000
13.170000
10.323000
17.434000
8.538000
15.225000
13.992000
13.105000
9.959000
6.181000
15.925000
2.582000
11.203000
6.749000
8.473000
9.843000
13.091000
11.697000
10.196000
10.487000
4.283000
13.491000
12.834000
2.342000
6.393000
13.973000
12.982000
3.357000
2.972000
18.832000
4.508000
7.406000
6.758000
22.184000
4.699000
12.786000
11.750000
11.844000
12.752000
4.082000
10.228000
9.798000
5.640000
9.530000
1.438000
15.589000
17.728000
9.260000
4.645000
3.408000
0.411000
6.713000
4.713000
12.782000
7.486000
9.704000
3.227000
15.232000
9.328000
17.938000
3.841000
4.129000
9.733000
11.820000
9.730000
0.000000
4.105000
12.868000
4.517000
2.955000
2.290000
7.161000
7.581000
5.375000
9.788000
3.771000
8.592000
1.085000
10.583000
6.436000
3.391000
10.332000
15.269000
13.526000
0.000000
6.076000
9.217000
8.359000
9.513000
3.492000
4.976000
10.453000
6.919000
9.870000
3.967000
5.956000
3.924000
7.911000
6.380000
11.045000
6.156000
0.000000
15.041000
5.124000
4.337000
6.072000
3.842000
4.053000
3.452000
5.144000
12.731000
1.010000
4.969000
6.012000
2.299000
4.634000
2.681000
2.397000
8.965000
9.579000
5.587000
3.353000
5.829000
7.388000
3.780000
18.964000
5.458000
5.228000
5.194000
6.752000
3.235000
11.644000
4.845000
3.995000
17.545000
9.267000
12.291000
7.870000
12.837000
7.733000
1.486000
5.512000
4.655000
11.301000
9.349000
10.214000
3.474000
5.993000
3.271000
3.558000
5.422000
1.117000
14.272000
1.984000
5.748000
7.352000
11.897000
12.413000
1.577000
11.481000
4.726000
3.176000
4.141000
5.502000
7.778000
12.830000
6.054000
5.497000
5.356000
5.684000
1.464000
1.475000
5.761000
8.346000
2.460000
2.101000
10.484000
3.970000
6.111000
1.323000
4.545000
10.867000
10.842000
2.547000
8.786000
3.629000
2.904000
6.838000
2.943000
17.307000
9.164000
2.874000
6.264000
10.594000
12.926000
5.054000
7.056000
5.237000
15.973000
5.822000
9.828000
2.230000
9.167000
5.716000
12.703000
13.548000
8.328000
10.702000
4.754000
8.139000
5.395000
3.747000
4.715000
7.571000
11.674000
6.899000
7.899000
9.395000
7.888000
3.977000
0.729000
14.765000
12.906000
3.193000
8.048000
9.900000
3.953000
5.154000
3.874000
13.835000
5.270000
14.268000
5.050000
4.408000
9.088000
8.633000
5.626000
5.979000
4.482000
7.358000
7.555000
10.830000
3.932000
1.755000
4.537000
14.276000
9.413000
8.318000
2.193000
12.000000
2.410000
9.164000
5.030000
16.375000
10.097000
0.237000
4.399000
13.334000
8.954000
14.242000
7.544000
4.200000
21.128000
16.997000
7.178000
9.594000
6.949000
4.095000
15.037000
4.908000
2.866000
0.000000
6.193000
1.787000
6.822000
8.331000
7.505000
5.333000
5.856000
5.801000
2.705000
14.755000
4.011000
5.437000
5.802000
2.476000
15.763000
14.175000
3.994000
2.278000
5.920000
12.424000
11.951000
3.773000
5.939000
9.483000
8.606000
6.499000
5.532000
8.092000
2.329000
5.036000
6.606000
9.909000
9.429000
7.616000
6.640000
9.064000
3.983000
1.858000
4.090000
12.514000
7.237000
10.204000
6.637000
2.308000
4.340000
11.322000
5.018000
10.886000
7.102000
6.200000
7.513000
16.182000
2.405000
11.569000
17.342000
1.610000
10.756000
11.159000
7.094000
16.138000
12.377000
8.249000
6.109000
0.743000
5.810000
1.721000
1.369000
8.548000
11.472000
6.185000
9.168000
5.377000
11.503000
3.493000
8.027000
12.705000
3.597000
4.259000
2.363000
1.515000
2.611000
5.784000
3.574000
7.752000
0.000000
7.228000
2.729000
0.548000
4.216000
5.464000
6.578000
11.743000
7.971000
12.377000
13.192000
11.845000
2.447000
15.637000
7.620000
8.214000
11.200000
5.499000
7.383000
4.547000
11.763000
4.401000
13.215000
6.119000
11.348000
9.421000
12.451000
1.013000
0.543000
9.521000
7.097000
7.191000
11.678000
12.526000
3.563000
14.096000
7.683000
0.299000
15.675000
5.055000
3.556000
9.153000
12.829000
8.608000
2.429000
11.776000
10.048000
11.596000
6.435000
6.550000
15.146000
6.565000
12.218000
7.247000
6.378000
4.588000
6.134000
0.000000
16.665000
15.004000
4.807000
6.822000
16.009000
6.674000
17.142000
7.049000
2.390000
13.355000
9.108000
12.447000
15.151000
9.152000
4.460000
5.806000
6.451000
1.179000
11.181000
15.371000
8.418000
11.757000
8.568000
8.123000
2.713000
3.794000
15.684000
8.025000
3.016000
1.911000
5.364000
0.000000
10.416000
5.521000
3.652000
7.058000
8.033000
1.428000
2.416000
8.713000
10.340000
3.791000
13.767000
5.733000
5.468000
6.017000
18.505000
9.578000
6.154000
11.576000
10.746000
8.339000
1.419000
11.689000
7.571000
10.668000
11.404000
7.465000
0.933000
8.791000
8.092000
8.752000
5.941000
13.874000
11.006000
15.720000
2.537000
11.376000
4.145000
22.631000
8.783000
4.726000
10.569000
10.825000
7.478000
4.376000
11.725000
6.232000
12.541000
12.723000
4.159000
11.781000
7.179000
13.357000
5.543000
9.251000
11.541000
10.626000
6.051000
9.116000
9.152000
14.932000
5.308000
22.134000
13.080000
0.970000
8.784000
5.596000
9.078000
2.793000
7.000000
6.514000
9.242000
12.577000
7.985000
8.621000
9.475000
9.699000
8.348000
9.249000
10.774000
0.613000
10.517000
11.167000
17.046000
20.723000
9.452000
11.334000
11.785000
11.731000
12.123000
16.404000
12.332000
9.644000
8.404000
18.463000
8.558000
7.659000
6.199000
5.508000
11.008000
10.781000
27.189000
5.392000
10.045000
20.170000
9.341000
4.441000
5.145000
14.381000
6.386000
9.430000
11.379000
14.126000
21.933000
9.840000
8.027000
4.741000
4.095000
10.713000
5.148000
14.932000
11.555000
6.855000
15.178000
11.467000
13.027000
9.843000
15.149000
7.404000
12.570000
11.886000
15.267000
9.016000
7.190000
12.870000
14.198000
4.296000
12.565000
12.551000
8.357000
11.010000
10.160000
8.562000
5.589000
5.925000
10.714000
9.065000
9.711000
8.360000
8.689000
7.292000
9.558000
5.875000
1.551000
6.180000
13.506000
7.027000
6.575000
9.567000
10.413000
11.192000
12.188000
10.484000
5.859000
11.279000
11.018000
12.189000
18.719000
12.011000
16.811000
16.947000
0.000000
16.137000
7.364000
7.911000
14.741000
5.741000
9.605000
4.627000
18.401000
5.863000
8.517000
17.314000
1.210000
15.092000
12.495000
11.677000
8.921000
3.847000
4.862000
6.670000
10.245000
10.374000
8.506000
6.291000
15.395000
12.202000
8.868000
11.817000
17.105000
8.524000
5.746000
8.641000
6.771000
13.709000
5.300000
12.030000
12.246000
11.623000
7.085000
10.856000
12.491000
3.218000
19.001000
0.000000
11.817000
9.417000
19.545000
4.971000
7.844000
9.052000
18.367000
6.348000
5.283000
0.524000
11.806000
2.385000
3.486000
10.147000
13.639000
6.941000
5.068000
11.661000
12.201000
10.148000
9.699000
8.002000
8.790000
20.895000
16.870000
7.069000
6.437000
3.500000
12.482000
14.607000
23.085000
12.043000
9.743000
1.668000
8.862000
14.589000
8.714000
7.331000
12.777000
16.578000
22.828000
9.799000
16.890000
5.647000
16.337000
5.673000
11.198000
6.059000
9.404000
14.804000
6.458000
8.407000
10.358000
0.622000
11.694000
3.354000
10.881000
10.958000
21.082000
11.699000
8.306000
8.780000
16.415000
15.478000
6.886000
14.305000
7.825000
10.704000
3.514000
10.554000
6.308000
5.532000
16.160000
7.559000
14.614000
8.444000
10.186000
7.602000
10.213000
14.864000
22.938000
8.193000
15.069000
6.820000
6.888000
12.808000
9.809000
6.955000
7.200000
19.845000
24.000000
5.557000
13.554000
14.639000
4.093000
5.672000
8.943000
11.453000
3.109000
12.829000
8.563000
13.501000
7.362000
14.883000
6.451000
12.754000
3.652000
11.493000
11.238000
9.329000
10.150000
7.731000
10.229000
10.658000
10.746000
8.974000
8.431000
4.355000
10.195000
11.576000
10.029000
9.801000
13.447000
18.166000
11.954000
10.302000
10.697000
9.341000
7.691000
25.961000
10.708000
12.082000
2.787000
5.737000
6.273000
8.853000
5.583000
0.000000
5.037000
13.632000
20.834000
9.723000
8.495000
11.178000
5.040000
18.187000
5.818000
12.673000
7.775000
9.672000
7.436000
16.448000
14.156000
5.344000
5.246000
9.054000
6.160000
7.376000
5.271000
8.653000
6.489000
5.438000
12.212000
18.925000
6.647000
5.720000
8.627000
7.616000
10.658000
8.212000
6.196000
15.278000
13.394000
7.920000
25.267000
13.018000
10.306000
9.965000
9.014000
10.295000
12.013000
3.802000
9.905000
10.535000
21.540000
6.569000
10.002000
8.684000
15.086000
13.373000
8.075000
15.052000
11.137000
10.406000
5.275000
7.713000
16.849000
8.175000
10.247000
8.253000
25.525000
18.230000
14.307000
5.938000
5.419000
12.059000
6.353000
11.191000
9.298000
9.896000
16.351000
8.031000
7.124000
11.484000
20.516000
9.393000
9.597000
4.515000
7.748000
7.932000
8.050000
12.465000
10.132000
11.110000
7.114000
10.763000
8.680000
7.295000
12.135000
11.196000
7.257000
4.298000
7.679000
9.928000
19.555000
10.679000
8.945000
7.403000
9.497000
5.572000
5.229000
5.145000
16.655000
11.924000
11.205000
7.433000
5.616000
8.392000
14.583000
11.264000
5.650000
9.705000
14.480000
26.585000
16.829000
3.906000
24.018000
11.160000
10.031000
7.653000
9.713000
12.512000
9.090000
7.102000
12.011000
8.618000
7.781000
12.153000
11.949000
6.599000
11.520000
3.784000
5.924000
7.699000
7.479000
14.613000
8.977000
9.527000
4.016000
4.596000
8.521000
14.803000
9.733000
10.242000
10.857000
6.719000
7.900000
7.013000
9.401000
19.083000
11.088000
3.832000
15.810000
14.210000
10.069000
15.180000
5.729000
11.242000
12.717000
8.305000
15.073000
0.930000
9.689000
7.841000
11.190000
13.381000
19.113000
8.736000
13.631000
18.347000
6.263000
13.598000
11.365000
7.262000
27.199000
8.116000
10.944000
7.036000
22.146000
11.527000
7.731000
6.460000
8.849000
9.627000
10.410000
6.854000
7.875000
10.533000
8.146000
12.266000
17.678000
10.996000
11.840000
10.216000
6.617000
16.381000
12.154000
11.402000
13.434000
12.010000
11.064000
10.080000
20.064000
4.800000
15.591000
7.805000
15.421000
5.505000
16.049000
6.340000
5.546000
8.583000
19.540000
15.119000
8.341000
10.752000
13.301000
9.797000
13.913000
15.948000
1.794000
7.315000
13.169000
12.126000
5.648000
11.196000
10.350000
9.914000
9.059000
3.798000
11.298000
4.904000
15.948000
17.838000
7.202000
11.572000
10.391000
16.191000
13.302000
10.683000
9.829000
7.290000
3.300000
15.038000
13.445000
12.137000
11.564000
8.441000
11.411000
12.408000
11.127000
6.390000
10.439000
4.322000
11.158000
3.662000
23.099000
16.321000
8.901000
8.624000
12.881000
11.937000
2.495000
10.049000
18.563000
9.941000
12.232000
9.934000
9.361000
9.997000
11.484000
6.209000
3.902000
11.783000
12.957000
11.052000
10.063000
10.252000
6.595000
7.528000
12.811000
7.491000
15.859000
11.863000
5.811000
13.595000
13.047000
11.979000
9.117000
11.748000
12.588000
14.513000
8.179000
8.172000
15.131000
8.631000
9.983000
18.884000
10.233000
10.168000
7.747000
13.008000
9.442000
15.124000
8.681000
5.577000
11.838000
12.615000
11.952000
12.658000
11.925000
7.336000
8.982000
17.107000
10.167000
11.344000
12.855000
10.883000
4.372000
6.589000
8.939000
22.162000
15.578000
20.011000
15.126000
6.759000
7.314000
12.777000
7.587000
10.648000
15.202000
10.778000
11.017000
4.808000
8.604000
15.138000
9.079000
7.647000
8.693000
15.208000
12.609000
9.351000
9.414000
12.053000
12.171000
16.689000
16.025000
4.878000
7.991000
6.303000
15.442000
9.921000
3.484000
15.214000
21.233000
13.707000
18.852000
6.787000
13.529000
6.284000
16.350000
10.563000
14.449000
7.588000
9.062000
7.510000
11.221000
8.611000
17.745000
15.842000
9.287000
17.465000
7.540000
9.699000
7.131000
8.836000
21.319000
7.325000
6.553000
9.352000
10.511000
6.407000
18.906000
11.150000
11.462000
8.466000
2.795000
19.358000
14.900000
8.701000
4.373000
9.539000
15.436000
8.804000
17.716000
9.947000
7.937000
20.932000
8.770000
17.394000
13.186000
13.215000
10.622000
7.695000
23.733000
12.596000
13.354000
13.915000
3.460000
12.674000
5.837000
9.963000
10.399000
8.366000
5.453000
5.705000
4.060000
10.453000
9.635000
13.224000
19.709000
18.810000
2.987000
22.890000
11.363000
8.329000
10.691000
13.646000
20.110000
18.779000
16.888000
11.571000
13.764000
20.475000
10.130000
5.817000
11.413000
13.816000
22.482000
18.130000
10.563000
15.806000
10.391000
7.440000
9.105000
11.833000
3.375000
10.654000
16.696000
7.829000
9.605000
8.806000
9.467000
12.921000
19.877000
12.518000
8.687000
4.928000
9.231000
7.996000
14.836000
16.758000
12.339000
10.949000
20.070000
21.687000
4.921000
3.000000
17.144000
11.674000
12.464000
21.882000
10.842000
7.364000
19.132000
21.387000
12.926000
16.278000
11.533000
14.058000
11.660000
10.023000
12.964000
15.152000
10.510000
7.905000
17.739000
19.092000
12.234000
7.993000
26.444000
12.508000
18.098000
12.981000
11.932000
12.113000
9.127000
5.222000
8.937000
10.902000
5.601000
20.017000
15.807000
12.112000
16.889000
10.275000
11.664000
16.210000
14.710000
11.877000
11.647000
11.221000
21.734000
25.605000
5.066000
20.476000
12.862000
14.330000
12.930000
13.718000
9.040000
7.396000
11.374000
11.579000
12.686000
6.092000
12.157000
10.066000
6.164000
14.703000
13.659000
6.545000
6.780000
24.408000
12.310000
11.552000
11.965000
11.582000
16.118000
10.463000
12.188000
8.480000
10.185000
16.359000
11.508000
7.286000
10.738000
6.262000
11.948000
22.770000
11.429000
11.178000
12.714000
5.086000
11.219000
15.359000
6.981000
17.212000
17.261000
15.025000
4.185000
10.438000
23.740000
20.982000
9.188000
7.872000
20.406000
10.059000
14.589000
11.873000
6.552000
9.015000
7.914000
11.023000
12.700000
17.796000
6.225000
4.816000
15.839000
10.033000
5.769000
3.810000
19.091000
20.436000
6.818000
9.930000
10.551000
12.682000
12.949000
19.032000
7.711000
14.011000
16.798000
16.780000
14.753000
12.891000
12.294000
17.658000
11.367000
16.073000
10.928000
22.870000
12.230000
13.907000
22.814000
13.636000
12.104000
10.375000
16.186000
14.236000
23.601000
9.435000
10.474000
18.975000
14.237000
13.342000
10.694000
10.020000
22.966000
9.904000
19.907000
13.135000
7.355000
16.029000
11.401000
19.665000
9.926000
20.061000
10.081000
12.098000
22.918000
15.743000
15.904000
9.802000
13.398000
3.872000
15.930000
4.731000
16.512000
4.663000
16.515000
7.466000
15.255000
5.753000
10.517000
8.916000
15.231000
8.349000
8.775000
12.255000
10.383000
12.632000
9.473000
8.654000
13.226000
19.919000
6.801000
14.704000
12.941000
19.761000
13.426000
11.547000
14.615000
4.879000
21.981000
8.743000
16.050000
18.296000
11.291000
11.976000
14.424000
15.350000
15.817000
11.809000
10.425000
19.180000
16.014000
8.151000
20.808000
11.697000
14.329000
7.531000
7.015000
20.633000
13.107000
14.681000
14.375000
7.534000
15.980000
9.315000
21.284000
19.836000
9.852000
17.674000
12.678000
3.215000
4.506000
7.847000
20.645000
15.742000
10.267000
13.072000
12.909000
5.793000
12.447000
11.856000
12.073000
7.713000
11.941000
10.188000
12.262000
10.312000
11.957000
9.866000
9.200000
14.174000
9.501000
6.806000
13.198000
4.038000
10.554000
13.067000
17.565000
17.338000
10.176000
7.925000
11.299000
4.940000
14.306000
8.438000
8.558000
10.855000
9.280000
12.649000
7.985000
10.743000
13.189000
11.856000
24.154000
14.443000
10.465000
6.512000
5.092000
12.271000
5.803000
13.195000
4.875000
9.750000
12.701000
13.049000
11.760000
10.753000
6.489000
13.466000
14.346000
14.712000
18.268000
15.110000
12.245000
8.013000
10.226000
9.992000
16.822000
17.262000
13.527000
5.437000
12.706000
10.703000
11.406000
12.524000
10.440000
12.588000
9.198000
24.124000
13.188000
13.379000
17.764000
4.329000
14.146000
8.793000
11.286000
13.618000
18.028000
15.585000
15.866000
10.763000
16.826000
20.817000
15.099000
13.713000
12.599000
13.117000
12.440000
2.794000
13.952000
7.419000
18.763000
9.724000
14.626000
10.950000
18.549000
11.116000
9.357000
8.326000
13.461000
20.693000
12.603000
13.742000
14.020000
22.807000
14.220000
21.500000
11.173000
11.013000
10.783000
13.199000
10.705000
7.837000
9.323000
10.898000
10.768000
22.585000
9.387000
11.892000
13.029000
14.179000
17.602000
9.950000
19.881000
13.065000
20.502000
11.693000
10.742000
8.776000
12.443000
13.017000
8.745000
10.732000
12.197000
21.649000
9.044000
8.443000
16.186000
9.406000
20.757000
16.974000
20.046000
9.792000
16.456000
8.479000
8.642000
14.625000
21.059000
9.821000
17.769000
17.291000
11.725000
12.049000
9.135000
17.204000
21.038000
18.257000
24.377000
18.867000
11.339000
12.265000
11.367000
6.254000
12.782000
20.082000
11.034000
17.045000
20.319000
17.122000
12.125000
14.320000
16.472000
9.883000
12.030000
13.789000
15.303000
10.910000
16.693000
6.052000
19.180000
22.237000
17.108000
6.188000
4.286000
19.514000
13.136000
12.258000
10.441000
9.010000
12.350000
15.802000
12.678000
8.496000
16.105000
9.665000
24.328000
10.237000
26.123000
12.688000
13.948000
16.988000
14.112000
12.910000
4.952000
9.927000
22.166000
21.340000
3.331000
17.280000
15.729000
12.180000
10.941000
17.661000
14.553000
23.881000
12.562000
14.392000
10.082000
10.675000
6.823000
14.656000
17.762000
14.698000
17.899000
14.494000
11.602000
15.915000
12.059000
12.721000
9.115000
5.615000
12.721000
8.442000
17.053000
10.444000
10.329000
18.080000
13.810000
25.992000
10.281000
13.036000
14.170000
11.772000
9.580000
18.243000
9.737000
11.746000
17.738000
19.555000
17.212000
19.917000
18.843000
13.428000
14.065000
21.152000
10.266000
15.191000
13.654000
11.161000
13.891000
8.733000
9.763000
18.322000
17.432000
10.516000
11.531000
18.047000
11.736000
18.459000
3.864000
18.884000
18.112000
13.033000
11.633000
6.925000
16.822000
14.552000
20.651000
11.659000
10.843000
12.516000
7.674000
9.344000
13.873000
10.275000
12.485000
9.081000
10.699000
14.025000
17.191000
12.184000
15.024000
11.624000
7.853000
8.331000
10.211000
15.490000
11.560000
14.347000
10.091000
14.600000
14.294000
13.896000
11.854000
13.422000
8.899000
18.882000
8.245000
12.308000
15.285000
7.424000
11.481000
5.100000
9.074000
7.787000
13.925000
14.595000
10.191000
9.947000
12.678000
4.633000
19.432000
12.076000
8.793000
11.866000
7.869000
9.952000
9.013000
9.938000
7.431000
24.657000
10.908000
6.584000
20.679000
7.496000
9.753000
6.258000
6.492000
21.009000
8.786000
13.783000
11.743000
1.590000
7.128000
12.568000
15.106000
8.248000
6.311000
8.316000
12.725000
8.505000
12.754000
18.324000
11.395000
6.531000
19.111000
5.933000
6.515000
3.414000
15.902000
14.941000
10.865000
16.361000
5.350000
8.669000
7.437000
12.550000
16.254000
9.067000
10.236000
9.671000
10.856000
7.750000
12.042000
8.432000
13.258000
16.305000
9.296000
8.437000
10.608000
12.054000
9.280000
13.423000
11.737000
16.071000
18.922000
12.911000
3.191000
12.472000
7.583000
7.067000
6.951000
16.147000
12.211000
11.999000
3.183000
11.427000
10.165000
23.591000
15.191000
12.443000
10.101000
20.908000
10.770000
8.101000
8.058000
13.692000
18.426000
5.063000
3.153000
6.155000
15.763000
3.023000
7.730000
7.265000
10.316000
11.274000
11.095000
12.420000
6.724000
10.656000
15.346000
10.314000
7.301000
10.197000
25.348000
7.301000
11.198000
12.961000
11.077000
15.454000
8.204000
10.809000
13.280000
9.897000
10.614000
8.388000
14.310000
10.196000
12.596000
7.846000
12.716000
6.154000
16.550000
4.378000
6.147000
8.654000
14.500000
6.069000
17.308000
4.093000
20.000000
12.891000
4.485000
6.727000
4.567000
10.415000
8.509000
13.751000
10.068000
14.871000
14.860000
9.464000
13.987000
8.423000
10.679000
11.114000
14.305000
10.035000
14.289000
19.733000
22.688000
12.637000
8.795000
14.566000
14.074000
5.611000
14.175000
6.387000
16.427000
11.561000
9.228000
8.727000
11.579000
20.298000
12.254000
6.260000
9.194000
4.330000
11.957000
1.651000
8.343000
8.654000
13.561000
9.686000
19.099000
18.046000
11.031000
17.402000
13.485000
15.939000
9.857000
6.521000
7.035000
13.333000
14.277000
8.709000
13.663000
18.876000
17.213000
11.341000
12.722000
22.034000
12.317000
15.460000
8.255000
14.312000
10.962000
9.888000
9.785000
11.474000
6.046000
7.333000
8.420000
6.121000
4.481000
14.164000
14.192000
22.822000
12.584000
11.101000
12.555000
11.918000
11.129000
8.605000
10.242000
6.962000
9.256000
14.287000
20.498000
6.464000
15.837000
6.112000
3.156000
8.492000
11.114000
11.691000
3.141000
5.303000
22.839000
11.666000
14.328000
14.579000
15.016000
15.259000
23.076000
10.619000
8.367000
12.584000
11.222000
9.377000
10.799000
8.589000
12.813000
9.573000
8.107000
7.575000
7.982000
13.961000
13.585000
7.539000
16.387000
7.696000
10.488000
9.677000
11.031000
12.860000
9.795000
15.252000
11.186000
13.529000
17.855000
10.461000
6.432000
17.626000
12.314000
11.662000
7.233000
13.928000
18.771000
16.715000
8.531000
11.853000
2.780000
6.937000
8.741000
6.111000
13.000000
11.303000
8.647000
12.210000
8.675000
9.858000
8.558000
5.393000
7.931000
17.072000
11.335000
8.149000
10.654000
11.601000
7.622000
14.657000
13.895000
9.620000
11.460000
10.498000
7.868000
8.238000
11.360000
10.280000
6.064000
13.872000
9.096000
10.583000
22.715000
11.417000
10.147000
7.491000
12.391000
7.266000
13.456000
9.236000
11.402000
5.220000
12.410000
10.605000
7.543000
11.072000
20.487000
11.979000
2.490000
12.662000
13.970000
15.048000
10.538000
2.573000
10.385000
11.001000
8.457000
3.788000
9.174000
7.223000
8.444000
10.601000
4.614000
4.047000
8.816000
7.538000
6.869000
6.136000
9.157000
7.480000
9.049000
3.645000
14.161000
3.482000
6.006000
3.030000
9.021000
13.307000
2.750000
6.418000
1.708000
14.907000
5.027000
14.077000
8.240000
7.612000
4.440000
11.717000
7.539000
7.028000
10.730000
8.952000
12.925000
17.097000
8.990000
14.659000
10.173000
10.078000
9.279000
11.525000
17.672000
8.072000
8.365000
5.244000
10.650000
6.488000
14.311000
4.167000
5.155000
6.611000
14.975000
11.909000
11.236000
7.072000
5.783000
2.649000
6.982000
4.674000
13.731000
4.933000
6.033000
11.320000
12.991000
6.338000
5.143000
13.763000
13.886000
11.821000
10.530000
4.399000
13.284000
11.405000
5.276000
10.140000
11.374000
9.091000
6.952000
7.037000
8.691000
5.453000
5.650000
6.613000
14.470000
9.697000
9.781000
8.107000
10.525000
9.607000
6.901000
7.354000
6.966000
17.413000
13.277000
16.399000
8.467000
2.347000
11.769000
8.227000
7.628000
14.318000
14.159000
5.267000
11.064000
11.871000
6.912000
4.975000
13.355000
8.807000
8.695000
9.750000
17.840000
16.990000
13.835000
18.419000
7.495000
5.522000
9.844000
12.279000
11.976000
13.572000
12.884000
9.150000
8.806000
7.738000
11.497000
19.697000
9.128000
11.173000
9.402000
7.523000
13.238000
4.500000
7.472000
10.893000
12.986000
7.410000
11.702000
11.563000
13.000000
9.189000
5.367000
13.576000
9.734000
3.320000
12.192000
18.991000
22.044000
12.151000
15.965000
6.409000
12.025000
11.419000
11.873000
25.730000
10.245000
10.093000
6.408000
13.250000
15.270000
10.984000
4.148000
4.309000
10.536000
8.373000
7.662000
11.479000
21.385000
5.490000
7.610000
16.343000
9.492000
22.346000
11.865000
21.182000
18.465000
11.930000
16.145000
15.220000
11.874000
7.888000
12.530000
7.303000
15.776000
7.329000
5.350000
16.457000
15.095000
8.485000
13.609000
7.845000
13.949000
13.304000
12.391000
9.423000
15.634000
5.483000
13.372000
18.663000
6.497000
7.701000
9.860000
7.024000
11.617000
11.032000
25.610000
11.540000
14.904000
12.194000
19.318000
6.491000
16.950000
8.272000
11.771000
17.322000
11.563000
9.947000
9.994000
19.035000
15.123000
13.978000
18.701000
13.623000
13.032000
15.288000
9.966000
16.651000
10.006000
7.004000
15.267000
21.647000
12.116000
13.396000
17.305000
17.519000
6.396000
11.647000
16.958000
18.203000
11.406000
8.923000
7.804000
14.753000
17.816000
10.477000
12.786000
5.946000
11.340000
10.985000
12.714000
17.883000
11.756000
11.237000
20.006000
7.115000
6.337000
21.714000
14.751000
13.616000
16.566000
14.037000
9.849000
11.942000
18.841000
18.849000
12.328000
11.743000
10.593000
6.683000
10.630000
11.576000
11.740000
1.086000
8.592000
9.796000
12.862000
6.739000
20.374000
9.397000
10.743000
14.330000
17.531000
16.841000
18.725000
16.988000
15.504000
8.963000
20.960000
13.359000
13.701000
12.810000
13.502000
10.729000
21.797000
23.892000
15.396000
15.815000
20.437000
8.850000
10.414000
14.124000
23.535000
17.407000
6.895000
23.069000
13.932000
8.838000
15.396000
14.740000
9.853000
13.131000
16.784000
13.109000
16.238000
11.982000
14.014000
8.297000
11.357000
6.809000
9.956000
20.931000
11.515000
18.026000
5.628000
16.609000
15.335000
19.090000
17.803000
12.839000
14.501000
10.571000
8.181000
12.256000
17.915000
9.233000
11.731000
11.622000
16.013000
12.409000
15.126000
15.606000
7.504000
10.176000
19.698000
17.196000
11.386000
17.022000
20.948000
17.045000
7.787000
15.782000
14.772000
10.511000
10.053000
12.968000
12.204000
14.252000
12.506000
10.272000
15.791000
19.380000
11.441000
14.699000
8.905000
13.272000
6.134000
13.567000
10.267000
10.549000
10.469000
16.566000
10.873000
20.426000
3.757000
14.607000
11.284000
23.830000
7.809000
11.626000
8.414000
12.302000
6.033000
7.262000
7.366000
13.345000
8.841000
6.477000
6.569000
13.148000
5.990000
5.795000
9.992000
15.631000
12.444000
8.465000
18.783000
12.285000
13.175000
11.899000
10.287000
8.083000
10.872000
10.313000
8.512000
12.004000
15.604000
16.535000
3.567000
8.805000
10.947000
11.252000
12.444000
9.556000
11.610000
9.258000
11.741000
11.280000
7.709000
6.312000
11.674000
7.149000
11.958000
14.430000
6.186000
12.698000
17.054000
10.354000
9.149000
11.374000
6.506000
14.873000
16.194000
11.422000
9.128000
11.704000
15.841000
14.005000
14.692000
12.325000
17.088000
10.513000
11.939000
6.510000
8.998000
9.098000
4.978000
10.429000
21.472000
11.454000
9.684000
13.505000
18.972000
4.945000
6.106000
12.472000
11.706000
10.698000
5.012000
17.710000
23.238000
19.335000
14.370000
12.429000
12.478000
9.170000
14.264000
4.426000
14.025000
10.175000
6.856000
17.084000
10.124000
15.384000
12.936000
9.611000
9.716000
13.799000
13.488000
15.183000
5.163000
13.003000
16.232000
11.040000
9.384000
11.910000
10.492000
13.468000
10.779000
8.032000
11.329000
0.000000
10.695000
4.336000
20.283000
9.966000
11.164000
12.599000
15.852000
7.696000
9.369000
12.398000
4.321000
8.259000
13.654000
12.048000
19.354000
7.698000
13.214000
0.829000
12.374000
6.964000
5.363000
11.575000
11.844000
6.798000
7.522000
7.517000
11.032000
12.181000
0.805000
7.123000
0.668000
13.918000
2.371000
9.485000
14.813000
7.940000
1.187000
11.108000
4.356000
7.223000
9.735000
5.519000
22.413000
10.694000
6.178000
11.161000
8.592000
20.903000
6.723000
17.684000
13.303000
0.982000
5.470000
2.841000
7.208000
1.609000
4.376000
8.290000
7.983000
11.080000
4.589000
8.401000
3.313000
12.862000
20.289000
4.490000
14.808000
7.146000
4.742000
3.885000
11.947000
15.134000
0.000000
26.747000
8.815000
14.052000
0.000000
4.827000
21.628000
9.890000
21.589000
6.518000
18.303000
2.145000
4.584000
0.000000
7.432000
12.602000
0.000000
3.481000
5.228000
1.755000
7.408000
7.224000
0.718000
9.041000
3.313000
5.547000
8.986000
14.300000
9.480000
21.629000
14.721000
13.282000
7.987000
0.000000
7.944000
10.679000
11.192000
2.578000
3.683000
12.371000
18.008000
3.543000
18.263000
1.216000
0.000000
22.061000
15.189000
14.503000
14.060000
19.675000
13.959000
9.178000
1.429000
6.299000
13.217000
17.531000
5.841000
22.158000
8.512000
4.098000
5.551000
2.348000
19.652000
0.993000
15.898000
16.551000
9.245000
17.077000
2.829000
4.875000
9.607000
19.086000
11.098000
8.878000
9.980000
10.421000
3.336000
9.233000
20.527000
9.687000
12.691000
13.432000
10.495000
11.026000
8.481000
11.435000
0.000000
21.105000
0.000000
4.397000
18.783000
8.532000
10.133000
5.222000
0.955000
7.316000
12.281000
3.667000
15.734000
8.145000
16.930000
9.722000
21.881000
7.024000
9.836000
18.316000
18.305000
18.473000
16.277000
20.381000
10.877000
9.325000
12.297000
10.448000
16.037000
4.923000
19.674000
15.614000
9.924000
17.266000
3.846000
7.208000
18.355000
14.656000
14.542000
15.480000
18.254000
0.000000
2.797000
9.483000
0.000000
16.150000
2.232000
13.966000
7.481000
11.682000
0.000000
14.850000
10.612000
4.753000
12.310000
5.791000
13.290000
14.046000
19.053000
12.522000
10.804000
15.146000
1.897000
16.841000
10.022000
7.999000
10.047000
7.901000
0.000000
3.257000
16.963000
21.836000
13.169000
12.206000
9.653000
4.198000
19.955000
4.358000
1.338000
7.650000
12.470000
21.136000
11.263000
13.620000
2.229000
7.474000
0.520000
4.311000
15.752000
4.928000
10.603000
7.695000
18.288000
10.790000
10.208000
2.332000
6.200000
6.872000
7.024000
19.658000
11.682000
18.538000
13.776000
10.038000
8.285000
18.468000
18.045000
14.584000
22.843000
12.052000
24.629000
3.926000
12.073000
15.931000
22.885000
7.084000
5.033000
13.949000
1.353000
15.016000
13.260000
15.868000
21.005000
9.966000
5.555000
8.276000
9.885000
15.406000
11.724000
8.273000
14.545000
0.000000
9.712000
10.333000
17.504000
9.500000
17.582000
15.526000
7.975000
14.262000
15.026000
19.649000
11.097000
1.939000
6.492000
13.549000
9.541000
17.456000
8.546000
10.146000
20.084000
15.478000
13.729000
13.010000
0.000000
3.570000
12.446000
7.455000
8.560000
15.036000
10.165000
10.160000
10.886000
14.234000
5.376000
13.732000
11.240000
18.233000
14.585000
12.868000
11.119000
6.852000
12.077000
20.002000
17.738000
0.000000
24.233000
12.673000
4.971000
10.183000
17.203000
11.778000
11.166000
13.384000
10.439000
23.174000
13.622000
15.857000
11.451000
13.906000
0.598000
14.241000
2.400000
12.217000
7.534000
17.138000
12.405000
0.947000
10.797000
0.000000
12.494000
0.761000
0.000000
0.000000
10.754000
0.000000
15.081000
2.160000
1.197000
1.814000
0.000000
0.000000
0.000000
0.000000
0.000000
7.873000
0.000000
0.000000
0.000000
0.000000
0.000000
0.000000
0.742000
4.498000
0.000000
0.000000
0.000000
6.400000
2.309000
0.000000
0.000000
16.643000
0.000000
0.000000
0.000000
0.000000
16.092000
0.000000
1.155000
0.000000
0.223000
1.780000
0.000000
10.782000
0.000000
13.428000
4.364000
0.000000
6.307000
6.076000
0.682000
0.000000
0.000000
2.143000
17.193000
0.000000
0.000000
0.000000
15.296000
0.000000
0.000000
0.000000
11.415000
7.458000
0.000000
0.000000
2.908000
14.638000
0.000000
0.000000
0.000000
6.504000
10.142000
15.845000
1.215000
3.929000
0.000000
0.952000
0.000000
12.648000
9.164000
14.708000
0.000000
16.949000
0.000000
0.000000
8.529000
0.000000
13.748000
0.000000
0.000000
5.956000
4.895000
0.000000
0.000000
10.978000
0.000000
0.000000
0.000000
0.000000
7.951000
0.000000
16.751000
7.500000
0.000000
14.673000
15.219000
6.252000
0.000000
3.336000
0.000000
0.000000
0.000000
0.000000
0.923000
0.000000
0.000000
0.223000
5.760000
2.101000
3.072000
0.000000
0.620000
0.000000
0.000000
2.397000
0.000000
3.071000
0.385000
0.000000
0.000000
0.950000
0.000000
0.000000
3.186000
3.347000
4.214000
0.000000
16.302000
4.567000
5.376000
0.282000
0.387000
1.211000
7.086000
5.145000
14.185000
7.169000
9.056000
0.000000
8.511000
0.000000
5.371000
0.000000
5.615000
0.000000
0.000000
0.000000
0.000000
0.000000
0.000000
16.310000
0.508000
0.000000
1.341000
0.000000
0.000000
0.000000
0.000000
0.000000
0.243000
0.000000
0.000000
0.000000
1.520000
1.642000
0.000000
0.973000
0.086000
0.000000
10.272000
0.476000
0.000000
5.544000
0.000000
0.000000
0.358000
2.053000
0.000000
7.038000
2.318000
0.000000
7.587000
9.680000
11.649000
4.395000
0.000000
8.668000
9.320000
8.748000
2.412000
14.587000
8.981000
6.629000
4.437000
10.305000
0.000000
0.000000
12.152000
0.000000
6.716000
0.000000
4.248000
0.535000
0.000000
8.510000
7.569000
13.222000
1.930000
8.405000
22.283000
9.354000
4.979000
0.000000
13.930000
0.079000
7.659000
0.000000
11.719000
0.000000
3.859000
1.928000
11.033000
0.000000
19.521000
0.000000
15.057000
9.872000
4.886000
4.841000
0.000000
0.000000
8.188000
15.975000
11.333000
10.658000
0.000000
8.049000
4.787000
10.115000
5.393000
7.636000
10.745000
0.000000
0.000000
6.843000
0.000000
12.558000
10.881000
7.466000
1.171000
12.986000
0.000000
8.125000
0.000000
12.866000
0.000000
14.862000
0.000000
14.754000
10.015000
17.965000
11.513000
7.839000
10.784000
9.457000
7.203000
14.910000
14.628000
11.461000
15.154000
12.448000
10.120000
0.000000
8.610000
6.658000
10.261000
2.338000
22.564000
0.000000
0.305000
10.839000
13.247000
8.727000
12.173000
10.560000
0.000000
8.470000
10.125000
17.562000
4.978000
16.729000
1.372000
10.246000
15.501000
12.773000
3.781000
18.705000
0.000000
7.438000
0.000000
11.347000
14.905000
9.678000
8.954000
0.000000
15.430000
7.559000
6.944000
0.000000
12.812000
14.438000
2.253000
12.377000
13.722000
6.629000
15.890000
8.884000
5.901000
15.452000
0.000000
0.369000
12.964000
11.191000
7.439000
7.628000
5.941000
6.409000
1.611000
4.659000
11.450000
3.893000
3.133000
16.115000
0.426000
9.487000
20.709000
8.043000
12.175000
11.834000
14.796000
12.120000
15.342000
9.022000
2.980000
11.579000
9.432000
13.192000
12.400000
8.240000
2.928000
2.550000
4.331000
16.130000
14.051000
14.753000
11.286000
15.072000
11.256000
9.296000
3.669000
3.249000
0.000000
4.929000
0.000000
18.689000
0.000000
21.577000
14.545000
4.052000
6.406000
3.604000
9.522000
13.274000
9.954000
13.261000
1.612000
9.787000
7.198000
10.728000
12.612000
11.569000
2.143000
9.679000
6.452000
8.609000
6.136000
4.385000
7.035000
5.950000
9.566000
13.563000
0.000000
11.096000
13.598000
3.998000
13.956000
7.834000
14.497000
12.085000
4.960000
11.059000
6.216000
9.990000
10.634000
5.567000
5.643000
7.160000
3.999000
11.504000
7.128000
13.193000
7.666000
13.850000
9.794000
16.737000
9.563000
14.357000
12.898000
0.000000
9.829000
7.392000
6.873000
10.627000
2.288000
10.782000
4.210000
4.594000
13.361000
6.980000
4.516000
18.077000
5.980000
0.000000
1.814000
0.000000
2.191000
7.591000
13.706000
4.076000
11.735000
2.708000
11.756000
7.303000
8.416000
1.960000
8.928000
8.063000
4.597000
6.451000
15.568000
10.957000
8.164000
12.125000
10.336000
7.833000
7.068000
6.141000
11.873000
0.000000
7.563000
5.660000
17.108000
5.226000
9.178000
5.529000
10.103000
4.419000
2.073000
4.565000
6.744000
10.629000
11.878000
1.607000
7.056000
7.574000
7.765000
5.610000
8.170000
3.033000
12.077000
5.489000
9.401000
0.000000
8.499000
5.235000
5.047000
7.971000
13.360000
8.831000
5.178000
4.892000
8.475000
5.365000
10.342000
7.478000
5.787000
8.354000
0.705000
1.475000
14.128000
4.915000
5.190000
14.547000
9.737000
5.422000
6.452000
7.031000
11.019000
13.657000
0.794000
9.912000
15.508000
5.066000
14.780000
4.158000
8.346000
7.310000
0.000000
12.345000
10.736000
11.528000
8.039000
11.150000
4.181000
6.676000
6.494000
8.589000
3.520000
9.541000
9.103000
14.083000
10.207000
7.391000
9.990000
14.065000
13.099000
5.663000
5.715000
8.775000
14.615000
3.766000
11.157000
5.509000
11.144000
0.902000
5.323000
11.440000
2.296000
14.809000
8.186000
2.140000
21.165000
8.622000
7.780000
7.735000
7.656000
7.649000
6.810000
15.970000
11.703000
4.207000
10.425000
6.794000
2.749000
5.192000
6.787000
7.482000
24.498000
1.921000
10.559000
9.196000
11.163000
6.796000
4.903000
10.293000
2.883000
0.000000
8.323000
12.582000
8.252000
12.391000
6.808000
5.233000
13.086000
9.299000
8.318000
15.249000
14.790000
13.487000
9.578000
9.566000
12.714000
6.080000
15.903000
11.876000
7.808000
14.545000
7.446000
13.885000
8.088000
16.462000
13.841000
12.350000
7.170000
6.570000
12.572000
10.908000
10.836000
2.799000
3.704000
9.118000
20.842000
2.925000
4.171000
10.937000
16.079000
9.395000
6.636000
23.023000
12.191000
11.269000
15.840000
12.521000
10.289000
3.373000
19.400000
10.184000
11.205000
5.032000
10.183000
7.487000
9.079000
11.138000
7.278000
14.544000
13.361000
10.622000
4.676000
11.309000
13.708000
11.804000
11.338000
2.688000
11.785000
13.340000
14.317000
10.429000
14.465000
9.324000
6.466000
7.217000
6.779000
5.124000
14.181000
13.440000
16.922000
9.868000
10.163000
12.619000
9.632000
9.399000
7.674000
13.036000
11.015000
7.607000
7.262000
11.875000
7.625000
1.340000
8.445000
13.636000
7.139000
6.105000
8.463000
7.445000
10.955000
6.723000
11.015000
11.248000
4.916000
13.242000
6.561000
13.422000
16.211000
13.776000
9.790000
7.442000
5.591000
7.742000
10.796000
8.585000
13.145000
7.722000
6.971000
11.716000
9.849000
13.014000
12.489000
10.146000
12.247000
7.064000
9.964000
3.267000
8.504000
10.418000
10.788000
10.728000
10.503000
11.046000
0.733000
6.187000
6.890000
9.111000
8.464000
9.089000
15.414000
9.525000
15.282000
0.306000
8.501000
6.742000
13.703000
14.923000
10.843000
7.546000
5.079000
4.725000
12.108000
4.243000
17.652000
3.515000
10.728000
5.601000
7.731000
9.470000
7.880000
1.682000
4.655000
6.972000
22.580000
8.890000
7.969000
6.665000
12.807000
3.813000
3.801000
9.713000
3.690000
4.319000
7.448000
16.795000
5.881000
6.441000
10.348000
5.139000
5.425000
9.488000
10.469000
7.541000
13.415000
4.760000
10.380000
5.867000
9.146000
0.681000
9.882000
7.070000
8.530000
4.393000
6.303000
2.895000
4.361000
4.283000
15.341000
13.439000
3.668000
0.457000
7.834000
2.940000
3.592000
10.900000
7.431000
13.138000
0.586000
1.522000
9.631000
0.264000
3.697000
10.370000
6.011000
7.294000
3.251000
4.156000
3.847000
4.427000
0.921000
15.415000
16.567000
3.389000
3.835000
2.961000
10.253000
0.000000
12.152000
11.708000
5.591000
0.000000
5.383000
12.981000
3.585000
5.511000
1.855000
8.203000
6.865000
13.216000
3.700000
8.306000
2.826000
3.718000
5.638000
2.696000
9.660000
9.920000
11.797000
0.266000
0.000000
1.413000
8.285000
2.783000
7.036000
3.253000
0.039000
3.779000
1.230000
0.000000
0.000000
2.687000
4.965000
4.436000
7.624000
2.528000
7.577000
7.507000
5.471000
4.564000
1.839000
3.416000
11.234000
1.779000
4.232000
11.286000
6.361000
12.996000
8.315000
15.603000
4.722000
12.190000
11.479000
6.484000
2.992000
8.624000
3.905000
11.614000
8.290000
10.583000
3.622000
6.596000
4.901000
14.920000
2.268000
4.703000
13.532000
4.005000
6.059000
4.337000
6.693000
7.813000
2.961000
12.016000
3.366000
5.278000
7.566000
7.821000
3.846000
6.291000
15.034000
10.460000
0.570000
2.025000
3.844000
4.654000
4.274000
3.146000
11.446000
7.276000
6.152000
7.236000
6.225000
8.678000
3.260000
23.665000
3.369000
2.431000
8.470000
6.254000
7.799000
4.975000
6.554000
7.053000
8.039000
5.760000
7.443000
5.232000
13.936000
10.687000
4.210000
3.354000
3.890000
5.783000
8.152000
4.230000
5.752000
17.571000
6.723000
1.175000
5.047000
5.017000
14.395000
11.161000
11.817000
8.738000
10.896000
4.851000
3.899000
6.379000
3.190000
4.279000
2.203000
9.890000
15.069000
7.129000
3.234000
10.117000
6.368000
3.964000
14.359000
6.399000
11.051000
13.466000
5.356000
17.334000
8.553000
4.277000
3.045000
16.966000
0.642000
10.917000
14.129000
12.095000
2.532000
2.230000
8.002000
11.529000
2.142000
7.309000
11.305000
4.669000
4.057000
6.087000
13.019000
5.104000
10.933000
1.220000
10.687000
6.914000
8.238000
4.834000
3.303000
10.534000
16.578000
4.185000
13.998000
11.564000
7.214000
2.342000
8.749000
8.141000
13.878000
4.614000
5.211000
12.738000
5.546000
6.318000
2.517000
10.391000
8.993000
15.944000
15.818000
3.596000
10.348000
1.299000
0.000000
6.033000
6.250000
14.131000
13.407000
3.539000
2.715000
1.100000
16.762000
12.783000
4.784000
12.918000
7.717000
3.521000
4.311000
7.284000
1.217000
10.961000
12.023000
12.207000
7.307000
7.330000
12.629000
7.029000
2.431000
13.993000
15.134000
10.449000
0.000000
4.822000
3.383000
0.000000
6.658000
3.202000
11.316000
17.634000
10.036000
13.902000
1.672000
7.829000
9.307000
4.456000
7.554000
13.757000
6.647000
4.657000
11.238000
14.648000
2.189000
16.158000
1.220000
1.903000
2.756000
1.969000
12.307000
5.254000
5.517000
6.848000
0.000000
6.181000
6.872000
9.366000
10.228000
1.007000
2.952000
9.010000
2.387000
1.925000
1.905000
4.350000
10.498000
0.283000
0.000000
3.653000
3.795000
5.355000
0.808000
0.000000
8.627000
6.488000
9.633000
3.521000
4.619000
9.095000
1.387000
4.405000
6.881000
2.786000
2.027000
2.669000
2.455000
0.000000
0.112000
5.579000
0.984000
2.615000
4.190000
4.295000
0.000000
1.975000
3.054000
2.776000
14.350000
6.467000
7.013000
0.000000
0.000000
0.940000
0.000000
7.719000
9.299000
4.328000
0.000000
6.607000
1.723000
8.241000
12.480000
0.155000
0.194000
9.241000
1.428000
5.627000
5.782000
0.733000
0.000000
5.210000
3.397000
6.037000
5.730000
3.735000
0.915000
5.274000
3.440000
7.257000
5.118000
2.759000
8.544000
11.683000
9.895000
6.675000
4.498000
4.690000
6.981000
2.534000
15.035000
4.689000
2.495000
3.024000
6.930000
8.863000
6.369000
0.252000
0.506000
10.490000
5.283000
1.450000
5.479000
6.818000
11.761000
12.408000
3.452000
0.117000
3.977000
5.545000
2.751000
2.254000
2.165000
7.256000
8.421000
4.214000
1.513000
9.529000
6.872000
2.113000
1.018000
7.553000
4.749000
4.529000
8.493000
4.266000
1.163000
7.733000
3.156000
0.457000
12.364000
4.535000
11.488000
1.400000
0.000000
7.030000
6.987000
2.962000
5.330000
4.213000
4.751000
2.599000
2.544000
6.873000
3.589000
8.071000
10.084000
1.745000
6.422000
7.438000
4.479000
4.067000
8.073000
13.010000
0.000000
7.554000
1.530000
6.333000
8.941000
7.898000
7.341000
8.337000
4.699000
10.819000
3.739000
10.356000
4.415000
2.086000
0.274000
8.960000
2.649000
0.151000
1.648000
7.457000
7.161000
5.065000
6.070000
9.579000
5.352000
5.246000
7.905000
12.205000
1.392000
0.000000
4.575000
3.076000
3.053000
5.936000
8.427000
2.276000
6.734000
6.945000
14.028000
2.108000
2.521000
8.954000
1.262000
12.244000
1.647000
2.291000
5.477000
5.070000
2.033000
4.754000
4.243000
3.795000
3.332000
6.633000
5.437000
3.666000
2.406000
4.392000
11.215000
2.152000
4.976000
4.892000
0.184000
3.748000
7.534000
4.409000
1.962000
2.219000
13.322000
3.538000
8.857000
3.508000
6.920000
6.157000
4.986000
2.528000
5.528000
12.244000
6.776000
4.410000
5.027000
2.641000
0.259000
4.115000
1.203000
4.864000
0.000000
10.039000
8.034000
10.185000
11.450000
1.991000
10.146000
7.437000
5.678000
4.729000
1.386000
3.751000
1.457000
0.134000
9.481000
10.303000
9.753000
8.112000
2.776000
1.672000
4.313000
8.734000
3.961000
8.376000
8.988000
13.454000
14.864000
5.556000
4.909000
8.252000
4.538000
8.759000
3.493000
10.480000
17.529000
2.262000
8.083000
6.736000
7.330000
3.888000
1.863000
3.562000
7.244000
5.450000
3.695000
5.823000
13.496000
7.820000
9.635000
8.725000
7.505000
11.649000
9.420000
6.471000
4.268000
17.472000
3.716000
0.000000
15.482000
4.926000
5.464000
3.990000
6.758000
8.820000
1.555000
0.694000
2.109000
9.878000
11.265000
6.820000
9.384000
5.896000
10.180000
13.603000
0.945000
6.019000
1.593000
9.502000
0.000000
13.369000
4.424000
8.125000
11.929000
9.341000
10.675000
8.028000
4.114000
7.756000
3.640000
7.234000
2.649000
4.655000
13.701000
3.682000
6.854000
11.944000
3.680000
2.239000
7.387000
6.221000
5.545000
7.241000
5.796000
13.419000
0.869000
0.000000
17.121000
4.113000
6.703000
2.626000
7.270000
14.408000
7.167000
6.843000
14.264000
4.164000
1.933000
14.721000
8.386000
3.988000
13.325000
18.979000
2.335000
6.261000
3.955000
4.858000
6.037000
12.043000
9.333000
9.733000
13.619000
7.656000
9.804000
4.630000
1.136000
1.804000
2.395000
11.489000
11.604000
0.674000
1.004000
4.194000
14.783000
20.593000
9.478000
3.546000
15.023000
11.247000
6.075000
7.884000
10.813000
3.697000
8.991000
6.053000
4.594000
9.387000
4.539000
3.658000
7.294000
8.493000
7.436000
3.227000
3.196000
0.000000
4.510000
12.788000
4.866000
4.628000
5.186000
7.527000
8.909000
4.868000
4.687000
13.781000
9.302000
6.032000
2.475000
9.447000
11.406000
14.734000
6.930000
4.972000
10.275000
10.304000
14.773000
13.786000
5.808000
1.800000
4.295000
14.779000
8.242000
12.488000
8.629000
8.581000
0.000000
6.717000
2.809000
8.000000
4.091000
6.032000
3.103000
0.970000
11.320000
7.851000
1.460000
6.738000
8.875000
7.564000
6.812000
0.244000
7.740000
9.446000
2.776000
11.683000
4.509000
0.000000
7.114000
16.954000
3.494000
2.907000
6.751000
1.603000
6.802000
8.895000
2.953000
5.163000
4.745000
16.613000
11.812000
22.330000
11.655000
9.267000
5.967000
11.747000
1.331000
13.503000
0.000000
7.431000
8.559000
5.758000
14.507000
10.779000
3.833000
6.383000
5.022000
12.938000
6.533000
13.379000
12.041000
7.500000
10.717000
13.779000
9.721000
10.423000
0.000000
13.096000
2.164000
9.796000
11.305000
0.000000
13.673000
10.231000
11.416000
8.100000
2.769000
5.197000
13.266000
7.983000
5.689000
12.605000
9.198000
10.677000
0.427000
3.947000
4.753000
13.787000
3.415000
10.459000
5.003000
5.507000
5.406000
11.201000
6.882000
8.451000
8.956000
6.988000
5.578000
8.371000
1.575000
6.948000
17.453000
4.424000
3.305000
5.574000
7.033000
4.144000
4.917000
8.497000
6.451000
2.779000
3.112000
6.574000
10.350000
5.460000
10.004000
4.284000
10.807000
2.407000
7.786000
1.409000
13.448000
18.669000
4.290000
6.973000
9.165000
7.991000
8.914000
4.162000
10.908000
8.084000
0.000000
6.993000
5.770000
8.614000
2.367000
16.690000
8.056000
5.146000
6.323000
4.522000
8.136000
3.249000
4.265000
8.862000
4.662000
6.063000
10.909000
0.000000
3.846000
1.977000
13.417000
3.125000
3.387000
5.917000
1.098000
2.754000
11.311000
7.189000
6.174000
1.694000
9.789000
0.865000
8.133000
3.753000
0.529000
6.255000
8.658000
7.503000
2.670000
7.515000
7.664000
4.498000
7.733000
5.172000
11.066000
10.909000
5.366000
0.000000
8.382000
4.961000
5.822000
8.240000
6.851000
7.053000
10.881000
9.734000
4.388000
5.924000
7.100000
8.688000
5.214000
10.383000
0.000000
7.116000
9.928000
3.901000
3.366000
14.830000
0.000000
6.113000
3.730000
10.124000
5.467000
9.719000
2.284000
3.997000
9.109000
4.279000
0.000000
7.173000
9.697000
6.331000
3.270000
2.910000
7.697000
7.806000
7.187000
6.680000
8.462000
6.898000
9.856000
2.399000
7.376000
4.687000
12.574000
2.875000
0.802000
12.629000
8.596000
6.791000
2.728000
3.817000
9.041000
7.716000
10.822000
5.990000
4.591000
9.432000
7.099000
1.157000
4.053000
14.734000
5.355000
9.915000
2.200000
10.761000
3.887000
4.708000
4.487000
6.803000
11.060000
9.071000
0.460000
4.478000
0.510000
8.509000
16.118000
8.068000
9.666000
8.754000
5.047000
8.975000
6.012000
4.584000
6.782000
0.848000
3.312000
3.053000
5.203000
5.430000
6.498000
6.536000
0.000000
2.437000
4.481000
0.000000
0.861000
10.303000
0.000000
8.044000
7.982000
2.800000
5.969000
1.766000
2.977000
0.584000
3.667000
2.356000
9.312000
12.507000
8.630000
5.437000
4.778000
8.453000
0.465000
5.872000
6.346000
3.125000
3.134000
3.756000
2.774000
5.366000
7.053000
4.200000
7.425000
10.315000
2.431000
0.179000
7.564000
9.003000
16.162000
15.265000
2.914000
0.756000
6.764000
6.532000
1.645000
12.185000
0.131000
3.308000
1.234000
3.758000
7.047000
5.235000
12.745000
0.000000
3.541000
5.477000
5.867000
0.000000
3.948000
6.838000
5.835000
0.669000
1.475000
5.522000
3.542000
3.897000
6.637000
8.425000
5.521000
1.590000
10.375000
4.332000
2.726000
3.017000
12.424000
6.080000
6.345000
8.567000
0.421000
9.807000
6.689000
2.248000
5.693000
0.761000
9.670000
7.886000
0.751000
2.822000
12.007000
2.759000
4.862000
10.198000
23.517000
1.304000
4.892000
2.554000
5.005000
0.000000
5.162000
5.522000
6.436000
13.193000
4.316000
5.054000
13.626000
6.840000
1.403000
1.365000
5.370000
13.089000
2.031000
0.060000
8.538000
0.000000
11.202000
4.192000
2.223000
3.657000
13.471000
6.239000
7.855000
1.509000
12.080000
5.664000
8.645000
9.985000
10.259000
8.527000
0.000000
6.282000
6.343000
1.782000
9.073000
3.939000
2.455000
2.900000
0.544000
11.692000
0.000000
7.092000
5.657000
14.108000
1.543000
8.591000
2.608000
0.000000
8.056000
0.325000
19.298000
1.359000
12.185000
0.000000
4.963000
8.143000
4.260000
3.459000
6.910000
7.129000
4.170000
8.859000
4.909000
10.093000
3.779000
10.815000
22.589000
4.067000
1.794000
9.736000
9.538000
10.764000
9.059000
1.379000
10.465000
11.998000
7.923000
8.872000
9.879000
5.975000
3.555000
10.499000
0.643000
0.000000
18.069000
4.545000
6.426000
9.447000
0.000000
5.890000
11.212000
9.285000
7.671000
3.559000
8.825000
11.760000
8.719000
0.346000
10.581000
3.636000
3.545000
3.622000
6.584000
0.000000
15.518000
0.000000
0.000000
15.004000
5.430000
5.288000
2.971000
4.171000
2.907000
0.000000
13.381000
2.760000
15.973000
3.522000
8.815000
6.247000
0.000000
3.862000
9.757000
5.071000
17.647000
5.692000
3.406000
0.000000
3.535000
12.188000
8.370000
6.602000
10.047000
6.175000
7.254000
4.075000
13.004000
16.538000
1.365000
3.146000
0.722000
8.503000
5.523000
1.779000
0.000000
1.886000
0.000000
2.709000
8.501000
12.843000
2.140000
0.000000
0.000000
0.000000
7.259000
5.420000
2.955000
0.681000
0.000000
0.000000
13.085000
6.394000
3.051000
4.906000
6.381000
15.640000
15.230000
3.924000
0.459000
0.000000
1.298000
13.905000
2.517000
1.559000
2.388000
1.170000
3.518000
3.353000
3.970000
0.000000
1.049000
0.533000
2.087000
0.000000
0.000000
1.527000
0.430000
3.261000
0.213000
2.778000
2.320000
4.869000
5.515000
3.837000
4.576000
9.765000
7.296000
2.114000
15.947000
13.357000
5.869000
6.984000
0.000000
0.803000
0.000000
5.019000
3.317000
0.171000
3.399000
1.200000
11.695000
6.176000
0.000000
3.501000
5.143000
8.537000
12.737000
2.337000
7.611000
0.028000
0.000000
6.429000
4.215000
4.806000
7.333000
0.000000
7.881000
5.663000
1.527000
1.943000
2.146000
8.660000
2.524000
14.139000
1.884000
9.989000
4.066000
0.873000
9.243000
4.271000
3.198000
3.900000
0.902000
13.457000
4.026000
6.600000
13.962000
5.421000
1.798000
12.658000
0.000000
0.031000
5.720000
4.599000
9.325000
5.802000
4.420000
8.683000
1.332000
5.458000
3.334000
5.305000
0.834000
9.681000
11.531000
6.720000
7.145000
0.298000
2.563000
0.000000
2.013000
2.345000
2.786000
12.141000
2.935000
1.888000
4.602000
0.000000
0.234000
3.681000
1.604000
2.493000
8.363000
14.799000
0.745000
2.127000
5.181000
4.114000
3.872000
14.522000
12.501000
2.472000
0.508000
16.317000
5.782000
3.045000
0.045000
10.134000
0.655000
1.559000
2.711000
0.000000
2.589000
9.267000
5.100000
9.755000
3.438000
2.494000
3.534000
16.955000
12.674000
1.586000
5.411000
4.932000
0.097000
10.194000
11.084000
0.000000
14.064000
9.923000
2.540000
0.000000
2.170000
1.384000
14.237000
2.044000
7.772000
5.750000
10.930000
0.000000
4.098000
0.528000
9.187000
5.714000
7.369000
2.514000
8.639000
6.446000
7.979000
0.000000
9.566000
1.025000
0.000000
13.206000
3.141000
5.745000
10.307000
19.460000
7.878000
14.910000
11.026000
0.000000
10.107000
1.235000
7.626000
0.000000
12.789000
5.772000
13.696000
3.576000
5.551000
4.480000
0.741000
0.000000
8.786000
9.878000
1.664000
7.995000
17.979000
10.460000
6.019000
7.744000
8.375000
3.170000
5.718000
4.332000
7.126000
3.944000
3.960000
7.650000
14.141000
7.879000
8.847000
5.568000
6.960000
6.550000
15.117000
16.167000
13.664000
9.820000
2.129000
1.525000
10.671000
5.767000
5.405000
11.663000
12.565000
2.678000
0.000000
0.000000
3.710000
11.387000
10.422000
2.622000
2.547000
11.102000
10.208000
0.000000
5.405000
3.220000
17.094000
7.509000
10.638000
0.518000
13.176000
15.206000
7.257000
1.974000
4.844000
7.186000
3.787000
12.615000
6.767000
10.429000
0.000000
3.603000
5.176000
10.348000
3.727000
2.201000
6.757000
9.325000
7.355000
12.268000
1.569000
0.000000
8.720000
8.743000
4.622000
6.318000
5.380000
4.856000
2.370000
8.389000
12.954000
19.168000
9.715000
4.354000
13.701000
8.718000
3.926000
6.399000
7.241000
0.000000
5.084000
3.967000
5.482000
11.127000
7.304000
7.107000
4.741000
9.786000
13.943000
14.777000
4.839000
2.226000
12.082000
5.778000
9.148000
5.372000
6.299000
8.988000
1.979000
10.431000
6.936000
5.644000
2.238000
7.771000
0.000000
11.063000
12.492000
6.699000
15.445000
1.719000
8.128000
3.786000
9.448000
1.757000
17.076000
7.997000
5.260000
9.584000
4.917000
4.438000
2.081000
10.005000
0.000000
7.729000
3.575000
3.093000
6.918000
6.530000
0.104000
1.477000
4.533000
1.850000
3.840000
4.669000
4.225000
0.000000
8.734000
1.435000
0.000000
13.052000
6.114000
2.200000
4.050000
5.902000
5.832000
4.164000
2.510000
0.504000
4.156000
15.138000
0.000000
2.332000
7.252000
1.072000
12.145000
3.837000
1.052000
8.786000
2.565000
8.034000
0.696000
6.364000
0.000000
2.508000
0.800000
0.679000
7.839000
6.675000
6.802000
0.000000
16.511000
0.000000
8.710000
4.335000
1.384000
0.000000
9.884000
10.821000
8.970000
0.000000
4.441000
19.557000
11.303000
6.068000
4.126000
11.124000
2.969000
10.035000
5.262000
8.337000
2.049000
2.063000
2.441000
7.826000
8.258000
1.744000
8.095000
0.073000
3.454000
0.707000
3.275000
5.136000
0.000000
6.389000
8.672000
3.236000
1.414000
7.828000
8.959000
9.136000
10.116000
4.327000
1.471000
8.159000
6.095000
4.577000
14.400000
5.029000
4.001000
12.689000
3.458000
0.000000
3.727000
6.516000
5.710000
9.587000
12.001000
5.016000
0.509000
2.238000
10.170000
2.293000
3.037000
2.269000
10.886000
1.294000
2.846000
11.150000
4.881000
6.019000
3.090000
9.583000
6.857000
3.831000
7.182000
0.556000
3.589000
10.853000
12.987000
15.527000
11.912000
4.940000
8.160000
13.608000
5.569000
10.451000
9.551000
13.128000
8.663000
8.260000
2.194000
0.000000
8.213000
0.000000
9.911000
5.183000
2.784000
2.001000
15.129000
0.000000
4.384000
9.589000
9.227000
0.626000
3.829000
3.758000
3.477000
6.126000
9.919000
10.333000
4.080000
14.616000
6.860000
5.258000
5.243000
0.272000
5.188000
2.834000
4.610000
0.677000
4.144000
5.970000
7.927000
2.536000
7.054000
1.415000
8.168000
5.833000
7.465000
3.353000
7.289000
7.821000
12.813000
2.997000
2.229000
2.659000
5.220000
1.776000
4.539000
9.056000
7.153000
0.000000
0.896000
2.149000
1.025000
0.000000
3.636000
3.007000
4.765000
0.000000
5.493000
1.055000
11.254000
6.522000
3.600000
7.880000
1.722000
2.155000
4.455000
4.073000
4.731000
1.685000
4.836000
0.000000
3.485000
1.403000
0.000000
0.000000
2.123000
1.191000
5.952000
8.097000
1.834000
5.272000
1.231000
0.000000
0.000000
0.000000
6.266000
4.777000
2.638000
9.850000
0.000000
0.439000
3.432000
1.092000
0.000000
1.589000
2.652000
0.000000
4.075000
5.554000
8.244000
0.242000
4.545000
1.767000
4.600000
5.255000
0.638000
10.268000
2.025000
4.765000
4.758000
5.141000
5.713000
1.384000
0.000000
3.135000
2.020000
7.796000
4.201000
12.591000
6.525000
4.016000
0.846000
6.634000
1.443000
7.868000
3.497000
4.429000
17.139000
8.856000
6.357000
10.084000
8.241000
0.000000
1.945000
0.000000
1.384000
0.000000
2.464000
2.291000
2.479000
3.040000
7.714000
2.202000
0.472000
0.000000
4.251000
6.402000
7.094000
4.143000
10.335000
8.786000
1.455000
7.274000
1.252000
8.967000
5.757000
5.024000
1.475000
11.999000
5.285000
4.021000
1.341000
4.628000
10.309000
8.148000
5.846000
0.000000
5.099000
8.689000
3.766000
1.692000
2.816000
4.839000
2.123000
6.617000
7.615000
2.308000
2.732000
3.540000
8.320000
6.903000
7.399000
5.679000
5.089000
5.787000
1.869000
2.130000
9.151000
6.312000
2.084000
1.010000
6.089000
2.011000
2.820000
8.386000
6.370000
3.192000
10.432000
5.424000
8.771000
8.962000
2.187000
0.162000
4.461000
5.275000
3.828000
1.333000
4.163000
9.529000
2.362000
1.735000
8.486000
8.065000
0.000000
0.000000
4.151000
8.947000
6.672000
3.137000
0.000000
5.298000
3.600000
4.248000
2.416000
3.174000
0.203000
1.572000
2.846000
6.231000
1.916000
0.000000
2.291000
5.649000
6.246000
1.112000
0.000000
0.000000
3.363000
0.509000
7.146000
2.851000
0.721000
0.000000
1.211000
6.148000
3.526000
1.090000
5.560000
2.936000
3.163000
11.215000
0.853000
0.000000
0.000000
2.631000
10.308000
0.520000
4.012000
0.000000
0.000000
4.782000
1.775000
0.618000
2.268000
0.000000
4.132000
0.000000
4.721000
5.445000
0.000000
8.374000
0.000000
0.177000
4.041000
0.000000
2.293000
11.623000
10.780000
2.002000
11.139000
2.770000
0.000000
0.000000
0.000000
0.000000
0.000000
1.722000
0.942000
0.000000
2.121000
2.852000
0.000000
0.503000
0.000000
1.216000
5.518000
1.002000
8.886000
0.882000
1.822000
1.321000
0.000000
6.259000
0.019000
0.712000
2.960000
0.000000
0.000000
5.175000
0.270000
2.667000
2.867000
3.596000
0.000000
1.205000
3.692000
0.000000
0.000000
5.578000
12.536000
12.170000
0.000000
7.662000
13.634000
3.484000
0.000000
0.000000
0.062000
0.000000
3.217000
0.000000
12.562000
11.237000
0.000000
0.000000
6.315000
0.000000
4.144000
4.420000
0.000000
0.000000
0.000000
0.000000
7.874000
3.089000
0.000000
0.000000
1.455000
0.000000
0.000000
2.885000
2.323000
7.290000
5.116000
5.517000
3.824000
3.997000
0.000000
3.592000
5.619000
3.903000
0.000000
0.000000
0.000000
5.212000
0.000000
0.000000
3.174000
3.819000
3.729000
5.095000
4.508000
6.914000
6.677000
0.384000
2.295000
7.271000
0.000000
0.000000
0.000000
2.709000
6.567000
5.237000
12.596000
5.602000
1.715000
8.643000
5.147000
3.806000
1.241000
0.000000
1.748000
0.149000
0.000000
5.506000
0.000000
0.000000
3.923000
6.062000
0.000000
3.529000
0.000000
0.000000
3.815000
4.327000
2.358000
2.897000
0.000000
2.025000
0.000000
4.308000
18.462000
0.000000
0.000000
4.409000
0.955000
0.571000
5.926000
3.276000
0.000000
9.636000
13.147000
0.000000
9.866000
4.677000
5.587000
1.297000
4.552000
2.686000
5.638000
3.382000
0.000000
7.426000
0.000000
4.918000
5.353000
0.000000
0.000000
14.215000
4.986000
0.338000
2.069000
1.165000
1.839000
4.073000
1.833000
2.589000
0.000000
6.213000
8.919000
0.937000
1.205000
0.000000
0.622000
0.934000
4.298000
2.060000
4.483000
5.239000
1.929000
11.628000
0.000000
6.391000
3.230000
0.000000
0.860000
4.561000
3.476000
21.020000
3.007000
5.738000
0.000000
6.232000
8.319000
3.449000
5.608000
0.000000
2.162000
4.804000
2.650000
6.648000
0.181000
5.577000
6.878000
1.832000
4.616000
6.129000
2.023000
11.778000
3.117000
2.043000
3.645000
0.670000
2.105000
1.122000
1.913000
1.407000
6.200000
1.241000
0.900000
4.838000
4.502000
0.689000
9.920000
6.129000
8.303000
15.023000
0.000000
0.051000
2.043000
2.193000
9.286000
3.912000
2.176000
1.681000
2.230000
9.364000
0.971000
1.199000
6.531000
3.161000
0.000000
2.346000
0.000000
4.047000
2.905000
1.449000
3.235000
0.463000
0.000000
4.116000
6.052000
1.524000
1.604000
0.000000
5.857000
2.678000
11.521000
2.042000
3.577000
3.769000
5.651000
3.526000
3.636000
0.000000
5.627000
0.000000
0.000000
2.742000
2.325000
0.107000
2.730000
7.533000
0.000000
5.018000
7.016000
4.549000
6.063000
6.727000
0.000000
3.793000
0.361000
5.260000
4.255000
2.772000
0.000000
0.169000
5.810000
6.312000
5.117000
3.046000
0.387000
10.570000
7.367000
0.000000
3.174000
1.795000
5.383000
1.270000
1.060000
5.554000
6.716000
1.383000
5.161000
0.000000
7.293000
1.360000
3.737000
1.077000
0.887000
6.552000
2.431000
10.639000
0.302000
12.319000
2.543000
3.017000
11.481000
8.248000
6.403000
6.164000
2.413000
1.117000
3.294000
3.230000
1.115000
2.808000
4.056000
1.629000
7.551000
2.244000
5.433000
2.733000
6.657000
10.044000
17.641000
1.981000
5.102000
0.000000
3.959000
2.437000
0.000000
3.920000
2.026000
1.652000
0.000000
0.000000
0.000000
9.472000
7.967000
1.612000
2.930000
3.707000
1.727000
9.166000
8.017000
0.037000
0.641000
1.311000
7.425000
0.030000
5.354000
0.000000
12.216000
13.184000
1.849000
0.000000
5.106000
2.495000
1.544000
0.000000
3.274000
0.000000
1.325000
8.517000
11.623000
0.000000
8.260000
8.266000
0.000000
2.473000
3.642000
2.977000
6.079000
6.379000
0.000000
0.000000
2.908000
3.003000
9.987000
2.343000
5.252000
1.478000
0.831000
5.389000
2.224000
4.857000
9.809000
6.685000
2.926000
1.309000
5.046000
1.580000
3.781000
5.780000
9.568000
5.337000
6.772000
4.502000
0.000000
4.499000
4.257000
1.023000
7.495000
5.695000
0.000000
3.284000
1.283000
12.632000
0.000000
6.116000
3.904000
7.338000
8.652000
0.000000
0.000000
0.000000
0.000000
13.956000
0.000000
0.000000
7.668000
1.596000
0.324000
3.030000
6.450000
3.433000
1.806000
0.000000
2.167000
2.462000
4.587000
4.769000
6.878000
5.903000
0.502000
6.709000
4.361000
8.892000
4.866000
1.388000
0.000000
0.000000
2.144000
0.559000
1.540000
3.895000
3.208000
12.327000
3.782000
7.737000
2.422000
1.073000
0.843000
5.704000
0.000000
10.893000
6.535000
5.346000
7.592000
0.000000
0.000000
3.274000
8.046000
0.455000
0.294000
2.075000
0.000000
5.873000
4.440000
0.000000
2.126000
4.885000
4.464000
5.097000
13.578000
0.000000
3.682000
8.368000
7.008000
3.121000
1.603000
1.732000
10.740000
10.382000
1.896000
2.386000
0.000000
1.415000
11.076000
7.592000
0.326000
6.394000
9.981000
12.832000
6.786000
0.000000
0.000000
6.750000
5.934000
4.973000
4.465000
0.000000
1.266000
6.257000
5.414000
1.168000
12.134000
0.484000
12.122000
0.000000
4.568000
7.511000
0.051000
0.772000
7.483000
8.574000
2.996000
8.297000
0.188000
1.731000
3.980000
0.000000
1.774000
2.024000
5.808000
4.597000
0.000000
4.366000
0.080000
12.197000
5.586000
0.023000
1.137000
0.000000
2.505000
0.000000
4.935000
0.000000
3.781000
5.221000
0.000000
0.958000
12.361000
0.000000
1.408000
3.495000
0.199000
8.312000
6.995000
0.000000
0.000000
9.437000
0.000000
11.692000
3.874000
5.700000
7.460000
0.535000
0.000000
9.190000
9.196000
6.388000
1.617000
2.671000
0.000000
0.000000
2.181000
0.000000
3.239000
0.794000
4.858000
0.274000
1.835000
0.521000
0.000000
0.000000
10.152000
1.166000
2.156000
1.894000
0.000000
5.284000
4.651000
0.925000
3.408000
3.930000
3.969000
0.248000
1.266000
0.000000
0.000000
8.798000
8.523000
0.835000
8.762000
8.453000
4.279000
4.003000
3.143000
1.297000
1.948000
3.758000
5.149000
0.000000
0.663000
0.000000
3.247000
1.231000
5.443000
4.295000
0.066000
4.021000
4.827000
3.584000
0.000000
0.000000
0.000000
0.000000
0.019000
1.473000
1.822000
1.452000
0.000000
0.000000
2.540000
1.722000
0.000000
6.942000
12.610000
3.784000
5.034000
4.660000
6.440000
6.107000
0.000000
4.821000
0.000000
12.040000
9.651000
8.416000
0.000000
9.864000
6.295000
1.153000
0.000000
0.140000
1.007000
8.498000
3.613000
2.210000
2.503000
1.021000
4.255000
6.077000
2.211000
1.862000
4.414000
4.690000
0.000000
0.000000
0.715000
2.060000
8.567000
7.217000
6.912000
0.000000
2.716000
8.868000
6.821000
5.376000
4.762000
2.367000
5.822000
1.179000
3.468000
0.000000
4.671000
9.597000
5.361000
0.000000
2.716000
0.000000
0.345000
0.000000
15.329000
2.888000
1.750000
10.141000
5.298000
0.000000
0.000000
0.406000
2.441000
5.502000
0.000000
1.541000
3.225000
12.089000
3.703000
0.000000
5.328000
8.414000
0.000000
0.000000
0.000000
1.912000
0.000000
7.748000
4.365000
0.000000
7.044000
0.000000
5.758000
4.456000
0.000000
0.000000
6.687000
0.354000
2.429000
2.803000
0.000000
3.983000
6.789000
8.512000
0.312000
0.000000
7.206000
2.827000
10.372000
6.036000
0.000000
1.654000
0.638000
2.625000
0.029000
4.771000
0.000000
4.131000
4.315000
2.305000
7.737000
0.448000
1.148000
0.000000
3.465000
4.117000
5.917000
6.370000
0.000000
1.364000
8.365000
0.000000
0.000000
1.607000
1.304000
10.624000
8.300000
0.000000
1.242000
0.000000
12.296000
7.216000
0.000000
6.035000
4.167000
9.238000
0.426000
11.886000
6.079000
8.665000
6.087000
0.000000
0.000000
3.989000
3.899000
4.120000
5.147000
3.350000
0.346000
4.156000
8.817000
8.536000
4.575000
0.000000
3.345000
1.702000
0.000000
8.524000
1.917000
0.000000
2.580000
4.399000
7.385000
6.115000
10.829000
9.548000
0.000000
0.000000
0.000000
0.000000
7.051000
5.518000
11.078000
4.194000
0.000000
2.872000
6.986000
9.549000
0.000000
2.922000
4.219000
2.828000
2.478000
3.534000
4.249000
0.042000
3.420000
5.934000
0.000000
7.274000
6.686000
10.684000
1.735000
1.749000
6.749000
6.664000
0.000000
7.900000
2.569000
1.574000
2.908000
0.000000
0.000000
0.000000
0.519000
2.804000
2.927000
6.198000
5.767000
0.000000
0.000000
6.288000
5.575000
8.451000
0.079000
1.479000
2.099000
5.120000
8.319000
9.632000
0.000000
4.075000
4.723000
3.667000
6.322000
7.395000
5.411000
10.113000
4.558000
2.064000
9.859000
0.000000
10.393000
9.088000
0.000000
7.621000
0.000000
5.516000
5.106000
3.468000
7.450000
8.179000
4.220000
0.000000
0.956000
2.183000
0.000000
9.370000
0.594000
6.678000
1.889000
5.960000
0.000000
1.015000
0.000000
6.318000
3.755000
0.000000
1.706000
0.021000
10.400000
0.000000
5.414000
4.740000
5.299000
0.000000
4.521000
6.400000
0.000000
0.719000
4.893000
0.000000
3.115000
8.127000
4.055000
0.000000
3.592000
0.000000
6.170000
0.000000
2.182000
2.578000
6.762000
1.483000
0.000000
10.110000
9.172000
9.161000
13.033000
0.000000
0.000000
0.000000
1.397000
1.820000
2.958000
0.000000
7.820000
5.580000
0.749000
3.409000
0.000000
9.460000
0.000000
0.152000
4.026000
5.582000
3.919000
5.108000
0.000000
0.000000
1.840000
1.153000
0.000000
2.878000
1.677000
1.374000
0.000000
0.322000
0.000000
0.000000
2.665000
0.000000
7.598000
0.857000
0.000000
2.791000
2.046000
10.138000
9.648000
0.000000
5.470000
2.556000
3.134000
0.000000
0.000000
0.000000
0.391000
2.816000
9.286000
0.000000
0.000000
4.915000
0.127000
0.000000
0.000000
0.452000
3.191000
5.063000
4.495000
3.166000
0.000000
0.000000
8.845000
0.000000
8.494000
3.174000
2.565000
5.094000
0.000000
0.000000
1.807000
0.000000
3.630000
8.281000
0.000000
0.453000
3.503000
0.000000
0.000000
0.490000
0.000000
9.036000
1.604000
3.675000
1.823000
1.369000
0.000000
9.582000
0.706000
2.769000
1.140000
0.000000
0.000000
0.000000
4.806000
0.000000
0.000000
0.000000
1.852000
0.921000
4.986000
5.035000
7.179000
0.000000
0.000000
6.065000
0.000000
0.463000
0.000000
2.588000
7.375000
1.254000
0.000000
4.165000
0.855000
0.000000
0.000000
5.753000
0.000000
0.000000
2.029000
3.147000
4.219000
0.000000
13.012000
0.980000
5.348000
0.169000
2.993000
2.967000
4.317000
4.443000
11.336000
0.000000
10.339000
8.086000
0.000000
5.840000
6.212000
1.261000
7.275000
0.000000
9.288000
2.997000
3.340000
0.000000
8.771000
2.789000
2.260000
7.950000
0.000000
0.000000
7.872000
0.000000
5.187000
4.501000
0.000000
0.000000
0.000000
0.000000
0.638000
3.991000
2.998000
1.266000
0.191000
0.000000
0.000000
2.923000
0.000000
2.073000
1.926000
0.000000
5.780000
0.000000
0.000000
6.673000
0.000000
0.352000
0.000000
0.000000
0.000000
1.567000
1.695000
4.181000
2.143000
6.858000
5.735000
4.130000
6.688000
0.000000
4.187000
0.651000
4.647000
7.543000
0.000000
3.111000
2.124000
4.449000
0.000000
5.461000
6.618000
4.018000
1.877000
3.406000
0.000000
1.999000
3.602000
2.673000
4.898000
4.204000
8.602000
1.439000
6.429000
3.200000
3.841000
4.469000
4.413000
0.980000
4.370000
0.426000
7.940000
1.755000
0.564000
0.000000
3.885000
2.333000
0.000000
7.052000
0.000000
8.984000
0.000000
0.000000
1.121000
0.000000
0.000000
0.000000
0.000000
4.962000
7.820000
0.000000
6.858000
0.749000
4.401000
4.037000
0.000000
6.779000
5.553000
5.998000
3.822000
0.000000
2.555000
6.071000
0.000000
7.018000
0.000000
1.531000
2.256000
3.828000
3.628000
0.082000
0.000000
0.000000
0.000000
3.182000
0.000000
0.000000
0.000000
0.000000
0.000000
0.000000
0.000000
3.070000
0.000000
2.368000
1.143000
4.315000
1.133000
9.259000
3.685000
6.044000
9.962000
0.000000
0.124000
1.504000
5.813000
3.516000
0.000000
0.000000
0.059000
0.000000
0.000000
4.656000
2.782000
3.920000
5.712000
0.772000
3.843000
3.554000
0.000000
0.000000
4.486000
0.000000
3.091000
6.432000
0.000000
0.000000
0.315000
0.000000
0.000000
7.092000
5.823000
4.128000
0.000000
3.875000
0.000000
0.000000
4.202000
0.000000
0.000000
1.725000
9.630000
0.000000
1.229000
0.000000
2.532000
10.989000
13.449000
1.885000
4.759000
1.902000
0.000000
2.746000
0.000000
0.801000
10.481000
1.115000
0.000000
10.767000
10.123000
2.975000
0.876000
0.201000
4.168000
0.000000
0.000000
2.130000
0.000000
0.000000
3.053000
2.941000
0.000000
7.021000
0.000000
0.879000
0.651000
0.000000
2.349000
0.890000
0.000000
5.510000
0.831000
6.388000
0.000000
0.000000
0.000000
0.000000
0.000000
3.479000
4.638000
0.000000
0.000000
0.000000
1.845000
6.211000
0.000000
0.000000
0.336000
2.506000
1.970000
4.361000
0.000000
6.742000
1.638000
0.370000
0.000000
0.000000
0.000000
1.250000
1.279000
4.034000
14.930000
1.371000
0.359000
8.842000
0.615000
3.764000
0.000000
0.000000
2.347000
2.239000
1.912000
0.000000
7.511000
4.902000
3.062000
3.214000
0.000000
5.674000
3.174000
0.000000
0.000000
4.285000
1.565000
0.000000
3.170000
0.000000
0.000000
0.000000
2.195000
3.104000
0.000000
0.000000
0.000000
0.000000
9.472000
7.221000
0.000000
0.409000
4.918000
10.813000
0.000000
0.000000
0.000000
3.365000
1.808000
0.000000
2.968000
0.655000
0.000000
4.696000
0.000000
7.568000
2.942000
0.762000
10.681000
9.223000
0.830000
0.134000
0.000000
0.000000
0.000000
10.906000
2.133000
3.299000
0.086000
0.000000
2.265000
0.437000
2.952000
0.000000
1.124000
3.369000
3.122000
1.069000
1.498000
0.000000
2.135000
1.129000
2.602000
0.000000
0.000000
1.102000
0.000000
2.346000
2.985000
3.284000
4.636000
2.295000
0.000000
0.443000
1.333000
0.000000
0.000000
2.242000
0.997000
0.318000
0.000000
3.005000
7.762000
1.978000
1.426000
1.341000
1.192000
5.256000
0.355000
3.341000
2.947000
0.690000
0.764000
0.603000
0.504000
2.194000
0.000000
0.235000
0.000000
4.632000
3.115000
3.394000
0.000000
2.223000
0.000000
0.000000
0.000000
1.266000
0.861000
1.744000
3.282000
0.303000
10.473000
0.000000
1.855000
8.552000
1.118000
6.439000
2.776000
2.570000
4.941000
0.891000
3.400000
0.000000
2.445000
2.612000
1.197000
0.000000
3.057000
1.319000
2.194000
1.573000
0.000000
0.000000
0.263000
0.000000
0.000000
2.959000
3.023000
6.119000
6.980000
3.490000
10.086000
1.245000
0.000000
0.000000
0.000000
0.000000
10.400000
1.413000
6.708000
0.000000
0.000000
0.000000
0.000000
2.594000
6.385000
0.000000
0.000000
0.536000
0.000000
4.601000
6.492000
6.109000
7.023000
1.175000
0.000000
0.000000
0.000000
0.486000
3.518000
0.000000
0.000000
1.100000
0.000000
0.256000
0.527000
0.440000
7.770000
7.391000
0.000000
0.000000
1.136000
0.000000
1.690000
0.000000
0.000000
3.852000
0.000000
0.530000
2.222000
5.212000
0.768000
0.000000
3.413000
4.672000
0.103000
4.537000
8.503000
1.259000
0.000000
0.000000
8.761000
3.050000
4.830000
1.645000
3.095000
0.413000
6.852000
10.351000
2.605000
3.523000
3.115000
1.915000
0.285000
0.000000
5.066000
7.107000
4.277000
0.000000
0.000000
2.202000
1.397000
0.763000
0.000000
0.000000
0.000000
0.022000
7.053000
0.000000
9.493000
0.000000
5.228000
1.069000
0.806000
0.000000
7.411000
4.593000
1.183000
0.000000
9.696000
1.752000
2.292000
0.000000
4.137000
3.092000
5.676000
5.428000
0.000000
0.000000
5.970000
0.000000
3.723000
0.842000
4.272000
0.000000
0.697000
2.432000
11.519000
3.180000
3.083000
7.330000
0.000000
3.377000
0.000000
0.328000
0.000000
5.458000
2.243000
9.667000
3.537000
3.649000
0.000000
0.000000
4.810000
7.946000
0.000000
0.299000
0.012000
6.395000
0.000000
1.544000
0.000000
0.000000
3.861000
0.000000
0.000000
0.000000
6.180000
0.000000
5.267000
0.000000
2.553000
1.829000
1.849000
0.000000
1.381000
0.000000
3.847000
0.000000
0.000000
9.103000
5.841000
2.765000
2.155000
0.000000
0.000000
0.000000
11.260000
2.609000
1.123000
11.052000
6.839000
0.000000
6.395000
0.000000
0.000000
0.000000
0.000000
0.000000
0.000000
1.528000
0.000000
1.050000
0.000000
3.195000
0.000000
3.419000
0.000000
0.000000
1.454000
9.510000
0.262000
1.891000
0.000000
1.288000
0.000000
0.000000
0.915000
2.438000
0.000000
0.913000
0.000000
0.000000
4.254000
0.000000
0.000000
0.000000
2.137000
0.000000
2.423000
0.000000
1.517000
0.000000
0.000000
0.000000
0.000000
3.666000
4.737000
7.279000
0.000000
0.000000
0.000000
0.000000
0.000000
1.013000
2.461000
0.549000
0.000000
0.000000
8.206000
3.428000
3.472000
0.000000
0.000000
1.436000
0.405000
3.132000
1.980000
2.597000
2.297000
1.266000
0.000000
2.107000
3.771000
2.781000
0.224000
0.019000
0.000000
0.000000
4.620000
10.369000
1.491000
0.000000
0.000000
0.000000
1.663000
1.738000
0.000000
0.000000
1.850000
0.000000
0.387000
0.000000
10.647000
1.222000
2.929000
0.105000
0.755000
1.568000
0.000000
0.000000
3.618000
3.581000
0.000000
0.000000
4.316000
0.726000
2.768000
0.000000
0.506000
0.530000
1.309000
4.188000
1.648000
0.000000
2.853000
1.358000
2.631000
0.000000
4.170000
0.731000
0.000000
3.825000
2.785000
0.934000
3.628000
1.991000
0.000000
3.793000
2.713000
6.410000
0.000000
0.000000
0.323000
0.318000
0.000000
0.000000
0.000000
2.141000
1.307000
4.310000
0.070000
0.843000
0.000000
0.000000
0.000000
7.255000
3.498000
0.738000
0.000000
2.598000
0.951000
2.421000
1.266000
0.000000
0.000000
0.393000
1.619000
0.000000
2.679000
0.000000
0.000000
0.000000
1.379000
1.346000
0.000000
0.000000
0.000000
4.767000
1.323000
1.178000
0.000000
0.000000
0.000000
4.238000
1.820000
0.000000
2.745000
0.000000
0.991000
4.055000
5.472000
3.068000
0.000000
0.000000
0.000000
3.430000
3.368000
0.000000
2.434000
0.000000
0.000000
2.010000
0.000000
2.787000
0.000000
0.000000
0.000000
0.000000
0.000000
9.189000
0.000000
0.000000
1.927000
0.000000
0.000000
0.000000
1.093000
0.000000
3.322000
0.000000
7.829000
4.222000
2.442000
1.942000
0.000000
2.692000
0.000000
0.000000
0.000000
0.000000
0.000000
0.000000
0.579000
1.803000
0.859000
1.503000
1.391000
0.000000
4.704000
0.008000
1.370000
0.000000
0.697000
2.556000
5.116000
0.000000
2.292000
2.851000
0.038000
2.530000
0.000000
0.000000
0.000000
4.172000
0.092000
0.000000
5.041000
0.000000
0.000000
0.000000
4.027000
4.593000
2.795000
2.560000
2.810000
2.172000
1.328000
5.520000
1.591000
3.854000
0.249000
0.000000
1.580000
4.340000
0.000000
6.985000
0.000000
0.000000
0.000000
3.769000
6.850000
1.215000
5.274000
0.790000
1.937000
1.995000
3.859000
0.000000
1.332000
1.081000
0.000000
0.000000
1.208000
0.000000
0.000000
0.000000
0.824000
0.000000
0.368000
0.000000
4.874000
6.179000
0.000000
2.125000
0.000000
0.000000
0.000000
3.443000
0.194000
1.859000
8.054000
0.602000
0.000000
0.000000
0.000000
0.536000
0.000000
1.832000
0.000000
4.169000
0.000000
2.468000
2.259000
0.000000
1.783000
0.000000
0.000000
1.694000
0.000000
0.000000
8.674000
0.952000
0.117000
0.000000
1.104000
0.519000
0.000000
3.786000
1.149000
0.000000
0.000000
0.000000
0.000000
8.340000
0.000000
0.189000
0.000000
0.000000
6.906000
0.000000
1.215000
0.000000
0.000000
0.000000
0.000000
0.000000
0.000000
1.779000
4.523000
4.842000
1.631000
0.000000
0.000000
0.000000
0.993000
0.000000
1.424000
1.082000
0.000000
0.000000
0.000000
2.500000
0.000000
0.567000
0.000000
0.000000
4.283000
0.000000
1.436000
0.000000
3.612000
0.000000
0.000000
0.000000
0.000000
0.000000
2.172000
1.069000
3.133000
1.931000
2.839000
2.030000
4.191000
0.000000
2.500000
5.057000
2.317000
1.202000
1.058000
4.295000
0.000000
1.155000
0.000000
0.000000
0.000000
0.000000
8.281000
2.502000
0.000000
2.349000
0.000000
6.583000
3.015000
0.000000
2.831000
0.000000
0.000000
0.000000
0.000000
8.305000
0.000000
3.718000
0.396000
2.023000
1.509000
0.000000
3.499000
0.326000
3.598000
0.000000
0.000000
2.607000
7.162000
0.000000
3.564000
2.916000
0.448000
0.000000
4.875000
0.000000
2.253000
2.612000
8.917000
0.000000
0.000000
4.620000
4.874000
2.578000
1.595000
1.550000
0.000000
0.000000
7.145000
3.282000
0.000000
6.359000
4.872000
0.000000
0.000000
0.000000
0.000000
4.834000
6.089000
0.000000
2.013000
1.340000
0.000000
1.195000
0.000000
0.000000
1.625000
0.000000
1.795000
0.000000
2.198000
3.489000
0.000000
6.557000
5.418000
3.611000
0.000000
1.226000
1.525000
0.000000
3.849000
0.000000
7.666000
0.000000
0.843000
0.000000
0.000000
0.000000
0.313000
0.000000
4.319000
0.388000
0.000000
4.226000
3.455000
0.000000
0.000000
8.862000
3.584000
0.352000
3.365000
0.000000
0.000000
0.000000
0.000000
0.000000
0.000000
8.086000
0.276000
4.026000
0.522000
2.679000
0.000000
2.850000
2.564000
0.000000
4.905000
1.568000
0.519000
3.969000
2.369000
0.000000
4.303000
0.000000
0.000000
4.519000
0.000000
1.250000
4.162000
0.000000
1.487000
3.686000
4.952000
2.360000
0.396000
4.281000
1.890000
2.989000
0.000000
0.000000
0.000000
0.000000
3.760000
8.825000
0.000000
1.280000
0.000000
0.173000
6.753000
0.000000
10.266000
1.030000
0.168000
4.822000
0.569000
0.000000
2.897000
1.329000
0.000000
0.347000
0.000000
9.068000
0.000000
4.933000
4.148000
0.000000
3.926000
0.000000
0.631000
4.728000
1.136000
1.933000
0.000000
0.009000
3.376000
0.000000
0.000000
2.993000
7.183000
5.296000
5.042000
0.000000
6.096000
2.231000
0.000000
0.484000
6.846000
4.329000
5.562000
0.574000
3.782000
0.000000
3.098000
0.000000
5.915000
0.000000
0.000000
