12.011000
12.736000
11.295000
16.948000
15.047000
19.896000
15.022000
18.085000
16.139000
16.358000
18.027000
18.057000
17.131000
6.691000
11.198000
11.743000
14.058000
8.810000
11.362000
13.238000
11.425000
6.243000
12.306000
9.324000
22.405000
8.582000
23.238000
11.972000
13.844000
7.403000
13.315000
18.497000
17.545000
13.114000
11.347000
13.087000
12.358000
15.422000
10.850000
6.140000
5.986000
10.127000
21.319000
15.957000
10.374000
9.953000
14.892000
9.011000
4.793000
11.587000
15.266000
10.785000
20.005000
15.426000
13.990000
9.845000
9.415000
12.887000
22.017000
19.541000
6.505000
9.890000
13.769000
16.275000
11.890000
14.110000
19.052000
15.761000
13.737000
14.736000
13.995000
15.267000
9.196000
15.112000
15.093000
7.857000
13.847000
16.703000
15.329000
18.023000
5.499000
6.401000
18.567000
16.621000
21.869000
12.410000
18.203000
14.488000
4.337000
13.434000
8.147000
9.876000
6.380000
7.778000
11.178000
13.180000
5.054000
9.381000
4.908000
5.270000
8.346000
2.230000
11.211000
4.726000
7.429000
13.341000
7.358000
4.113000
6.822000
7.419000
8.965000
12.259000
21.421000
3.691000
2.397000
3.193000
9.733000
5.741000
7.809000
10.985000
8.331000
5.802000
9.164000
17.084000
3.514000
12.687000
0.000000
2.193000
5.050000
8.608000
18.068000
20.253000
9.040000
5.761000
11.771000
3.556000
20.645000
5.458000
4.459000
4.845000
9.762000
5.587000
14.751000
15.634000
11.644000
9.413000
5.228000
7.733000
6.394000
17.680000
7.388000
17.954000
6.264000
4.482000
19.163000
12.348000
5.497000
15.480000
13.609000
15.095000
4.200000
4.655000
2.308000
24.436000
6.054000
10.613000
11.897000
6.949000
17.337000
13.032000
13.379000
19.489000
5.464000
4.969000
5.237000
9.900000
17.054000
5.657000
19.111000
21.271000
9.976000
10.214000
1.475000
7.521000
4.715000
16.283000
4.141000
3.558000
15.501000
8.318000
14.926000
13.689000
9.088000
14.767000
2.101000
8.071000
12.025000
19.910000
19.833000
16.958000
5.784000
12.731000
12.152000
12.391000
16.534000
8.048000
20.960000
7.804000
7.888000
7.056000
7.472000
17.077000
8.963000
5.514000
12.814000
10.168000
11.481000
5.939000
9.731000
8.272000
12.279000
11.756000
17.281000
13.372000
7.888000
5.154000
16.194000
17.935000
7.178000
2.874000
5.716000
5.650000
9.341000
19.194000
26.123000
1.010000
11.103000
22.583000
12.086000
11.702000
12.526000
11.563000
1.369000
15.019000
11.976000
7.024000
3.474000
14.524000
16.858000
14.429000
16.399000
6.076000
15.352000
16.053000
14.740000
3.920000
16.079000
13.623000
6.499000
14.635000
15.270000
9.402000
14.287000
11.942000
9.592000
17.947000
20.513000
14.165000
10.505000
11.406000
21.009000
12.192000
7.205000
0.729000
13.616000
9.881000
11.731000
17.531000
9.335000
13.689000
6.809000
13.643000
11.570000
13.355000
15.812000
18.725000
19.781000
20.527000
11.892000
16.558000
5.221000
19.318000
8.388000
16.673000
15.504000
19.955000
13.035000
9.128000
6.337000
17.874000
19.134000
7.544000
17.294000
13.443000
13.502000
12.272000
12.410000
23.445000
10.679000
17.816000
12.910000
20.401000
15.187000
2.547000
16.950000
13.555000
17.556000
3.235000
11.716000
20.948000
21.381000
16.651000
11.085000
10.125000
23.827000
16.696000
16.214000
12.900000
17.748000
13.949000
15.397000
15.733000
14.834000
17.229000
12.924000
12.139000
13.272000
18.356000
13.250000
16.256000
12.798000
19.911000
16.120000
13.307000
15.101000
14.484000
21.933000
16.191000
15.781000
12.856000
11.865000
18.833000
12.151000
21.524000
15.433000
14.439000
14.220000
15.965000
20.144000
14.843000
18.804000
16.381000
14.181000
18.061000
18.473000
21.165000
12.946000
17.672000
23.488000
17.742000
12.744000
9.141000
10.882000
16.008000
12.622000
15.815000
18.865000
15.685000
14.618000
18.500000
16.022000
27.565000
11.647000
15.911000
15.976000
7.616000
17.138000
17.663000
22.498000
9.522000
10.536000
16.056000
19.195000
15.982000
14.674000
16.391000
13.578000
18.234000
20.184000
14.445000
19.782000
16.320000
16.693000
6.817000
12.901000
6.752000
18.083000
7.571000
6.882000
20.109000
19.675000
13.753000
14.845000
8.026000
8.438000
6.034000
4.545000
6.016000
8.834000
7.922000
7.937000
2.989000
6.756000
6.799000
7.077000
6.553000
3.829000
17.817000
8.413000
12.624000
9.436000
10.153000
8.295000
15.915000
10.521000
7.957000
4.912000
8.419000
6.650000
8.324000
6.668000
16.037000
6.726000
14.626000
9.974000
9.151000
6.161000
8.778000
5.927000
8.924000
9.791000
7.452000
7.612000
7.521000
7.947000
11.215000
17.395000
7.751000
7.670000
9.273000
20.064000
8.696000
11.977000
7.860000
8.062000
15.316000
14.299000
8.190000
18.549000
6.606000
22.346000
21.757000
19.555000
8.296000
14.931000
7.269000
7.213000
12.721000
6.442000
5.328000
6.626000
5.756000
3.977000
8.029000
20.374000
10.500000
11.769000
7.745000
17.341000
11.185000
19.180000
7.327000
12.635000
7.723000
6.022000
18.435000
18.230000
8.281000
5.529000
16.798000
7.595000
13.138000
6.506000
7.245000
8.823000
9.934000
23.642000
16.238000
18.925000
9.920000
14.091000
5.698000
5.282000
6.958000
19.877000
7.823000
10.083000
4.968000
25.198000
7.151000
10.664000
9.322000
8.310000
8.183000
7.951000
3.738000
10.919000
10.211000
9.931000
11.040000
6.984000
8.060000
7.698000
7.771000
9.922000
8.615000
9.054000
8.551000
7.935000
9.061000
18.788000
9.069000
9.655000
18.288000
20.204000
8.277000
6.012000
9.992000
9.705000
24.408000
5.204000
10.236000
18.663000
10.634000
6.580000
4.926000
12.440000
7.551000
18.505000
5.522000
7.900000
5.952000
16.035000
8.033000
9.442000
23.733000
9.471000
7.420000
2.719000
3.527000
6.815000
6.557000
16.829000
9.691000
10.852000
5.729000
19.013000
17.663000
8.988000
9.680000
6.802000
2.419000
7.430000
17.556000
7.120000
19.180000
15.807000
18.538000
5.401000
11.308000
20.063000
3.307000
18.077000
18.288000
9.007000
4.595000
15.203000
3.493000
9.788000
5.608000
14.378000
13.052000
10.079000
5.835000
5.627000
14.886000
14.681000
18.845000
5.632000
9.485000
18.269000
8.457000
10.910000
16.105000
7.418000
17.367000
8.383000
20.475000
16.160000
8.283000
10.425000
16.632000
23.053000
4.754000
4.788000
9.171000
25.605000
22.552000
12.093000
15.689000
17.545000
7.025000
19.761000
17.716000
9.840000
15.869000
14.265000
8.877000
15.936000
15.590000
7.845000
22.166000
23.099000
22.870000
19.836000
3.344000
8.163000
10.528000
17.419000
15.131000
17.796000
14.852000
6.956000
20.614000
21.938000
23.984000
5.626000
11.744000
7.916000
12.482000
22.221000
22.227000
24.018000
7.982000
17.937000
10.616000
21.927000
19.358000
21.233000
20.088000
20.436000
13.508000
15.525000
12.314000
20.895000
5.487000
10.410000
17.261000
15.701000
21.452000
9.965000
22.146000
14.739000
17.256000
21.082000
6.084000
24.455000
6.626000
17.839000
13.378000
5.036000
13.299000
25.961000
22.134000
7.217000
22.061000
19.411000
9.927000
8.766000
11.179000
19.665000
7.880000
22.918000
14.077000
16.060000
10.385000
22.482000
17.719000
21.841000
14.046000
19.458000
22.201000
24.739000
27.199000
18.243000
4.312000
14.558000
12.110000
21.342000
7.046000
18.047000
26.585000
6.373000
25.800000
6.219000
19.156000
15.006000
17.205000
23.085000
18.852000
23.729000
15.658000
22.115000
10.440000
21.402000
22.753000
3.821000
8.836000
9.478000
16.777000
8.680000
19.667000
20.723000
15.921000
19.341000
17.561000
15.509000
19.174000
19.498000
14.733000
13.067000
17.271000
19.114000
17.187000
15.010000
15.175000
20.516000
21.928000
5.924000
19.053000
12.056000
10.516000
10.351000
10.614000
2.811000
21.540000
18.416000
8.664000
5.957000
16.130000
7.621000
10.327000
17.764000
8.129000
8.375000
7.960000
7.544000
10.076000
14.183000
8.828000
16.278000
16.567000
9.852000
6.983000
5.395000
10.396000
18.884000
6.978000
23.598000
7.435000
19.231000
24.081000
7.133000
8.915000
20.110000
22.682000
9.066000
6.526000
4.657000
7.002000
8.964000
22.557000
17.328000
9.760000
7.379000
8.698000
4.978000
11.779000
9.958000
3.929000
6.489000
8.614000
13.495000
8.007000
2.113000
16.734000
5.219000
5.744000
15.198000
5.810000
5.007000
17.246000
4.080000
8.625000
7.771000
11.679000
7.731000
9.256000
11.616000
11.094000
8.294000
7.611000
9.434000
6.335000
8.701000
6.855000
17.308000
11.545000
10.173000
13.193000
8.136000
22.146000
5.053000
5.736000
13.361000
22.613000
10.124000
5.416000
19.545000
16.666000
7.425000
19.622000
14.656000
8.567000
10.242000
9.311000
16.695000
9.268000
7.497000
19.420000
7.472000
11.991000
10.096000
16.969000
9.064000
4.789000
7.406000
8.756000
4.932000
8.374000
9.001000
10.277000
9.744000
0.628000
15.288000
9.604000
6.107000
14.953000
7.255000
6.307000
4.481000
6.099000
8.162000
5.725000
15.091000
6.458000
20.107000
5.055000
17.255000
8.790000
7.030000
12.949000
3.352000
6.507000
6.612000
7.558000
9.394000
7.173000
9.039000
4.765000
4.740000
9.990000
4.794000
8.854000
10.704000
5.749000
9.352000
8.947000
5.881000
5.792000
6.694000
4.649000
17.258000
6.534000
7.845000
9.545000
6.707000
22.308000
9.647000
6.359000
8.510000
4.759000
4.762000
9.890000
7.553000
8.914000
6.751000
11.313000
7.574000
8.541000
10.496000
8.424000
11.746000
10.198000
4.440000
8.266000
5.700000
5.415000
6.924000
9.966000
20.096000
12.868000
11.244000
12.594000
17.339000
8.362000
4.861000
10.083000
8.038000
13.521000
6.499000
7.682000
4.197000
12.656000
8.195000
7.564000
20.010000
9.743000
10.544000
16.093000
11.432000
12.796000
5.210000
4.678000
2.897000
10.456000
5.536000
15.333000
4.915000
11.759000
11.068000
4.821000
10.555000
9.806000
11.093000
16.176000
7.697000
11.368000
10.397000
11.536000
19.907000
8.727000
5.949000
7.703000
10.526000
6.196000
11.164000
6.528000
10.022000
15.401000
4.945000
8.315000
5.547000
10.709000
7.225000
5.886000
7.254000
9.645000
5.217000
4.859000
6.598000
8.482000
12.955000
11.748000
10.379000
9.250000
10.669000
10.570000
11.343000
2.943000
21.788000
9.384000
7.432000
10.655000
13.290000
9.178000
9.180000
10.398000
7.482000
10.877000
9.369000
8.869000
10.790000
10.380000
14.888000
10.117000
21.473000
7.384000
13.829000
11.844000
10.094000
11.574000
4.854000
14.813000
7.534000
6.886000
3.257000
7.522000
11.329000
11.708000
16.981000
10.801000
3.570000
13.770000
10.492000
12.315000
9.496000
18.140000
14.025000
10.698000
17.165000
12.085000
26.395000
13.233000
8.990000
16.959000
7.695000
6.260000
7.590000
5.211000
12.344000
10.552000
13.519000
9.997000
6.339000
10.743000
13.214000
9.929000
17.586000
11.435000
19.919000
10.083000
14.344000
11.642000
6.798000
7.859000
9.966000
10.619000
8.285000
8.027000
4.928000
17.592000
4.908000
9.785000
10.437000
6.964000
6.312000
24.267000
11.040000
11.108000
13.614000
8.332000
8.297000
6.119000
6.562000
9.136000
21.419000
22.822000
10.416000
13.133000
8.613000
16.108000
5.214000
10.423000
11.943000
9.095000
11.150000
12.166000
9.025000
11.690000
10.547000
14.795000
25.525000
4.198000
6.998000
11.551000
10.694000
7.758000
10.176000
13.306000
8.530000
7.165000
16.831000
17.422000
24.000000
4.358000
8.259000
9.178000
19.540000
14.545000
12.398000
11.329000
7.822000
21.874000
12.181000
10.238000
8.643000
9.599000
20.011000
16.849000
10.632000
10.439000
9.433000
11.379000
19.705000
8.236000
6.780000
5.964000
10.183000
7.029000
6.814000
5.657000
10.060000
13.214000
10.657000
1.794000
9.162000
11.727000
8.070000
19.709000
9.885000
12.811000
12.664000
9.890000
7.829000
7.474000
12.405000
3.562000
8.878000
10.402000
9.394000
4.426000
9.343000
10.377000
9.979000
4.010000
8.785000
20.593000
12.092000
10.361000
8.086000
7.737000
10.226000
8.447000
9.570000
12.310000
5.519000
6.056000
5.378000
10.354000
12.332000
10.157000
9.687000
10.502000
10.831000
6.046000
8.065000
9.485000
10.228000
14.030000
12.124000
9.536000
4.790000
7.332000
7.549000
4.311000
9.707000
13.918000
5.222000
4.585000
20.663000
5.273000
7.224000
7.245000
4.362000
5.776000
3.710000
4.789000
0.738000
10.359000
8.763000
10.393000
8.532000
7.761000
10.082000
7.361000
1.793000
7.282000
17.175000
2.144000
6.309000
2.598000
5.787000
6.829000
6.706000
11.146000
9.913000
7.901000
11.454000
15.675000
18.748000
7.867000
6.079000
13.136000
11.098000
9.499000
11.682000
3.172000
4.702000
10.394000
4.215000
8.310000
7.975000
4.741000
19.343000
5.721000
5.695000
8.754000
8.565000
8.288000
8.340000
5.837000
6.453000
9.140000
8.901000
6.998000
10.647000
4.448000
5.428000
9.483000
12.465000
7.104000
8.128000
20.808000
6.646000
7.705000
10.402000
7.559000
10.563000
25.267000
6.144000
5.979000
4.979000
4.990000
9.325000
4.306000
11.026000
9.588000
11.753000
8.028000
15.637000
12.266000
6.017000
7.167000
10.003000
9.864000
7.197000
9.506000
10.976000
9.306000
11.678000
14.941000
15.178000
12.599000
10.760000
10.725000
7.698000
2.537000
7.123000
11.725000
16.309000
17.046000
11.356000
3.891000
12.495000
7.601000
14.443000
9.040000
12.030000
8.895000
6.464000
13.333000
4.426000
4.910000
5.110000
11.910000
9.421000
8.039000
12.526000
9.203000
20.787000
5.762000
7.009000
13.215000
10.988000
11.127000
19.116000
10.878000
8.233000
16.122000
12.011000
8.253000
10.135000
5.733000
11.493000
9.669000
15.120000
18.463000
16.355000
11.319000
11.948000
9.960000
8.068000
15.151000
14.500000
1.013000
15.481000
8.625000
8.339000
10.774000
11.467000
4.441000
8.558000
7.510000
9.579000
16.977000
8.784000
17.064000
12.451000
18.616000
8.635000
5.773000
7.568000
15.770000
9.078000
16.897000
8.329000
11.940000
14.612000
18.259000
11.743000
5.517000
9.041000
4.541000
4.168000
9.718000
4.434000
9.760000
9.153000
11.563000
10.216000
7.619000
1.647000
5.650000
7.713000
8.121000
9.699000
7.198000
7.455000
12.769000
15.146000
16.252000
7.178000
10.497000
8.752000
12.784000
6.255000
17.717000
10.148000
7.911000
3.574000
7.505000
19.234000
8.562000
10.340000
11.576000
21.765000
7.620000
11.348000
4.685000
10.886000
9.497000
13.348000
11.503000
19.676000
8.002000
11.010000
16.416000
15.528000
14.963000
11.234000
6.941000
14.224000
7.049000
12.712000
15.690000
6.257000
6.565000
23.322000
12.511000
8.027000
10.297000
3.522000
8.713000
7.531000
3.939000
8.428000
18.895000
8.583000
6.199000
7.077000
15.395000
8.829000
5.920000
3.806000
12.278000
10.490000
5.040000
9.152000
8.385000
10.247000
14.741000
7.333000
20.276000
7.436000
13.177000
6.701000
7.058000
7.971000
12.115000
11.026000
6.532000
12.808000
15.470000
8.394000
9.973000
6.691000
13.924000
10.076000
11.726000
8.387000
15.445000
3.790000
12.107000
7.564000
8.021000
11.336000
16.132000
9.901000
12.930000
1.721000
3.184000
11.017000
10.983000
6.510000
14.058000
7.639000
5.066000
8.436000
25.663000
9.272000
8.271000
7.468000
7.124000
16.433000
11.181000
6.756000
18.743000
1.755000
6.879000
10.353000
6.855000
14.330000
7.636000
4.379000
11.916000
9.035000
11.703000
10.563000
17.343000
9.163000
14.062000
10.718000
16.547000
18.311000
16.651000
9.463000
11.134000
10.967000
5.465000
9.830000
11.837000
5.924000
4.483000
5.526000
21.158000
4.578000
12.862000
14.085000
17.298000
8.537000
6.828000
15.422000
11.192000
13.199000
17.546000
7.833000
8.033000
8.412000
8.039000
10.173000
8.835000
6.791000
10.374000
19.698000
7.957000
8.002000
18.909000
11.547000
11.366000
15.214000
16.263000
10.413000
10.561000
21.384000
9.068000
14.770000
13.709000
10.714000
13.451000
7.456000
5.431000
13.469000
14.542000
15.972000
16.203000
23.052000
5.468000
17.594000
10.512000
5.635000
15.320000
12.048000
7.583000
8.444000
6.479000
12.353000
23.565000
11.615000
9.851000
9.435000
15.088000
11.428000
10.746000
14.838000
6.615000
9.306000
12.046000
10.023000
4.011000
17.248000
4.797000
12.397000
9.174000
13.080000
7.020000
14.698000
10.015000
13.808000
9.349000
15.902000
13.819000
15.294000
7.587000
5.244000
16.103000
19.963000
16.758000
15.866000
7.364000
13.555000
21.977000
6.271000
14.381000
8.760000
3.810000
20.366000
6.232000
12.720000
12.502000
9.536000
17.745000
11.748000
14.513000
21.589000
14.430000
11.114000
17.728000
11.420000
16.725000
11.978000
11.662000
4.751000
12.115000
8.999000
10.211000
5.826000
7.364000
8.348000
5.215000
16.689000
6.180000
23.681000
4.496000
14.656000
14.998000
12.851000
14.237000
11.055000
18.832000
18.882000
17.739000
16.793000
17.207000
5.663000
13.613000
19.435000
11.772000
10.027000
10.044000
17.899000
16.089000
13.485000
13.631000
15.700000
23.390000
20.475000
11.181000
17.167000
23.106000
10.240000
10.065000
7.723000
10.583000
18.013000
22.700000
5.901000
10.745000
9.582000
17.239000
21.055000
21.223000
12.040000
8.953000
13.737000
11.677000
15.826000
3.468000
20.007000
13.659000
6.760000
12.839000
14.889000
18.411000
14.528000
18.268000
15.839000
14.703000
14.626000
9.273000
18.493000
13.461000
10.458000
18.560000
17.555000
18.256000
12.346000
20.191000
20.863000
11.113000
18.193000
7.145000
20.597000
17.223000
21.869000
19.029000
13.192000
16.811000
9.627000
13.354000
12.320000
10.649000
7.075000
4.930000
5.571000
20.307000
5.902000
15.667000
10.727000
10.839000
17.491000
16.535000
11.944000
17.184000
5.680000
6.355000
4.288000
5.591000
5.093000
15.527000
20.322000
14.277000
19.845000
6.177000
12.480000
5.461000
15.167000
5.218000
14.559000
5.428000
12.627000
4.199000
13.423000
16.416000
4.433000
19.675000
6.554000
15.980000
4.410000
8.082000
20.834000
12.588000
6.434000
15.725000
6.690000
6.798000
8.825000
4.274000
3.079000
13.043000
3.847000
5.520000
7.677000
10.008000
1.671000
10.581000
9.439000
8.125000
7.109000
5.779000
10.726000
4.015000
7.425000
7.825000
9.322000
7.205000
19.555000
4.827000
8.573000
3.437000
21.334000
7.018000
9.493000
5.040000
8.163000
11.975000
4.364000
15.411000
7.132000
6.058000
8.372000
10.711000
17.294000
24.234000
9.137000
6.461000
7.545000
8.798000
9.501000
11.857000
11.925000
9.080000
5.503000
7.981000
11.568000
18.252000
8.273000
6.862000
9.399000
6.953000
5.763000
10.600000
4.705000
4.734000
6.671000
11.592000
3.509000
11.723000
5.356000
8.124000
9.025000
7.898000
5.546000
6.839000
6.571000
10.615000
12.754000
11.420000
6.746000
12.937000
7.355000
8.152000
5.664000
6.265000
12.188000
6.941000
9.852000
8.745000
6.780000
4.925000
8.208000
18.521000
2.634000
10.667000
15.481000
18.689000
10.631000
8.854000
13.456000
8.407000
14.309000
10.380000
8.961000
8.817000
10.692000
3.956000
14.606000
4.166000
9.743000
7.822000
7.363000
7.753000
11.406000
6.932000
16.878000
5.415000
8.752000
5.493000
10.441000
9.843000
6.258000
8.663000
7.401000
17.254000
11.856000
8.454000
7.520000
7.568000
15.782000
10.280000
13.452000
6.890000
10.091000
8.051000
8.245000
11.034000
12.216000
5.803000
9.607000
6.520000
10.981000
4.167000
6.176000
9.473000
12.315000
15.798000
15.790000
6.548000
10.703000
11.614000
4.038000
11.293000
2.621000
5.586000
10.554000
8.491000
17.413000
10.239000
8.605000
7.679000
10.950000
9.980000
12.265000
7.240000
13.301000
8.104000
4.853000
10.250000
8.948000
4.361000
7.249000
12.512000
10.151000
8.097000
6.683000
9.699000
8.707000
4.203000
8.151000
4.082000
3.519000
14.516000
7.713000
10.792000
5.069000
7.841000
8.352000
6.967000
10.855000
11.286000
11.034000
6.143000
13.049000
9.973000
7.167000
17.141000
12.346000
8.863000
8.021000
12.255000
15.136000
11.572000
9.044000
5.138000
18.043000
3.771000
15.808000
16.111000
2.777000
8.764000
19.021000
10.350000
13.199000
13.527000
10.763000
15.456000
7.985000
12.649000
16.892000
15.893000
8.363000
13.631000
3.829000
12.422000
3.100000
10.440000
4.431000
13.426000
10.553000
12.524000
12.609000
8.763000
9.357000
14.499000
17.636000
3.905000
7.905000
9.406000
9.797000
8.800000
7.805000
10.399000
13.646000
7.837000
12.271000
15.780000
13.135000
13.466000
6.719000
17.399000
2.794000
7.980000
8.045000
16.606000
11.809000
11.196000
11.760000
11.525000
7.406000
5.092000
10.113000
8.832000
13.199000
5.110000
8.681000
9.280000
17.535000
11.232000
17.674000
15.124000
9.054000
7.572000
12.189000
6.188000
13.016000
18.678000
19.236000
12.926000
10.132000
10.312000
7.937000
11.156000
19.557000
6.498000
7.875000
11.856000
21.143000
7.001000
12.227000
11.547000
12.596000
14.378000
17.855000
2.793000
9.198000
13.951000
8.019000
8.521000
18.093000
9.539000
4.506000
14.496000
10.020000
17.199000
11.359000
10.654000
11.398000
20.267000
9.314000
15.998000
15.436000
8.741000
6.291000
23.418000
19.031000
7.991000
21.340000
11.674000
14.375000
7.491000
11.697000
11.930000
11.001000
7.124000
9.724000
10.753000
5.102000
13.450000
5.803000
9.672000
12.048000
14.548000
14.337000
11.232000
10.583000
9.783000
15.429000
11.617000
8.701000
4.452000
5.615000
9.829000
20.540000
9.236000
9.522000
12.898000
14.969000
11.177000
13.718000
21.055000
16.715000
7.528000
8.183000
9.157000
11.470000
9.858000
12.000000
9.323000
12.447000
5.024000
7.070000
7.155000
20.549000
14.329000
21.474000
7.325000
19.568000
21.179000
11.829000
11.238000
12.248000
12.925000
7.931000
8.939000
6.432000
4.800000
12.299000
14.029000
8.675000
12.901000
4.127000
10.538000
12.031000
12.921000
11.417000
14.161000
8.480000
13.018000
9.060000
14.578000
7.845000
11.031000
15.965000
17.626000
11.365000
8.741000
7.066000
7.539000
21.663000
13.396000
13.044000
23.169000
7.996000
9.006000
22.109000
17.925000
10.228000
21.675000
7.943000
12.113000
13.529000
9.876000
11.853000
23.881000
18.034000
9.904000
10.461000
25.416000
22.421000
12.126000
12.570000
11.788000
10.563000
11.173000
15.522000
2.780000
6.099000
11.460000
21.205000
17.035000
15.376000
12.697000
17.488000
7.538000
17.291000
9.556000
8.858000
15.614000
10.392000
10.558000
4.875000
17.606000
21.251000
7.920000
5.219000
11.134000
10.625000
17.156000
9.734000
21.619000
10.996000
3.020000
12.101000
17.918000
9.723000
10.622000
13.218000
9.111000
7.257000
11.190000
13.711000
7.000000
22.597000
13.928000
7.354000
14.592000
13.380000
13.454000
7.950000
8.217000
8.982000
13.973000
12.860000
9.096000
6.902000
15.042000
14.749000
16.947000
11.884000
11.043000
21.782000
10.081000
9.986000
11.662000
3.801000
19.206000
15.267000
17.196000
17.053000
2.517000
21.629000
11.568000
15.795000
11.173000
9.747000
20.896000
16.605000
17.938000
8.807000
23.727000
15.276000
8.377000
9.217000
14.900000
13.973000
5.065000
13.065000
8.146000
19.136000
8.907000
12.540000
4.513000
16.802000
10.245000
6.683000
5.842000
12.235000
21.768000
20.673000
15.345000
5.220000
12.847000
12.929000
19.118000
12.705000
14.589000
15.763000
10.981000
3.955000
16.507000
9.783000
19.025000
13.010000
14.080000
5.193000
21.268000
11.845000
17.373000
7.202000
11.540000
11.925000
17.977000
20.309000
7.429000
11.945000
13.992000
17.122000
9.479000
20.326000
10.537000
18.732000
24.014000
17.792000
20.773000
18.867000
11.242000
12.642000
11.749000
15.417000
3.354000
20.319000
9.016000
18.597000
13.269000
20.559000
8.823000
9.506000
18.324000
20.136000
14.571000
19.125000
17.913000
7.571000
14.824000
18.080000
12.820000
9.743000
14.932000
21.340000
12.996000
14.400000
17.026000
11.594000
9.831000
12.034000
20.389000
11.851000
14.608000
13.290000
18.030000
20.072000
16.471000
8.686000
12.352000
8.282000
17.634000
8.322000
11.508000
12.036000
13.045000
17.717000
17.938000
15.232000
23.453000
15.533000
14.755000
13.887000
12.811000
21.386000
16.219000
6.570000
14.384000
17.837000
21.152000
16.689000
11.238000
19.484000
11.798000
10.572000
10.216000
16.254000
13.503000
12.748000
11.579000
14.367000
20.256000
13.005000
11.113000
17.769000
13.435000
9.132000
19.940000
15.278000
13.475000
15.190000
15.899000
17.661000
24.296000
8.558000
21.065000
19.079000
12.197000
9.395000
17.990000
12.940000
7.794000
2.505000
23.773000
11.211000
12.941000
12.700000
22.585000
6.072000
16.211000
15.857000
13.057000
10.670000
16.805000
20.689000
19.824000
6.732000
11.785000
7.208000
13.554000
19.101000
6.435000
10.714000
14.641000
15.422000
15.549000
16.165000
19.395000
19.257000
20.470000
17.945000
19.435000
18.468000
8.729000
15.980000
15.822000
12.975000
19.414000
13.668000
16.279000
15.355000
12.335000
12.782000
25.183000
12.489000
14.112000
8.935000
12.740000
15.753000
16.086000
12.172000
16.186000
24.747000
13.620000
13.615000
19.496000
17.232000
14.956000
15.636000
8.914000
16.665000
15.985000
12.332000
12.155000
14.015000
17.835000
10.788000
18.214000
13.317000
10.743000
18.822000
12.375000
14.427000
10.629000
19.612000
10.603000
12.530000
15.760000
13.729000
12.784000
19.514000
23.795000
15.004000
13.304000
11.899000
7.758000
14.135000
13.357000
19.652000
10.207000
12.731000
10.395000
16.790000
17.541000
14.494000
16.780000
22.088000
14.458000
14.656000
10.170000
9.157000
15.037000
14.397000
21.247000
20.082000
15.018000
9.549000
7.435000
15.411000
5.971000
19.689000
13.713000
11.964000
16.337000
15.679000
15.227000
11.287000
9.239000
10.769000
23.161000
1.557000
12.217000
14.368000
17.577000
24.786000
9.593000
12.579000
11.483000
21.635000
12.769000
10.383000
13.514000
12.722000
17.731000
11.186000
14.596000
14.574000
15.953000
16.288000
7.404000
15.141000
10.232000
15.218000
5.793000
18.991000
9.462000
12.061000
11.660000
8.040000
16.191000
14.236000
15.791000
20.136000
14.191000
8.704000
7.518000
14.330000
7.658000
10.813000
15.259000
12.446000
12.177000
11.623000
12.819000
4.038000
11.683000
11.414000
9.041000
12.736000
7.731000
8.001000
18.945000
16.713000
15.381000
9.409000
9.128000
11.931000
14.591000
9.235000
16.137000
17.455000
10.462000
21.274000
8.117000
13.681000
13.432000
23.415000
12.497000
22.237000
11.649000
15.918000
10.839000
8.496000
16.890000
9.328000
12.565000
11.401000
18.964000
12.013000
7.232000
15.925000
17.834000
12.034000
26.580000
9.095000
13.519000
13.718000
12.777000
20.822000
13.085000
17.478000
15.314000
12.426000
11.688000
11.060000
12.424000
6.181000
14.612000
18.876000
16.472000
24.646000
13.636000
4.736000
4.363000
16.009000
11.198000
19.755000
6.234000
11.665000
7.486000
14.683000
3.246000
15.653000
16.811000
14.231000
11.006000
14.313000
9.466000
11.541000
13.537000
12.460000
12.291000
12.282000
16.820000
8.793000
16.014000
14.021000
8.181000
10.818000
6.496000
13.060000
21.420000
14.778000
14.755000
10.401000
13.874000
10.616000
6.826000
12.316000
11.064000
9.808000
10.990000
19.769000
11.945000
14.036000
12.907000
17.066000
2.278000
18.535000
4.330000
11.010000
19.701000
14.090000
0.563000
9.200000
11.318000
10.486000
12.063000
16.272000
20.034000
18.775000
11.528000
10.133000
9.683000
15.090000
15.371000
24.305000
10.414000
13.296000
5.273000
19.426000
14.545000
7.101000
11.763000
10.301000
22.218000
14.176000
7.533000
18.303000
14.548000
25.712000
17.614000
12.794000
17.377000
13.591000
17.103000
18.838000
15.931000
12.813000
10.498000
19.432000
13.445000
10.856000
12.885000
26.605000
14.241000
6.673000
12.962000
10.400000
9.803000
10.867000
9.246000
20.816000
17.352000
12.206000
20.194000
7.374000
12.796000
14.025000
7.210000
14.066000
7.234000
9.825000
15.016000
11.724000
7.097000
7.233000
20.951000
14.137000
14.133000
16.858000
11.777000
15.499000
13.105000
15.168000
10.937000
5.859000
14.435000
13.287000
12.478000
5.880000
15.730000
8.356000
26.185000
15.086000
10.870000
19.645000
11.723000
11.989000
21.358000
8.947000
12.522000
14.343000
17.214000
24.755000
14.148000
8.719000
13.622000
7.987000
5.913000
15.925000
19.355000
15.863000
12.989000
17.838000
21.494000
12.722000
12.698000
7.681000
7.712000
8.446000
9.087000
11.778000
14.588000
14.939000
4.350000
11.147000
17.231000
24.634000
17.268000
11.979000
4.104000
9.426000
11.717000
9.451000
11.237000
9.453000
8.202000
7.587000
8.066000
10.311000
10.840000
20.989000
10.020000
12.827000
12.000000
14.850000
11.097000
11.185000
12.316000
9.069000
9.875000
13.883000
17.634000
16.285000
14.606000
7.940000
3.784000
10.511000
6.414000
12.135000
10.324000
13.257000
8.204000
10.901000
10.655000
11.545000
5.536000
9.580000
16.162000
10.802000
8.182000
15.154000
13.956000
14.553000
7.135000
8.595000
11.174000
21.123000
9.863000
11.139000
9.856000
12.219000
11.391000
6.233000
16.896000
8.653000
23.531000
6.340000
15.406000
8.099000
9.207000
11.512000
7.247000
14.284000
14.585000
15.110000
12.362000
12.112000
3.781000
16.939000
14.457000
13.092000
8.642000
9.604000
19.375000
2.398000
9.036000
21.313000
7.602000
13.198000
13.023000
8.693000
5.773000
13.005000
10.357000
14.064000
6.416000
12.656000
4.821000
6.612000
11.969000
12.314000
9.664000
12.781000
6.475000
8.123000
9.295000
14.313000
18.050000
6.509000
14.459000
9.699000
12.551000
9.568000
14.392000
15.867000
7.665000
8.681000
11.402000
7.214000
14.734000
16.432000
13.107000
11.964000
6.749000
9.185000
3.562000
5.475000
7.379000
10.280000
10.306000
24.643000
2.787000
4.060000
8.627000
9.245000
18.925000
8.602000
6.393000
5.419000
8.136000
10.531000
13.353000
9.477000
5.716000
9.809000
8.425000
0.000000
12.769000
1.395000
9.597000
8.770000
9.799000
9.050000
15.126000
7.825000
7.789000
9.178000
4.190000
5.246000
6.886000
21.329000
5.673000
0.000000
13.270000
4.551000
9.005000
8.940000
6.853000
5.068000
3.662000
6.133000
7.944000
5.138000
6.308000
10.302000
6.647000
24.293000
10.538000
10.029000
7.963000
14.982000
7.506000
11.661000
9.697000
3.039000
20.056000
5.098000
8.563000
21.163000
5.040000
14.570000
8.305000
5.229000
0.000000
6.670000
6.308000
9.375000
7.069000
6.353000
8.406000
9.945000
8.868000
12.138000
10.798000
11.145000
5.811000
15.860000
7.190000
6.246000
3.500000
3.470000
3.609000
3.119000
15.073000
6.346000
12.283000
8.836000
9.670000
6.458000
8.943000
5.672000
12.123000
8.350000
9.456000
9.689000
6.337000
9.940000
13.305000
16.490000
13.953000
8.684000
15.754000
6.972000
16.050000
11.931000
7.982000
7.520000
0.000000
7.085000
8.798000
12.086000
6.146000
12.180000
9.014000
8.714000
8.172000
9.417000
10.874000
8.406000
8.086000
5.777000
11.967000
3.769000
8.072000
8.414000
10.784000
10.195000
11.906000
4.663000
17.211000
14.319000
17.021000
14.215000
8.978000
17.296000
14.195000
8.306000
4.135000
15.124000
15.179000
15.130000
3.650000
1.648000
16.298000
7.920000
8.502000
10.445000
12.754000
16.383000
8.212000
11.539000
5.647000
9.065000
9.353000
12.571000
11.530000
7.580000
14.606000
16.759000
12.603000
8.336000
12.951000
6.488000
10.391000
9.178000
5.258000
8.392000
13.396000
9.231000
15.659000
20.170000
6.645000
6.000000
17.973000
12.256000
11.978000
12.862000
6.348000
12.348000
25.568000
15.928000
14.064000
10.682000
17.853000
16.559000
8.267000
7.262000
3.652000
5.496000
13.537000
12.889000
7.784000
11.676000
12.524000
12.586000
9.475000
6.470000
17.782000
12.639000
13.497000
16.828000
18.977000
10.473000
13.964000
22.279000
8.719000
17.052000
15.679000
9.916000
13.983000
9.406000
3.802000
10.103000
18.657000
15.249000
6.054000
7.333000
7.224000
5.532000
8.913000
8.509000
8.920000
12.562000
11.833000
20.651000
19.004000
11.821000
11.963000
3.480000
5.818000
10.964000
10.440000
4.950000
17.740000
16.068000
11.724000
6.888000
11.775000
13.083000
13.379000
4.412000
7.753000
9.110000
17.394000
5.970000
6.771000
11.402000
2.596000
6.696000
13.932000
16.382000
4.662000
12.132000
10.301000
13.355000
12.909000
12.682000
20.840000
15.521000
4.055000
7.707000
14.790000
13.855000
7.290000
6.364000
8.193000
17.132000
12.147000
17.212000
10.358000
14.241000
10.313000
4.959000
21.931000
22.344000
8.945000
8.341000
7.713000
7.036000
19.629000
9.472000
20.166000
11.324000
9.998000
12.454000
17.072000
13.399000
20.633000
12.881000
15.100000
11.261000
3.906000
12.845000
1.865000
19.036000
6.797000
20.299000
12.716000
10.095000
10.141000
19.432000
19.130000
22.663000
15.867000
3.600000
4.793000
16.266000
8.146000
27.196000
13.118000
16.412000
8.118000
10.693000
25.038000
11.248000
13.912000
18.319000
24.571000
15.355000
15.810000
12.816000
10.863000
17.980000
12.887000
10.397000
16.100000
13.895000
17.527000
7.650000
12.869000
4.355000
13.442000
21.684000
15.622000
9.230000
20.124000
4.916000
6.248000
24.959000
11.360000
0.000000
5.572000
12.470000
24.235000
24.328000
16.585000
1.016000
15.371000
13.456000
14.332000
12.891000
21.315000
14.554000
11.602000
17.207000
10.447000
2.979000
18.385000
10.856000
14.659000
11.164000
13.213000
4.596000
23.039000
8.959000
7.956000
16.411000
11.386000
5.956000
16.343000
18.081000
1.005000
5.303000
16.714000
23.076000
5.729000
19.082000
6.955000
17.593000
9.327000
8.813000
14.371000
13.311000
16.988000
13.831000
10.484000
8.558000
10.737000
24.556000
24.578000
24.866000
16.144000
16.233000
11.240000
15.653000
3.362000
13.484000
4.093000
9.425000
15.532000
6.679000
11.035000
7.104000
2.113000
9.611000
19.804000
0.414000
1.579000
17.367000
5.106000
7.200000
17.480000
1.736000
7.809000
1.989000
14.981000
2.105000
13.038000
22.137000
4.395000
0.000000
1.279000
0.000000
6.716000
1.949000
3.634000
3.014000
11.732000
14.076000
12.245000
3.889000
3.557000
2.704000
4.777000
5.819000
1.559000
1.038000
2.488000
17.308000
2.616000
2.529000
10.030000
0.495000
5.760000
17.021000
4.921000
2.918000
15.092000
1.376000
18.719000
9.844000
15.577000
8.685000
1.423000
5.813000
0.000000
0.660000
22.147000
6.705000
14.727000
14.671000
8.727000
0.228000
13.804000
2.472000
1.533000
14.370000
3.369000
16.915000
19.335000
16.133000
1.529000
14.712000
7.169000
17.360000
12.835000
3.353000
9.623000
11.651000
3.709000
5.539000
12.281000
6.912000
25.730000
4.270000
12.073000
2.780000
1.297000
3.930000
4.080000
4.126000
13.747000
15.614000
1.672000
5.847000
11.393000
9.947000
3.326000
19.109000
2.508000
11.951000
18.972000
4.564000
1.566000
5.764000
21.752000
10.168000
0.000000
15.216000
15.690000
14.226000
15.622000
14.676000
2.901000
14.699000
22.828000
16.784000
8.209000
2.753000
14.754000
14.880000
20.701000
0.706000
3.945000
11.220000
12.557000
16.155000
18.594000
10.314000
2.294000
10.548000
4.841000
18.747000
15.157000
20.046000
2.291000
3.122000
4.504000
1.356000
2.663000
12.662000
5.270000
19.602000
19.238000
9.937000
15.181000
6.295000
15.038000
3.505000
12.485000
3.017000
18.243000
6.613000
6.026000
13.384000
4.136000
14.612000
16.900000
18.544000
1.551000
4.025000
15.735000
13.699000
12.052000
13.175000
6.246000
15.631000
8.736000
0.000000
14.463000
14.753000
17.660000
13.863000
3.307000
12.987000
1.787000
3.550000
0.985000
8.946000
8.264000
18.555000
19.483000
1.785000
14.875000
16.445000
2.463000
17.271000
10.080000
3.205000
14.264000
8.965000
14.536000
4.924000
3.354000
11.320000
10.133000
10.421000
13.654000
8.218000
6.052000
9.351000
18.173000
15.035000
16.372000
4.576000
0.000000
13.319000
7.530000
3.219000
16.500000
13.788000
14.014000
15.126000
13.776000
13.131000
15.841000
8.592000
14.470000
1.740000
17.266000
26.753000
12.810000
16.864000
11.386000
12.048000
12.409000
13.000000
11.119000
0.000000
10.621000
11.951000
10.477000
5.628000
14.522000
14.721000
5.951000
10.893000
9.801000
8.959000
21.268000
11.897000
0.744000
17.395000
12.494000
8.604000
14.101000
14.948000
8.512000
12.936000
15.288000
16.197000
16.682000
3.963000
27.167000
15.335000
8.366000
14.038000
12.417000
7.491000
11.335000
18.555000
10.606000
11.958000
7.691000
5.877000
6.059000
10.804000
13.351000
8.560000
9.980000
19.086000
15.967000
9.710000
12.877000
14.329000
16.566000
12.935000
8.699000
12.207000
5.604000
14.722000
6.213000
23.270000
12.352000
0.054000
4.842000
10.939000
9.216000
18.026000
8.858000
16.609000
7.279000
18.273000
3.524000
16.038000
13.754000
10.630000
14.363000
22.580000
13.445000
10.525000
12.691000
16.013000
12.678000
13.567000
11.395000
15.110000
19.622000
14.962000
10.390000
24.126000
27.322000
14.668000
13.536000
14.916000
13.901000
11.374000
15.134000
11.412000
17.028000
7.819000
17.045000
14.542000
0.114000
11.892000
17.547000
12.234000
10.313000
11.633000
24.013000
10.982000
20.619000
11.941000
13.148000
14.651000
9.502000
15.194000
12.429000
10.779000
13.396000
9.792000
6.981000
12.436000
18.815000
11.221000
13.670000
26.747000
13.970000
8.631000
11.999000
11.103000
12.725000
14.772000
9.963000
14.196000
2.412000
3.921000
14.927000
9.387000
9.361000
15.809000
10.233000
15.859000
10.439000
17.934000
11.660000
7.063000
9.127000
9.858000
17.426000
16.876000
16.071000
12.394000
12.020000
14.930000
10.778000
14.619000
7.900000
4.940000
12.658000
13.529000
10.679000
12.855000
10.648000
8.297000
11.341000
16.946000
9.875000
18.906000
13.595000
9.081000
11.227000
11.150000
11.064000
7.479000
14.607000
17.826000
9.432000
15.202000
10.739000
13.304000
12.784000
9.005000
11.629000
22.455000
22.807000
12.232000
5.933000
12.245000
13.243000
14.975000
11.205000
14.716000
11.263000
16.574000
8.960000
10.172000
21.715000
8.041000
7.696000
20.548000
20.405000
12.602000
18.166000
12.707000
12.059000
11.235000
10.447000
16.348000
12.811000
11.046000
12.113000
15.729000
8.965000
11.863000
11.484000
8.680000
11.341000
14.065000
5.783000
9.829000
11.415000
6.823000
7.778000
13.561000
14.483000
15.478000
11.510000
15.417000
7.540000
16.961000
13.144000
23.164000
12.786000
10.267000
15.569000
7.640000
10.809000
11.659000
11.261000
12.204000
12.098000
8.932000
5.054000
12.957000
9.983000
13.975000
17.087000
7.914000
22.885000
17.995000
12.294000
9.750000
16.690000
10.987000
12.906000
20.298000
13.047000
13.628000
11.693000
16.794000
15.843000
16.515000
18.799000
11.525000
21.372000
13.721000
10.501000
16.321000
5.274000
11.629000
16.574000
16.696000
12.599000
8.795000
11.746000
15.801000
13.762000
12.139000
16.465000
9.480000
15.126000
21.803000
18.669000
15.152000
14.808000
8.032000
16.976000
12.339000
11.453000
12.588000
17.805000
10.879000
14.536000
11.783000
13.167000
11.411000
14.449000
16.889000
17.259000
15.370000
12.511000
12.100000
14.303000
13.709000
16.645000
10.810000
8.033000
21.880000
12.105000
10.460000
13.708000
16.186000
16.566000
13.708000
11.748000
10.644000
21.157000
9.067000
14.587000
19.089000
12.464000
12.053000
14.891000
8.823000
11.274000
23.162000
14.626000
15.304000
8.048000
4.537000
6.752000
8.892000
14.058000
12.138000
11.761000
8.329000
19.750000
7.995000
10.923000
13.156000
14.162000
13.913000
10.330000
13.575000
15.228000
11.539000
7.691000
7.481000
12.536000
0.000000
15.449000
17.486000
24.069000
19.760000
12.157000
9.571000
8.878000
20.528000
13.019000
9.914000
14.123000
27.680000
12.321000
8.624000
9.809000
20.151000
12.563000
21.103000
22.649000
7.580000
7.422000
15.911000
13.886000
9.062000
18.563000
18.415000
9.613000
11.929000
12.765000
12.864000
10.729000
10.420000
12.874000
15.102000
13.008000
8.806000
11.870000
10.188000
14.424000
8.206000
15.076000
20.704000
11.985000
9.123000
4.971000
4.530000
1.994000
10.517000
12.148000
20.283000
11.724000
14.068000
10.608000
12.030000
12.209000
15.837000
14.300000
5.865000
8.173000
10.246000
16.448000
14.836000
12.125000
6.963000
14.155000
9.825000
21.677000
12.053000
8.888000
12.453000
6.016000
8.625000
12.468000
10.533000
12.112000
13.434000
14.625000
7.305000
8.435000
7.469000
13.843000
9.781000
10.035000
15.780000
18.725000
7.486000
8.998000
10.169000
2.329000
13.030000
12.412000
9.101000
7.024000
8.219000
7.927000
6.683000
11.767000
15.088000
17.856000
12.549000
4.405000
8.687000
13.428000
14.503000
11.827000
7.717000
6.643000
6.521000
11.374000
9.341000
11.062000
9.813000
11.367000
8.360000
5.773000
9.296000
7.555000
4.373000
8.977000
8.954000
8.891000
8.136000
10.164000
0.000000
13.354000
16.772000
14.270000
1.323000
3.023000
12.723000
13.010000
18.643000
11.010000
16.054000
12.523000
5.398000
8.547000
8.987000
7.507000
5.455000
11.839000
3.791000
13.353000
8.442000
10.842000
17.009000
3.930000
2.405000
10.601000
9.658000
8.832000
8.328000
9.799000
5.392000
14.346000
14.565000
3.704000
12.042000
7.632000
6.284000
7.461000
9.321000
17.108000
5.333000
3.424000
13.233000
11.110000
14.174000
7.404000
5.489000
11.135000
8.624000
5.979000
7.503000
13.726000
10.484000
12.590000
14.855000
11.184000
11.338000
7.362000
18.584000
7.022000
7.911000
7.591000
11.461000
12.046000
10.618000
4.009000
5.364000
4.042000
18.106000
10.286000
10.332000
9.179000
16.741000
10.594000
6.045000
6.657000
13.906000
19.631000
14.613000
10.516000
0.000000
4.247000
1.119000
12.582000
9.697000
11.903000
6.988000
23.934000
8.727000
10.607000
11.898000
8.973000
13.639000
14.271000
6.501000
5.705000
9.607000
11.932000
0.184000
10.628000
5.748000
2.558000
6.378000
10.941000
5.371000
2.136000
10.273000
7.038000
8.567000
5.360000
6.111000
11.030000
13.466000
10.806000
0.237000
9.352000
12.217000
11.296000
7.419000
3.994000
15.310000
16.079000
11.213000
13.381000
7.097000
4.531000
8.293000
16.243000
7.364000
10.814000
11.308000
14.940000
11.359000
14.040000
11.335000
6.112000
14.682000
7.411000
9.037000
8.684000
1.794000
12.450000
9.205000
12.066000
13.290000
4.831000
13.254000
8.682000
10.049000
8.930000
12.271000
11.651000
16.974000
26.153000
16.522000
8.660000
10.694000
13.598000
4.760000
11.195000
12.426000
11.502000
10.047000
10.482000
7.975000
11.305000
13.604000
12.377000
12.193000
14.560000
11.774000
11.664000
6.133000
8.292000
12.320000
9.218000
5.710000
6.915000
12.076000
13.072000
6.189000
11.244000
14.180000
13.487000
13.387000
4.021000
11.401000
13.285000
12.437000
9.557000
10.390000
14.141000
6.168000
16.024000
8.969000
12.448000
13.923000
12.800000
9.230000
11.128000
14.860000
9.505000
16.883000
11.961000
16.578000
10.998000
11.654000
21.326000
14.331000
9.804000
9.251000
13.169000
20.006000
15.146000
10.536000
6.539000
10.460000
16.147000
12.918000
7.336000
13.810000
6.303000
11.088000
12.544000
13.282000
7.601000
10.155000
13.618000
9.606000
11.519000
3.109000
12.620000
9.026000
10.685000
11.810000
11.577000
7.135000
6.402000
16.756000
5.905000
16.983000
7.150000
13.726000
13.868000
14.175000
14.780000
14.352000
9.605000
12.651000
12.605000
9.674000
17.373000
19.032000
9.267000
12.563000
5.357000
11.208000
8.478000
14.443000
13.510000
14.925000
5.326000
15.455000
11.553000
15.852000
8.443000
5.913000
10.171000
14.300000
7.709000
11.287000
10.252000
8.702000
18.958000
12.258000
13.293000
9.514000
9.717000
12.562000
16.280000
14.002000
10.037000
7.937000
11.355000
15.806000
7.536000
15.287000
7.013000
12.536000
14.638000
8.742000
12.949000
9.607000
9.685000
8.006000
10.985000
9.664000
13.573000
11.904000
14.049000
4.376000
10.416000
11.264000
5.621000
13.633000
9.010000
4.769000
6.306000
15.409000
10.754000
10.253000
7.239000
17.034000
12.968000
13.226000
6.685000
8.660000
11.340000
18.650000
16.765000
12.777000
21.306000
14.080000
17.214000
7.256000
6.676000
12.991000
17.624000
16.448000
14.286000
14.096000
9.730000
12.374000
6.901000
9.950000
9.676000
10.623000
15.045000
12.185000
7.102000
10.237000
5.397000
14.923000
5.607000
5.705000
6.346000
10.511000
16.872000
10.695000
11.077000
12.763000
11.693000
11.030000
4.297000
12.813000
14.151000
6.186000
12.408000
10.444000
4.329000
11.674000
4.902000
13.505000
13.240000
4.188000
12.444000
12.004000
5.278000
12.285000
8.862000
7.647000
9.258000
11.441000
5.413000
10.240000
17.819000
16.092000
8.592000
14.310000
8.120000
14.261000
11.280000
4.867000
9.340000
11.264000
12.010000
8.563000
8.793000
11.034000
8.905000
10.267000
9.716000
12.930000
9.384000
11.475000
8.592000
9.999000
9.143000
0.000000
16.586000
11.575000
7.366000
4.849000
13.813000
13.102000
10.035000
12.321000
8.382000
8.083000
9.377000
15.534000
11.892000
14.275000
7.944000
5.938000
6.618000
10.908000
4.977000
12.936000
16.339000
12.043000
10.291000
10.317000
13.091000
6.823000
12.782000
7.929000
8.684000
10.947000
13.217000
10.758000
11.284000
9.890000
10.287000
7.892000
13.821000
14.179000
0.000000
17.167000
11.422000
7.940000
13.654000
10.954000
8.281000
11.792000
11.154000
11.462000
0.000000
11.071000
9.571000
13.217000
7.777000
15.130000
11.343000
3.205000
12.444000
10.549000
14.027000
5.613000
10.411000
9.851000
15.026000
12.806000
16.656000
9.573000
14.535000
7.354000
10.296000
6.510000
7.594000
7.239000
16.359000
7.503000
3.897000
6.276000
8.470000
9.753000
11.706000
10.541000
14.908000
7.496000
8.485000
7.149000
11.465000
10.574000
0.000000
6.980000
5.114000
8.351000
0.000000
5.455000
17.281000
4.424000
7.859000
0.000000
13.615000
14.395000
8.512000
9.651000
7.504000
6.030000
4.285000
9.258000
9.245000
9.339000
8.120000
8.335000
8.512000
10.538000
0.000000
10.488000
13.837000
0.000000
0.000000
1.603000
0.049000
0.000000
0.000000
3.223000
6.112000
1.920000
4.444000
6.986000
0.544000
10.713000
1.370000
0.000000
0.000000
12.843000
10.176000
5.859000
0.000000
0.000000
0.202000
0.000000
22.184000
0.000000
0.000000
0.000000
0.000000
0.164000
7.417000
0.000000
11.075000
0.000000
1.989000
17.883000
8.859000
0.000000
0.000000
8.841000
0.000000
10.152000
3.523000
0.000000
0.000000
0.000000
0.000000
9.829000
5.275000
0.000000
1.339000
2.350000
0.000000
2.864000
0.662000
10.161000
8.569000
0.000000
12.257000
0.790000
0.000000
2.974000
0.000000
0.000000
0.000000
0.000000
0.000000
2.546000
6.829000
0.000000
2.818000
0.000000
2.430000
14.529000
13.433000
0.000000
16.839000
11.918000
1.836000
6.052000
0.000000
9.271000
0.000000
7.419000
0.000000
0.000000
2.293000
9.203000
3.985000
3.297000
0.000000
0.000000
0.000000
5.402000
9.508000
0.661000
0.413000
7.036000
8.404000
4.886000
12.095000
0.506000
10.884000
3.373000
11.462000
5.922000
0.000000
1.559000
0.000000
10.873000
10.708000
0.000000
5.084000
6.759000
1.544000
3.581000
15.557000
7.892000
4.463000
3.875000
4.076000
16.222000
10.541000
9.311000
7.817000
3.648000
18.976000
6.651000
0.000000
0.000000
11.230000
9.409000
0.000000
12.463000
0.000000
16.027000
11.194000
11.381000
7.461000
10.621000
10.180000
6.631000
0.304000
12.602000
0.000000
9.044000
19.365000
15.351000
6.247000
10.366000
0.000000
8.521000
16.095000
0.000000
0.000000
0.000000
9.008000
7.604000
2.126000
0.000000
8.538000
0.000000
12.159000
7.933000
7.893000
9.198000
14.183000
10.190000
9.601000
8.412000
3.410000
5.337000
0.000000
5.933000
9.862000
3.243000
0.000000
11.104000
4.315000
7.269000
5.533000
0.000000
9.690000
9.813000
4.498000
7.365000
13.286000
0.000000
2.407000
0.000000
5.437000
9.542000
10.983000
9.035000
6.305000
9.177000
8.235000
10.817000
9.162000
10.559000
5.010000
6.739000
10.257000
11.413000
8.058000
8.719000
10.100000
3.144000
6.331000
2.631000
1.587000
6.998000
11.442000
5.475000
9.483000
18.833000
12.821000
5.016000
9.054000
4.869000
9.263000
10.918000
12.253000
15.857000
3.841000
9.652000
9.677000
2.914000
4.462000
8.717000
6.534000
6.492000
8.751000
8.652000
11.576000
13.307000
9.375000
9.343000
9.800000
6.720000
0.000000
12.875000
7.453000
13.715000
11.068000
9.742000
5.024000
14.683000
4.205000
10.884000
3.301000
10.335000
21.020000
3.047000
13.623000
5.785000
5.570000
5.622000
15.015000
11.586000
2.631000
13.573000
5.051000
11.726000
6.620000
0.087000
12.472000
0.000000
10.035000
9.092000
16.917000
14.579000
13.334000
7.331000
9.587000
11.860000
8.370000
3.614000
7.240000
8.451000
4.986000
10.011000
13.806000
12.012000
3.419000
11.549000
7.164000
3.545000
5.439000
13.568000
11.745000
5.990000
7.493000
7.316000
9.368000
2.245000
10.941000
12.337000
7.846000
8.322000
13.339000
13.453000
9.531000
0.162000
0.000000
7.351000
5.545000
5.885000
10.722000
6.705000
14.612000
8.424000
10.016000
4.928000
13.649000
9.642000
2.048000
7.892000
12.849000
8.147000
4.593000
3.237000
11.490000
10.502000
11.877000
2.636000
4.989000
11.694000
9.523000
10.326000
6.021000
12.621000
13.524000
5.944000
8.127000
11.676000
9.443000
8.054000
6.957000
10.881000
11.639000
8.009000
5.306000
10.941000
10.970000
12.931000
3.336000
6.134000
17.437000
14.803000
10.244000
4.126000
12.468000
16.554000
7.546000
8.931000
15.519000
9.193000
11.230000
7.181000
10.576000
12.315000
7.084000
14.312000
8.424000
11.570000
5.290000
15.548000
9.521000
11.672000
9.843000
8.482000
10.300000
14.695000
6.631000
13.594000
6.104000
4.207000
12.855000
12.187000
14.417000
2.832000
9.729000
13.727000
4.791000
10.140000
13.492000
8.861000
4.854000
14.759000
5.598000
6.537000
7.449000
10.161000
7.254000
5.734000
6.801000
13.268000
10.971000
9.899000
9.523000
6.422000
5.856000
6.294000
10.727000
6.021000
6.067000
10.309000
12.197000
4.099000
15.396000
8.261000
6.391000
10.391000
11.486000
3.738000
8.538000
5.798000
4.903000
0.000000
15.519000
13.387000
11.180000
9.023000
12.474000
7.751000
12.190000
12.108000
11.203000
15.124000
5.604000
8.931000
18.024000
2.719000
15.601000
8.744000
4.367000
14.506000
8.734000
3.245000
8.203000
7.082000
0.000000
9.346000
9.906000
9.888000
9.140000
10.345000
7.674000
8.892000
9.717000
9.835000
10.804000
12.877000
4.907000
9.309000
5.754000
5.677000
14.098000
13.693000
6.941000
8.336000
10.612000
9.717000
11.136000
5.818000
7.621000
7.936000
6.428000
15.288000
10.292000
6.741000
13.036000
8.766000
4.018000
6.258000
4.997000
16.777000
8.297000
5.389000
11.648000
3.232000
10.637000
4.378000
7.972000
11.489000
12.415000
13.054000
19.052000
12.863000
8.302000
6.263000
7.893000
5.014000
0.000000
17.299000
5.820000
8.852000
8.074000
9.885000
6.073000
13.751000
12.126000
14.199000
11.841000
14.366000
11.889000
11.737000
7.349000
2.272000
18.695000
9.057000
13.115000
6.513000
14.490000
9.630000
15.496000
10.389000
13.201000
22.501000
16.067000
6.074000
9.986000
15.897000
11.596000
4.986000
5.958000
5.333000
17.500000
14.545000
10.081000
9.883000
11.258000
12.234000
11.790000
12.512000
16.210000
11.227000
0.220000
7.728000
9.421000
7.372000
14.412000
8.507000
8.645000
13.485000
9.798000
7.182000
8.166000
13.610000
6.364000
8.913000
2.998000
7.490000
4.479000
7.357000
15.963000
0.968000
11.694000
10.332000
8.685000
3.191000
7.430000
4.222000
15.201000
17.501000
1.515000
14.650000
12.405000
13.190000
6.968000
9.272000
10.909000
15.966000
2.955000
10.132000
10.087000
8.273000
6.721000
9.293000
12.888000
11.303000
15.927000
20.842000
16.722000
9.250000
13.563000
6.569000
10.194000
8.661000
5.818000
8.657000
5.002000
10.375000
14.450000
7.334000
8.125000
10.826000
8.297000
8.426000
3.292000
10.225000
7.556000
13.698000
8.874000
14.472000
12.250000
12.721000
19.378000
7.226000
8.473000
8.713000
6.963000
9.209000
6.111000
15.508000
9.190000
11.411000
4.102000
8.187000
1.691000
6.935000
15.981000
9.907000
4.353000
17.336000
12.532000
6.463000
10.131000
14.307000
10.723000
11.508000
4.833000
6.406000
20.109000
25.353000
9.522000
9.895000
9.260000
10.753000
6.403000
4.749000
11.525000
9.374000
9.022000
18.229000
13.510000
12.649000
4.123000
10.965000
10.755000
5.499000
6.647000
8.345000
8.853000
6.278000
10.924000
12.334000
5.347000
10.811000
11.603000
10.841000
11.454000
13.198000
10.213000
7.805000
11.476000
3.275000
6.837000
10.252000
7.680000
7.558000
17.131000
13.117000
12.438000
15.743000
11.022000
3.202000
8.180000
10.996000
11.381000
12.872000
2.011000
6.519000
8.141000
4.844000
6.469000
8.876000
11.178000
13.001000
2.050000
6.109000
8.680000
14.388000
5.574000
14.214000
13.882000
12.059000
12.444000
6.006000
14.236000
6.492000
13.735000
9.411000
6.739000
9.424000
8.205000
11.298000
8.849000
7.064000
4.770000
3.898000
10.150000
9.156000
8.387000
11.762000
4.348000
5.527000
6.059000
9.354000
14.490000
12.658000
9.436000
7.905000
12.812000
7.095000
0.004000
9.602000
7.239000
7.683000
12.041000
15.587000
12.201000
4.960000
5.022000
16.815000
0.921000
5.346000
8.491000
12.043000
4.605000
9.792000
4.751000
5.633000
5.624000
11.822000
11.581000
0.191000
13.033000
10.822000
13.981000
3.766000
8.958000
5.884000
14.310000
10.339000
13.089000
11.576000
10.271000
9.970000
9.181000
8.604000
13.691000
8.988000
10.241000
8.042000
2.028000
11.799000
10.761000
4.212000
12.334000
7.850000
7.513000
10.214000
6.755000
9.409000
8.357000
9.342000
7.946000
6.497000
7.597000
11.740000
5.546000
4.298000
12.011000
10.307000
10.908000
8.710000
4.971000
8.110000
7.178000
7.921000
10.982000
6.614000
12.370000
14.302000
18.266000
8.082000
8.888000
7.706000
11.481000
12.676000
10.422000
8.663000
9.810000
11.257000
8.653000
5.018000
10.272000
11.132000
9.710000
5.344000
12.437000
8.309000
5.708000
7.228000
11.076000
5.007000
7.113000
2.505000
10.524000
4.203000
17.589000
10.188000
7.516000
7.352000
5.951000
15.140000
7.076000
8.340000
10.036000
9.254000
2.460000
4.718000
10.099000
6.696000
7.159000
3.879000
10.202000
5.720000
8.632000
10.203000
9.154000
6.650000
6.662000
7.530000
6.363000
1.902000
4.158000
3.654000
3.691000
9.278000
9.800000
11.102000
4.582000
5.958000
7.176000
8.509000
4.484000
9.470000
5.566000
4.811000
6.014000
5.924000
6.617000
9.241000
3.512000
6.387000
5.640000
11.487000
5.095000
8.218000
17.067000
8.066000
10.725000
7.701000
7.093000
8.689000
8.415000
7.437000
3.879000
5.131000
6.865000
8.807000
5.615000
9.405000
4.551000
4.581000
5.052000
12.849000
6.920000
10.067000
5.698000
11.831000
6.754000
8.653000
10.646000
8.651000
9.781000
12.993000
6.755000
16.383000
14.614000
11.085000
6.785000
3.803000
3.194000
14.116000
9.996000
6.615000
12.806000
8.941000
7.728000
11.673000
7.417000
10.385000
12.961000
10.173000
7.411000
9.646000
9.783000
9.606000
6.722000
10.250000
6.660000
9.289000
12.535000
12.016000
4.946000
7.810000
4.100000
6.790000
15.128000
12.264000
11.294000
12.455000
8.822000
6.723000
10.079000
11.545000
10.122000
5.109000
0.000000
9.444000
25.116000
0.811000
6.471000
9.611000
11.409000
2.576000
8.712000
5.983000
7.540000
2.613000
6.755000
12.331000
7.339000
12.500000
10.289000
10.949000
7.297000
8.320000
0.000000
8.260000
9.865000
11.525000
12.200000
12.168000
7.432000
9.031000
6.018000
10.568000
13.398000
10.511000
8.241000
8.631000
8.352000
15.755000
8.009000
12.447000
9.735000
9.835000
14.143000
13.543000
15.856000
1.004000
8.527000
12.564000
5.637000
13.374000
17.482000
12.828000
14.496000
5.515000
8.965000
0.465000
13.440000
9.431000
13.827000
0.000000
5.360000
2.889000
5.303000
7.261000
6.817000
9.869000
9.255000
15.636000
9.664000
11.502000
3.293000
6.635000
6.653000
10.144000
10.653000
10.427000
8.325000
3.104000
5.802000
8.459000
10.554000
7.525000
8.453000
6.357000
9.811000
5.584000
14.023000
11.347000
8.147000
5.909000
9.903000
3.004000
11.980000
7.415000
10.147000
5.059000
7.550000
14.581000
3.811000
13.611000
11.692000
5.350000
8.568000
7.917000
11.198000
8.555000
8.393000
6.415000
13.132000
7.504000
7.403000
16.354000
10.742000
9.115000
5.699000
7.834000
5.469000
9.489000
12.627000
3.287000
7.225000
10.407000
8.524000
11.822000
10.507000
10.466000
9.713000
7.184000
8.897000
7.248000
4.159000
6.673000
9.105000
5.030000
8.568000
5.352000
10.524000
4.792000
11.873000
5.174000
10.585000
11.185000
13.532000
6.138000
5.802000
11.797000
15.655000
15.522000
1.934000
6.498000
12.513000
13.669000
6.734000
7.666000
7.634000
11.500000
10.372000
0.932000
11.671000
2.491000
3.766000
4.197000
7.869000
8.092000
6.220000
0.962000
8.207000
17.981000
7.353000
11.238000
5.408000
10.083000
9.902000
1.960000
2.801000
3.717000
2.611000
6.374000
0.000000
7.133000
5.075000
0.956000
7.847000
2.109000
2.292000
0.000000
5.532000
0.000000
0.140000
0.000000
3.109000
5.752000
6.189000
5.308000
5.224000
0.899000
0.000000
2.351000
7.995000
6.159000
5.004000
3.364000
2.750000
1.924000
9.156000
7.585000
2.880000
0.096000
5.124000
3.383000
0.000000
11.466000
1.059000
8.542000
0.898000
6.435000
4.808000
1.210000
5.270000
7.583000
0.813000
8.000000
7.290000
2.880000
5.226000
11.181000
6.160000
3.892000
0.432000
8.492000
6.550000
0.000000
0.201000
10.916000
1.705000
6.017000
6.648000
0.000000
13.615000
8.315000
7.764000
13.362000
2.578000
9.002000
3.096000
7.783000
12.376000
13.077000
11.884000
7.425000
19.493000
2.562000
9.443000
12.675000
9.153000
6.752000
8.092000
11.373000
7.023000
5.303000
14.778000
12.179000
8.618000
9.358000
9.848000
16.737000
6.485000
3.775000
5.183000
9.326000
7.669000
8.586000
4.092000
7.846000
1.999000
5.024000
10.853000
0.000000
8.899000
0.543000
13.080000
9.755000
14.753000
10.197000
0.305000
4.632000
6.833000
7.739000
4.296000
0.423000
13.805000
3.353000
10.790000
2.730000
4.587000
14.650000
11.423000
13.085000
6.952000
3.956000
11.135000
1.500000
18.923000
6.408000
13.425000
10.633000
6.823000
11.684000
15.840000
4.197000
5.536000
10.307000
15.292000
9.399000
14.782000
2.229000
6.382000
9.550000
7.302000
1.949000
13.021000
15.613000
5.888000
9.265000
8.309000
13.590000
10.162000
12.530000
10.646000
7.283000
6.141000
7.078000
7.629000
6.671000
8.975000
8.085000
5.591000
8.623000
1.102000
9.105000
15.776000
14.426000
3.011000
10.691000
8.668000
9.719000
9.381000
2.593000
3.358000
13.790000
8.926000
3.441000
7.028000
12.241000
14.057000
8.956000
0.145000
2.035000
10.902000
3.792000
9.904000
7.211000
10.007000
1.006000
12.061000
6.987000
8.560000
12.154000
9.262000
7.783000
3.926000
6.550000
11.894000
8.828000
3.484000
6.834000
11.777000
9.267000
5.779000
14.799000
9.220000
2.649000
8.976000
5.239000
5.079000
4.259000
6.065000
8.677000
5.308000
9.068000
11.377000
8.037000
15.282000
10.308000
3.000000
0.186000
8.580000
3.568000
6.871000
10.957000
11.394000
2.929000
13.992000
7.036000
10.637000
12.838000
12.103000
0.299000
2.626000
7.655000
2.537000
10.763000
10.305000
13.438000
15.584000
10.388000
14.812000
6.190000
10.758000
4.391000
21.759000
10.337000
11.348000
8.916000
5.534000
11.036000
2.178000
4.428000
12.097000
11.439000
11.824000
8.672000
17.173000
16.070000
10.712000
4.249000
9.181000
2.817000
8.616000
10.985000
12.209000
2.947000
3.767000
14.253000
2.964000
6.110000
6.648000
10.237000
4.031000
4.105000
8.692000
11.365000
6.159000
2.947000
5.478000
12.704000
4.216000
10.630000
1.774000
15.881000
7.879000
5.467000
3.013000
2.847000
13.876000
9.653000
5.874000
9.434000
6.285000
5.206000
5.795000
14.440000
0.000000
4.465000
9.292000
2.907000
4.840000
2.095000
3.272000
10.223000
4.752000
2.894000
0.452000
7.796000
14.537000
3.955000
5.266000
15.813000
19.238000
9.134000
6.351000
11.041000
18.472000
6.064000
10.251000
10.895000
8.788000
6.366000
11.391000
6.270000
4.703000
9.605000
4.203000
3.332000
10.604000
5.384000
8.676000
3.990000
7.610000
11.150000
8.958000
14.772000
13.031000
4.302000
8.423000
1.863000
5.074000
3.683000
10.983000
4.805000
11.964000
2.089000
5.584000
6.239000
6.214000
7.182000
10.503000
7.510000
6.533000
16.745000
12.753000
7.758000
4.346000
7.793000
9.792000
8.634000
5.663000
12.694000
2.443000
8.396000
7.059000
10.808000
15.180000
12.652000
11.306000
9.864000
12.214000
16.657000
14.258000
2.539000
4.968000
13.135000
16.318000
9.023000
9.311000
8.259000
12.351000
6.602000
5.736000
6.568000
3.573000
8.476000
9.146000
3.996000
3.189000
4.889000
14.170000
7.023000
4.423000
7.474000
10.053000
10.836000
7.500000
5.798000
12.635000
10.774000
6.540000
7.365000
5.588000
12.754000
20.823000
6.050000
11.699000
8.130000
6.803000
10.554000
9.816000
16.726000
9.137000
6.435000
8.129000
12.006000
16.335000
5.883000
11.405000
4.704000
6.905000
13.252000
11.241000
4.092000
11.771000
13.443000
13.671000
9.035000
7.315000
9.680000
7.542000
14.148000
8.294000
6.673000
8.834000
6.643000
4.384000
6.738000
4.476000
10.229000
9.935000
10.641000
10.074000
8.969000
6.030000
5.900000
3.238000
4.137000
10.560000
11.879000
6.741000
14.405000
4.763000
12.870000
8.536000
10.042000
12.142000
12.098000
5.417000
7.679000
5.240000
5.413000
6.995000
12.099000
13.805000
6.868000
2.162000
12.328000
2.425000
9.510000
9.431000
5.277000
7.328000
9.375000
15.568000
7.978000
7.451000
12.913000
10.045000
8.119000
1.660000
8.840000
9.581000
15.524000
8.669000
4.982000
5.042000
8.599000
4.361000
7.464000
7.114000
10.093000
11.084000
11.233000
12.805000
18.282000
14.363000
5.523000
7.596000
11.942000
9.697000
4.401000
12.372000
8.574000
17.079000
7.321000
8.240000
9.439000
2.337000
8.058000
3.756000
8.726000
7.936000
8.850000
6.065000
4.276000
4.426000
9.198000
8.764000
12.360000
6.147000
9.234000
9.543000
4.664000
12.326000
12.288000
16.135000
11.645000
6.533000
10.727000
4.624000
14.698000
7.415000
16.390000
8.574000
14.351000
10.100000
10.776000
13.380000
9.310000
11.773000
8.400000
15.399000
13.317000
12.113000
11.886000
9.020000
6.525000
9.710000
7.497000
7.323000
4.010000
6.351000
7.945000
11.100000
4.236000
4.087000
11.406000
9.866000
8.142000
9.452000
13.732000
5.901000
16.449000
6.617000
8.039000
8.485000
13.632000
10.669000
6.587000
7.448000
10.035000
4.978000
9.493000
5.030000
9.522000
5.920000
16.187000
8.067000
7.244000
11.641000
15.113000
6.760000
6.046000
7.309000
9.678000
17.210000
17.076000
15.591000
10.974000
8.361000
7.991000
8.923000
4.455000
17.587000
16.742000
18.457000
7.880000
8.042000
9.341000
7.965000
6.914000
4.972000
16.900000
17.486000
14.940000
12.444000
22.525000
10.705000
12.306000
7.746000
14.238000
11.569000
6.210000
9.218000
7.076000
3.192000
10.082000
6.233000
7.528000
9.811000
15.782000
8.805000
16.623000
5.627000
12.572000
1.528000
13.520000
9.170000
15.416000
18.100000
1.906000
11.774000
4.223000
10.405000
5.450000
8.973000
5.983000
8.151000
7.768000
9.578000
7.200000
7.625000
11.674000
8.959000
10.817000
13.222000
16.248000
8.722000
13.381000
15.195000
17.863000
9.127000
8.241000
14.205000
13.594000
11.565000
9.888000
10.689000
7.032000
8.142000
11.896000
9.799000
12.723000
12.136000
11.593000
11.789000
7.946000
9.886000
7.629000
8.573000
15.738000
5.175000
13.056000
3.988000
16.615000
16.467000
4.615000
3.857000
12.553000
19.961000
12.277000
13.514000
7.305000
15.235000
7.631000
9.223000
6.104000
18.527000
8.226000
3.980000
6.711000
9.362000
12.267000
16.840000
7.128000
7.564000
15.029000
8.584000
8.146000
0.378000
16.158000
11.370000
15.689000
9.732000
6.345000
6.683000
6.578000
6.237000
6.854000
6.838000
5.822000
4.276000
7.255000
9.160000
6.847000
2.803000
13.455000
10.626000
8.669000
8.676000
1.798000
10.274000
8.828000
3.437000
14.523000
13.300000
6.625000
10.993000
11.115000
6.209000
6.307000
10.900000
15.091000
21.041000
4.468000
6.034000
4.463000
10.453000
9.524000
10.562000
4.365000
12.168000
2.013000
5.435000
7.984000
15.866000
6.348000
11.559000
12.010000
5.299000
16.640000
18.732000
4.403000
9.443000
11.117000
9.361000
9.371000
7.939000
15.180000
3.998000
12.786000
8.224000
12.527000
15.684000
5.538000
8.645000
10.106000
6.168000
10.736000
6.580000
0.878000
14.832000
13.754000
7.665000
6.761000
7.388000
3.763000
11.868000
9.940000
11.807000
14.625000
6.383000
5.726000
2.048000
2.322000
3.949000
6.548000
17.322000
8.039000
12.611000
5.061000
8.269000
12.869000
6.267000
5.121000
10.643000
15.578000
12.352000
5.228000
9.548000
7.324000
9.212000
10.402000
9.329000
11.526000
10.158000
8.483000
9.328000
9.070000
12.760000
12.255000
7.798000
6.958000
4.316000
10.305000
5.221000
13.998000
9.674000
6.403000
11.886000
8.181000
14.996000
15.450000
14.060000
5.403000
9.853000
10.883000
5.361000
14.134000
6.649000
12.750000
13.383000
7.410000
7.154000
8.798000
9.687000
11.052000
8.870000
11.596000
7.415000
9.644000
11.828000
9.963000
18.260000
7.450000
6.465000
7.146000
21.904000
18.548000
9.149000
6.225000
6.167000
4.255000
6.159000
5.805000
9.807000
8.670000
4.427000
8.771000
4.454000
18.732000
1.673000
6.519000
11.674000
3.779000
6.116000
5.614000
10.805000
9.182000
9.704000
11.513000
6.950000
9.631000
15.183000
5.484000
17.538000
5.194000
4.981000
10.798000
9.196000
3.236000
14.787000
6.657000
6.913000
6.206000
6.230000
9.266000
5.106000
15.830000
6.982000
7.727000
22.380000
18.533000
9.750000
6.338000
9.660000
8.064000
2.056000
12.194000
7.721000
8.890000
9.731000
7.356000
15.486000
9.540000
5.602000
5.676000
9.324000
8.802000
8.592000
6.395000
6.738000
6.049000
6.180000
8.147000
7.223000
0.000000
14.239000
5.120000
3.715000
13.562000
4.848000
9.580000
15.541000
8.499000
8.862000
7.548000
8.939000
2.796000
7.487000
7.753000
17.512000
0.555000
6.422000
13.048000
8.601000
17.094000
3.507000
6.153000
11.355000
12.760000
3.418000
4.072000
7.864000
6.284000
3.366000
2.014000
9.736000
10.333000
10.415000
0.307000
5.139000
8.132000
5.718000
6.156000
6.263000
7.084000
11.159000
1.719000
6.260000
6.414000
5.985000
3.781000
3.513000
0.000000
13.075000
13.730000
5.367000
13.198000
11.205000
0.000000
8.054000
5.244000
2.871000
10.212000
1.565000
7.541000
3.483000
7.539000
5.013000
5.753000
0.332000
6.604000
0.000000
7.174000
7.800000
6.409000
1.559000
6.497000
5.672000
5.470000
5.934000
4.762000
12.834000
4.614000
1.093000
6.796000
5.350000
11.171000
5.919000
9.350000
4.936000
3.927000
6.090000
17.969000
8.410000
8.899000
4.100000
7.911000
15.225000
1.371000
0.417000
5.074000
5.919000
18.449000
2.055000
6.116000
5.273000
10.979000
1.952000
2.035000
8.128000
14.126000
4.228000
2.750000
0.000000
6.491000
3.731000
2.496000
2.730000
4.140000
13.491000
7.562000
2.942000
6.703000
4.727000
7.211000
11.179000
4.799000
12.328000
1.100000
14.635000
8.196000
3.329000
10.364000
0.000000
1.935000
12.616000
10.031000
3.490000
13.142000
3.176000
0.000000
4.918000
6.004000
5.638000
2.056000
6.335000
14.712000
6.993000
13.692000
8.377000
2.495000
1.860000
6.408000
13.056000
1.851000
1.858000
14.133000
0.435000
0.000000
14.680000
4.218000
5.694000
3.590000
0.000000
2.635000
5.083000
2.306000
6.599000
0.000000
0.000000
10.112000
6.395000
6.935000
4.606000
0.000000
8.164000
2.099000
3.271000
5.030000
2.017000
1.671000
5.577000
2.416000
0.000000
3.375000
2.875000
6.181000
9.781000
14.757000
9.021000
8.548000
2.237000
18.515000
0.403000
0.000000
1.088000
0.000000
8.844000
0.000000
8.531000
14.192000
15.208000
2.032000
7.724000
6.965000
2.333000
1.971000
21.412000
0.137000
4.827000
3.413000
16.278000
0.000000
5.740000
4.472000
4.431000
7.549000
8.107000
1.403000
5.593000
0.000000
17.677000
0.000000
0.000000
15.064000
0.757000
7.510000
3.568000
6.000000
0.000000
3.210000
6.606000
10.423000
0.413000
5.377000
2.715000
14.936000
0.249000
3.667000
0.000000
9.574000
5.746000
6.210000
1.722000
0.000000
3.057000
0.000000
2.253000
1.636000
0.126000
10.350000
15.506000
1.154000
15.052000
10.474000
7.433000
5.145000
0.000000
0.000000
2.894000
11.389000
11.720000
5.302000
5.649000
1.986000
2.842000
10.278000
5.946000
6.361000
8.790000
9.256000
4.717000
7.880000
0.581000
0.000000
8.483000
15.110000
0.000000
2.288000
6.014000
6.955000
6.887000
0.799000
11.497000
9.476000
5.656000
9.093000
4.036000
16.561000
7.230000
2.182000
7.410000
0.865000
7.077000
11.844000
7.596000
8.053000
2.407000
12.455000
9.467000
9.998000
1.076000
5.468000
7.039000
7.925000
13.301000
1.125000
2.575000
7.433000
1.486000
9.120000
6.488000
14.449000
3.206000
0.000000
8.510000
4.095000
7.038000
0.129000
5.306000
12.623000
6.958000
1.531000
5.640000
12.317000
2.268000
12.476000
9.965000
0.000000
14.261000
2.977000
7.396000
7.998000
11.832000
1.720000
4.955000
5.565000
22.330000
1.559000
4.960000
18.325000
11.972000
12.341000
2.136000
10.562000
5.454000
11.413000
3.951000
10.396000
10.809000
6.436000
1.188000
4.686000
5.980000
14.209000
4.577000
6.989000
2.270000
3.074000
9.575000
2.940000
5.345000
13.240000
4.964000
12.572000
9.438000
1.272000
3.325000
5.271000
11.208000
9.013000
7.871000
11.883000
3.909000
3.773000
6.463000
12.964000
5.037000
8.729000
6.925000
1.998000
0.813000
1.927000
0.000000
6.090000
8.004000
7.216000
11.031000
5.289000
6.506000
10.242000
5.873000
8.211000
6.598000
5.615000
5.100000
1.357000
6.343000
7.338000
2.373000
6.899000
3.904000
12.875000
0.000000
8.307000
13.359000
2.053000
7.932000
5.287000
10.501000
2.911000
9.418000
2.087000
4.759000
6.104000
0.397000
7.311000
9.985000
9.786000
13.751000
3.945000
1.775000
5.763000
7.960000
11.114000
8.224000
5.841000
11.399000
6.483000
8.422000
1.801000
11.874000
13.253000
3.621000
10.077000
7.109000
1.780000
5.511000
6.816000
3.892000
5.471000
13.184000
8.111000
9.571000
15.707000
8.163000
8.772000
0.000000
6.011000
0.000000
16.905000
4.322000
9.402000
7.678000
2.534000
8.178000
9.398000
5.898000
11.192000
2.169000
0.570000
1.013000
10.594000
8.064000
6.410000
0.029000
7.146000
12.532000
1.816000
14.566000
5.396000
8.993000
3.683000
10.556000
7.748000
9.684000
5.331000
10.856000
5.738000
7.776000
12.339000
7.428000
0.000000
14.851000
9.083000
12.136000
5.608000
4.317000
8.767000
4.773000
8.691000
3.062000
15.893000
11.307000
3.296000
3.856000
4.993000
3.229000
4.143000
3.805000
2.533000
3.393000
8.508000
2.748000
0.958000
0.000000
2.837000
6.103000
1.759000
3.652000
3.385000
1.013000
6.502000
0.940000
4.300000
8.740000
4.062000
13.973000
1.254000
9.610000
3.391000
8.498000
3.489000
2.713000
1.015000
1.750000
3.315000
1.145000
3.863000
11.909000
3.380000
0.774000
10.907000
1.635000
0.000000
9.524000
0.000000
6.097000
1.597000
0.000000
10.837000
7.124000
2.719000
5.909000
0.427000
4.081000
0.265000
15.434000
0.692000
2.535000
3.392000
5.108000
8.801000
3.521000
4.939000
0.000000
6.208000
2.293000
6.494000
2.054000
11.742000
2.470000
6.739000
1.954000
2.912000
14.396000
6.703000
7.227000
11.053000
2.460000
1.797000
3.498000
10.910000
4.941000
7.910000
6.087000
7.118000
12.050000
12.583000
6.854000
5.147000
9.163000
10.045000
0.240000
0.127000
7.310000
13.285000
0.000000
0.000000
3.001000
1.728000
6.044000
1.348000
9.777000
8.111000
7.792000
2.900000
3.335000
7.817000
4.105000
6.583000
5.509000
7.378000
2.159000
6.403000
9.994000
11.387000
8.243000
2.732000
5.217000
11.778000
4.298000
4.194000
0.000000
9.172000
19.145000
3.902000
1.603000
9.335000
10.816000
9.772000
13.314000
3.057000
1.862000
12.614000
15.991000
4.813000
6.323000
3.906000
6.781000
17.231000
2.016000
2.462000
7.552000
6.440000
4.846000
11.368000
5.183000
3.522000
7.285000
2.624000
0.728000
10.571000
9.217000
13.278000
0.000000
1.302000
0.000000
10.157000
5.929000
10.734000
6.778000
3.714000
12.632000
2.712000
0.000000
4.204000
1.673000
15.249000
7.699000
7.101000
6.458000
6.072000
0.051000
12.568000
6.563000
7.735000
10.649000
10.134000
5.355000
3.495000
6.238000
3.004000
1.271000
9.279000
9.124000
4.466000
2.045000
12.141000
7.039000
1.103000
0.097000
1.447000
5.534000
8.540000
10.432000
9.724000
2.911000
9.485000
7.075000
8.972000
6.081000
17.446000
2.429000
8.165000
8.980000
8.122000
9.649000
1.069000
0.000000
3.137000
14.844000
4.822000
0.209000
0.814000
2.104000
5.773000
4.404000
8.836000
2.305000
3.884000
0.655000
2.040000
3.321000
8.386000
5.953000
7.357000
5.123000
0.000000
0.000000
2.252000
5.589000
2.564000
2.061000
2.201000
11.544000
8.188000
4.416000
6.122000
8.514000
4.059000
2.015000
11.269000
13.230000
3.840000
0.973000
0.000000
13.284000
0.000000
2.422000
11.565000
0.000000
10.003000
3.657000
0.000000
9.986000
0.000000
9.326000
16.155000
0.000000
0.000000
0.328000
2.343000
3.285000
3.687000
1.434000
18.316000
5.173000
9.954000
0.000000
11.484000
5.602000
6.983000
5.987000
0.000000
10.896000
2.616000
0.000000
4.457000
2.635000
10.242000
9.061000
12.470000
10.324000
3.369000
3.330000
5.357000
0.000000
3.730000
8.472000
3.134000
0.000000
1.569000
0.884000
14.904000
7.786000
10.359000
2.305000
0.225000
11.137000
7.392000
4.702000
5.708000
11.771000
12.484000
12.077000
0.000000
3.221000
0.000000
0.000000
5.375000
11.240000
16.211000
8.231000
2.604000
9.630000
1.739000
2.596000
13.987000
13.718000
4.729000
2.381000
8.227000
5.748000
18.574000
3.544000
6.331000
5.864000
13.345000
11.239000
4.119000
3.105000
9.906000
3.771000
7.647000
5.017000
9.176000
9.336000
8.467000
3.472000
11.213000
5.873000
18.336000
9.019000
0.050000
0.042000
0.234000
4.284000
3.444000
6.170000
4.948000
6.177000
11.229000
3.548000
9.623000
8.050000
9.159000
10.183000
9.946000
15.595000
3.357000
5.345000
5.733000
8.948000
11.014000
2.541000
0.000000
3.345000
10.692000
3.946000
14.777000
15.077000
8.076000
8.752000
0.234000
5.691000
0.000000
1.770000
8.904000
9.487000
9.990000
9.300000
8.596000
4.386000
2.463000
9.486000
7.878000
10.786000
14.197000
16.086000
2.503000
0.937000
10.097000
5.941000
8.322000
1.618000
3.654000
3.510000
7.376000
9.902000
6.451000
16.339000
9.860000
9.032000
9.590000
6.719000
7.526000
17.980000
3.422000
5.779000
15.009000
4.005000
0.000000
11.213000
6.498000
9.816000
8.634000
10.774000
8.586000
3.353000
10.983000
12.421000
13.211000
0.000000
11.468000
2.081000
4.378000
8.751000
12.540000
6.675000
2.513000
6.172000
0.000000
1.925000
4.610000
10.878000
8.646000
9.285000
12.113000
11.379000
5.859000
8.374000
0.000000
7.771000
4.293000
6.844000
10.854000
3.866000
9.732000
7.776000
4.909000
9.722000
2.088000
0.000000
6.503000
15.731000
9.079000
5.300000
18.600000
5.897000
9.907000
7.024000
7.591000
12.421000
4.814000
2.293000
0.000000
0.000000
3.139000
9.026000
2.805000
7.643000
6.820000
0.000000
20.157000
1.625000
0.000000
3.748000
8.611000
4.095000
6.011000
13.434000
1.680000
15.054000
0.000000
0.000000
13.033000
2.250000
11.462000
4.255000
12.487000
2.939000
8.948000
7.929000
4.095000
2.011000
0.000000
0.000000
0.000000
0.000000
0.000000
4.301000
7.602000
0.000000
0.000000
0.000000
0.000000
0.000000
7.274000
0.000000
0.000000
0.000000
4.593000
0.000000
0.000000
0.000000
12.518000
8.261000
0.000000
0.000000
1.683000
4.235000
7.019000
0.000000
0.000000
0.000000
0.000000
4.106000
2.313000
0.000000
0.000000
7.431000
0.000000
5.913000
0.000000
6.627000
0.000000
8.342000
0.000000
2.614000
0.000000
0.000000
0.000000
2.152000
6.997000
0.000000
1.110000
0.000000
0.000000
8.986000
4.234000
1.932000
0.000000
3.022000
5.314000
0.000000
3.032000
0.000000
0.780000
7.061000
3.689000
3.016000
0.000000
5.018000
0.000000
0.000000
5.478000
7.516000
7.932000
3.772000
0.000000
0.000000
0.000000
0.000000
0.000000
0.000000
8.634000
7.263000
5.513000
0.000000
0.000000
7.333000
0.000000
5.645000
4.381000
4.483000
0.000000
7.648000
10.996000
7.667000
0.000000
0.392000
1.948000
4.722000
0.000000
0.000000
3.833000
0.000000
7.444000
3.332000
0.000000
3.758000
1.679000
7.040000
6.726000
0.360000
0.000000
0.000000
3.730000
1.177000
6.442000
5.175000
0.000000
13.079000
7.987000
1.898000
3.279000
8.716000
6.224000
0.000000
0.000000
6.201000
0.000000
5.423000
12.631000
0.000000
0.000000
10.121000
2.755000
2.600000
5.006000
8.411000
0.000000
0.859000
5.353000
2.632000
0.155000
5.542000
0.000000
6.717000
15.664000
0.000000
7.167000
5.992000
1.631000
7.971000
3.408000
1.251000
6.663000
11.058000
8.465000
3.537000
5.011000
1.812000
10.088000
6.809000
5.930000
9.881000
8.564000
0.000000
9.166000
5.837000
0.000000
11.606000
0.037000
3.961000
2.497000
0.000000
10.202000
11.966000
0.000000
4.050000
4.044000
0.000000
0.000000
9.406000
6.280000
0.000000
0.313000
0.000000
11.837000
2.242000
4.988000
0.000000
11.661000
6.897000
9.227000
5.210000
8.722000
7.784000
0.067000
6.059000
5.433000
5.837000
7.526000
2.969000
8.121000
4.539000
5.640000
6.531000
2.206000
0.000000
4.600000
5.017000
5.036000
0.000000
0.000000
0.000000
0.000000
6.598000
0.000000
11.709000
11.434000
3.576000
7.561000
0.000000
4.628000
4.401000
0.000000
4.429000
8.799000
6.195000
3.940000
9.081000
9.560000
3.592000
6.984000
6.059000
10.138000
7.422000
4.321000
3.542000
0.513000
1.443000
7.921000
10.880000
1.148000
3.553000
6.301000
0.543000
4.165000
2.872000
7.416000
7.636000
12.173000
5.561000
3.858000
0.328000
5.007000
4.004000
7.642000
0.000000
5.555000
5.656000
11.441000
8.081000
0.000000
3.683000
8.402000
4.886000
0.000000
9.011000
8.337000
4.125000
10.250000
7.058000
13.047000
4.220000
0.000000
8.005000
2.880000
8.361000
4.882000
0.000000
6.651000
2.281000
7.533000
7.695000
3.970000
7.009000
0.000000
5.529000
7.110000
5.519000
0.000000
2.549000
5.371000
4.843000
8.609000
6.535000
3.675000
7.145000
12.421000
0.641000
2.296000
13.597000
4.109000
3.997000
2.368000
4.207000
1.809000
1.702000
9.180000
2.616000
2.355000
3.044000
5.608000
0.109000
1.500000
11.978000
5.729000
3.537000
4.219000
4.673000
9.644000
3.215000
0.000000
7.820000
7.224000
7.462000
1.200000
7.755000
4.612000
0.000000
2.228000
8.517000
5.337000
5.146000
2.181000
3.655000
6.237000
6.147000
8.146000
2.048000
8.704000
2.292000
7.681000
3.274000
7.222000
13.878000
5.248000
1.605000
4.113000
4.123000
0.022000
6.425000
11.226000
4.264000
3.170000
1.419000
4.850000
9.073000
4.086000
0.000000
1.039000
10.873000
3.434000
2.682000
6.127000
6.176000
2.613000
0.092000
0.035000
6.974000
12.809000
5.457000
0.000000
0.209000
2.556000
4.262000
0.000000
3.083000
3.298000
6.237000
9.703000
3.814000
10.406000
3.594000
2.043000
2.374000
5.343000
3.394000
6.433000
0.000000
0.000000
7.238000
4.781000
4.171000
1.440000
5.748000
0.000000
12.894000
1.755000
5.604000
1.951000
0.000000
0.000000
5.107000
3.033000
5.962000
0.066000
13.828000
10.919000
0.540000
0.000000
6.370000
5.084000
8.889000
13.891000
2.156000
1.509000
2.567000
12.097000
5.275000
4.509000
6.875000
9.614000
8.827000
0.000000
4.474000
5.357000
6.239000
0.000000
1.464000
10.213000
2.765000
10.863000
6.568000
0.000000
0.245000
1.008000
10.399000
3.465000
3.011000
4.272000
9.161000
6.233000
4.739000
1.692000
1.793000
6.220000
9.664000
9.671000
4.201000
11.477000
9.993000
3.325000
3.065000
7.673000
1.544000
0.256000
0.118000
3.754000
7.487000
0.000000
4.441000
1.398000
6.127000
1.963000
2.999000
12.573000
2.363000
3.803000
0.251000
0.556000
3.235000
9.605000
0.000000
0.962000
8.402000
6.607000
6.386000
4.474000
12.545000
5.489000
2.936000
4.540000
10.403000
0.794000
6.904000
5.098000
2.355000
5.199000
2.198000
1.438000
4.359000
5.260000
5.748000
12.291000
0.000000
1.545000
4.613000
1.710000
4.199000
0.167000
0.000000
6.567000
1.946000
12.655000
9.482000
0.000000
0.000000
13.983000
9.949000
8.281000
0.000000
0.000000
3.673000
0.000000
11.062000
0.480000
0.000000
8.088000
8.952000
0.000000
3.986000
3.377000
0.000000
1.704000
2.877000
2.610000
3.657000
0.000000
11.186000
8.185000
7.132000
14.281000
0.903000
5.361000
0.000000
5.140000
0.000000
3.809000
0.000000
8.295000
0.974000
0.000000
0.000000
2.129000
3.178000
1.276000
7.722000
17.173000
1.855000
8.220000
2.623000
4.284000
1.425000
8.156000
0.590000
1.518000
4.755000
2.199000
7.287000
5.827000
7.665000
3.187000
6.937000
2.766000
7.563000
3.246000
0.000000
3.915000
6.827000
8.183000
3.342000
2.313000
14.956000
7.567000
10.931000
6.905000
0.556000
0.000000
2.008000
2.071000
5.615000
12.216000
7.664000
0.000000
4.323000
1.123000
9.078000
13.138000
1.894000
1.292000
2.814000
3.635000
8.816000
5.187000
9.584000
5.819000
8.271000
12.537000
8.594000
7.479000
11.616000
8.892000
5.946000
2.109000
5.724000
8.720000
5.738000
2.857000
10.957000
9.597000
9.649000
1.979000
4.488000
9.523000
2.226000
8.206000
7.482000
2.399000
6.674000
10.696000
9.112000
5.628000
10.047000
16.193000
3.915000
4.560000
4.901000
4.718000
0.000000
8.555000
3.666000
16.737000
1.683000
2.494000
4.087000
0.000000
0.546000
5.868000
1.063000
4.301000
7.411000
0.000000
12.221000
4.780000
0.000000
2.001000
5.553000
17.183000
4.677000
5.210000
7.828000
9.372000
9.597000
2.633000
8.158000
0.000000
8.693000
4.844000
7.278000
0.359000
6.457000
0.000000
0.489000
5.927000
4.979000
0.000000
0.573000
9.365000
4.524000
8.050000
11.744000
8.984000
8.428000
10.497000
7.155000
7.387000
2.648000
4.944000
5.095000
4.990000
0.000000
0.000000
4.897000
11.846000
0.000000
3.809000
9.300000
0.000000
3.728000
0.000000
10.200000
1.354000
2.878000
5.902000
0.846000
0.000000
10.893000
4.653000
12.208000
11.382000
6.778000
4.542000
11.118000
4.591000
0.561000
0.770000
3.061000
10.279000
11.063000
13.546000
10.694000
0.000000
14.136000
10.010000
10.944000
7.681000
15.180000
5.075000
2.659000
3.367000
10.550000
5.343000
5.095000
6.571000
6.733000
3.603000
10.175000
7.593000
4.515000
4.643000
3.774000
0.000000
10.797000
6.208000
5.025000
0.000000
7.860000
9.300000
0.000000
5.718000
2.251000
4.768000
7.219000
0.000000
4.806000
11.699000
10.735000
0.604000
5.519000
1.571000
8.108000
0.000000
9.075000
8.902000
1.641000
0.000000
11.807000
8.125000
5.623000
8.216000
1.041000
0.000000
6.428000
9.527000
5.346000
13.899000
6.171000
3.954000
2.387000
5.168000
6.864000
6.294000
5.992000
8.192000
3.268000
6.609000
9.980000
3.738000
10.425000
5.880000
1.283000
14.998000
2.583000
11.446000
6.250000
6.877000
3.981000
3.504000
6.141000
0.000000
5.850000
2.214000
9.087000
11.042000
9.201000
5.879000
4.410000
5.725000
6.386000
5.541000
9.247000
10.959000
0.423000
6.578000
9.655000
7.962000
6.195000
5.334000
8.539000
12.060000
11.260000
9.015000
3.307000
12.751000
13.217000
3.023000
10.443000
6.326000
9.998000
3.417000
6.461000
0.845000
5.721000
3.161000
12.787000
1.648000
8.371000
0.000000
16.973000
14.741000
15.802000
0.995000
0.000000
0.000000
12.783000
11.370000
4.054000
10.563000
14.925000
13.154000
1.382000
7.159000
9.704000
10.805000
5.141000
11.809000
5.352000
1.920000
0.000000
0.000000
9.055000
1.695000
8.066000
10.929000
12.728000
6.345000
7.029000
9.355000
0.000000
6.221000
7.714000
13.624000
0.000000
0.000000
6.047000
5.949000
1.844000
4.283000
15.218000
0.000000
0.000000
0.000000
6.866000
8.259000
4.625000
1.023000
2.479000
3.052000
3.511000
7.724000
6.781000
4.759000
1.372000
4.904000
10.185000
10.612000
6.906000
5.860000
10.661000
5.494000
1.429000
0.000000
7.251000
10.083000
0.093000
6.565000
12.755000
1.849000
7.814000
4.492000
1.943000
1.718000
0.000000
2.022000
4.634000
7.307000
1.689000
3.062000
11.509000
6.402000
6.171000
3.468000
4.954000
5.370000
2.852000
5.322000
1.776000
4.032000
3.203000
8.321000
0.000000
2.434000
0.000000
9.069000
9.596000
3.855000
7.531000
0.985000
9.964000
6.657000
0.000000
0.000000
4.697000
5.977000
13.737000
8.055000
2.594000
10.439000
13.551000
0.000000
1.185000
11.157000
11.478000
11.766000
11.729000
8.268000
2.545000
0.000000
12.701000
4.338000
4.275000
0.000000
0.000000
6.471000
1.945000
5.533000
6.850000
7.752000
5.914000
0.000000
5.636000
6.516000
0.000000
0.000000
13.014000
10.337000
4.448000
0.609000
7.279000
2.828000
7.563000
5.269000
8.015000
0.000000
10.957000
0.000000
1.142000
0.000000
1.368000
8.169000
0.000000
3.992000
10.177000
7.837000
13.599000
13.786000
1.447000
0.000000
0.000000
1.861000
7.022000
7.755000
5.253000
10.434000
0.000000
8.315000
4.302000
7.026000
6.281000
4.086000
3.814000
6.960000
11.907000
1.752000
6.387000
6.238000
1.329000
0.000000
7.839000
14.353000
6.757000
6.935000
8.816000
11.049000
6.102000
14.174000
11.881000
5.641000
1.469000
0.000000
2.094000
2.115000
15.422000
1.830000
1.787000
9.606000
0.000000
10.910000
8.356000
11.457000
3.661000
13.482000
3.231000
1.761000
4.089000
12.804000
2.011000
6.050000
4.922000
0.000000
7.770000
3.327000
12.202000
7.195000
0.000000
0.710000
0.000000
1.981000
10.390000
3.241000
0.000000
0.000000
7.003000
6.717000
5.624000
0.000000
2.098000
0.000000
0.000000
3.315000
14.981000
6.839000
7.436000
0.738000
8.329000
1.344000
9.709000
0.000000
3.377000
3.718000
13.993000
7.693000
0.000000
0.000000
0.000000
17.550000
5.005000
3.514000
5.291000
2.909000
3.576000
10.838000
10.398000
12.581000
6.509000
9.130000
5.208000
14.960000
1.776000
4.354000
11.754000
10.616000
0.000000
9.262000
7.294000
3.503000
2.392000
7.183000
9.354000
3.835000
6.217000
0.198000
8.589000
5.673000
0.000000
0.000000
3.568000
0.000000
8.833000
0.000000
0.000000
2.633000
4.607000
7.533000
7.518000
8.698000
2.050000
5.974000
4.148000
6.809000
9.819000
9.309000
0.000000
1.977000
12.615000
9.261000
3.905000
3.286000
11.230000
5.354000
8.604000
11.801000
3.816000
0.000000
11.146000
4.778000
8.404000
7.297000
0.000000
0.000000
0.746000
1.349000
7.062000
9.277000
7.339000
2.026000
1.801000
0.000000
0.000000
6.840000
1.492000
0.000000
10.071000
0.000000
4.845000
13.030000
4.398000
6.036000
14.083000
2.458000
9.668000
0.000000
11.477000
0.000000
14.464000
5.978000
10.699000
7.384000
3.142000
0.000000
3.052000
3.122000
7.021000
5.179000
0.000000
0.000000
3.131000
4.570000
8.529000
2.304000
3.954000
0.000000
8.005000
11.046000
6.353000
1.067000
5.465000
0.000000
5.891000
3.330000
0.000000
9.522000
11.334000
2.731000
5.250000
10.008000
6.696000
0.000000
6.988000
8.954000
7.124000
11.683000
12.153000
2.345000
6.123000
6.986000
8.515000
7.775000
0.000000
11.386000
6.535000
0.000000
0.933000
7.425000
7.868000
5.123000
0.638000
4.181000
12.142000
0.000000
1.553000
0.000000
4.461000
1.617000
1.355000
8.776000
5.431000
0.000000
0.000000
0.000000
-11.252000
5.086000
12.252000
9.289000
6.791000
5.449000
9.612000
11.608000
6.057000
4.131000
8.959000
0.626000
7.897000
14.565000
5.906000
9.372000
7.843000
7.193000
3.168000
0.816000
1.031000
4.536000
6.485000
6.225000
9.547000
1.553000
0.000000
4.697000
8.073000
6.737000
1.628000
0.000000
0.350000
6.099000
0.000000
2.786000
7.530000
0.000000
1.356000
7.154000
6.021000
4.090000
0.000000
2.356000
7.594000
6.808000
0.000000
2.333000
0.348000
0.000000
4.727000
5.756000
7.319000
0.000000
0.000000
9.781000
5.514000
8.499000
4.541000
10.487000
1.703000
0.000000
2.895000
1.984000
9.233000
4.188000
10.864000
5.463000
0.000000
2.717000
6.281000
9.276000
3.838000
6.251000
6.910000
5.801000
1.115000
8.200000
5.489000
6.905000
8.905000
2.174000
0.000000
0.549000
0.000000
0.640000
0.712000
0.632000
0.000000
3.932000
0.000000
5.678000
6.180000
0.000000
3.848000
6.542000
15.365000
8.987000
0.000000
3.629000
-1.819000
1.266000
8.861000
3.453000
14.544000
4.321000
5.927000
3.179000
7.523000
11.584000
4.178000
11.704000
4.331000
0.000000
3.432000
8.144000
10.349000
5.510000
3.657000
9.058000
9.635000
3.521000
9.182000
0.000000
-6.190000
4.311000
5.864000
10.936000
0.000000
6.345000
8.639000
8.832000
3.999000
4.105000
0.000000
8.668000
14.227000
4.704000
3.810000
3.048000
-4.922000
5.889000
2.967000
3.600000
0.000000
2.234000
0.000000
11.993000
8.267000
3.912000
8.926000
0.000000
1.584000
13.005000
3.848000
4.899000
8.676000
0.527000
10.861000
8.020000
0.000000
1.756000
8.395000
7.706000
5.598000
0.000000
7.417000
0.000000
4.656000
4.199000
7.284000
0.000000
11.556000
0.000000
7.858000
3.714000
1.129000
3.659000
1.102000
2.880000
4.871000
3.161000
0.000000
0.000000
4.058000
1.225000
0.843000
9.708000
1.721000
10.641000
4.747000
7.728000
3.874000
6.463000
6.524000
3.109000
0.000000
0.000000
14.384000
9.064000
11.236000
0.000000
2.698000
0.636000
0.000000
0.000000
11.597000
5.151000
8.022000
6.358000
6.885000
11.525000
9.987000
0.000000
3.899000
0.000000
0.450000
2.458000
0.000000
0.269000
4.888000
1.146000
0.000000
0.000000
3.983000
10.591000
4.164000
4.412000
7.766000
13.804000
0.043000
0.000000
4.319000
2.719000
2.922000
3.452000
10.069000
0.000000
0.000000
1.665000
1.144000
5.207000
10.741000
1.605000
3.571000
1.276000
10.215000
3.266000
12.927000
0.818000
0.000000
10.359000
3.453000
1.150000
6.766000
7.517000
0.000000
11.467000
3.271000
12.083000
3.669000
1.861000
0.000000
2.250000
7.933000
9.509000
8.025000
2.336000
5.022000
6.597000
1.877000
1.037000
1.727000
8.738000
0.000000
2.265000
9.661000
3.490000
4.501000
7.502000
1.628000
3.629000
0.000000
12.597000
0.000000
6.133000
3.633000
5.705000
0.578000
6.015000
6.378000
2.393000
3.748000
8.135000
3.822000
0.000000
8.263000
1.940000
14.349000
2.533000
5.753000
2.693000
1.555000
4.599000
1.625000
6.139000
6.421000
3.510000
5.471000
3.426000
0.666000
1.953000
0.000000
4.016000
7.900000
0.482000
2.701000
6.240000
1.565000
5.259000
0.000000
0.000000
5.606000
6.461000
0.000000
0.000000
0.000000
5.781000
6.988000
4.298000
0.000000
0.000000
4.891000
0.810000
2.705000
2.569000
8.532000
0.000000
10.067000
6.127000
3.458000
0.000000
0.000000
5.323000
0.214000
5.889000
4.770000
4.852000
3.692000
6.769000
1.871000
0.000000
0.000000
13.245000
5.511000
1.400000
7.646000
0.000000
8.428000
4.712000
0.000000
8.825000
10.180000
0.000000
4.798000
2.196000
5.706000
3.338000
9.680000
0.000000
12.520000
7.274000
16.511000
3.804000
2.527000
16.386000
0.000000
12.186000
8.352000
7.810000
4.981000
5.454000
0.000000
4.328000
5.925000
0.000000
5.755000
0.269000
0.171000
0.000000
12.588000
11.302000
10.364000
6.948000
3.539000
0.298000
3.815000
2.945000
2.166000
15.991000
2.754000
0.981000
5.284000
0.000000
0.885000
8.951000
11.987000
0.000000
5.395000
3.954000
1.518000
3.004000
6.060000
6.399000
4.823000
0.000000
0.000000
8.510000
5.180000
0.000000
0.000000
9.096000
0.000000
13.097000
2.004000
0.000000
1.756000
8.622000
0.819000
7.806000
1.617000
1.099000
10.679000
3.247000
8.263000
0.000000
0.000000
6.919000
2.269000
6.354000
11.854000
11.653000
8.118000
2.585000
0.000000
0.000000
3.696000
7.775000
1.954000
6.529000
2.091000
0.000000
0.000000
1.899000
0.000000
8.157000
11.287000
5.783000
13.039000
4.348000
2.728000
0.000000
0.000000
3.650000
0.000000
6.878000
13.746000
0.000000
0.000000
3.195000
3.495000
6.121000
1.401000
6.241000
8.119000
0.000000
0.000000
7.440000
7.747000
0.000000
7.021000
0.000000
4.966000
0.000000
6.768000
1.036000
0.000000
2.425000
1.629000
5.272000
3.382000
2.808000
0.000000
5.578000
0.000000
0.000000
2.620000
1.234000
12.254000
0.000000
4.221000
0.000000
0.000000
2.954000
9.714000
0.000000
2.093000
0.000000
5.479000
1.404000
1.913000
4.335000
14.339000
0.000000
0.000000
0.000000
2.671000
0.000000
1.445000
7.766000
0.000000
0.000000
8.196000
0.000000
5.201000
5.054000
1.673000
0.000000
2.732000
7.958000
10.139000
0.000000
5.083000
0.000000
1.050000
0.000000
7.014000
1.235000
7.952000
1.081000
4.383000
7.927000
0.000000
1.734000
5.661000
0.000000
5.156000
7.851000
0.000000
8.478000
1.515000
17.203000
3.716000
0.000000
10.925000
0.000000
1.585000
1.846000
4.733000
5.104000
9.560000
6.651000
0.000000
3.129000
2.561000
4.806000
0.000000
0.636000
13.571000
13.857000
9.518000
1.455000
0.000000
15.274000
2.924000
0.000000
0.124000
11.158000
0.000000
6.287000
6.902000
4.389000
0.000000
7.720000
0.000000
0.000000
4.261000
0.000000
0.000000
1.299000
7.542000
0.000000
2.803000
6.360000
3.392000
0.000000
3.540000
6.445000
11.245000
5.204000
4.400000
10.733000
0.000000
3.562000
6.876000
6.769000
0.000000
10.340000
0.000000
6.909000
6.400000
0.000000
0.000000
0.000000
13.760000
0.000000
2.867000
2.527000
17.087000
0.000000
0.000000
0.000000
5.265000
4.679000
5.861000
12.421000
5.805000
2.509000
1.825000
4.785000
0.000000
3.356000
1.984000
3.088000
0.000000
7.213000
6.558000
5.580000
8.058000
5.918000
0.000000
8.454000
7.570000
4.281000
5.433000
4.927000
7.736000
0.000000
0.000000
3.514000
0.000000
2.324000
8.484000
0.000000
0.000000
5.840000
2.678000
0.000000
4.236000
0.000000
0.000000
9.586000
0.000000
5.263000
1.200000
0.000000
0.000000
2.197000
0.000000
0.000000
4.772000
0.000000
1.553000
9.909000
0.515000
0.000000
0.000000
5.240000
8.542000
2.441000
6.670000
0.000000
7.344000
4.434000
4.581000
0.000000
10.228000
2.684000
0.000000
2.290000
0.000000
10.438000
0.000000
11.574000
7.372000
0.000000
1.605000
0.000000
8.488000
1.598000
0.000000
3.531000
2.287000
0.000000
4.267000
7.387000
3.459000
0.000000
0.000000
4.765000
4.903000
0.000000
6.001000
5.418000
7.222000
0.000000
1.119000
0.000000
0.986000
0.000000
4.412000
12.475000
0.000000
0.000000
0.000000
0.000000
3.314000
0.000000
0.540000
8.763000
0.000000
5.059000
7.236000
7.353000
0.000000
8.673000
0.361000
0.000000
3.598000
0.000000
6.886000
8.112000
2.818000
9.944000
5.900000
7.594000
0.000000
0.000000
17.489000
3.305000
0.426000
0.000000
7.208000
0.000000
0.000000
0.000000
6.514000
15.492000
0.000000
6.060000
0.000000
3.546000
3.855000
1.029000
6.795000
6.692000
6.098000
0.000000
2.434000
8.842000
6.482000
0.000000
2.720000
9.398000
11.916000
0.000000
12.841000
0.000000
4.222000
3.500000
1.681000
9.641000
0.367000
4.726000
9.953000
0.000000
1.879000
8.153000
6.478000
5.766000
0.730000
0.000000
6.602000
10.987000
7.988000
2.198000
0.000000
3.476000
3.690000
1.947000
0.469000
5.827000
6.003000
0.177000
5.646000
1.339000
0.000000
11.866000
3.350000
0.000000
4.768000
0.921000
0.000000
0.000000
0.000000
0.000000
4.934000
4.012000
8.302000
0.000000
10.955000
7.428000
0.000000
1.277000
0.000000
2.839000
0.000000
5.927000
0.000000
0.000000
7.639000
6.563000
0.000000
0.000000
0.000000
0.000000
0.000000
4.562000
1.368000
0.000000
5.408000
4.066000
13.277000
0.000000
0.000000
11.539000
1.550000
0.855000
0.721000
3.753000
4.553000
0.000000
2.925000
0.649000
0.000000
0.121000
4.924000
0.000000
0.000000
7.184000
6.354000
0.000000
10.036000
0.000000
0.000000
0.967000
3.745000
0.000000
5.402000
0.000000
0.000000
8.428000
0.000000
5.188000
0.000000
0.402000
7.737000
0.000000
0.000000
4.129000
0.035000
6.608000
0.637000
0.000000
4.787000
5.074000
0.000000
1.808000
7.930000
3.720000
5.895000
7.646000
5.664000
0.000000
1.499000
2.591000
12.317000
5.348000
0.000000
9.654000
5.292000
8.112000
0.000000
0.000000
4.619000
0.000000
0.000000
1.785000
2.522000
2.644000
4.538000
2.575000
1.150000
0.000000
0.000000
7.126000
0.800000
1.806000
2.040000
0.000000
1.225000
2.152000
0.000000
2.876000
6.902000
9.011000
6.019000
6.777000
0.000000
8.096000
11.744000
1.602000
10.580000
8.780000
0.000000
0.000000
0.000000
4.374000
9.115000
1.209000
7.529000
6.393000
0.645000
8.858000
0.000000
11.345000
0.161000
0.000000
0.000000
2.970000
0.000000
4.419000
3.999000
7.143000
13.937000
2.111000
0.000000
0.022000
0.000000
0.000000
1.604000
7.353000
12.540000
0.000000
0.000000
5.186000
0.000000
7.943000
2.496000
3.062000
0.000000
0.000000
0.000000
2.474000
0.000000
6.732000
0.000000
0.000000
3.093000
7.936000
2.720000
1.676000
12.928000
0.000000
3.891000
14.180000
0.000000
2.174000
1.429000
0.535000
0.000000
0.906000
0.000000
0.000000
0.000000
7.800000
2.043000
1.961000
0.000000
0.000000
0.000000
0.000000
1.619000
0.000000
0.331000
4.852000
6.585000
0.000000
1.512000
0.000000
0.000000
0.197000
1.955000
0.000000
7.706000
4.432000
3.540000
0.000000
1.068000
0.000000
0.000000
0.000000
0.000000
4.697000
2.202000
8.378000
7.955000
5.093000
3.206000
0.000000
0.989000
0.000000
6.227000
9.779000
0.000000
0.165000
2.001000
0.000000
0.000000
0.000000
1.585000
2.369000
12.337000
0.000000
0.000000
0.000000
1.867000
0.000000
3.714000
5.129000
3.046000
1.707000
8.473000
4.004000
0.000000
0.000000
9.206000
5.792000
4.643000
0.937000
6.293000
0.000000
4.702000
2.743000
0.000000
8.364000
2.233000
10.228000
3.210000
0.000000
0.000000
4.045000
0.000000
1.351000
0.000000
2.889000
3.733000
1.694000
0.000000
0.000000
0.891000
2.103000
0.000000
0.000000
7.060000
0.000000
1.159000
0.000000
5.378000
0.978000
0.000000
5.215000
0.000000
5.237000
0.000000
2.760000
6.816000
1.478000
8.953000
0.000000
0.000000
0.000000
4.643000
5.278000
0.000000
3.334000
6.166000
3.503000
0.000000
0.000000
0.000000
0.000000
0.000000
0.000000
0.000000
5.302000
0.000000
5.344000
0.000000
2.253000
0.000000
0.000000
0.000000
0.000000
0.000000
1.147000
0.000000
2.647000
0.268000
5.158000
0.000000
4.267000
1.488000
3.465000
0.389000
0.773000
2.204000
0.000000
0.000000
0.000000
0.000000
0.000000
3.309000
4.480000
1.828000
0.000000
8.574000
7.388000
7.755000
5.917000
0.000000
7.066000
3.851000
1.091000
2.250000
5.880000
2.464000
0.000000
0.000000
0.000000
0.000000
5.109000
0.000000
0.000000
2.540000
6.798000
0.000000
3.074000
0.241000
1.787000
5.599000
1.348000
9.243000
8.265000
0.000000
8.751000
0.000000
0.000000
7.446000
3.326000
0.000000
8.825000
3.136000
0.000000
0.000000
0.123000
0.000000
0.000000
6.077000
0.251000
1.784000
7.638000
5.453000
4.023000
6.862000
0.000000
2.141000
4.763000
0.000000
5.565000
0.000000
1.698000
0.000000
1.276000
2.898000
2.793000
1.770000
0.000000
4.339000
2.285000
0.000000
3.867000
5.854000
0.000000
7.087000
0.000000
0.000000
0.801000
5.028000
2.800000
0.814000
3.887000
0.000000
4.723000
0.000000
0.622000
