11.208000
13.466000
14.668000
9.122000
9.090000
11.281000
11.386000
17.087000
10.768000
13.019000
12.409000
12.786000
11.261000
13.778000
13.868000
12.784000
18.173000
15.459000
16.280000
16.086000
12.703000
11.140000
10.608000
14.040000
11.710000
8.329000
10.606000
12.209000
17.561000
7.083000
8.366000
9.963000
17.486000
6.874000
13.709000
11.484000
14.065000
10.648000
9.159000
9.127000
7.379000
11.781000
9.717000
7.521000
5.007000
10.778000
12.811000
11.205000
13.561000
8.701000
9.645000
5.416000
6.612000
7.197000
9.750000
8.698000
7.497000
7.682000
5.792000
5.210000
6.373000
5.924000
5.300000
5.957000
11.759000
6.823000
10.327000
9.852000
8.294000
11.244000
7.845000
2.811000
9.256000
8.763000
5.736000
15.859000
12.232000
11.746000
11.083000
8.625000
8.026000
10.076000
10.351000
9.226000
11.892000
6.760000
6.107000
7.173000
6.694000
14.522000
12.020000
3.929000
10.834000
9.311000
7.472000
8.129000
17.816000
10.396000
10.233000
9.268000
11.013000
10.496000
15.861000
16.566000
7.002000
12.949000
5.487000
14.716000
13.304000
5.725000
10.176000
7.452000
6.309000
9.914000
11.783000
8.375000
11.746000
4.789000
10.919000
8.482000
6.598000
12.602000
10.393000
8.614000
7.627000
9.066000
8.266000
6.458000
9.925000
6.489000
5.776000
18.763000
11.415000
10.500000
8.604000
7.558000
6.983000
6.034000
7.255000
10.614000
5.204000
7.521000
8.163000
5.698000
9.436000
7.077000
11.150000
9.744000
4.762000
7.951000
11.215000
8.915000
6.626000
9.054000
8.778000
10.440000
6.756000
6.526000
7.133000
7.937000
19.043000
6.668000
11.413000
7.612000
8.062000
7.771000
6.978000
9.604000
8.438000
5.952000
6.650000
11.857000
6.799000
4.759000
12.343000
15.841000
9.141000
9.273000
7.860000
7.745000
8.195000
5.632000
11.774000
7.619000
5.529000
3.738000
7.670000
4.926000
11.863000
7.947000
7.898000
11.842000
9.151000
5.401000
4.968000
5.040000
7.751000
6.815000
8.007000
14.449000
11.040000
7.406000
9.792000
5.328000
17.373000
7.611000
9.783000
6.022000
8.413000
11.414000
10.711000
14.038000
12.624000
4.734000
7.269000
6.016000
8.310000
7.723000
11.727000
5.395000
9.081000
11.979000
9.791000
6.099000
7.063000
4.912000
13.970000
8.899000
6.882000
8.125000
5.756000
11.829000
9.137000
11.679000
16.448000
16.961000
9.922000
8.163000
8.379000
7.025000
7.621000
14.196000
11.925000
5.744000
7.922000
17.461000
10.521000
9.440000
3.354000
8.190000
11.941000
5.680000
4.444000
10.242000
17.259000
7.327000
4.410000
6.690000
6.177000
8.825000
10.153000
8.964000
12.218000
4.082000
9.007000
11.587000
12.689000
7.595000
5.591000
5.138000
6.890000
5.546000
8.296000
4.930000
6.671000
7.564000
7.213000
3.079000
6.571000
4.274000
9.493000
9.931000
8.551000
6.442000
7.520000
6.839000
8.541000
15.910000
11.001000
6.058000
5.428000
7.018000
6.746000
8.995000
8.097000
9.322000
5.664000
8.834000
6.953000
12.240000
8.892000
8.372000
6.862000
9.255000
14.930000
6.188000
11.998000
3.829000
3.847000
10.981000
5.810000
4.080000
9.607000
8.573000
6.776000
5.902000
12.173000
11.748000
13.742000
4.199000
4.361000
11.374000
6.554000
6.434000
4.940000
3.509000
3.100000
15.830000
9.314000
8.124000
9.875000
7.145000
9.761000
11.723000
14.699000
6.798000
11.420000
20.426000
8.029000
14.780000
12.955000
8.295000
5.763000
13.376000
8.961000
6.355000
7.366000
9.827000
5.746000
17.045000
12.691000
9.687000
20.003000
9.974000
18.085000
7.109000
10.581000
13.396000
8.687000
7.916000
10.313000
7.545000
8.060000
7.249000
12.754000
9.980000
11.064000
3.437000
2.517000
7.891000
17.067000
9.895000
20.401000
15.126000
4.705000
14.014000
8.245000
6.780000
15.735000
20.110000
7.982000
6.553000
12.059000
6.461000
11.660000
10.664000
12.056000
8.324000
4.203000
8.924000
18.273000
14.542000
10.526000
8.419000
7.823000
15.480000
13.047000
18.538000
12.936000
4.433000
7.544000
8.854000
10.809000
8.823000
15.335000
10.008000
21.381000
7.723000
10.993000
14.286000
8.468000
6.606000
5.219000
15.093000
7.960000
4.364000
12.234000
10.766000
15.977000
14.068000
8.631000
9.829000
2.989000
11.325000
13.521000
11.626000
11.411000
6.956000
13.917000
9.181000
10.939000
12.513000
10.558000
4.440000
8.882000
9.869000
13.008000
11.961000
13.043000
10.176000
7.580000
11.633000
15.704000
10.275000
8.259000
11.651000
12.125000
13.075000
15.022000
14.483000
8.065000
15.868000
10.550000
15.180000
11.776000
16.745000
15.377000
13.762000
9.801000
5.093000
11.322000
12.877000
13.776000
17.826000
4.288000
5.927000
8.798000
8.032000
12.204000
8.434000
15.329000
11.826000
13.609000
10.868000
15.047000
12.011000
18.314000
15.419000
10.146000
19.318000
5.783000
17.611000
8.838000
15.733000
13.188000
2.719000
15.035000
18.296000
13.833000
5.628000
12.935000
14.975000
18.106000
16.609000
9.934000
9.807000
22.500000
5.493000
10.985000
9.861000
7.715000
12.855000
15.631000
19.919000
12.810000
19.910000
16.456000
13.749000
17.672000
9.760000
6.726000
14.619000
11.939000
15.076000
9.119000
12.348000
13.529000
11.659000
11.564000
10.144000
15.809000
19.917000
11.769000
18.431000
7.825000
2.505000
8.871000
14.159000
7.372000
14.273000
12.030000
18.026000
11.252000
12.759000
15.288000
13.320000
11.761000
15.520000
12.409000
18.057000
19.955000
12.658000
12.090000
14.607000
16.574000
8.959000
16.121000
14.430000
10.065000
10.804000
15.273000
18.257000
18.500000
11.647000
15.604000
6.932000
14.508000
13.858000
17.992000
6.895000
11.205000
9.663000
3.888000
15.802000
19.086000
15.613000
7.425000
16.118000
15.193000
5.779000
14.123000
13.030000
8.998000
15.456000
17.915000
9.387000
14.060000
5.282000
13.553000
12.957000
3.307000
16.029000
8.733000
16.241000
12.725000
16.948000
14.875000
15.267000
15.569000
20.792000
17.402000
19.674000
19.334000
4.372000
17.028000
6.263000
13.666000
15.455000
10.447000
7.401000
14.214000
10.091000
16.579000
17.623000
14.236000
6.539000
13.620000
13.502000
12.978000
13.272000
9.085000
8.806000
9.287000
9.924000
11.549000
9.653000
7.677000
13.384000
6.751000
13.876000
18.496000
9.867000
8.297000
16.784000
12.052000
17.190000
13.726000
12.394000
13.921000
10.779000
17.229000
13.148000
9.757000
11.357000
9.548000
14.722000
15.477000
20.173000
6.981000
6.386000
13.764000
13.244000
14.330000
18.669000
16.756000
14.473000
8.592000
11.086000
14.400000
11.958000
14.721000
14.948000
10.211000
13.595000
14.927000
9.399000
12.843000
3.218000
10.664000
15.146000
11.932000
14.446000
10.729000
9.401000
12.690000
12.494000
9.881000
10.439000
12.568000
20.715000
8.696000
10.063000
7.771000
5.817000
6.787000
4.726000
9.064000
8.418000
12.245000
7.208000
6.340000
7.295000
8.307000
12.830000
7.588000
5.438000
11.334000
6.553000
9.351000
8.858000
9.414000
7.449000
10.165000
16.049000
7.957000
10.075000
11.929000
11.943000
5.275000
7.616000
5.737000
15.276000
8.598000
8.031000
5.145000
9.108000
7.131000
15.504000
8.318000
5.037000
8.466000
4.759000
8.092000
11.515000
12.714000
5.468000
10.037000
11.735000
5.543000
6.958000
8.780000
15.417000
17.625000
8.921000
10.679000
7.932000
16.256000
8.743000
9.965000
12.013000
13.311000
11.731000
12.429000
14.046000
20.107000
7.829000
11.112000
3.798000
6.575000
6.104000
15.269000
10.284000
18.288000
3.460000
9.432000
0.930000
8.642000
11.196000
4.245000
7.731000
11.094000
11.810000
16.566000
6.390000
16.078000
12.137000
9.404000
14.124000
9.384000
8.441000
12.903000
15.501000
11.937000
15.503000
5.505000
9.627000
9.896000
16.574000
7.841000
5.283000
9.026000
8.075000
10.856000
6.617000
16.038000
13.003000
20.757000
16.358000
11.568000
13.301000
14.286000
11.087000
15.606000
10.509000
14.002000
12.812000
10.167000
14.683000
10.487000
13.240000
7.468000
13.387000
15.223000
15.240000
14.500000
12.048000
9.457000
15.110000
11.330000
9.049000
7.038000
11.341000
18.314000
13.615000
9.117000
11.154000
7.403000
10.176000
11.819000
17.547000
11.563000
9.983000
12.941000
10.256000
20.037000
14.275000
17.395000
20.784000
12.163000
14.116000
15.743000
16.696000
16.232000
19.091000
14.154000
10.242000
3.863000
12.113000
14.170000
14.858000
13.004000
11.651000
15.106000
17.426000
16.465000
7.977000
14.632000
18.013000
7.747000
15.202000
16.138000
10.982000
10.630000
16.563000
16.013000
13.282000
5.576000
12.373000
6.997000
7.503000
17.022000
12.753000
7.169000
9.361000
14.304000
13.567000
7.291000
9.984000
12.223000
11.903000
10.412000
4.322000
5.494000
13.149000
12.233000
4.909000
13.152000
10.427000
17.049000
15.346000
10.035000
13.206000
9.549000
11.192000
19.518000
10.455000
4.904000
9.735000
8.984000
9.134000
9.717000
7.699000
6.537000
13.656000
12.348000
14.751000
8.464000
9.427000
7.370000
13.132000
19.768000
19.645000
9.355000
16.093000
11.725000
11.394000
17.203000
17.491000
15.473000
16.794000
15.947000
12.153000
15.057000
9.967000
4.632000
9.674000
12.150000
9.358000
8.542000
10.653000
12.963000
11.806000
10.713000
14.772000
20.634000
17.005000
11.344000
9.647000
9.806000
7.764000
11.195000
11.070000
10.053000
10.452000
8.786000
10.868000
6.420000
10.214000
14.429000
21.009000
19.082000
12.411000
14.330000
9.111000
11.945000
4.862000
14.799000
14.941000
4.630000
13.083000
15.134000
7.480000
9.739000
11.645000
16.049000
6.284000
10.683000
13.654000
19.717000
10.149000
8.125000
12.048000
9.418000
7.630000
5.842000
16.075000
9.194000
10.656000
6.879000
11.043000
12.855000
12.901000
13.218000
11.629000
17.116000
11.806000
17.266000
14.313000
8.136000
19.993000
19.460000
8.273000
5.746000
14.673000
14.037000
10.517000
10.071000
17.685000
10.907000
11.181000
14.941000
5.021000
11.386000
13.311000
13.746000
9.458000
18.099000
14.501000
13.380000
18.843000
15.296000
17.254000
12.847000
15.919000
9.728000
11.637000
10.421000
15.513000
6.047000
15.194000
20.817000
8.934000
12.678000
18.716000
15.415000
15.205000
18.083000
8.039000
14.626000
15.146000
8.697000
7.364000
12.142000
11.077000
14.261000
13.303000
7.740000
16.726000
9.375000
9.495000
12.041000
5.985000
10.232000
9.890000
15.191000
12.057000
13.883000
14.989000
5.014000
8.042000
14.871000
12.328000
10.835000
7.568000
11.740000
14.606000
12.342000
11.406000
11.776000
8.357000
16.490000
11.877000
10.516000
13.298000
11.547000
13.713000
8.573000
8.253000
6.452000
8.823000
15.804000
8.849000
8.618000
12.428000
11.547000
16.977000
9.391000
10.126000
8.565000
16.226000
9.429000
8.140000
14.090000
11.772000
13.602000
12.627000
9.177000
13.153000
10.863000
15.411000
19.015000
10.074000
8.000000
8.352000
17.745000
11.654000
17.239000
13.766000
8.047000
15.217000
10.165000
12.046000
19.698000
16.179000
13.133000
17.899000
7.129000
18.050000
17.680000
9.402000
8.798000
6.435000
6.222000
9.020000
13.840000
6.516000
13.319000
18.922000
12.603000
16.337000
14.431000
19.210000
13.423000
16.621000
18.713000
9.410000
8.686000
18.625000
12.624000
4.805000
6.922000
17.607000
13.670000
16.847000
15.829000
12.185000
7.124000
8.888000
15.183000
9.885000
18.046000
7.376000
20.798000
18.103000
21.689000
12.706000
12.917000
19.380000
12.101000
10.686000
10.982000
17.322000
6.569000
12.707000
8.615000
20.187000
16.500000
15.963000
4.010000
14.703000
15.876000
2.469000
12.214000
23.342000
9.355000
14.241000
11.771000
13.223000
9.533000
16.305000
16.693000
8.727000
6.286000
16.943000
23.892000
6.946000
19.940000
8.218000
11.893000
19.050000
11.879000
16.203000
19.082000
21.981000
10.377000
12.030000
10.555000
18.329000
13.631000
14.405000
10.571000
12.220000
17.582000
19.401000
8.984000
12.977000
11.092000
10.179000
9.462000
10.759000
13.677000
15.288000
12.705000
11.164000
13.774000
16.027000
6.532000
17.077000
7.135000
8.011000
14.496000
5.393000
10.089000
14.998000
17.590000
16.238000
15.214000
12.588000
10.392000
8.205000
14.977000
13.793000
18.804000
15.044000
21.476000
12.736000
20.188000
17.054000
13.354000
11.017000
8.639000
6.076000
8.948000
13.927000
11.401000
7.113000
9.980000
15.294000
9.783000
14.513000
6.127000
8.708000
11.558000
10.188000
13.604000
16.535000
13.843000
11.428000
11.778000
13.970000
11.942000
10.728000
4.896000
14.402000
11.343000
12.410000
6.997000
8.107000
11.945000
10.989000
18.841000
10.202000
5.089000
10.588000
15.579000
10.689000
8.980000
8.897000
7.236000
10.799000
11.076000
13.673000
16.521000
17.465000
11.405000
14.782000
8.493000
11.096000
13.724000
13.698000
13.799000
10.697000
11.563000
11.222000
8.367000
5.267000
10.012000
14.147000
10.498000
8.700000
4.834000
13.125000
7.442000
18.262000
15.980000
9.345000
10.601000
14.488000
16.096000
13.644000
7.233000
18.555000
9.584000
14.463000
15.597000
9.405000
6.006000
11.570000
8.340000
17.261000
8.682000
14.528000
7.175000
22.987000
16.958000
6.358000
5.222000
10.814000
15.619000
10.083000
10.314000
14.052000
8.344000
7.905000
12.584000
10.920000
9.607000
16.139000
15.396000
12.025000
14.492000
6.432000
6.363000
7.628000
12.743000
11.952000
12.747000
11.237000
13.203000
6.009000
17.602000
10.605000
17.554000
11.761000
13.112000
19.881000
16.141000
7.869000
11.836000
3.236000
12.506000
18.268000
7.070000
11.103000
5.052000
7.756000
14.287000
11.697000
8.853000
9.695000
11.481000
8.592000
14.471000
7.367000
9.843000
9.711000
11.520000
12.686000
5.252000
5.109000
12.332000
5.095000
7.935000
14.512000
16.558000
7.744000
17.097000
10.658000
8.574000
19.035000
6.617000
15.816000
10.949000
12.212000
7.189000
9.704000
9.079000
14.480000
10.323000
11.198000
9.795000
16.282000
10.808000
8.506000
10.239000
10.487000
6.227000
10.078000
12.793000
12.405000
15.160000
2.927000
8.527000
15.902000
7.266000
8.816000
13.292000
8.654000
8.538000
16.056000
8.915000
13.198000
7.911000
16.283000
9.959000
5.219000
10.250000
6.649000
12.834000
8.840000
15.782000
11.089000
8.633000
18.975000
10.048000
7.870000
6.713000
13.376000
10.704000
6.715000
14.765000
18.909000
4.827000
11.301000
11.173000
8.624000
6.711000
9.483000
11.045000
5.218000
9.260000
9.781000
15.198000
6.258000
11.601000
7.679000
7.980000
10.631000
7.024000
6.141000
3.956000
8.169000
5.173000
10.392000
8.963000
11.034000
11.232000
11.386000
8.863000
8.817000
5.859000
1.671000
5.803000
19.734000
11.952000
10.111000
3.357000
11.402000
8.176000
10.630000
16.651000
5.065000
8.082000
8.802000
11.237000
21.649000
17.405000
10.310000
12.905000
5.069000
9.025000
10.615000
5.503000
7.192000
10.293000
4.925000
9.200000
8.208000
11.185000
14.734000
8.491000
8.752000
8.707000
8.685000
5.586000
5.753000
5.415000
4.167000
11.975000
8.948000
19.224000
8.256000
9.644000
8.524000
8.663000
19.060000
13.493000
13.737000
11.461000
4.015000
9.453000
4.769000
5.442000
13.454000
10.239000
13.710000
17.338000
5.865000
6.941000
8.152000
9.439000
15.901000
10.726000
5.991000
3.538000
7.488000
4.353000
14.606000
13.452000
7.132000
13.526000
11.280000
17.535000
13.379000
10.692000
14.749000
7.753000
2.621000
13.951000
6.520000
4.350000
8.217000
6.143000
9.200000
7.822000
5.536000
8.745000
20.011000
15.359000
10.990000
8.514000
11.592000
7.696000
8.037000
9.426000
10.280000
6.680000
9.580000
9.530000
11.173000
6.265000
10.600000
15.107000
9.578000
8.560000
17.519000
8.858000
11.944000
9.207000
5.625000
9.863000
19.053000
15.751000
18.774000
8.642000
3.771000
10.958000
9.743000
4.853000
6.683000
9.065000
8.136000
6.156000
14.237000
12.827000
8.352000
8.512000
11.545000
12.478000
9.940000
8.204000
11.404000
6.548000
16.651000
8.499000
10.841000
5.194000
5.369000
9.012000
11.969000
10.902000
12.316000
7.205000
8.209000
10.245000
19.555000
9.863000
10.155000
6.509000
9.852000
3.519000
6.612000
14.220000
7.927000
7.640000
8.460000
13.023000
12.784000
15.470000
8.930000
12.937000
9.666000
9.829000
9.399000
7.981000
8.104000
8.404000
12.765000
14.510000
11.487000
8.202000
14.272000
12.152000
10.754000
15.228000
19.788000
17.710000
10.941000
12.112000
11.624000
11.341000
15.577000
17.925000
10.806000
7.940000
6.340000
9.876000
19.821000
12.115000
5.773000
9.136000
13.620000
16.263000
10.819000
8.489000
10.898000
11.899000
16.829000
9.340000
7.167000
16.162000
9.903000
9.845000
11.102000
5.356000
10.154000
10.190000
12.080000
11.034000
11.145000
11.750000
16.805000
11.227000
8.182000
7.801000
6.188000
13.257000
16.916000
8.407000
15.411000
11.731000
11.749000
11.391000
9.398000
12.000000
16.103000
7.530000
7.817000
18.050000
9.451000
13.044000
7.247000
11.528000
14.843000
9.031000
10.272000
13.353000
17.231000
14.452000
4.412000
14.900000
15.807000
13.346000
11.170000
11.186000
7.234000
10.670000
4.821000
8.492000
7.561000
19.072000
10.151000
18.496000
11.174000
12.316000
15.759000
10.705000
15.376000
10.704000
10.053000
17.687000
11.010000
9.568000
15.168000
15.126000
12.898000
12.722000
19.545000
10.414000
10.937000
7.819000
10.477000
6.414000
17.232000
17.308000
13.487000
12.489000
6.901000
17.564000
10.964000
13.217000
12.296000
13.005000
12.443000
12.700000
7.363000
7.354000
14.681000
13.887000
7.594000
12.890000
9.992000
9.120000
10.296000
15.549000
7.681000
12.781000
7.626000
10.714000
12.848000
10.207000
13.491000
4.104000
12.000000
15.355000
12.748000
8.954000
14.755000
9.875000
11.318000
7.100000
14.459000
15.455000
12.964000
15.130000
13.883000
12.638000
8.793000
12.094000
11.465000
7.859000
6.986000
7.892000
11.553000
9.961000
11.879000
11.883000
10.767000
9.651000
9.818000
12.782000
8.496000
8.281000
11.860000
23.984000
6.967000
12.302000
3.362000
11.865000
10.172000
10.548000
9.573000
12.911000
5.484000
10.643000
10.377000
18.845000
8.060000
14.451000
16.147000
12.415000
8.651000
19.102000
3.872000
8.214000
6.475000
17.764000
14.001000
14.579000
10.603000
10.538000
8.595000
6.540000
9.250000
6.574000
11.892000
8.083000
4.076000
9.888000
16.821000
5.793000
15.095000
10.574000
15.194000
6.966000
8.783000
8.206000
6.835000
12.000000
13.000000
14.535000
10.761000
10.541000
10.934000
10.626000
8.948000
12.881000
11.515000
13.564000
12.460000
14.246000
11.023000
10.298000
5.478000
13.929000
15.018000
8.360000
11.820000
14.889000
15.857000
10.667000
13.392000
7.443000
12.216000
12.936000
16.725000
7.839000
11.138000
10.488000
11.381000
7.895000
6.451000
12.219000
8.066000
13.488000
15.149000
7.991000
8.116000
11.200000
11.343000
9.036000
15.509000
18.023000
13.697000
11.674000
10.714000
11.568000
8.716000
9.890000
9.514000
18.786000
14.096000
15.867000
8.997000
13.626000
6.030000
8.249000
14.395000
12.786000
11.227000
23.069000
4.867000
6.993000
10.706000
17.142000
4.354000
10.676000
6.092000
10.693000
10.918000
21.823000
8.718000
4.424000
17.740000
7.444000
6.941000
16.073000
8.335000
9.152000
11.781000
10.428000
12.703000
13.837000
7.954000
12.745000
9.934000
13.235000
14.175000
11.177000
10.746000
9.431000
14.312000
4.319000
3.648000
8.402000
7.478000
9.258000
7.008000
3.718000
8.815000
10.517000
14.427000
6.064000
17.214000
5.437000
9.828000
12.837000
12.377000
5.684000
15.589000
12.527000
10.333000
13.964000
11.472000
16.489000
3.860000
13.585000
8.748000
11.723000
9.143000
15.973000
7.468000
10.204000
16.138000
10.756000
3.521000
6.276000
7.911000
7.985000
13.035000
5.273000
8.458000
15.684000
0.570000
16.512000
7.191000
15.056000
9.909000
9.140000
10.788000
14.272000
10.112000
12.377000
14.201000
4.472000
4.702000
5.606000
12.794000
10.751000
7.172000
6.478000
5.477000
12.477000
16.381000
2.732000
5.238000
4.986000
1.635000
2.683000
4.121000
2.436000
3.841000
11.674000
7.014000
4.687000
0.995000
6.843000
8.973000
10.380000
10.474000
1.772000
20.317000
6.731000
11.905000
9.856000
10.349000
6.790000
14.956000
15.953000
5.305000
8.147000
5.263000
16.896000
1.328000
12.138000
6.845000
4.707000
0.000000
8.089000
3.842000
6.758000
4.308000
5.329000
12.802000
13.620000
7.034000
10.736000
4.992000
7.483000
5.925000
10.569000
8.862000
2.261000
1.849000
0.000000
13.037000
10.015000
11.511000
6.570000
10.889000
4.627000
11.211000
16.855000
2.394000
17.394000
9.483000
13.379000
13.971000
3.118000
3.103000
5.727000
12.596000
7.104000
20.951000
8.675000
1.044000
9.153000
4.190000
16.130000
3.897000
17.213000
22.134000
11.622000
6.887000
4.410000
6.306000
11.056000
6.159000
4.032000
7.394000
16.073000
5.821000
12.007000
13.936000
9.846000
2.713000
9.236000
5.576000
13.468000
18.143000
3.092000
16.922000
11.015000
8.420000
0.814000
10.693000
10.792000
6.945000
14.268000
13.583000
10.895000
4.800000
10.649000
12.413000
7.550000
19.354000
9.402000
10.413000
14.179000
13.215000
7.848000
10.854000
12.885000
13.131000
16.747000
8.292000
11.453000
1.113000
5.604000
7.797000
5.735000
18.269000
5.934000
11.064000
5.495000
11.673000
11.263000
13.086000
14.651000
14.000000
9.185000
6.531000
5.555000
4.091000
1.954000
3.614000
13.092000
12.379000
15.406000
0.774000
3.517000
11.427000
6.780000
6.052000
10.412000
5.596000
11.676000
9.719000
13.680000
6.606000
5.837000
12.155000
15.478000
2.054000
13.537000
14.900000
11.248000
7.798000
6.370000
14.305000
10.466000
8.118000
12.100000
12.581000
7.306000
12.385000
5.300000
8.412000
17.394000
10.702000
13.974000
14.488000
9.452000
5.130000
9.183000
19.697000
9.249000
16.359000
7.383000
8.736000
11.159000
13.497000
14.216000
12.698000
12.869000
13.313000
11.525000
14.303000
8.259000
8.621000
12.021000
9.888000
15.189000
17.512000
11.264000
12.678000
16.826000
9.440000
11.059000
13.465000
15.149000
9.130000
10.737000
3.822000
12.244000
8.828000
10.515000
12.541000
16.050000
10.447000
13.731000
11.932000
18.865000
13.808000
3.813000
14.392000
11.891000
11.961000
12.862000
13.831000
8.932000
9.245000
18.648000
10.906000
10.095000
0.456000
13.442000
11.724000
13.189000
12.443000
15.371000
9.116000
8.963000
9.752000
5.013000
12.760000
15.045000
7.453000
13.767000
13.949000
7.803000
7.565000
15.946000
12.816000
10.884000
17.527000
7.298000
3.004000
9.343000
12.426000
8.442000
12.177000
17.249000
15.939000
13.270000
16.024000
13.821000
11.645000
16.713000
14.179000
15.478000
14.315000
12.907000
12.656000
4.410000
11.857000
13.387000
13.956000
11.164000
9.697000
12.868000
10.901000
11.515000
10.390000
11.835000
10.667000
12.597000
9.472000
9.947000
10.914000
10.913000
9.092000
11.152000
16.154000
17.641000
10.654000
11.363000
12.716000
11.885000
11.763000
13.615000
13.913000
10.510000
15.818000
10.489000
12.663000
5.570000
12.450000
13.510000
6.785000
13.495000
14.932000
14.978000
10.906000
11.412000
9.664000
9.604000
14.918000
14.165000
10.548000
11.732000
12.782000
12.682000
14.392000
11.185000
11.327000
9.392000
4.952000
10.687000
11.324000
6.403000
9.218000
12.179000
13.445000
9.052000
11.045000
14.860000
16.366000
13.561000
13.668000
9.861000
6.303000
10.902000
11.308000
7.942000
9.406000
13.221000
10.728000
9.231000
12.042000
8.969000
9.181000
17.084000
8.370000
10.804000
13.342000
15.930000
6.512000
11.533000
13.649000
13.453000
4.932000
18.459000
11.274000
9.164000
23.162000
14.176000
10.049000
14.036000
10.904000
10.171000
11.664000
21.119000
10.281000
6.534000
13.155000
11.371000
9.924000
7.540000
12.800000
6.662000
12.536000
10.226000
14.310000
7.102000
15.667000
9.580000
13.170000
4.434000
6.017000
11.030000
11.963000
8.862000
18.925000
2.113000
11.462000
10.713000
7.030000
8.499000
5.648000
8.485000
7.301000
11.230000
10.511000
7.574000
10.312000
7.336000
1.647000
6.838000
12.962000
5.881000
5.053000
19.099000
11.135000
12.813000
4.481000
0.628000
6.380000
7.982000
10.173000
11.991000
5.217000
12.964000
3.562000
11.113000
10.570000
8.869000
11.043000
2.835000
8.567000
8.854000
9.631000
11.616000
4.773000
7.429000
8.362000
4.821000
8.947000
7.468000
19.032000
6.855000
13.461000
3.352000
4.678000
13.789000
8.322000
7.942000
8.068000
9.462000
11.473000
8.162000
12.868000
6.499000
4.685000
4.765000
15.521000
4.861000
4.197000
5.461000
12.420000
9.280000
7.572000
6.307000
6.196000
13.490000
17.817000
8.374000
10.428000
14.363000
7.384000
10.704000
15.866000
6.507000
4.794000
12.193000
4.364000
8.377000
10.067000
6.435000
11.330000
11.751000
2.144000
5.949000
14.318000
13.134000
7.333000
8.374000
7.521000
5.749000
7.528000
12.562000
14.049000
10.035000
5.055000
10.226000
11.806000
12.930000
14.753000
8.070000
13.952000
10.124000
13.906000
12.829000
19.054000
11.980000
9.013000
14.080000
13.293000
11.649000
7.683000
10.066000
12.040000
10.074000
10.277000
2.634000
12.369000
18.471000
16.656000
7.738000
5.066000
11.510000
3.790000
2.777000
7.999000
4.127000
15.454000
10.198000
14.331000
9.605000
7.286000
12.714000
12.518000
9.506000
14.767000
6.359000
11.019000
7.282000
6.756000
13.029000
12.674000
12.440000
6.112000
11.684000
10.253000
4.731000
10.409000
8.271000
16.209000
7.647000
9.545000
5.794000
5.705000
10.033000
10.080000
13.268000
12.777000
5.837000
9.315000
11.178000
4.649000
11.219000
6.089000
4.908000
14.589000
8.680000
6.643000
15.265000
11.221000
5.193000
15.420000
16.765000
12.563000
14.276000
7.658000
10.378000
12.908000
10.237000
7.575000
9.015000
11.947000
15.742000
7.914000
9.039000
10.551000
7.016000
10.962000
6.056000
15.106000
9.250000
10.252000
16.990000
15.776000
10.610000
5.184000
7.711000
15.409000
12.027000
12.862000
12.317000
9.802000
4.166000
13.753000
9.188000
7.035000
10.623000
11.569000
13.715000
4.379000
13.057000
3.109000
4.329000
9.123000
12.076000
8.726000
12.408000
8.204000
11.023000
9.600000
9.001000
18.650000
6.707000
10.081000
12.968000
10.242000
14.314000
8.438000
10.696000
10.047000
8.423000
7.841000
9.455000
16.884000
9.434000
12.310000
6.806000
10.185000
9.922000
8.756000
10.444000
10.059000
9.306000
12.051000
7.872000
6.262000
10.738000
7.013000
10.867000
10.296000
10.275000
6.552000
13.394000
10.619000
7.892000
8.660000
7.811000
10.804000
4.898000
13.060000
9.627000
14.320000
7.352000
10.081000
14.522000
13.156000
13.227000
16.954000
7.396000
12.884000
12.104000
9.930000
11.101000
7.408000
12.773000
12.991000
12.596000
10.463000
12.420000
10.612000
11.487000
9.256000
4.816000
13.238000
7.301000
15.687000
17.636000
16.418000
12.721000
5.843000
9.888000
4.378000
11.616000
13.026000
8.661000
13.974000
14.289000
5.938000
15.376000
13.961000
8.157000
17.138000
15.460000
11.579000
6.962000
11.761000
14.164000
9.384000
11.671000
15.352000
7.590000
13.215000
5.063000
8.775000
6.629000
9.133000
4.376000
11.367000
9.923000
11.291000
12.100000
4.567000
11.376000
6.532000
17.952000
9.947000
13.336000
9.954000
12.256000
9.388000
13.925000
8.797000
9.950000
9.039000
5.769000
9.010000
11.202000
7.993000
13.280000
12.093000
8.446000
12.142000
8.654000
6.676000
11.666000
10.897000
10.888000
8.767000
11.874000
11.856000
10.530000
7.584000
3.781000
6.801000
13.118000
10.624000
9.881000
16.769000
8.240000
5.682000
8.935000
12.607000
11.525000
10.789000
3.829000
9.069000
15.310000
15.303000
10.503000
9.959000
8.367000
7.324000
9.840000
12.323000
18.701000
16.534000
9.998000
15.395000
10.614000
12.000000
8.460000
10.770000
15.222000
10.553000
6.031000
10.950000
17.531000
7.566000
10.981000
12.011000
14.844000
6.121000
13.169000
8.272000
8.241000
11.976000
8.219000
9.118000
6.521000
14.686000
7.737000
11.552000
10.730000
7.859000
10.941000
10.520000
11.095000
8.981000
6.657000
11.981000
4.431000
15.806000
12.550000
10.316000
8.325000
17.918000
10.272000
6.966000
10.810000
10.763000
9.198000
11.134000
8.361000
18.435000
15.255000
10.125000
9.995000
8.328000
10.164000
8.051000
11.771000
10.589000
10.294000
8.834000
12.421000
17.141000
3.905000
8.800000
6.498000
11.546000
10.742000
7.617000
13.091000
12.584000
11.487000
7.456000
11.429000
11.348000
2.794000
12.891000
5.518000
9.487000
12.731000
8.343000
11.373000
11.909000
10.295000
14.323000
7.735000
9.435000
8.054000
6.260000
15.024000
5.086000
5.092000
11.547000
13.555000
11.791000
8.589000
11.532000
9.986000
10.742000
12.248000
10.677000
7.015000
13.622000
11.213000
13.466000
8.558000
7.472000
15.220000
14.329000
8.485000
15.136000
14.075000
15.092000
8.255000
13.631000
9.479000
9.724000
11.367000
13.372000
10.250000
3.336000
8.151000
11.497000
14.549000
12.227000
11.617000
0.955000
16.111000
10.884000
12.116000
12.649000
10.254000
11.522000
11.020000
13.032000
9.501000
11.930000
7.512000
2.229000
5.803000
14.740000
8.741000
7.713000
7.985000
12.526000
11.053000
7.355000
10.038000
1.353000
6.780000
9.035000
1.939000
9.233000
7.146000
13.907000
0.000000
9.973000
7.052000
5.770000
0.000000
11.979000
3.683000
3.881000
6.518000
6.797000
1.609000
0.000000
4.846000
5.355000
3.689000
2.101000
0.106000
4.490000
2.332000
4.923000
5.228000
9.280000
13.317000
0.993000
9.178000
1.897000
4.827000
5.596000
12.204000
14.639000
0.000000
15.092000
0.000000
6.047000
0.000000
6.130000
14.516000
4.356000
15.019000
3.313000
14.183000
0.000000
10.756000
18.005000
0.448000
1.454000
13.600000
16.665000
7.223000
0.947000
4.742000
2.232000
6.178000
7.374000
9.666000
3.926000
11.892000
10.015000
6.307000
1.755000
0.520000
4.997000
4.376000
5.791000
3.313000
4.336000
7.837000
13.226000
5.428000
7.337000
8.937000
8.021000
0.000000
11.760000
12.192000
10.613000
10.727000
10.168000
10.380000
0.000000
10.861000
0.000000
13.016000
1.493000
10.194000
11.875000
1.103000
1.338000
11.186000
2.841000
12.254000
11.540000
13.616000
9.783000
8.432000
7.001000
13.154000
11.847000
8.382000
0.982000
3.885000
0.000000
5.470000
10.664000
18.043000
17.717000
6.342000
0.000000
15.634000
8.071000
10.703000
1.729000
13.456000
16.858000
13.398000
14.834000
7.046000
13.399000
14.477000
14.242000
14.850000
6.809000
3.347000
4.269000
12.381000
13.485000
3.985000
4.452000
10.224000
9.816000
5.913000
0.805000
6.337000
3.353000
0.000000
2.928000
16.500000
7.572000
11.809000
2.288000
12.522000
8.401000
7.823000
3.481000
7.101000
15.076000
7.257000
1.451000
11.747000
5.490000
10.167000
11.211000
16.427000
11.854000
4.589000
0.000000
11.777000
10.636000
14.066000
7.650000
5.657000
10.764000
11.719000
8.276000
10.583000
12.086000
10.554000
8.706000
11.033000
14.198000
14.279000
15.016000
7.240000
9.054000
2.829000
17.674000
2.578000
13.262000
12.744000
8.290000
8.572000
15.124000
6.749000
16.897000
1.947000
15.756000
2.424000
10.778000
10.093000
2.797000
11.129000
9.473000
14.808000
8.982000
9.423000
17.211000
8.763000
12.813000
1.216000
9.246000
19.004000
19.090000
13.542000
6.164000
10.594000
7.205000
6.579000
11.016000
11.953000
12.890000
5.841000
13.956000
0.668000
12.265000
10.536000
10.073000
8.630000
13.861000
12.308000
15.652000
12.258000
12.757000
13.033000
0.000000
9.494000
11.103000
4.875000
10.020000
13.333000
14.233000
4.333000
5.275000
10.806000
12.516000
5.033000
4.098000
11.238000
11.976000
11.905000
9.406000
14.042000
9.803000
12.251000
10.794000
13.623000
9.512000
6.030000
10.724000
12.541000
11.161000
3.846000
9.573000
12.900000
7.316000
8.986000
6.188000
10.091000
19.701000
13.107000
7.809000
12.484000
12.227000
7.902000
12.470000
18.112000
7.995000
11.957000
14.753000
6.950000
15.027000
13.545000
7.455000
17.543000
6.416000
4.563000
7.319000
9.566000
8.594000
10.740000
11.071000
9.029000
11.985000
15.965000
10.516000
9.382000
12.565000
7.060000
4.575000
14.294000
10.189000
15.110000
13.382000
10.266000
10.275000
11.361000
7.459000
13.835000
12.228000
7.937000
7.853000
18.541000
14.486000
7.208000
9.788000
11.158000
9.344000
11.614000
12.424000
6.558000
8.145000
8.666000
12.246000
14.347000
5.450000
13.260000
13.399000
10.694000
8.699000
3.667000
12.308000
6.422000
17.502000
10.194000
14.755000
9.335000
11.582000
13.159000
11.419000
8.454000
11.406000
9.098000
17.191000
11.724000
11.119000
5.146000
7.888000
5.337000
11.032000
8.546000
5.856000
13.305000
8.959000
9.351000
12.299000
10.897000
9.949000
8.756000
10.982000
15.227000
12.919000
0.563000
14.967000
6.576000
0.718000
11.293000
4.252000
11.060000
10.759000
11.124000
12.643000
7.733000
11.576000
12.811000
9.328000
11.736000
5.848000
5.981000
17.105000
14.488000
7.092000
4.321000
1.966000
8.605000
5.180000
15.499000
19.781000
20.157000
7.486000
12.700000
6.234000
9.629000
10.479000
3.053000
7.572000
5.422000
6.859000
15.960000
12.206000
4.754000
11.110000
6.940000
16.346000
4.038000
5.160000
10.441000
4.441000
11.709000
4.297000
14.570000
6.820000
9.077000
7.528000
7.589000
11.253000
8.790000
10.165000
7.292000
1.575000
7.598000
12.352000
7.534000
16.404000
8.381000
7.025000
4.378000
8.536000
6.580000
4.382000
10.436000
11.918000
2.900000
16.121000
8.347000
5.384000
6.206000
10.974000
9.000000
24.881000
9.870000
8.417000
2.322000
9.191000
10.736000
7.731000
5.080000
13.431000
12.196000
6.492000
4.192000
3.940000
7.428000
0.524000
11.572000
10.378000
6.760000
22.062000
11.453000
16.822000
12.188000
5.898000
6.583000
15.086000
7.968000
5.616000
12.217000
13.447000
11.702000
9.409000
13.085000
10.505000
6.752000
11.483000
9.783000
11.817000
11.103000
6.684000
11.071000
6.194000
14.241000
14.210000
7.043000
16.870000
6.977000
9.596000
7.829000
7.292000
5.934000
10.993000
8.181000
16.578000
14.144000
6.000000
11.871000
10.684000
12.806000
7.659000
18.156000
5.509000
12.911000
12.577000
8.651000
4.978000
6.481000
3.944000
10.011000
7.256000
5.622000
12.422000
10.653000
5.006000
5.106000
12.202000
7.288000
11.335000
11.502000
14.305000
3.731000
7.319000
6.739000
6.633000
10.147000
11.778000
11.817000
9.567000
12.218000
5.929000
8.295000
8.517000
7.413000
7.359000
21.635000
11.279000
6.854000
6.959000
12.565000
12.471000
15.720000
14.309000
6.569000
11.568000
7.052000
0.913000
12.839000
6.928000
8.659000
12.777000
11.757000
16.025000
6.437000
10.133000
7.857000
12.782000
16.759000
12.189000
10.583000
12.147000
9.851000
9.150000
11.775000
17.314000
11.224000
15.325000
9.001000
8.405000
11.286000
8.791000
10.261000
14.889000
8.980000
9.052000
10.100000
15.285000
8.083000
7.748000
6.803000
5.817000
8.641000
11.541000
17.155000
2.879000
9.180000
4.734000
12.482000
8.575000
18.884000
9.217000
10.416000
13.554000
21.874000
11.845000
15.259000
15.052000
10.477000
7.232000
6.620000
11.654000
12.114000
16.841000
5.601000
11.945000
8.027000
3.902000
4.791000
12.165000
18.126000
10.214000
4.833000
15.679000
4.733000
1.979000
3.999000
11.464000
7.943000
3.317000
7.178000
7.983000
9.674000
15.481000
10.822000
14.250000
8.193000
8.354000
17.271000
17.103000
10.406000
14.210000
14.352000
6.014000
13.032000
14.180000
11.722000
9.513000
10.944000
13.506000
12.318000
8.495000
11.462000
7.130000
15.837000
10.535000
15.644000
10.449000
15.408000
9.893000
8.335000
12.246000
15.869000
15.267000
13.027000
12.082000
8.117000
13.729000
11.298000
11.541000
12.073000
12.391000
11.499000
14.319000
9.436000
6.503000
8.509000
4.038000
10.486000
10.655000
14.842000
16.747000
11.634000
15.442000
13.598000
9.897000
3.549000
10.880000
7.024000
7.695000
10.789000
12.340000
17.545000
14.317000
13.643000
10.340000
7.109000
7.742000
10.160000
16.297000
8.913000
6.528000
14.804000
7.804000
11.552000
12.136000
12.868000
23.488000
10.357000
5.806000
12.112000
8.397000
9.031000
10.708000
7.707000
16.214000
14.300000
10.168000
10.908000
12.752000
11.555000
16.858000
14.156000
12.536000
5.183000
14.808000
12.814000
4.757000
12.563000
5.877000
11.756000
9.558000
8.145000
13.548000
13.536000
17.837000
16.630000
15.659000
18.071000
15.679000
5.803000
18.747000
6.951000
9.853000
13.731000
13.863000
10.696000
14.607000
14.271000
12.889000
12.110000
4.844000
8.459000
9.556000
10.603000
14.978000
14.606000
12.180000
12.022000
12.820000
9.130000
9.916000
11.008000
9.271000
10.676000
7.679000
14.548000
16.989000
15.067000
16.182000
9.964000
7.364000
14.639000
9.808000
14.195000
8.795000
17.052000
10.195000
7.451000
16.051000
10.101000
17.212000
13.711000
5.363000
6.934000
12.929000
13.038000
11.667000
12.630000
8.179000
9.497000
13.983000
12.796000
11.167000
14.481000
13.296000
7.775000
14.064000
10.996000
13.120000
12.491000
10.658000
9.230000
15.100000
13.035000
16.194000
17.480000
8.048000
10.364000
15.492000
12.975000
15.146000
16.977000
13.045000
21.147000
8.727000
10.045000
22.146000
10.966000
10.069000
12.446000
13.729000
15.270000
8.570000
18.982000
13.855000
8.207000
9.061000
8.683000
12.697000
19.180000
13.616000
12.968000
15.884000
13.118000
11.334000
9.992000
17.015000
12.301000
11.177000
18.201000
9.705000
11.168000
15.747000
8.932000
10.301000
9.053000
12.209000
10.753000
12.586000
13.953000
12.514000
15.123000
16.504000
12.898000
11.363000
12.399000
12.953000
12.454000
11.704000
15.919000
17.634000
15.898000
8.842000
19.079000
15.662000
12.989000
9.485000
13.426000
4.271000
10.601000
15.115000
23.601000
11.597000
5.972000
17.021000
9.204000
6.840000
5.221000
11.018000
10.416000
10.685000
12.399000
16.019000
12.183000
11.624000
14.378000
13.044000
4.604000
9.236000
10.769000
8.822000
14.353000
15.885000
14.932000
17.771000
7.294000
11.370000
15.099000
11.693000
17.582000
9.691000
16.111000
9.705000
15.384000
16.822000
9.065000
15.124000
16.492000
7.224000
11.978000
8.852000
16.068000
14.368000
10.236000
14.704000
4.508000
11.264000
13.967000
10.109000
13.636000
15.268000
9.605000
12.132000
11.539000
4.337000
17.079000
11.163000
11.839000
11.492000
6.364000
10.440000
11.788000
10.134000
18.535000
10.400000
5.492000
6.368000
14.499000
13.355000
11.686000
14.738000
8.449000
9.061000
8.277000
4.595000
7.685000
13.949000
4.741000
6.161000
14.782000
7.900000
4.624000
8.778000
6.626000
8.281000
6.958000
5.522000
8.963000
4.312000
10.445000
8.510000
6.557000
7.217000
8.877000
12.187000
8.162000
10.679000
7.435000
6.939000
5.672000
5.608000
1.651000
6.335000
10.410000
13.373000
5.822000
7.698000
7.418000
12.314000
7.845000
9.087000
14.384000
7.073000
15.525000
12.951000
10.760000
7.120000
2.419000
15.406000
8.457000
7.004000
8.828000
9.840000
9.992000
14.091000
9.856000
7.559000
11.964000
16.828000
10.186000
3.527000
9.543000
10.473000
9.023000
7.682000
3.987000
14.646000
8.988000
5.835000
14.956000
5.729000
6.580000
5.784000
7.935000
6.393000
11.006000
13.313000
8.383000
11.097000
8.447000
13.973000
17.782000
8.356000
4.895000
7.551000
8.033000
9.680000
12.230000
15.653000
14.312000
3.556000
6.215000
11.185000
7.430000
8.766000
8.965000
8.128000
9.413000
9.341000
10.634000
6.380000
10.621000
10.079000
4.990000
6.752000
9.920000
9.965000
5.054000
9.171000
9.125000
10.874000
7.911000
8.174000
5.270000
7.900000
5.786000
3.493000
5.497000
7.470000
7.056000
3.646000
9.579000
6.503000
2.211000
8.941000
7.046000
6.394000
9.733000
2.193000
3.904000
16.382000
7.388000
7.733000
14.474000
9.655000
6.506000
9.039000
4.908000
4.545000
4.459000
4.482000
13.132000
7.778000
7.888000
3.920000
11.897000
13.258000
16.298000
7.788000
1.010000
3.821000
2.308000
14.552000
8.139000
7.419000
7.358000
21.038000
8.101000
9.944000
9.349000
6.499000
2.874000
5.716000
4.633000
14.931000
4.845000
2.230000
4.655000
7.151000
10.425000
7.809000
10.211000
5.036000
3.235000
9.040000
2.943000
0.729000
12.162000
7.420000
7.496000
8.318000
3.193000
3.514000
1.369000
11.744000
1.790000
6.054000
7.750000
13.105000
12.123000
3.977000
8.420000
5.237000
9.947000
12.622000
9.602000
8.978000
1.934000
11.866000
12.888000
8.283000
3.558000
9.583000
9.164000
13.435000
7.809000
12.184000
3.474000
15.754000
4.129000
10.101000
17.883000
11.560000
4.095000
5.939000
11.561000
15.041000
10.236000
6.084000
6.949000
13.503000
10.516000
5.084000
5.715000
11.999000
5.448000
3.023000
1.763000
9.788000
1.821000
16.535000
5.464000
6.219000
13.950000
3.183000
15.532000
10.865000
5.197000
12.678000
3.414000
11.475000
3.156000
5.522000
9.937000
12.086000
18.783000
15.435000
12.472000
6.328000
12.485000
6.264000
10.709000
7.946000
15.763000
14.626000
5.626000
19.304000
7.616000
5.611000
17.678000
7.544000
4.455000
8.355000
7.730000
14.778000
9.442000
8.793000
10.314000
6.515000
5.050000
1.590000
16.892000
8.183000
6.387000
9.228000
7.396000
11.021000
5.314000
4.093000
13.396000
2.101000
21.869000
14.400000
8.432000
12.721000
9.324000
3.248000
13.167000
11.913000
2.547000
11.689000
8.834000
11.737000
8.786000
10.301000
13.873000
9.762000
18.008000
12.673000
5.587000
7.728000
10.214000
18.367000
11.127000
9.579000
16.205000
15.690000
4.863000
15.593000
12.596000
8.437000
5.674000
8.316000
9.122000
10.440000
8.874000
7.333000
14.074000
11.865000
12.909000
3.153000
18.459000
8.346000
16.009000
8.259000
12.508000
8.458000
7.432000
7.265000
9.041000
8.331000
11.481000
4.358000
12.379000
1.475000
9.069000
16.728000
6.119000
8.505000
11.530000
9.377000
9.485000
13.948000
12.256000
9.471000
6.311000
17.835000
11.349000
4.736000
19.209000
9.633000
8.613000
11.786000
8.785000
12.705000
8.901000
11.307000
6.822000
9.467000
11.644000
13.299000
8.932000
13.394000
13.602000
4.426000
14.025000
15.278000
9.938000
16.270000
12.550000
5.964000
3.583000
9.587000
11.175000
5.228000
9.464000
20.645000
10.076000
8.285000
9.551000
12.648000
12.398000
7.787000
13.133000
10.877000
3.570000
5.591000
10.502000
12.166000
9.900000
6.798000
2.397000
10.208000
7.901000
13.351000
8.142000
11.108000
13.918000
14.344000
13.908000
11.682000
9.726000
4.010000
11.686000
9.687000
11.401000
4.726000
4.974000
9.966000
7.522000
4.907000
6.155000
11.098000
17.295000
14.545000
14.916000
16.262000
11.454000
10.415000
6.998000
12.760000
24.866000
7.674000
4.311000
9.020000
13.689000
23.729000
10.216000
10.385000
9.074000
4.198000
10.669000
11.637000
13.031000
7.219000
1.794000
13.992000
4.481000
12.706000
17.714000
11.344000
0.000000
9.499000
10.269000
10.311000
16.820000
10.552000
12.405000
14.578000
12.870000
13.285000
10.852000
9.885000
7.604000
15.460000
13.494000
11.171000
23.307000
8.100000
5.444000
13.224000
10.423000
14.267000
7.225000
9.369000
11.986000
12.282000
11.682000
14.080000
7.507000
17.232000
11.910000
10.103000
10.191000
10.698000
8.062000
13.632000
15.004000
3.331000
11.232000
11.537000
12.869000
7.534000
9.356000
6.727000
8.449000
17.594000
12.524000
16.143000
9.998000
6.154000
12.115000
13.827000
11.040000
10.003000
8.248000
10.313000
22.221000
10.083000
11.164000
13.243000
16.340000
12.396000
17.565000
12.723000
11.852000
7.880000
10.022000
9.497000
15.320000
8.990000
13.876000
8.625000
14.962000
17.107000
13.987000
18.799000
14.460000
7.650000
6.061000
13.028000
10.802000
13.786000
20.597000
6.195000
10.895000
5.514000
12.639000
11.329000
9.966000
14.112000
7.228000
14.090000
7.123000
14.957000
14.317000
15.632000
13.613000
9.730000
10.863000
5.547000
12.124000
13.214000
15.066000
8.878000
5.802000
13.311000
15.345000
12.556000
13.384000
8.670000
11.293000
7.691000
14.554000
7.029000
22.146000
6.584000
20.436000
13.637000
10.108000
14.710000
13.874000
6.396000
12.982000
18.245000
7.698000
8.282000
17.838000
10.647000
14.277000
9.924000
16.918000
14.126000
19.309000
14.969000
8.850000
18.303000
13.299000
19.343000
8.582000
4.928000
17.558000
22.770000
11.703000
7.695000
1.419000
10.743000
14.064000
11.261000
16.758000
5.222000
14.146000
18.511000
17.200000
7.224000
17.964000
8.635000
20.064000
14.262000
14.545000
15.179000
13.145000
9.025000
3.794000
3.257000
8.606000
9.512000
9.664000
14.435000
10.537000
21.247000
15.940000
19.645000
11.967000
19.675000
12.926000
23.350000
11.954000
10.893000
8.700000
11.264000
11.574000
11.633000
15.627000
14.885000
15.226000
14.186000
11.961000
9.164000
19.780000
7.583000
15.973000
5.519000
4.807000
5.650000
6.691000
14.809000
11.845000
6.134000
0.000000
16.457000
5.145000
5.596000
11.435000
10.439000
10.068000
12.310000
7.297000
5.148000
1.934000
9.064000
0.000000
6.964000
11.322000
2.410000
4.162000
13.178000
17.395000
7.237000
5.941000
6.674000
5.521000
5.747000
4.399000
6.185000
4.588000
2.649000
9.521000
15.528000
7.495000
2.390000
3.597000
16.842000
2.713000
7.513000
0.187000
7.971000
4.249000
1.515000
13.549000
1.610000
9.594000
7.028000
16.964000
0.548000
12.025000
9.712000
11.705000
10.031000
4.340000
18.577000
5.801000
10.908000
7.480000
8.806000
2.374000
12.245000
9.429000
9.242000
3.319000
5.810000
3.497000
0.140000
2.363000
15.675000
0.743000
13.010000
3.791000
8.444000
17.262000
2.625000
5.806000
2.416000
9.108000
8.952000
8.467000
7.798000
9.189000
5.920000
5.875000
12.521000
6.640000
8.123000
5.891000
5.143000
6.051000
3.652000
3.645000
7.752000
7.610000
5.180000
14.090000
8.025000
9.697000
6.578000
6.820000
6.822000
6.514000
7.072000
3.486000
1.984000
9.952000
8.264000
10.124000
6.360000
7.910000
10.385000
20.389000
9.174000
3.030000
16.459000
1.911000
9.397000
4.547000
4.399000
0.000000
9.492000
5.027000
4.167000
6.109000
13.186000
14.584000
4.296000
6.087000
17.455000
1.179000
14.025000
1.708000
17.093000
16.173000
11.484000
4.148000
3.563000
12.847000
13.267000
15.993000
12.172000
8.373000
0.000000
0.000000
8.365000
10.781000
9.150000
4.632000
8.128000
5.055000
2.347000
10.941000
5.925000
4.819000
9.279000
17.614000
17.505000
8.227000
6.200000
2.729000
7.523000
5.155000
6.171000
13.668000
6.338000
9.862000
9.796000
5.289000
17.947000
4.172000
8.695000
12.054000
10.701000
4.500000
15.620000
4.933000
4.674000
19.025000
6.136000
9.860000
18.925000
9.537000
7.701000
17.915000
16.238000
12.255000
10.866000
19.151000
11.220000
6.637000
14.104000
10.023000
15.836000
4.209000
22.312000
16.191000
7.563000
6.869000
7.115000
5.453000
7.698000
19.292000
6.053000
7.543000
6.418000
9.091000
10.616000
14.763000
7.247000
4.975000
16.725000
15.965000
20.663000
11.602000
13.224000
3.141000
8.473000
15.289000
18.350000
0.692000
3.320000
9.049000
7.102000
3.847000
15.845000
14.652000
12.207000
3.997000
9.167000
6.404000
13.809000
8.923000
16.657000
12.540000
14.863000
13.983000
20.096000
13.275000
15.218000
16.387000
2.573000
18.193000
15.790000
10.101000
7.612000
19.364000
7.004000
6.072000
8.532000
18.027000
16.793000
14.692000
16.286000
6.611000
2.586000
8.181000
14.957000
17.862000
4.945000
10.578000
3.995000
7.448000
15.880000
9.927000
16.777000
9.067000
15.128000
14.426000
4.715000
10.941000
14.933000
0.000000
14.132000
15.191000
8.072000
13.357000
15.812000
19.234000
12.073000
11.844000
16.988000
9.325000
15.314000
12.811000
6.012000
18.256000
8.352000
8.331000
12.728000
10.839000
2.736000
11.763000
10.270000
14.160000
13.056000
4.129000
3.440000
14.143000
13.712000
8.990000
8.516000
13.109000
9.733000
2.490000
11.021000
14.691000
9.233000
16.645000
15.575000
17.398000
8.414000
13.422000
1.853000
16.950000
16.348000
18.595000
9.088000
12.558000
6.901000
15.850000
15.060000
12.281000
9.627000
15.970000
14.541000
6.952000
16.732000
10.808000
6.488000
13.932000
20.780000
11.989000
17.775000
6.033000
16.853000
5.422000
10.174000
14.892000
15.860000
4.713000
5.437000
12.448000
2.912000
13.085000
2.972000
2.987000
6.332000
4.232000
12.936000
10.080000
2.371000
7.329000
7.581000
2.904000
2.676000
3.391000
4.976000
2.290000
1.374000
5.863000
4.016000
3.629000
9.753000
4.712000
0.056000
2.514000
0.921000
20.927000
7.683000
4.928000
0.000000
2.299000
4.408000
3.227000
3.967000
0.622000
3.288000
3.842000
4.699000
10.397000
10.338000
6.460000
5.018000
5.956000
15.839000
0.000000
4.007000
10.689000
4.185000
4.317000
7.261000
11.897000
5.144000
5.589000
3.841000
13.329000
13.081000
7.431000
5.648000
13.306000
3.983000
18.743000
11.362000
3.588000
2.955000
5.375000
6.589000
2.476000
2.331000
2.447000
2.582000
9.857000
6.899000
0.411000
11.969000
4.793000
16.783000
12.866000
12.153000
17.264000
15.048000
5.012000
10.196000
0.000000
16.309000
9.852000
6.545000
0.459000
14.050000
15.210000
11.583000
4.373000
8.284000
11.649000
17.310000
5.829000
8.879000
3.902000
7.680000
9.686000
4.053000
13.689000
12.291000
3.747000
13.949000
12.580000
6.196000
10.495000
14.887000
10.996000
1.858000
11.269000
10.823000
13.793000
0.933000
9.866000
4.517000
2.681000
6.366000
12.632000
3.924000
14.993000
13.086000
5.124000
10.948000
7.488000
7.266000
15.119000
8.654000
14.595000
14.803000
10.763000
9.186000
3.482000
13.376000
6.856000
8.509000
10.133000
4.401000
5.453000
12.555000
1.438000
12.272000
15.810000
5.502000
11.518000
12.444000
9.384000
13.920000
5.395000
9.991000
11.965000
11.924000
7.692000
11.617000
11.873000
9.352000
3.788000
17.770000
15.716000
7.161000
5.822000
19.877000
12.961000
13.342000
0.523000
3.551000
21.105000
10.275000
3.452000
9.168000
21.811000
11.882000
10.375000
11.573000
6.254000
13.864000
7.534000
6.531000
4.921000
9.785000
9.741000
11.263000
0.000000
11.191000
5.557000
13.357000
1.117000
11.725000
1.483000
12.829000
14.860000
6.154000
13.873000
4.218000
1.085000
10.691000
10.902000
17.088000
12.278000
8.349000
2.460000
9.122000
0.000000
11.527000
13.831000
12.195000
15.295000
12.923000
10.364000
6.550000
10.797000
11.743000
12.390000
12.683000
12.634000
9.607000
11.402000
10.768000
12.154000
14.313000
20.836000
15.425000
14.221000
6.919000
11.864000
12.478000
12.127000
12.164000
7.653000
10.754000
17.151000
20.529000
22.799000
10.825000
13.663000
6.076000
7.534000
14.641000
12.768000
8.595000
16.191000
11.579000
6.489000
12.153000
15.526000
11.531000
7.394000
9.135000
13.815000
10.883000
12.495000
3.320000
14.805000
10.825000
13.232000
19.693000
12.377000
8.321000
13.227000
22.326000
11.398000
11.302000
13.660000
7.088000
3.674000
8.507000
12.711000
15.332000
13.353000
10.140000
19.541000
21.309000
13.554000
9.693000
12.962000
10.960000
21.472000
4.440000
9.956000
8.107000
14.498000
13.483000
8.069000
13.053000
13.479000
21.148000
15.663000
16.668000
15.174000
15.025000
4.082000
13.562000
13.074000
11.129000
6.605000
20.208000
14.443000
23.721000
12.432000
14.936000
19.668000
9.928000
21.346000
13.079000
10.732000
11.627000
10.616000
14.300000
14.835000
12.887000
13.555000
16.323000
10.970000
15.331000
17.938000
13.073000
14.793000
14.583000
23.565000
15.831000
13.442000
14.133000
11.164000
10.484000
18.749000
3.016000
10.985000
0.000000
13.097000
12.320000
7.781000
18.964000
8.849000
14.328000
12.011000
4.431000
14.077000
14.612000
5.512000
15.316000
21.765000
12.177000
11.198000
13.938000
15.138000
11.740000
16.283000
21.928000
8.907000
14.179000
12.262000
9.865000
16.550000
15.704000
20.619000
15.081000
18.544000
3.408000
22.715000
5.376000
4.105000
23.336000
8.905000
8.369000
9.707000
10.023000
12.000000
16.068000
10.713000
12.838000
12.346000
12.001000
16.252000
10.873000
15.826000
12.013000
1.577000
16.396000
12.423000
12.717000
8.512000
12.010000
15.307000
7.037000
10.612000
11.952000
13.505000
18.109000
13.701000
3.492000
13.124000
10.287000
6.299000
10.410000
8.465000
9.217000
14.137000
11.080000
26.009000
13.488000
8.915000
12.553000
9.500000
9.476000
7.830000
11.441000
10.190000
9.722000
7.944000
10.291000
9.207000
16.361000
6.069000
9.716000
7.176000
14.805000
10.955000
12.285000
5.359000
7.936000
11.922000
15.882000
7.816000
7.474000
4.309000
12.325000
10.469000
5.949000
10.429000
21.628000
7.149000
15.614000
21.271000
15.183000
15.223000
11.706000
0.970000
10.549000
12.302000
6.510000
5.469000
13.584000
16.948000
14.613000
10.121000
16.948000
8.231000
6.872000
16.252000
6.477000
12.876000
13.345000
9.258000
9.556000
12.644000
14.264000
11.674000
16.416000
5.990000
9.963000
14.930000
5.795000
9.149000
7.324000
7.787000
4.856000
11.284000
16.060000
12.769000
17.318000
17.296000
8.805000
7.024000
17.259000
7.180000
3.007000
11.665000
4.702000
17.009000
12.444000
9.735000
13.371000
4.321000
13.959000
10.531000
13.017000
7.366000
15.795000
4.403000
14.592000
20.224000
12.004000
11.299000
8.998000
7.262000
3.567000
20.502000
10.988000
11.280000
10.125000
10.872000
13.304000
4.368000
20.365000
15.026000
14.068000
16.350000
11.051000
13.599000
8.523000
12.257000
3.286000
10.181000
13.197000
11.899000
7.466000
16.150000
8.496000
16.876000
6.499000
12.034000
12.451000
10.333000
9.466000
5.040000
10.839000
8.935000
6.272000
4.978000
13.718000
14.395000
10.513000
12.299000
6.000000
10.460000
11.032000
13.000000
7.471000
8.546000
8.001000
4.499000
6.200000
8.704000
13.865000
17.373000
8.643000
9.375000
11.782000
6.496000
10.317000
16.351000
5.615000
10.395000
13.858000
6.724000
15.536000
9.028000
16.266000
14.343000
11.688000
13.474000
10.856000
6.193000
13.654000
6.402000
12.335000
5.244000
11.422000
11.506000
9.387000
7.549000
9.390000
6.920000
9.095000
11.302000
11.414000
17.377000
10.462000
11.785000
15.547000
5.809000
3.172000
5.555000
7.209000
12.010000
11.344000
10.002000
7.739000
13.665000
4.541000
4.678000
16.105000
24.558000
7.531000
10.460000
6.453000
5.721000
10.583000
10.695000
4.306000
7.500000
20.817000
13.603000
2.598000
16.433000
10.947000
4.011000
7.464000
17.090000
6.257000
10.329000
15.139000
9.245000
7.517000
12.436000
9.506000
1.697000
6.144000
5.438000
5.584000
8.062000
3.955000
6.950000
4.051000
3.623000
9.683000
7.713000
10.563000
5.762000
8.681000
3.596000
10.359000
10.354000
11.026000
18.913000
10.976000
0.617000
3.553000
5.979000
17.844000
7.960000
5.773000
14.584000
11.981000
5.273000
14.330000
16.647000
14.839000
7.867000
14.612000
17.734000
7.283000
4.585000
12.332000
16.559000
6.079000
9.347000
3.842000
7.665000
15.914000
7.761000
8.754000
7.332000
19.318000
13.217000
18.091000
11.993000
10.402000
16.448000
8.749000
14.588000
13.287000
13.677000
11.186000
3.757000
18.517000
17.456000
4.910000
5.913000
2.689000
13.136000
4.168000
9.364000
14.573000
9.040000
15.867000
7.075000
13.209000
21.128000
9.454000
14.299000
9.804000
17.126000
14.929000
8.340000
18.669000
12.321000
4.448000
12.216000
18.077000
9.425000
16.083000
17.556000
8.233000
4.245000
0.574000
12.151000
5.420000
5.657000
2.373000
8.686000
14.469000
17.528000
12.622000
16.849000
4.426000
10.053000
17.612000
6.433000
5.110000
0.187000
13.181000
12.511000
12.722000
5.635000
11.237000
11.831000
17.587000
9.128000
19.495000
12.819000
11.746000
7.178000
1.793000
25.781000
19.456000
13.988000
12.141000
7.167000
2.629000
8.121000
7.559000
7.066000
6.034000
6.598000
18.426000
12.004000
14.572000
8.592000
7.361000
20.110000
16.117000
6.829000
11.137000
10.135000
8.031000
15.115000
10.941000
9.170000
12.497000
10.754000
21.882000
6.998000
12.551000
10.633000
12.579000
3.246000
9.669000
14.231000
16.624000
12.434000
18.450000
12.926000
14.011000
6.706000
7.568000
11.542000
4.990000
17.711000
13.010000
5.391000
19.671000
13.963000
16.014000
9.489000
14.170000
12.935000
15.783000
13.620000
12.571000
8.243000
17.433000
18.616000
13.558000
9.588000
5.404000
11.374000
22.821000
15.022000
12.670000
8.329000
11.563000
11.070000
13.297000
24.093000
14.570000
13.244000
17.367000
2.263000
10.165000
11.088000
14.143000
9.456000
9.537000
6.033000
8.040000
4.790000
12.740000
14.033000
20.006000
3.077000
6.931000
14.226000
7.202000
20.850000
15.335000
7.628000
17.367000
13.537000
15.039000
7.518000
18.023000
16.515000
10.116000
13.248000
11.623000
6.004000
14.212000
12.612000
15.259000
19.113000
11.928000
11.943000
17.223000
17.504000
16.689000
14.554000
11.279000
12.112000
9.931000
9.614000
11.146000
14.450000
11.549000
15.038000
17.716000
10.806000
3.973000
7.379000
15.815000
10.361000
10.896000
11.501000
6.590000
13.396000
9.458000
16.398000
7.214000
21.714000
11.949000
11.342000
11.088000
12.904000
11.481000
9.287000
5.428000
17.021000
10.078000
12.840000
25.690000
10.216000
21.652000
7.802000
12.083000
6.232000
14.789000
7.730000
9.852000
10.652000
11.929000
10.119000
9.933000
21.586000
19.132000
7.562000
8.958000
15.785000
16.679000
8.983000
11.099000
8.434000
8.296000
11.105000
22.147000
9.594000
13.279000
11.479000
13.657000
16.596000
19.919000
10.921000
11.693000
9.184000
9.313000
20.949000
9.616000
6.910000
12.763000
16.522000
18.473000
8.810000
13.978000
7.817000
14.734000
9.315000
10.310000
13.334000
9.830000
11.489000
8.666000
11.628000
18.373000
16.759000
16.260000
18.627000
8.235000
11.227000
15.791000
17.404000
13.583000
17.360000
16.035000
10.325000
17.045000
19.238000
6.803000
9.547000
10.675000
15.070000
12.327000
14.047000
12.571000
9.209000
14.880000
18.836000
19.777000
17.742000
16.353000
6.985000
19.195000
15.646000
18.416000
2.956000
16.583000
11.838000
16.696000
17.840000
7.289000
18.822000
11.028000
19.390000
10.787000
14.877000
9.452000
14.659000
12.392000
21.241000
22.753000
11.052000
15.024000
20.948000
13.154000
21.064000
9.531000
15.192000
7.515000
20.124000
16.590000
17.594000
7.341000
13.415000
13.227000
12.817000
17.084000
11.160000
9.580000
9.195000
5.260000
19.355000
9.239000
16.134000
18.521000
19.296000
20.334000
9.282000
2.771000
18.657000
16.372000
17.865000
16.673000
4.893000
22.115000
12.736000
10.391000
17.131000
14.828000
12.909000
18.230000
7.435000
11.956000
19.062000
9.790000
13.047000
9.385000
19.078000
17.175000
16.660000
7.940000
14.855000
9.157000
15.700000
6.683000
15.580000
4.532000
22.801000
16.567000
21.433000
21.384000
3.700000
11.295000
19.395000
8.199000
19.031000
12.036000
3.444000
8.974000
13.593000
13.353000
13.050000
16.895000
21.933000
3.704000
9.267000
3.994000
11.105000
15.121000
10.094000
6.106000
12.421000
12.832000
16.774000
11.621000
8.838000
15.138000
0.613000
10.668000
11.443000
9.041000
7.528000
6.273000
10.594000
10.689000
7.621000
7.983000
8.531000
6.663000
8.441000
5.333000
7.094000
3.424000
14.367000
11.479000
7.097000
0.673000
16.621000
9.840000
9.755000
4.021000
5.274000
20.010000
10.286000
10.332000
12.046000
7.899000
7.022000
0.000000
9.179000
7.507000
18.028000
15.078000
6.564000
22.227000
5.748000
5.829000
2.400000
4.733000
11.480000
5.392000
5.110000
6.875000
19.647000
0.488000
16.079000
17.108000
20.504000
4.808000
0.000000
4.741000
15.584000
0.184000
2.342000
7.791000
13.762000
26.263000
1.324000
0.005000
16.383000
7.693000
13.628000
15.449000
10.484000
5.402000
11.380000
8.973000
8.954000
10.401000
15.632000
21.701000
14.613000
5.705000
13.598000
10.089000
11.110000
15.878000
12.522000
4.804000
8.965000
18.023000
15.763000
5.474000
7.503000
16.438000
10.188000
8.987000
0.086000
7.555000
8.567000
8.317000
14.367000
7.362000
12.053000
3.932000
12.162000
12.698000
4.872000
2.866000
12.464000
8.115000
19.769000
14.430000
21.938000
11.680000
19.341000
16.140000
4.009000
12.620000
12.157000
23.238000
14.591000
16.651000
5.402000
9.905000
16.515000
8.512000
6.378000
13.716000
21.549000
3.791000
6.284000
16.501000
2.405000
13.639000
4.537000
0.000000
0.000000
10.607000
5.359000
16.483000
11.860000
6.111000
14.424000
22.136000
14.798000
0.000000
19.031000
3.874000
14.625000
12.918000
16.051000
15.141000
1.668000
5.371000
5.447000
0.000000
12.232000
16.696000
11.627000
12.906000
13.553000
13.721000
23.109000
10.842000
18.584000
11.010000
19.089000
17.428000
5.285000
16.798000
7.404000
11.626000
9.429000
11.365000
10.830000
9.067000
13.707000
0.714000
14.346000
12.098000
14.553000
13.138000
14.270000
8.892000
11.585000
17.765000
9.374000
13.164000
18.243000
5.856000
18.889000
10.461000
16.900000
10.656000
14.698000
17.950000
15.983000
16.551000
8.032000
11.647000
13.132000
8.977000
19.696000
19.565000
12.112000
12.891000
11.731000
24.328000
11.318000
19.830000
11.690000
15.518000
17.328000
9.607000
9.321000
14.077000
10.842000
15.279000
4.578000
20.002000
19.895000
14.792000
13.896000
10.096000
12.138000
11.727000
16.212000
5.979000
6.521000
11.861000
3.131000
7.398000
15.961000
14.337000
17.161000
13.469000
7.831000
15.485000
18.725000
20.470000
7.751000
20.028000
9.756000
4.145000
12.498000
9.065000
13.586000
16.997000
12.320000
16.508000
14.424000
14.058000
18.945000
21.386000
13.556000
11.571000
20.005000
10.879000
16.122000
14.571000
10.385000
11.401000
16.915000
13.144000
15.090000
11.406000
15.703000
17.204000
15.614000
13.277000
11.265000
13.653000
12.145000
12.417000
22.317000
9.296000
4.405000
15.843000
4.373000
21.369000
14.836000
20.070000
17.586000
13.213000
16.160000
15.120000
7.125000
7.777000
13.448000
17.025000
15.126000
12.146000
14.180000
20.045000
17.728000
19.933000
10.485000
15.152000
15.124000
12.532000
19.934000
9.712000
11.820000
4.000000
17.957000
16.974000
8.656000
11.982000
17.434000
14.772000
19.568000
19.326000
16.969000
19.634000
11.997000
13.072000
20.538000
11.513000
12.993000
10.783000
14.974000
9.283000
14.790000
17.463000
10.574000
15.801000
11.378000
11.025000
12.205000
19.798000
15.456000
6.988000
19.150000
14.021000
12.599000
13.948000
5.054000
19.622000
7.506000
7.246000
18.311000
13.297000
15.004000
11.629000
14.332000
16.272000
11.239000
8.577000
15.755000
14.734000
18.233000
9.462000
14.005000
12.171000
8.098000
20.982000
9.903000
13.601000
13.342000
14.558000
15.280000
14.192000
5.506000
9.743000
8.389000
10.211000
11.467000
10.222000
17.277000
11.116000
13.494000
11.855000
16.391000
15.943000
12.698000
13.566000
17.009000
9.857000
14.236000
15.181000
7.287000
12.949000
14.234000
12.294000
13.019000
20.836000
8.947000
12.707000
11.055000
8.965000
12.777000
7.934000
9.050000
7.888000
9.618000
12.911000
9.657000
14.448000
15.266000
8.682000
12.904000
12.483000
10.488000
11.623000
9.092000
13.506000
8.028000
16.089000
12.265000
17.650000
7.908000
8.561000
7.695000
15.073000
14.596000
10.894000
13.457000
6.902000
5.128000
9.035000
12.339000
7.594000
10.632000
15.175000
15.913000
13.110000
17.212000
11.131000
8.899000
10.267000
7.077000
14.736000
10.878000
9.463000
5.959000
8.530000
8.729000
8.039000
10.377000
14.313000
10.490000
10.831000
10.052000
6.814000
14.628000
5.215000
8.065000
11.943000
12.485000
10.027000
10.000000
7.100000
5.517000
5.256000
8.372000
11.150000
3.020000
13.851000
7.410000
5.677000
8.332000
9.394000
4.220000
7.705000
7.829000
11.234000
18.140000
3.806000
12.346000
3.730000
11.579000
19.435000
11.551000
15.163000
15.350000
7.921000
11.034000
7.822000
6.732000
13.353000
9.639000
11.104000
18.643000
14.743000
10.374000
7.766000
9.300000
8.565000
1.341000
16.505000
18.269000
8.719000
9.306000
15.370000
11.512000
10.060000
12.779000
9.953000
14.659000
12.211000
8.265000
6.026000
5.678000
8.953000
7.233000
6.960000
13.966000
12.092000
6.243000
9.851000
9.536000
7.859000
11.839000
12.225000
5.978000
3.939000
11.563000
9.762000
13.788000
8.032000
12.328000
8.273000
8.086000
8.297000
8.960000
14.553000
7.165000
8.428000
13.180000
13.990000
12.811000
10.419000
2.472000
10.511000
9.324000
8.810000
13.737000
11.228000
12.259000
6.271000
0.696000
14.579000
11.753000
12.784000
11.347000
13.114000
10.437000
17.253000
10.889000
9.570000
13.995000
12.786000
10.550000
9.343000
11.335000
8.236000
11.339000
11.940000
3.423000
12.502000
7.097000
9.136000
8.077000
6.255000
14.221000
14.030000
17.100000
14.287000
12.631000
13.290000
6.593000
5.410000
4.158000
17.545000
13.659000
7.521000
8.140000
16.976000
13.574000
10.498000
12.306000
10.785000
11.425000
11.211000
14.893000
16.372000
14.058000
11.991000
7.429000
0.414000
9.808000
7.734000
12.194000
6.505000
11.684000
18.442000
18.493000
8.738000
14.736000
4.080000
9.592000
0.000000
9.178000
13.269000
0.542000
11.178000
20.663000
5.371000
4.978000
5.135000
8.009000
8.068000
13.069000
12.057000
9.876000
10.727000
7.601000
3.921000
0.000000
0.228000
4.777000
2.925000
4.924000
2.508000
6.924000
3.634000
0.715000
10.967000
4.921000
11.010000
0.139000
15.637000
0.181000
0.744000
1.902000
2.412000
21.079000
4.916000
1.740000
21.734000
12.087000
3.963000
3.557000
2.918000
3.945000
9.188000
18.234000
4.136000
0.000000
18.276000
4.860000
0.000000
1.423000
1.297000
1.520000
7.489000
1.672000
1.200000
2.663000
1.949000
2.753000
6.049000
3.219000
3.326000
2.242000
11.779000
12.410000
0.054000
3.653000
1.038000
7.919000
18.758000
12.132000
3.205000
6.401000
10.526000
12.911000
8.537000
4.126000
12.666000
3.889000
1.985000
2.700000
0.000000
2.463000
17.430000
17.356000
10.274000
3.709000
1.375000
16.839000
2.901000
12.128000
1.376000
5.007000
1.559000
1.579000
11.093000
1.505000
6.059000
13.783000
14.293000
4.504000
2.488000
17.658000
10.238000
2.805000
0.000000
3.307000
9.162000
13.912000
11.886000
11.068000
1.372000
9.320000
5.047000
13.475000
9.690000
13.699000
13.292000
12.097000
7.364000
10.544000
5.700000
3.575000
7.403000
2.545000
11.031000
10.547000
4.857000
14.569000
1.736000
8.023000
4.576000
0.000000
11.662000
8.153000
8.790000
9.098000
9.705000
9.512000
9.890000
1.830000
1.279000
9.647000
10.878000
7.758000
11.026000
7.608000
7.233000
12.406000
9.249000
3.891000
5.039000
10.117000
11.032000
0.660000
9.960000
10.725000
14.888000
6.056000
10.526000
7.318000
3.670000
12.172000
16.872000
2.712000
9.394000
10.520000
2.113000
17.990000
3.609000
5.813000
19.163000
12.049000
4.270000
3.505000
5.536000
1.928000
5.086000
5.607000
15.761000
4.495000
5.783000
3.017000
2.897000
16.735000
1.356000
10.801000
6.232000
13.434000
7.020000
18.003000
8.104000
0.446000
5.886000
12.796000
1.566000
13.290000
11.105000
15.355000
9.095000
11.771000
9.812000
6.813000
12.470000
2.053000
8.720000
10.398000
9.441000
4.859000
13.238000
9.990000
2.710000
4.395000
10.354000
13.087000
11.587000
15.112000
12.728000
16.693000
10.770000
8.901000
10.379000
11.343000
11.642000
10.083000
12.342000
17.307000
6.969000
3.122000
11.951000
12.664000
6.295000
11.368000
9.699000
0.000000
10.098000
10.548000
16.030000
3.871000
1.926000
15.976000
7.407000
11.480000
11.181000
9.065000
13.484000
13.193000
7.058000
10.354000
6.941000
7.505000
10.157000
10.563000
8.558000
6.099000
6.331000
5.335000
13.233000
5.818000
10.416000
6.855000
6.691000
8.933000
10.340000
9.623000
8.348000
11.536000
13.264000
2.294000
9.352000
12.113000
10.083000
10.571000
7.550000
8.562000
11.503000
11.677000
7.465000
6.565000
4.797000
11.379000
7.639000
1.529000
9.942000
13.136000
7.103000
5.951000
7.713000
11.467000
11.948000
16.562000
7.352000
14.871000
9.976000
14.317000
16.176000
18.676000
11.163000
9.737000
9.653000
12.158000
11.192000
8.002000
9.421000
11.921000
10.690000
9.078000
7.920000
9.979000
17.937000
4.475000
12.720000
13.215000
12.536000
3.369000
6.420000
12.808000
6.528000
9.969000
13.770000
12.266000
6.523000
13.434000
15.151000
10.429000
1.721000
13.199000
10.655000
12.084000
7.857000
10.247000
12.209000
6.577000
8.263000
5.415000
10.556000
13.972000
4.937000
2.969000
8.784000
8.007000
12.330000
1.013000
6.890000
8.627000
8.823000
7.254000
7.049000
11.356000
4.460000
14.311000
14.778000
6.647000
4.878000
7.694000
14.686000
10.374000
5.733000
9.014000
10.380000
15.146000
2.046000
11.319000
9.196000
11.678000
5.093000
9.711000
15.768000
6.646000
10.456000
3.441000
15.980000
4.060000
8.965000
3.740000
8.212000
15.675000
13.769000
10.036000
5.986000
11.532000
9.651000
6.209000
4.647000
18.463000
10.532000
3.811000
8.172000
8.693000
3.286000
9.925000
12.053000
9.393000
9.433000
8.431000
5.246000
7.825000
6.339000
12.768000
12.975000
3.802000
7.085000
14.151000
10.306000
13.530000
0.000000
6.771000
5.271000
10.358000
12.135000
11.576000
8.193000
11.404000
9.729000
14.148000
9.699000
8.896000
5.040000
15.225000
9.809000
2.780000
7.823000
7.937000
7.262000
10.397000
6.977000
6.458000
13.419000
7.691000
7.331000
6.955000
8.306000
5.673000
6.451000
7.498000
18.677000
8.653000
7.868000
15.478000
9.417000
7.676000
7.553000
6.886000
15.447000
15.730000
8.714000
10.856000
9.704000
13.662000
14.064000
14.330000
8.943000
6.353000
12.881000
16.320000
15.842000
5.229000
18.406000
8.039000
13.915000
11.149000
9.799000
6.348000
18.347000
17.043000
6.670000
8.770000
9.597000
8.563000
5.532000
16.579000
4.481000
3.652000
1.551000
15.666000
14.683000
12.471000
5.485000
14.040000
7.620000
16.747000
14.953000
20.002000
4.447000
14.081000
11.348000
5.386000
13.031000
12.782000
20.144000
14.466000
17.478000
6.353000
14.888000
14.739000
7.406000
2.787000
12.383000
7.398000
15.963000
8.992000
18.555000
6.199000
15.203000
3.765000
7.376000
16.827000
6.886000
9.743000
14.672000
11.310000
14.700000
11.627000
20.582000
6.407000
15.426000
15.329000
8.836000
15.855000
8.939000
5.501000
9.372000
6.334000
14.332000
1.755000
4.593000
5.647000
7.666000
4.025000
7.564000
8.326000
15.753000
5.255000
14.149000
15.967000
16.321000
9.838000
13.049000
12.212000
11.289000
9.588000
6.312000
6.719000
15.337000
3.784000
12.451000
6.799000
9.789000
7.804000
2.385000
8.325000
3.354000
6.888000
8.058000
14.439000
9.922000
11.827000
4.663000
10.955000
14.316000
5.583000
6.650000
10.394000
10.350000
14.366000
4.222000
14.248000
7.314000
4.806000
8.760000
14.006000
11.341000
8.392000
14.162000
7.479000
7.036000
10.632000
8.275000
4.904000
13.135000
4.404000
5.102000
12.315000
6.009000
7.523000
11.529000
10.831000
5.604000
8.146000
13.192000
10.082000
8.038000
11.725000
1.852000
11.085000
4.441000
10.029000
12.314000
16.746000
2.710000
8.045000
11.660000
6.348000
15.763000
10.752000
8.529000
7.290000
9.280000
11.661000
12.271000
11.844000
17.803000
7.190000
8.033000
8.702000
8.146000
10.228000
10.216000
19.118000
9.904000
7.991000
12.487000
5.502000
16.155000
11.313000
21.420000
11.127000
18.338000
13.448000
14.496000
4.800000
10.465000
11.159000
8.712000
11.925000
9.845000
9.527000
15.911000
8.102000
13.003000
7.000000
12.216000
7.758000
11.694000
7.257000
2.858000
7.282000
10.153000
9.805000
11.238000
12.596000
10.397000
9.054000
15.685000
7.920000
4.349000
11.434000
6.570000
13.549000
9.264000
9.672000
12.609000
8.752000
16.805000
16.071000
9.539000
3.038000
12.346000
7.069000
9.471000
10.701000
12.011000
10.973000
10.667000
8.703000
11.748000
5.673000
12.126000
9.194000
12.912000
8.838000
7.950000
11.035000
3.664000
11.032000
13.214000
11.242000
14.387000
15.436000
10.515000
1.866000
6.996000
8.451000
9.180000
14.375000
8.282000
10.020000
11.580000
14.127000
14.925000
10.104000
11.414000
10.657000
12.328000
10.253000
13.887000
9.327000
10.165000
8.890000
11.464000
12.974000
5.858000
15.100000
8.701000
7.657000
8.315000
14.657000
2.744000
5.748000
5.603000
10.297000
10.111000
8.977000
13.501000
12.606000
13.578000
8.599000
10.183000
16.527000
9.339000
13.899000
8.760000
14.845000
19.514000
9.146000
14.035000
13.547000
12.977000
10.555000
7.959000
5.068000
15.585000
14.513000
16.114000
7.180000
10.179000
9.585000
6.954000
7.975000
7.646000
8.499000
9.797000
4.286000
3.775000
3.731000
12.996000
7.602000
13.826000
6.703000
1.915000
8.190000
5.597000
6.777000
5.281000
11.870000
5.270000
3.961000
5.182000
9.699000
2.566000
1.181000
3.256000
5.534000
16.339000
8.652000
12.136000
3.216000
5.233000
10.078000
4.291000
2.215000
4.908000
5.931000
5.197000
6.527000
2.997000
7.458000
19.060000
0.000000
3.278000
6.530000
0.617000
6.540000
10.755000
8.435000
7.775000
1.194000
0.020000
8.013000
5.410000
4.883000
2.436000
7.153000
2.443000
5.348000
13.099000
4.533000
3.272000
10.399000
4.318000
6.247000
19.036000
8.692000
11.401000
6.600000
6.089000
6.632000
1.851000
8.872000
5.615000
7.548000
6.570000
10.726000
12.832000
9.427000
14.638000
4.645000
13.894000
11.323000
17.190000
4.849000
4.034000
6.733000
7.778000
7.239000
7.124000
4.634000
2.766000
8.674000
10.164000
6.261000
10.558000
17.819000
17.488000
8.556000
3.280000
5.174000
5.405000
6.168000
6.447000
11.178000
10.850000
14.276000
9.495000
4.352000
2.758000
6.158000
4.633000
7.486000
10.559000
6.108000
11.374000
21.406000
11.839000
11.190000
8.909000
14.565000
5.259000
4.250000
4.297000
8.040000
8.954000
13.010000
1.392000
11.062000
10.954000
8.173000
9.541000
8.490000
11.088000
13.233000
3.039000
9.114000
0.000000
17.399000
8.881000
9.809000
0.266000
9.863000
17.949000
6.758000
9.080000
5.488000
14.908000
3.300000
5.408000
5.955000
5.596000
4.486000
8.248000
12.512000
14.944000
5.128000
4.928000
14.330000
4.771000
5.052000
2.785000
13.273000
6.230000
11.350000
16.114000
9.358000
7.150000
12.043000
14.292000
18.468000
8.764000
9.178000
5.569000
8.310000
16.288000
13.018000
2.024000
7.236000
11.857000
8.199000
7.972000
6.228000
8.360000
22.557000
12.142000
12.688000
4.154000
4.403000
8.009000
8.119000
10.720000
14.204000
13.474000
19.591000
1.828000
19.983000
14.103000
17.839000
23.217000
4.118000
5.672000
14.874000
17.167000
8.353000
10.784000
5.469000
7.875000
14.162000
18.053000
7.873000
7.496000
4.020000
14.162000
15.430000
12.832000
7.281000
11.502000
4.971000
9.781000
9.326000
4.822000
12.437000
7.120000
16.714000
9.571000
3.525000
10.517000
13.891000
10.584000
9.731000
16.203000
9.806000
7.681000
10.546000
15.384000
17.072000
11.572000
7.731000
11.042000
7.677000
6.501000
7.314000
10.330000
4.237000
13.338000
8.622000
16.092000
9.534000
9.037000
4.636000
17.636000
6.043000
9.011000
4.005000
10.453000
8.547000
11.580000
13.470000
14.552000
5.009000
2.029000
9.351000
5.736000
18.465000
4.506000
9.225000
2.112000
8.033000
13.732000
7.098000
8.682000
11.355000
9.843000
12.040000
13.254000
17.717000
7.768000
7.833000
16.974000
9.505000
3.895000
12.085000
7.283000
10.113000
15.706000
5.216000
6.915000
15.041000
7.238000
10.303000
4.898000
7.697000
7.636000
5.728000
6.254000
7.283000
17.556000
9.205000
11.244000
26.153000
11.566000
3.952000
8.888000
12.723000
7.717000
9.799000
8.815000
10.411000
3.454000
14.220000
15.982000
10.644000
11.743000
9.606000
11.093000
10.107000
9.685000
10.127000
12.806000
12.318000
5.816000
5.833000
12.189000
3.391000
13.243000
9.107000
13.354000
9.052000
2.966000
8.041000
14.365000
5.253000
14.027000
11.212000
6.522000
16.196000
9.894000
17.360000
10.390000
9.431000
8.727000
8.681000
10.535000
13.102000
3.807000
16.445000
17.739000
10.618000
7.287000
10.422000
13.380000
14.174000
9.083000
7.881000
8.783000
10.176000
13.027000
12.134000
7.927000
12.785000
11.157000
12.523000
11.654000
7.690000
17.317000
8.319000
10.482000
17.214000
5.072000
12.412000
6.979000
8.686000
13.698000
8.944000
6.998000
15.370000
5.233000
8.829000
12.447000
9.658000
9.838000
13.381000
15.680000
6.312000
12.642000
7.059000
5.481000
10.516000
17.142000
11.335000
11.369000
6.836000
3.048000
9.164000
8.698000
8.563000
7.496000
7.461000
10.628000
15.088000
8.937000
14.494000
14.152000
6.963000
14.028000
12.549000
9.573000
10.273000
6.071000
16.762000
18.549000
15.094000
3.508000
12.620000
15.208000
8.027000
8.804000
11.030000
14.458000
7.404000
14.855000
9.712000
1.672000
17.064000
5.750000
21.522000
11.296000
9.841000
16.294000
5.006000
19.680000
12.247000
16.831000
15.808000
12.769000
17.856000
15.368000
13.218000
11.929000
14.604000
20.289000
6.189000
17.397000
14.401000
15.904000
8.248000
9.317000
6.160000
8.616000
12.485000
13.335000
11.287000
15.534000
5.793000
13.030000
14.181000
7.388000
5.540000
11.475000
16.193000
10.071000
16.078000
5.278000
14.656000
13.065000
16.275000
14.585000
13.707000
11.256000
15.066000
6.027000
11.295000
11.821000
11.263000
5.976000
12.321000
12.921000
15.282000
2.642000
9.114000
14.076000
6.173000
11.625000
15.442000
24.076000
17.574000
14.088000
12.271000
12.188000
17.034000
14.185000
12.506000
17.406000
18.562000
16.983000
9.230000
8.811000
9.118000
9.373000
14.060000
18.187000
15.791000
14.332000
18.799000
23.197000
13.692000
6.635000
12.517000
13.958000
8.624000
16.698000
10.957000
4.368000
17.469000
10.533000
9.151000
14.727000
13.710000
19.047000
13.923000
13.304000
10.460000
11.700000
11.344000
11.520000
9.744000
16.041000
12.807000
12.763000
19.335000
8.293000
19.740000
19.649000
12.495000
9.904000
18.594000
16.278000
14.183000
10.111000
9.442000
19.689000
17.357000
10.810000
17.663000
10.775000
9.175000
13.480000
18.024000
7.884000
14.939000
6.618000
15.249000
11.474000
10.563000
16.963000
8.006000
11.109000
17.719000
10.268000
17.592000
10.139000
15.809000
13.773000
5.984000
14.560000
13.495000
14.191000
10.109000
5.510000
14.886000
13.160000
11.713000
13.726000
8.934000
14.350000
12.864000
10.494000
14.111000
17.854000
13.006000
13.224000
12.518000
11.170000
25.348000
11.841000
13.317000
8.625000
15.891000
18.898000
13.545000
14.055000
20.046000
14.598000
5.891000
27.303000
4.992000
13.426000
16.054000
11.577000
5.210000
15.911000
15.156000
13.205000
20.542000
14.162000
15.636000
11.158000
15.470000
9.894000
11.340000
16.533000
7.613000
24.557000
12.884000
16.617000
11.482000
15.042000
17.132000
14.384000
7.717000
21.319000
16.790000
15.725000
11.977000
12.624000
8.140000
8.496000
14.592000
1.888000
4.456000
12.003000
15.785000
12.740000
14.626000
14.263000
14.903000
16.370000
14.908000
13.102000
14.815000
6.460000
12.077000
22.655000
7.520000
18.401000
13.476000
10.563000
15.689000
2.746000
11.792000
7.748000
17.066000
15.931000
10.867000
13.266000
11.674000
13.514000
16.490000
20.727000
14.936000
13.647000
15.036000
13.080000
9.465000
18.768000
12.041000
12.227000
11.519000
11.001000
17.546000
17.920000
20.082000
14.290000
13.315000
11.946000
14.607000
5.360000
19.658000
16.277000
10.546000
12.447000
17.439000
11.497000
11.448000
14.181000
15.917000
17.066000
9.985000
13.508000
15.037000
11.120000
16.498000
15.345000
12.453000
12.526000
11.903000
13.704000
9.723000
3.457000
4.331000
15.944000
12.210000
14.543000
7.299000
10.438000
14.626000
21.643000
12.839000
17.995000
14.137000
16.251000
11.320000
18.549000
15.590000
12.529000
24.504000
19.236000
16.841000
15.957000
16.041000
14.141000
13.096000
10.857000
12.314000
14.241000
11.184000
18.732000
14.261000
18.214000
15.994000
19.478000
20.794000
17.258000
13.024000
8.372000
20.263000
14.157000
9.557000
5.303000
10.383000
20.342000
10.887000
18.267000
11.413000
19.273000
10.125000
17.555000
12.687000
15.006000
12.377000
14.191000
14.354000
18.306000
20.324000
14.124000
14.848000
18.819000
18.979000
10.601000
15.045000
15.223000
14.414000
16.090000
15.079000
10.450000
12.946000
12.582000
14.741000
15.088000
10.979000
12.066000
12.653000
15.310000
15.961000
8.880000
13.438000
13.043000
19.426000
15.433000
18.125000
19.163000
14.608000
16.309000
11.450000
9.453000
8.729000
12.468000
8.946000
13.318000
8.082000
17.256000
7.159000
21.152000
7.051000
12.210000
8.256000
6.817000
5.786000
11.721000
15.120000
10.770000
8.601000
10.885000
12.200000
15.336000
8.531000
19.375000
11.821000
12.590000
14.748000
19.824000
8.605000
7.539000
15.218000
15.057000
11.460000
7.256000
12.391000
13.895000
4.564000
19.071000
2.315000
7.327000
11.360000
11.006000
6.974000
13.616000
6.063000
9.933000
10.798000
9.236000
9.096000
0.000000
11.566000
15.812000
6.486000
11.824000
11.031000
8.558000
9.844000
7.758000
12.925000
13.489000
16.573000
18.548000
16.988000
9.620000
14.966000
21.473000
12.860000
14.264000
14.470000
11.417000
14.095000
13.384000
5.220000
13.872000
13.731000
17.272000
9.858000
22.088000
0.000000
12.031000
13.716000
7.503000
19.711000
14.980000
6.432000
4.330000
15.729000
11.173000
14.503000
11.236000
15.073000
15.734000
15.322000
10.538000
7.868000
11.001000
14.128000
18.689000
11.479000
12.109000
9.260000
6.567000
9.849000
10.173000
0.000000
10.654000
12.586000
11.979000
18.895000
10.923000
16.772000
17.160000
8.741000
17.745000
18.503000
15.624000
10.638000
9.764000
7.587000
16.766000
21.136000
15.145000
4.278000
9.553000
11.662000
11.491000
6.401000
16.753000
16.100000
7.186000
16.186000
12.862000
15.690000
17.413000
12.828000
18.884000
9.178000
16.519000
12.207000
4.793000
0.000000
4.234000
13.813000
14.311000
16.902000
6.246000
2.596000
9.477000
8.647000
8.813000
7.580000
14.500000
13.763000
6.246000
15.583000
12.651000
7.089000
0.000000
12.578000
7.931000
8.086000
5.873000
17.698000
11.062000
7.956000
3.119000
18.738000
5.716000
4.190000
7.579000
6.972000
4.763000
6.308000
0.000000
9.178000
16.530000
0.000000
2.979000
8.193000
0.000000
0.000000
4.950000
0.000000
10.784000
0.000000
0.000000
6.853000
0.674000
0.000000
10.393000
8.414000
0.000000
2.353000
8.267000
9.295000
3.644000
3.130000
2.398000
0.000000
3.891000
8.350000
0.000000
0.000000
0.000000
0.000000
5.764000
0.000000
0.000000
6.346000
0.000000
0.000000
6.337000
0.000000
9.763000
0.000000
5.227000
0.000000
0.000000
7.763000
0.000000
0.000000
5.902000
6.987000
0.000000
4.666000
0.000000
0.000000
0.000000
10.063000
0.000000
0.598000
0.000000
0.000000
6.018000
0.000000
0.000000
3.538000
0.000000
0.000000
5.873000
0.000000
0.000000
0.000000
0.000000
4.633000
0.000000
1.814000
0.000000
7.192000
0.000000
0.000000
0.000000
0.000000
0.000000
2.619000
0.000000
0.571000
8.873000
7.940000
0.682000
1.069000
0.000000
6.428000
1.387000
0.000000
0.000000
7.741000
0.000000
0.000000
0.000000
0.000000
0.000000
0.000000
1.971000
0.000000
0.000000
0.000000
0.535000
0.000000
0.000000
0.000000
7.997000
7.589000
0.000000
0.000000
0.000000
0.607000
6.609000
0.000000
6.210000
0.804000
1.321000
0.000000
0.000000
0.000000
7.418000
6.936000
0.000000
2.127000
2.530000
0.000000
0.000000
5.783000
0.000000
0.000000
0.000000
0.000000
0.000000
2.143000
0.924000
1.069000
0.742000
2.703000
12.141000
4.545000
7.901000
1.791000
0.000000
0.000000
0.000000
4.712000
0.000000
0.000000
0.000000
0.000000
1.121000
0.000000
0.000000
0.000000
0.000000
0.000000
0.000000
0.060000
0.000000
0.000000
0.000000
0.000000
3.071000
0.081000
0.000000
0.000000
0.000000
0.000000
0.000000
2.469000
5.183000
9.523000
9.151000
0.000000
5.191000
0.000000
0.018000
0.000000
0.000000
0.000000
1.950000
2.744000
0.000000
0.000000
0.000000
0.000000
0.984000
2.015000
0.000000
0.629000
0.000000
2.583000
2.830000
4.365000
3.023000
0.000000
4.265000
5.418000
5.456000
1.519000
0.000000
5.660000
0.000000
9.409000
0.000000
0.422000
0.000000
0.000000
4.260000
0.150000
0.000000
4.061000
0.000000
0.000000
0.000000
0.000000
2.865000
0.000000
3.840000
0.000000
11.459000
12.790000
0.000000
0.000000
0.000000
0.463000
5.449000
9.221000
5.651000
14.432000
0.000000
0.440000
0.000000
4.490000
0.000000
0.000000
0.757000
3.075000
0.000000
0.000000
4.370000
3.332000
0.000000
1.937000
0.000000
3.379000
1.296000
12.035000
5.145000
0.000000
8.267000
4.392000
0.000000
0.000000
0.000000
5.892000
2.270000
0.335000
0.000000
0.000000
6.199000
0.000000
3.648000
5.741000
7.890000
3.635000
12.646000
1.399000
4.945000
8.705000
0.000000
6.406000
1.664000
6.054000
0.000000
3.689000
2.326000
2.220000
5.713000
0.000000
0.000000
0.000000
3.102000
0.131000
8.804000
4.465000
3.125000
5.575000
0.000000
0.000000
0.000000
8.112000
0.625000
0.057000
7.239000
2.396000
5.669000
0.000000
1.817000
0.000000
2.365000
0.000000
2.139000
6.014000
1.922000
2.424000
0.730000
4.036000
9.751000
0.000000
0.347000
3.860000
8.784000
0.000000
0.000000
6.042000
3.337000
3.839000
1.333000
3.070000
3.467000
7.216000
12.580000
6.774000
2.085000
0.000000
0.879000
0.000000
1.470000
2.506000
9.992000
0.451000
3.523000
0.000000
0.000000
0.000000
2.566000
4.871000
7.791000
5.939000
9.793000
0.000000
3.794000
4.268000
5.062000
0.000000
0.000000
3.610000
7.480000
2.384000
4.743000
8.563000
5.056000
6.297000
9.677000
0.000000
0.000000
0.050000
6.611000
5.200000
4.059000
8.055000
0.000000
0.000000
3.178000
3.857000
6.427000
0.000000
4.999000
4.824000
0.000000
1.272000
4.884000
1.282000
0.000000
0.000000
0.000000
8.783000
1.131000
0.000000
9.223000
0.000000
3.231000
2.572000
1.664000
0.000000
0.000000
4.729000
0.000000
8.416000
0.000000
1.089000
0.177000
5.757000
1.475000
0.153000
2.914000
7.301000
6.214000
5.115000
5.473000
0.000000
2.546000
2.734000
5.386000
0.000000
0.397000
3.113000
0.000000
0.000000
3.343000
0.000000
0.000000
8.721000
3.345000
8.101000
0.000000
2.190000
0.000000
0.117000
0.000000
0.000000
0.000000
5.348000
1.702000
6.835000
0.000000
0.000000
3.111000
0.000000
3.509000
0.400000
0.000000
0.000000
0.000000
3.073000
0.000000
0.000000
0.000000
0.000000
0.000000
0.000000
0.467000
0.188000
2.887000
0.000000
0.000000
0.000000
0.000000
0.000000
0.000000
0.000000
0.000000
0.000000
1.664000
5.010000
0.000000
0.000000
0.000000
7.986000
2.356000
6.662000
0.000000
0.000000
0.000000
0.000000
0.009000
1.698000
0.000000
0.000000
0.000000
7.462000
0.000000
0.000000
0.000000
2.718000
0.000000
0.000000
0.190000
3.489000
0.000000
0.000000
0.000000
0.000000
1.718000
0.714000
0.000000
5.823000
1.792000
6.136000
0.000000
2.833000
4.872000
0.000000
0.000000
0.000000
0.000000
3.768000
2.326000
0.000000
0.000000
0.000000
2.252000
5.751000
0.000000
0.000000
0.000000
0.000000
1.500000
0.000000
6.918000
0.000000
0.000000
0.000000
4.713000
0.000000
0.000000
0.000000
1.415000
0.000000
0.442000
0.727000
0.000000
0.000000
1.556000
0.000000
0.105000
0.000000
4.745000
0.000000
0.279000
1.216000
0.586000
0.000000
0.000000
0.524000
2.616000
0.000000
0.948000
0.000000
0.000000
0.000000
0.000000
1.287000
0.265000
0.000000
0.000000
1.398000
0.000000
0.000000
0.000000
2.932000
0.000000
0.000000
0.000000
0.000000
0.000000
0.000000
0.603000
4.082000
0.000000
0.000000
2.212000
0.105000
1.203000
0.000000
0.613000
0.000000
3.638000
0.000000
0.000000
0.000000
0.000000
1.210000
0.000000
0.000000
1.876000
0.000000
2.543000
0.000000
0.000000
0.000000
0.000000
0.883000
0.000000
1.041000
0.000000
1.718000
0.000000
0.000000
0.332000
1.339000
2.374000
0.000000
0.000000
1.666000
0.000000
0.000000
0.776000
0.000000
1.851000
2.214000
0.000000
0.000000
0.000000
0.000000
0.000000
0.000000
0.000000
0.000000
0.000000
0.000000
0.061000
0.000000
0.000000
0.000000
0.000000
0.000000
0.000000
0.000000
0.000000
0.000000
0.000000
0.000000
0.677000
0.000000
1.068000
0.000000
0.000000
0.000000
0.000000
0.000000
0.000000
0.000000
0.000000
0.762000
0.000000
0.029000
0.000000
0.000000
0.000000
0.390000
0.000000
0.190000
0.099000
0.000000
0.000000
0.000000
0.000000
1.618000
0.000000
0.265000
0.000000
0.000000
0.000000
0.000000
3.686000
0.000000
0.000000
0.000000
0.000000
0.000000
0.000000
0.000000
0.000000
0.000000
0.882000
1.968000
1.183000
0.000000
0.000000
0.000000
0.000000
0.000000
0.000000
0.979000
0.095000
0.249000
1.450000
0.000000
0.000000
0.000000
2.132000
0.000000
0.000000
0.000000
0.000000
0.000000
0.000000
0.000000
0.000000
2.731000
0.000000
0.000000
0.000000
0.000000
0.255000
0.000000
1.882000
0.000000
0.560000
0.000000
0.608000
0.000000
0.000000
0.000000
0.965000
0.626000
0.000000
0.379000
0.000000
0.000000
0.000000
0.000000
0.000000
0.000000
0.711000
0.201000
0.640000
0.703000
0.000000
0.000000
0.000000
0.000000
0.000000
0.000000
0.000000
0.000000
0.000000
0.000000
0.468000
0.000000
0.000000
0.000000
0.000000
0.000000
0.000000
0.000000
0.000000
0.472000
2.063000
0.000000
0.000000
0.000000
0.000000
0.150000
0.000000
0.000000
0.000000
0.000000
2.376000
0.000000
0.000000
0.000000
0.000000
0.000000
1.852000
0.000000
0.188000
0.000000
0.000000
0.000000
0.000000
0.000000
0.905000
0.000000
0.000000
0.000000
0.000000
0.000000
0.291000
0.816000
0.000000
0.000000
0.000000
0.000000
0.000000
0.000000
0.301000
0.000000
0.000000
0.000000
0.735000
0.794000
0.000000
0.060000
0.000000
0.000000
0.000000
0.000000
0.000000
0.000000
0.000000
0.000000
0.000000
0.000000
0.000000
0.000000
0.000000
0.000000
0.000000
0.750000
0.000000
0.512000
0.000000
0.065000
0.000000
0.000000
0.458000
0.000000
0.000000
0.012000
0.000000
0.000000
0.431000
0.060000
0.000000
0.000000
0.066000
0.092000
0.000000
0.000000
0.000000
0.000000
0.616000
0.000000
0.000000
0.000000
0.196000
0.048000
0.000000
0.000000
0.350000
0.000000
0.000000
0.239000
0.000000
0.553000
0.000000
0.235000
0.000000
0.000000
0.000000
0.702000
0.000000
0.315000
0.000000
0.382000
0.523000
0.000000
2.015000
0.000000
0.000000
0.000000
0.000000
0.194000
0.000000
0.000000
0.000000
0.000000
0.000000
0.000000
0.038000
0.000000
1.231000
0.397000
0.000000
0.000000
0.000000
0.000000
0.000000
0.000000
0.000000
0.000000
0.000000
0.000000
0.000000
0.000000
0.817000
0.000000
0.000000
0.000000
0.218000
0.312000
0.000000
0.430000
0.000000
0.285000
0.000000
0.000000
0.000000
0.000000
0.947000
0.000000
0.000000
0.000000
0.000000
0.000000
0.217000
0.000000
0.000000
0.000000
0.000000
0.000000
0.707000
0.000000
0.000000
0.000000
0.000000
0.000000
0.000000
0.000000
0.000000
0.102000
0.000000
0.000000
0.000000
0.000000
0.000000
0.000000
0.067000
0.000000
0.000000
0.000000
0.000000
0.059000
0.134000
0.000000
0.000000
0.000000
0.099000
0.000000
0.000000
0.000000
0.000000
0.167000
0.000000
0.000000
0.000000
0.000000
0.000000
0.000000
0.000000
0.000000
0.000000
0.000000
0.000000
0.000000
0.000000
0.000000
0.000000
0.000000
0.000000
0.000000
0.000000
0.300000
0.220000
0.000000
0.000000
1.089000
0.535000
0.000000
0.000000
0.000000
0.000000
0.000000
0.000000
0.000000
0.000000
0.447000
0.360000
0.000000
0.000000
0.019000
0.000000
0.000000
0.000000
0.000000
0.000000
0.000000
0.000000
0.000000
0.000000
0.000000
0.000000
0.000000
0.000000
0.000000
0.008000
0.000000
0.245000
0.000000
0.015000
0.000000
0.000000
0.000000
0.000000
0.000000
0.000000
0.000000
0.000000
0.095000
0.000000
0.000000
0.176000
0.000000
0.000000
0.000000
0.258000
0.000000
0.312000
0.033000
0.000000
1.128000
0.016000
0.000000
0.000000
0.281000
0.000000
0.000000
0.000000
0.000000
0.000000
0.000000
0.000000
0.000000
0.000000
0.000000
0.000000
0.000000
0.000000
0.000000
0.000000
0.000000
0.000000
0.095000
0.000000
0.000000
0.000000
0.000000
0.340000
0.000000
0.000000
0.000000
0.637000
0.000000
0.024000
0.000000
0.000000
0.000000
0.000000
0.000000
0.000000
0.000000
0.000000
0.017000
0.000000
0.000000
0.000000
0.629000
0.065000
0.000000
0.000000
0.000000
0.000000
0.000000
0.000000
0.000000
0.000000
0.000000
0.000000
0.000000
0.000000
0.000000
0.000000
0.000000
0.000000
0.000000
0.000000
0.000000
0.000000
0.000000
0.000000
0.107000
0.000000
0.000000
0.000000
0.000000
0.000000
0.000000
0.000000
0.000000
0.043000
0.000000
0.000000
0.000000
0.046000
0.000000
0.000000
0.000000
0.000000
0.000000
0.000000
0.000000
0.000000
0.990000
0.000000
0.094000
0.000000
0.001000
0.000000
0.000000
0.000000
0.000000
0.000000
0.000000
0.000000
1.170000
0.759000
0.000000
0.168000
0.000000
0.000000
0.000000
0.000000
0.192000
0.000000
0.000000
0.000000
0.000000
0.000000
0.176000
0.000000
0.000000
0.106000
0.000000
0.000000
0.000000
0.000000
0.274000
0.000000
0.962000
0.000000
0.000000
0.000000
0.346000
0.000000
0.000000
0.000000
0.000000
0.000000
0.000000
0.000000
0.000000
0.000000
0.232000
0.000000
0.000000
0.086000
0.000000
0.000000
0.217000
0.444000
0.000000
0.000000
0.000000
0.000000
0.000000
0.433000
0.243000
0.000000
0.000000
0.606000
0.000000
0.000000
0.355000
0.000000
0.000000
0.000000
0.481000
0.830000
0.108000
0.135000
0.483000
0.000000
0.000000
0.000000
0.000000
0.000000
0.000000
0.000000
0.000000
0.000000
0.000000
0.105000
0.000000
0.598000
0.000000
0.000000
0.151000
0.530000
0.239000
0.000000
0.000000
0.340000
0.000000
0.000000
0.000000
0.000000
0.000000
0.000000
0.000000
0.000000
0.389000
0.000000
0.707000
0.000000
0.000000
0.000000
0.309000
0.271000
0.000000
0.000000
0.000000
0.000000
0.000000
0.000000
0.000000
0.000000
0.157000
0.000000
0.000000
0.617000
0.269000
0.000000
0.000000
0.000000
0.000000
0.303000
0.000000
0.000000
0.000000
0.000000
0.000000
0.042000
0.000000
0.000000
0.000000
0.364000
0.813000
0.000000
0.000000
0.000000
0.073000
0.000000
0.000000
0.000000
0.000000
0.326000
0.000000
0.000000
0.000000
0.301000
0.000000
0.155000
0.000000
0.000000
0.273000
0.239000
0.000000
0.000000
0.000000
0.000000
0.000000
0.000000
0.000000
0.000000
0.000000
1.114000
0.000000
0.000000
0.000000
0.000000
0.000000
0.514000
0.000000
0.000000
0.000000
0.000000
0.000000
0.000000
0.000000
0.674000
0.000000
0.000000
0.000000
0.000000
0.000000
0.000000
0.000000
0.000000
0.000000
0.000000
0.187000
0.000000
0.000000
0.684000
0.000000
0.000000
0.000000
0.000000
0.000000
0.290000
0.183000
0.000000
0.000000
0.000000
0.000000
0.000000
0.466000
0.000000
0.000000
0.000000
0.000000
0.000000
0.000000
0.000000
0.000000
0.000000
0.324000
0.000000
1.079000
0.000000
0.000000
0.000000
0.000000
0.332000
0.000000
0.000000
0.000000
0.000000
0.576000
0.930000
0.000000
0.000000
0.000000
0.000000
0.000000
0.000000
0.000000
0.000000
0.000000
0.000000
0.000000
0.000000
0.000000
0.000000
0.000000
0.000000
0.000000
0.000000
0.000000
0.000000
0.651000
0.000000
0.000000
0.000000
0.053000
0.000000
0.028000
0.000000
0.000000
0.000000
0.000000
0.000000
0.151000
1.238000
0.000000
0.000000
0.000000
0.412000
0.000000
0.000000
0.000000
0.000000
0.000000
0.000000
0.000000
0.000000
0.048000
0.000000
0.000000
0.000000
0.000000
0.000000
0.000000
0.000000
0.000000
0.000000
0.000000
0.000000
0.000000
0.000000
0.000000
0.000000
0.000000
0.000000
0.000000
0.214000
0.000000
0.000000
0.000000
0.357000
0.055000
0.000000
0.000000
0.000000
0.000000
0.000000
0.000000
0.000000
0.000000
0.000000
0.000000
0.000000
0.000000
0.000000
0.000000
0.000000
0.000000
0.000000
0.000000
0.000000
0.000000
0.000000
0.000000
0.000000
0.276000
0.000000
0.000000
0.000000
0.000000
0.000000
0.000000
0.000000
0.000000
0.000000
0.000000
0.000000
0.356000
0.000000
0.000000
0.000000
0.000000
0.000000
0.000000
0.000000
0.000000
0.000000
0.385000
0.000000
0.000000
0.165000
0.000000
0.000000
0.000000
0.000000
0.000000
0.000000
0.142000
0.000000
0.000000
0.000000
0.000000
0.000000
0.000000
0.000000
0.000000
0.000000
0.104000
0.000000
0.000000
0.034000
0.000000
0.000000
0.000000
0.000000
0.009000
0.000000
0.485000
0.000000
0.000000
0.000000
0.000000
0.000000
0.000000
0.000000
0.000000
0.000000
0.859000
0.000000
0.000000
0.000000
0.000000
0.000000
0.000000
0.000000
0.000000
0.000000
0.000000
0.000000
0.000000
0.000000
0.000000
0.000000
0.000000
0.000000
0.000000
0.000000
0.000000
0.000000
0.468000
0.000000
0.000000
0.000000
0.000000
0.000000
0.000000
0.000000
0.000000
0.000000
0.000000
0.000000
0.000000
0.000000
0.000000
0.000000
0.000000
0.000000
0.000000
0.000000
0.000000
0.217000
0.000000
0.218000
0.441000
0.000000
0.160000
0.000000
0.000000
0.155000
0.000000
0.000000
0.000000
0.000000
0.000000
0.000000
0.000000
0.000000
0.000000
0.089000
0.000000
0.000000
0.000000
0.000000
0.000000
0.266000
0.000000
0.000000
0.000000
0.236000
0.000000
0.000000
0.186000
0.000000
0.000000
0.000000
0.232000
0.000000
0.000000
0.258000
0.000000
0.000000
0.000000
0.000000
0.000000
0.000000
0.000000
0.000000
0.000000
0.111000
0.000000
0.000000
0.000000
0.000000
0.000000
0.000000
0.000000
0.000000
0.000000
0.000000
0.000000
0.000000
0.276000
0.104000
0.000000
0.000000
0.000000
0.000000
0.000000
0.141000
0.000000
0.489000
0.000000
0.000000
0.000000
0.000000
0.000000
0.000000
0.000000
0.000000
0.000000
0.000000
0.000000
0.000000
0.000000
0.000000
0.000000
0.000000
0.000000
0.000000
0.000000
0.000000
0.000000
0.522000
0.000000
0.000000
0.000000
0.013000
0.000000
0.000000
0.000000
0.000000
0.006000
0.000000
0.000000
0.000000
0.000000
0.081000
0.000000
0.000000
0.000000
0.000000
0.000000
0.000000
0.000000
0.000000
0.135000
0.000000
0.000000
0.000000
0.000000
0.000000
0.000000
0.000000
0.000000
0.000000
0.000000
0.000000
0.000000
0.000000
0.000000
0.000000
0.000000
0.000000
0.000000
0.688000
0.000000
0.032000
0.000000
0.000000
0.000000
0.000000
0.000000
0.055000
0.000000
0.000000
0.000000
0.476000
0.000000
0.000000
0.000000
0.000000
0.000000
0.000000
0.000000
0.075000
0.000000
0.000000
0.000000
0.000000
0.000000
0.000000
0.000000
0.000000
0.000000
0.000000
0.000000
0.000000
0.000000
0.000000
0.036000
0.000000
0.091000
0.000000
0.000000
0.000000
0.000000
0.055000
0.020000
0.000000
0.000000
0.000000
0.113000
0.000000
0.000000
0.000000
0.253000
0.000000
0.000000
0.000000
0.000000
0.107000
0.000000
0.000000
0.000000
0.000000
0.000000
0.000000
0.349000
0.230000
0.000000
0.000000
0.000000
0.000000
0.000000
0.039000
0.000000
0.000000
0.000000
0.000000
0.000000
0.000000
0.000000
0.000000
0.000000
0.000000
0.000000
0.000000
0.000000
0.000000
0.050000
0.000000
0.000000
0.000000
0.000000
0.000000
0.000000
0.000000
0.000000
0.030000
0.125000
0.000000
0.000000
0.000000
0.000000
0.080000
0.000000
0.000000
0.000000
0.000000
0.000000
0.000000
0.000000
0.000000
0.000000
0.000000
0.000000
0.000000
0.000000
0.000000
0.000000
0.000000
0.000000
0.000000
0.000000
0.000000
0.000000
0.000000
0.009000
0.000000
0.000000
0.025000
0.000000
0.000000
0.000000
0.149000
0.000000
0.000000
0.000000
0.000000
0.000000
0.000000
0.081000
0.000000
0.000000
0.000000
0.000000
0.103000
0.000000
0.000000
0.000000
0.000000
0.000000
0.000000
0.191000
0.000000
0.000000
0.204000
0.000000
0.000000
0.000000
0.000000
0.000000
0.000000
0.000000
0.000000
0.000000
0.000000
0.000000
0.044000
0.084000
0.000000
0.000000
0.000000
0.000000
0.000000
