6.109000
5.055000
3.983000
11.845000
5.596000
9.168000
9.594000
4.547000
7.102000
5.920000
6.051000
8.092000
9.064000
3.474000
5.308000
0.743000
10.031000
5.036000
2.713000
2.410000
2.537000
1.515000
0.622000
11.644000
4.340000
2.874000
5.521000
0.140000
4.159000
6.435000
6.578000
6.264000
5.145000
3.486000
3.791000
8.606000
4.399000
9.167000
8.123000
2.390000
3.558000
7.237000
1.610000
4.715000
0.543000
1.911000
6.017000
6.640000
8.965000
3.484000
8.608000
16.133000
6.514000
8.139000
2.397000
2.447000
4.216000
17.021000
4.588000
7.388000
1.179000
3.920000
7.752000
5.626000
5.875000
1.210000
5.054000
6.550000
13.876000
7.971000
12.392000
9.900000
6.200000
5.939000
0.729000
11.322000
9.733000
4.908000
4.200000
7.778000
8.331000
3.652000
5.458000
5.925000
4.249000
2.416000
19.693000
6.752000
3.514000
3.000000
2.627000
5.806000
9.579000
9.040000
6.506000
14.554000
7.616000
19.151000
4.545000
4.482000
10.397000
20.096000
13.351000
14.589000
5.532000
16.262000
6.674000
5.270000
15.639000
7.228000
2.193000
18.555000
2.101000
9.497000
11.481000
4.259000
5.941000
12.891000
4.754000
9.349000
3.794000
18.577000
0.299000
9.108000
24.739000
7.888000
4.337000
19.238000
9.164000
14.980000
5.154000
17.592000
6.134000
0.000000
16.272000
21.319000
2.547000
3.977000
16.915000
7.358000
0.548000
4.223000
9.825000
10.214000
7.178000
7.571000
9.995000
2.611000
14.659000
15.614000
3.597000
14.554000
8.318000
0.000000
4.113000
15.645000
19.665000
13.959000
9.429000
15.091000
10.589000
5.464000
7.419000
6.949000
16.233000
4.807000
11.532000
5.514000
1.010000
14.584000
3.235000
5.741000
13.272000
14.075000
7.911000
10.011000
9.341000
8.834000
4.969000
14.650000
12.100000
2.943000
10.254000
11.525000
13.899000
6.185000
9.413000
5.148000
3.683000
12.484000
7.056000
11.981000
10.774000
5.237000
12.264000
10.861000
6.822000
11.202000
6.637000
14.808000
8.025000
4.845000
14.549000
13.025000
18.799000
5.499000
14.323000
14.143000
7.584000
1.475000
16.775000
5.761000
19.629000
2.363000
2.308000
18.021000
9.271000
9.039000
15.376000
6.499000
12.030000
9.923000
8.661000
10.503000
15.675000
10.746000
14.712000
9.088000
12.323000
15.637000
9.587000
9.153000
0.000000
13.121000
11.493000
0.000000
8.459000
10.888000
6.394000
9.699000
10.380000
10.125000
8.558000
14.686000
7.247000
11.010000
21.882000
5.733000
7.049000
13.142000
7.620000
9.521000
9.998000
12.451000
7.558000
2.729000
23.085000
10.164000
8.339000
10.340000
10.668000
3.847000
13.118000
3.556000
3.563000
7.809000
7.513000
3.493000
8.361000
13.215000
8.432000
8.763000
11.897000
10.374000
6.879000
12.808000
11.348000
1.225000
6.031000
10.496000
12.495000
11.771000
4.655000
5.957000
11.727000
6.526000
11.759000
6.054000
6.983000
13.521000
5.587000
10.396000
18.463000
4.080000
7.002000
8.482000
8.007000
13.709000
8.701000
10.781000
6.119000
4.657000
18.843000
3.810000
9.760000
5.007000
8.915000
16.690000
7.406000
8.467000
7.497000
8.375000
1.369000
8.048000
6.458000
4.296000
6.260000
5.801000
10.176000
7.072000
6.822000
15.178000
5.228000
10.394000
4.759000
12.949000
7.621000
9.311000
7.839000
10.015000
7.133000
12.955000
10.440000
13.192000
12.056000
6.087000
1.419000
19.114000
9.164000
11.244000
4.762000
0.000000
12.482000
7.611000
6.978000
5.497000
6.309000
8.806000
9.242000
8.625000
9.645000
9.078000
5.453000
6.497000
4.867000
6.598000
4.167000
8.414000
2.750000
12.194000
7.733000
5.487000
7.197000
7.495000
7.173000
9.049000
5.776000
8.072000
2.347000
6.418000
8.373000
5.155000
5.792000
6.338000
7.571000
6.952000
6.820000
2.371000
2.649000
8.002000
8.129000
15.151000
9.174000
5.367000
3.030000
9.750000
3.788000
11.487000
6.855000
6.396000
7.037000
4.148000
4.614000
5.050000
9.697000
3.516000
12.230000
7.610000
1.708000
6.491000
6.107000
9.064000
9.492000
5.744000
7.539000
3.482000
15.743000
4.399000
6.136000
8.253000
4.500000
3.645000
10.393000
8.990000
7.523000
5.143000
5.650000
7.255000
11.071000
6.380000
14.612000
11.746000
8.952000
8.227000
10.810000
1.934000
8.496000
6.467000
11.677000
18.549000
7.480000
7.892000
8.060000
7.543000
6.901000
7.626000
9.233000
10.742000
7.266000
6.488000
6.611000
4.440000
11.023000
13.821000
19.761000
9.890000
5.736000
6.276000
6.030000
6.760000
5.725000
14.305000
13.837000
8.181000
16.387000
6.408000
6.540000
8.444000
7.845000
9.258000
9.186000
4.726000
23.099000
8.592000
6.033000
10.574000
11.192000
11.679000
9.150000
2.811000
4.460000
9.961000
11.865000
5.244000
11.710000
6.869000
8.460000
8.281000
12.720000
15.194000
4.986000
11.356000
5.682000
12.936000
13.217000
8.964000
7.847000
8.266000
4.933000
13.764000
10.124000
7.612000
5.012000
8.784000
20.757000
10.614000
4.674000
9.651000
7.329000
7.115000
6.565000
16.578000
4.459000
10.385000
14.804000
8.083000
12.911000
7.354000
6.928000
6.901000
11.515000
2.490000
8.923000
16.209000
5.802000
11.961000
4.354000
7.910000
7.617000
11.138000
13.564000
16.656000
6.751000
6.464000
8.294000
10.761000
11.503000
8.509000
6.373000
13.293000
8.997000
5.350000
18.459000
3.648000
5.210000
8.660000
6.739000
12.053000
13.662000
5.810000
10.351000
14.315000
9.818000
8.346000
6.941000
7.892000
5.416000
9.120000
10.664000
13.159000
8.562000
14.646000
8.850000
16.456000
8.402000
15.265000
7.453000
24.000000
4.789000
9.421000
4.141000
6.694000
10.884000
9.744000
8.365000
7.379000
4.441000
7.911000
8.713000
8.033000
10.667000
4.431000
5.946000
16.780000
9.397000
11.956000
10.296000
9.021000
13.417000
12.964000
3.193000
12.328000
13.542000
7.100000
14.741000
8.335000
10.247000
7.444000
11.948000
11.649000
8.446000
3.141000
6.982000
5.219000
8.136000
7.028000
10.623000
10.541000
9.189000
5.793000
13.392000
6.180000
4.907000
9.783000
12.544000
10.773000
10.327000
10.624000
8.241000
5.581000
10.471000
10.979000
6.232000
13.561000
15.644000
8.834000
9.091000
2.573000
16.630000
11.093000
10.516000
11.743000
17.762000
9.280000
11.159000
9.279000
12.296000
9.278000
15.785000
9.143000
1.755000
12.782000
16.395000
15.208000
5.208000
8.451000
8.541000
11.414000
8.695000
11.379000
10.148000
11.678000
7.991000
11.520000
10.790000
11.700000
5.638000
6.966000
13.894000
14.094000
5.027000
13.387000
9.712000
7.662000
11.083000
11.522000
6.403000
4.076000
6.856000
4.975000
12.782000
11.094000
7.544000
5.484000
7.737000
9.066000
16.490000
17.937000
12.011000
10.644000
11.109000
9.867000
7.004000
10.330000
5.570000
11.985000
15.146000
11.671000
14.395000
7.929000
8.370000
6.986000
8.199000
13.974000
11.725000
9.425000
8.325000
9.406000
14.844000
9.339000
11.722000
10.253000
14.276000
11.827000
8.493000
7.566000
5.912000
6.478000
11.885000
13.026000
6.199000
7.160000
9.327000
9.052000
13.487000
10.696000
15.583000
12.051000
7.131000
6.160000
8.682000
9.178000
9.860000
8.162000
11.905000
7.912000
15.077000
3.320000
11.308000
11.465000
11.576000
11.806000
12.908000
13.080000
11.181000
8.248000
7.092000
11.835000
8.219000
5.481000
7.443000
10.772000
12.959000
21.280000
8.529000
10.133000
8.752000
9.430000
8.485000
13.003000
10.923000
7.940000
14.162000
7.701000
11.343000
10.720000
7.959000
12.000000
9.925000
8.478000
9.781000
9.573000
3.860000
10.974000
3.574000
12.597000
6.516000
7.859000
10.422000
14.535000
12.523000
8.838000
10.706000
20.002000
12.453000
4.917000
10.416000
6.941000
14.368000
14.891000
10.993000
14.141000
8.565000
15.619000
11.870000
10.242000
12.832000
7.556000
11.651000
11.879000
6.799000
9.364000
12.974000
8.984000
7.110000
5.668000
7.138000
7.869000
7.587000
16.726000
8.849000
8.357000
10.563000
4.010000
4.440000
6.222000
7.129000
10.546000
11.751000
18.496000
13.732000
7.490000
11.547000
8.639000
7.236000
10.383000
1.013000
7.717000
8.352000
5.810000
12.447000
9.264000
8.748000
4.805000
6.711000
12.444000
12.874000
8.686000
13.840000
12.444000
10.835000
12.706000
10.294000
9.571000
10.377000
13.774000
12.024000
4.321000
9.533000
9.402000
7.771000
15.205000
10.357000
7.636000
7.740000
8.573000
11.295000
8.293000
11.340000
4.971000
6.963000
7.944000
12.066000
6.922000
6.510000
1.721000
10.772000
15.217000
11.706000
7.150000
5.773000
17.687000
11.401000
7.024000
10.287000
10.872000
14.272000
10.267000
4.309000
7.366000
10.488000
14.405000
8.698000
10.354000
12.266000
10.317000
10.074000
9.008000
10.012000
13.501000
4.978000
8.749000
12.015000
9.245000
8.253000
8.042000
12.328000
12.651000
11.674000
11.019000
15.130000
1.828000
10.164000
3.757000
7.058000
8.465000
12.220000
11.441000
13.376000
7.505000
10.886000
7.510000
7.262000
7.504000
9.128000
8.905000
6.308000
14.090000
9.462000
10.179000
7.898000
5.615000
5.818000
9.556000
13.345000
14.565000
11.264000
10.767000
8.798000
7.787000
14.944000
9.177000
11.575000
10.538000
13.647000
9.495000
9.230000
8.107000
8.916000
7.983000
10.513000
10.358000
10.517000
10.071000
9.699000
5.040000
8.306000
15.174000
11.401000
6.353000
3.354000
9.579000
11.374000
2.787000
7.709000
7.376000
10.183000
16.049000
5.376000
8.305000
6.451000
9.607000
7.085000
3.652000
8.954000
7.753000
8.770000
14.011000
10.664000
15.963000
8.027000
7.825000
15.785000
8.945000
10.856000
10.484000
7.844000
5.419000
11.694000
4.663000
3.906000
4.355000
8.392000
7.691000
3.784000
5.672000
3.500000
7.190000
11.661000
8.341000
13.974000
6.499000
6.286000
7.602000
6.458000
6.888000
6.771000
11.378000
8.888000
7.036000
10.391000
9.689000
5.068000
12.004000
6.033000
8.146000
15.759000
25.396000
20.817000
13.099000
7.713000
5.532000
9.020000
5.673000
8.714000
5.883000
14.226000
4.093000
8.574000
6.348000
9.799000
8.805000
12.754000
13.032000
11.103000
5.729000
7.200000
9.697000
7.561000
8.969000
8.627000
17.402000
9.164000
12.678000
8.868000
7.995000
7.479000
23.932000
14.137000
1.551000
8.653000
11.840000
7.920000
13.584000
6.647000
10.834000
5.572000
15.852000
7.517000
10.390000
5.777000
10.053000
16.689000
11.280000
7.331000
11.080000
8.261000
13.865000
7.036000
8.684000
10.612000
13.217000
10.302000
4.060000
10.195000
9.375000
5.647000
10.409000
5.990000
10.275000
9.809000
5.913000
15.350000
18.053000
13.510000
6.600000
8.000000
19.091000
13.633000
7.262000
6.886000
6.416000
8.943000
14.028000
6.670000
10.377000
11.778000
7.180000
6.662000
9.512000
10.870000
11.974000
12.870000
5.246000
5.397000
10.754000
7.069000
5.229000
7.436000
10.029000
13.932000
12.917000
9.722000
11.284000
14.885000
7.328000
4.596000
17.339000
9.597000
6.955000
15.154000
11.899000
5.583000
14.090000
12.864000
6.186000
11.986000
8.902000
8.563000
9.258000
9.495000
2.469000
12.986000
9.587000
6.569000
6.612000
12.415000
13.318000
12.142000
0.000000
15.406000
5.956000
19.082000
16.500000
9.087000
8.292000
12.057000
8.212000
3.567000
9.711000
6.489000
10.584000
8.151000
16.527000
10.810000
10.349000
6.477000
7.486000
12.813000
4.368000
8.128000
14.850000
15.146000
13.480000
8.836000
20.224000
10.789000
6.364000
8.973000
14.503000
15.310000
7.468000
7.149000
18.325000
6.954000
8.512000
11.344000
11.724000
6.501000
9.417000
8.948000
8.348000
7.422000
15.860000
8.083000
11.965000
3.662000
11.310000
9.152000
6.435000
8.546000
7.895000
10.333000
17.456000
18.303000
16.977000
20.187000
9.735000
21.476000
16.448000
23.336000
14.638000
21.492000
5.795000
5.985000
5.604000
11.951000
14.778000
7.379000
12.377000
15.231000
10.469000
8.660000
12.869000
12.285000
11.563000
19.788000
10.429000
6.409000
7.971000
10.728000
12.217000
6.200000
6.043000
10.167000
9.852000
12.374000
10.840000
12.607000
10.015000
12.135000
19.645000
7.210000
11.467000
20.110000
14.276000
9.583000
8.356000
10.301000
2.385000
10.857000
8.172000
10.390000
13.949000
4.329000
9.483000
10.764000
13.622000
12.302000
5.924000
8.716000
9.664000
6.987000
11.367000
9.944000
12.470000
8.760000
9.065000
9.954000
13.203000
3.813000
2.829000
13.956000
16.621000
13.317000
12.905000
15.395000
9.014000
13.221000
9.230000
15.579000
12.568000
8.809000
8.693000
10.549000
14.754000
15.948000
11.059000
3.832000
8.921000
13.548000
11.475000
8.642000
9.467000
8.031000
14.273000
8.047000
3.802000
4.862000
13.010000
2.578000
9.803000
5.438000
9.808000
12.373000
9.404000
14.331000
3.667000
12.465000
5.543000
7.290000
3.460000
7.841000
8.307000
13.301000
7.699000
7.731000
6.188000
9.117000
8.743000
18.586000
5.468000
7.932000
14.639000
3.336000
2.928000
2.841000
1.755000
0.000000
8.290000
1.812000
2.332000
1.338000
1.429000
1.939000
22.234000
4.490000
3.683000
7.408000
0.000000
0.955000
2.797000
5.228000
14.261000
8.457000
4.376000
0.982000
9.716000
19.460000
0.668000
3.689000
4.846000
8.401000
9.178000
10.165000
0.000000
0.000000
8.441000
7.650000
3.313000
10.075000
9.351000
5.363000
0.000000
0.000000
6.390000
0.000000
6.121000
4.875000
5.355000
9.098000
10.603000
4.575000
5.163000
10.037000
4.336000
14.585000
8.614000
9.924000
16.774000
5.470000
0.000000
4.827000
7.223000
1.216000
0.000000
0.993000
11.341000
4.119000
0.000000
4.589000
17.498000
10.306000
2.229000
11.806000
7.588000
1.897000
14.626000
6.797000
9.627000
17.165000
11.428000
6.307000
14.900000
1.947000
3.881000
5.596000
6.263000
14.541000
11.196000
9.233000
4.742000
25.961000
19.518000
7.146000
2.348000
0.718000
12.137000
7.616000
6.553000
4.356000
4.923000
13.233000
6.518000
8.786000
2.836000
6.178000
0.947000
5.275000
6.386000
0.000000
0.000000
5.505000
2.288000
11.112000
5.118000
8.718000
6.794000
17.658000
3.926000
11.334000
11.077000
11.810000
12.811000
10.904000
7.101000
12.926000
18.975000
8.592000
16.777000
10.167000
9.149000
8.116000
10.517000
4.584000
14.923000
8.075000
16.049000
11.553000
1.103000
11.251000
9.483000
17.295000
14.489000
9.809000
7.332000
9.414000
8.598000
11.330000
3.454000
9.246000
15.278000
1.454000
6.569000
4.375000
11.707000
13.704000
12.077000
7.295000
11.879000
4.759000
6.299000
21.247000
8.780000
7.374000
10.695000
15.845000
7.942000
0.448000
0.913000
2.232000
11.127000
10.038000
3.313000
13.948000
9.861000
5.283000
5.817000
9.401000
8.011000
9.020000
6.575000
19.224000
14.170000
3.347000
10.253000
7.084000
14.870000
5.841000
18.401000
11.480000
15.653000
3.218000
7.829000
11.299000
7.131000
4.736000
11.785000
20.389000
8.213000
14.570000
13.654000
8.901000
10.063000
8.464000
5.737000
5.791000
17.614000
3.846000
10.713000
12.100000
17.636000
8.418000
4.088000
8.622000
17.980000
12.723000
12.862000
13.357000
0.000000
12.522000
12.830000
10.897000
19.526000
10.945000
4.098000
8.417000
10.737000
11.735000
3.985000
10.291000
9.059000
0.000000
1.609000
18.347000
2.424000
0.520000
3.885000
9.885000
11.676000
11.451000
13.268000
11.427000
1.086000
11.363000
14.545000
10.510000
3.481000
10.076000
0.805000
9.023000
6.284000
12.890000
9.896000
15.376000
3.798000
9.049000
13.254000
15.045000
10.489000
7.540000
12.218000
11.654000
10.947000
11.529000
6.340000
7.043000
11.937000
6.452000
11.647000
0.000000
8.941000
8.981000
10.047000
10.689000
10.664000
10.555000
13.767000
9.629000
6.940000
10.873000
4.271000
10.895000
10.144000
7.478000
12.843000
11.411000
15.026000
12.399000
11.709000
6.620000
8.570000
8.065000
5.021000
5.374000
5.013000
8.295000
3.735000
8.651000
9.001000
11.110000
8.659000
7.968000
12.643000
7.292000
5.929000
5.461000
5.509000
12.196000
10.558000
1.575000
12.690000
8.468000
6.194000
6.752000
2.757000
12.936000
21.723000
5.384000
7.528000
7.109000
7.052000
6.617000
7.025000
3.795000
8.347000
7.598000
16.563000
6.684000
8.092000
24.912000
6.633000
11.572000
8.354000
6.000000
6.803000
10.261000
9.000000
1.966000
4.115000
8.276000
5.160000
9.262000
6.032000
15.704000
7.490000
10.340000
15.931000
18.544000
6.047000
21.358000
0.000000
3.891000
14.303000
6.841000
11.293000
6.760000
16.073000
10.686000
5.422000
6.422000
9.864000
11.979000
11.422000
5.080000
7.208000
12.743000
10.526000
11.045000
6.361000
6.787000
8.934000
2.411000
15.189000
9.323000
9.056000
14.154000
4.817000
9.888000
2.172000
16.645000
11.016000
13.298000
9.077000
6.868000
11.464000
14.615000
8.443000
6.481000
4.754000
6.534000
14.313000
8.575000
8.381000
3.940000
4.297000
10.693000
11.030000
7.403000
15.521000
9.596000
11.453000
14.704000
10.089000
3.100000
8.524000
9.924000
7.731000
4.604000
10.080000
16.050000
1.353000
6.528000
8.627000
11.097000
16.741000
8.697000
10.687000
6.583000
16.725000
10.717000
13.488000
9.949000
7.589000
2.322000
6.977000
10.436000
4.382000
10.755000
13.445000
14.392000
2.642000
6.492000
9.676000
8.218000
7.572000
7.359000
11.248000
7.683000
5.822000
10.176000
4.321000
15.532000
12.013000
9.108000
11.943000
8.442000
17.611000
11.171000
13.188000
11.826000
9.137000
9.181000
17.212000
13.927000
17.564000
3.902000
7.330000
11.776000
17.067000
7.715000
8.980000
6.101000
8.882000
5.898000
10.438000
7.822000
7.534000
4.654000
10.311000
6.000000
10.091000
12.518000
9.267000
5.471000
4.203000
6.690000
12.796000
9.090000
15.830000
9.314000
12.754000
8.466000
4.410000
8.125000
3.079000
7.568000
4.433000
8.823000
10.981000
7.425000
9.493000
3.354000
6.802000
3.437000
8.097000
11.857000
5.763000
7.256000
8.825000
12.240000
7.520000
9.867000
18.269000
3.317000
3.700000
14.916000
14.400000
6.477000
5.493000
7.898000
3.847000
10.693000
8.961000
3.841000
6.601000
5.680000
4.199000
20.005000
6.102000
9.858000
16.989000
4.734000
7.728000
11.633000
10.256000
8.733000
10.400000
7.564000
4.856000
6.746000
6.191000
6.434000
4.082000
3.509000
8.798000
15.613000
6.461000
6.571000
13.680000
7.124000
7.677000
16.024000
8.027000
4.791000
7.109000
11.420000
10.066000
9.268000
17.582000
6.862000
6.355000
8.871000
7.401000
13.238000
4.753000
9.631000
10.756000
9.469000
18.442000
7.018000
8.288000
16.150000
10.711000
9.890000
13.186000
11.723000
12.508000
7.449000
10.126000
6.188000
11.131000
11.261000
20.405000
16.617000
3.718000
4.274000
4.132000
13.043000
13.153000
17.634000
5.902000
10.612000
16.747000
15.940000
17.952000
9.959000
8.372000
16.283000
20.072000
9.457000
16.916000
10.065000
6.206000
14.127000
14.313000
5.546000
7.723000
13.445000
10.789000
4.978000
10.279000
14.657000
14.652000
8.473000
12.172000
12.569000
11.946000
0.000000
6.058000
8.163000
10.071000
4.364000
7.469000
12.678000
10.728000
12.869000
3.362000
10.974000
14.286000
10.313000
17.088000
6.671000
9.440000
5.138000
8.533000
10.701000
6.839000
8.995000
6.932000
13.749000
19.054000
16.096000
4.361000
5.040000
14.431000
6.554000
7.202000
2.517000
12.185000
9.194000
12.536000
13.668000
15.473000
7.458000
4.585000
11.775000
11.925000
14.880000
8.328000
9.761000
11.062000
12.123000
10.452000
13.353000
8.081000
12.759000
16.657000
14.977000
11.761000
12.666000
9.919000
10.823000
10.908000
9.895000
12.471000
7.873000
8.854000
9.228000
13.896000
13.505000
6.780000
8.331000
18.257000
12.040000
3.801000
16.029000
9.440000
7.887000
7.249000
11.274000
9.322000
11.209000
11.549000
9.130000
9.231000
14.510000
8.374000
9.092000
9.041000
6.168000
9.114000
6.580000
9.687000
13.585000
8.932000
14.553000
7.977000
17.527000
12.714000
8.842000
13.136000
16.489000
10.103000
9.947000
11.724000
9.150000
15.273000
11.725000
15.371000
12.147000
8.259000
15.181000
14.490000
12.701000
12.969000
3.888000
15.097000
15.120000
15.419000
14.596000
10.574000
8.145000
10.338000
14.179000
14.918000
5.130000
9.998000
5.779000
16.826000
11.829000
15.183000
11.928000
15.314000
8.509000
14.471000
4.362000
2.879000
7.825000
12.487000
14.146000
14.930000
13.112000
5.806000
10.412000
10.419000
15.520000
8.397000
15.943000
15.913000
10.052000
10.222000
11.732000
4.105000
12.909000
13.154000
15.902000
15.478000
11.838000
12.297000
13.154000
15.370000
10.550000
13.953000
7.975000
14.313000
14.064000
14.371000
11.821000
11.964000
12.563000
4.930000
12.777000
10.766000
6.723000
12.689000
12.682000
15.225000
8.725000
11.023000
17.072000
11.961000
11.116000
8.736000
10.133000
12.951000
18.071000
14.220000
5.202000
13.917000
8.736000
10.250000
11.414000
6.088000
7.707000
10.654000
13.155000
8.516000
6.934000
8.536000
14.803000
13.579000
13.876000
11.240000
11.777000
4.331000
12.228000
11.515000
9.916000
15.179000
13.568000
9.319000
15.456000
16.382000
12.524000
12.551000
14.606000
9.394000
16.828000
7.475000
12.136000
16.121000
9.230000
13.118000
7.506000
11.086000
11.363000
11.999000
9.657000
8.060000
9.964000
10.920000
12.090000
17.958000
12.301000
10.717000
7.410000
8.563000
1.672000
17.307000
17.782000
13.457000
13.855000
10.473000
11.686000
11.336000
10.621000
13.189000
8.391000
10.364000
12.032000
13.235000
12.303000
11.032000
11.407000
12.256000
7.496000
11.978000
8.947000
10.623000
10.036000
6.859000
9.085000
17.406000
7.503000
6.224000
8.703000
10.268000
10.954000
16.275000
17.153000
9.175000
11.440000
8.872000
6.177000
13.871000
15.073000
12.185000
16.350000
15.679000
5.648000
11.886000
10.303000
8.556000
12.526000
11.625000
8.173000
14.549000
16.639000
7.833000
7.690000
5.816000
10.535000
11.251000
17.316000
14.027000
7.742000
11.683000
8.909000
10.176000
11.119000
9.988000
13.722000
14.258000
5.006000
7.922000
15.659000
9.618000
14.233000
10.948000
7.604000
14.579000
10.726000
14.874000
16.858000
4.368000
11.486000
10.029000
11.580000
12.446000
3.429000
13.549000
16.092000
11.412000
4.375000
11.164000
10.799000
13.783000
11.088000
5.898000
17.165000
15.100000
14.204000
11.104000
9.373000
12.909000
13.243000
10.696000
11.212000
11.263000
8.432000
10.445000
8.616000
12.321000
11.350000
7.681000
18.648000
6.364000
8.448000
9.956000
9.922000
11.001000
12.678000
11.120000
13.616000
9.613000
5.363000
7.730000
14.185000
7.697000
12.054000
13.813000
12.472000
5.522000
4.863000
14.103000
12.132000
10.415000
8.316000
9.938000
7.750000
10.314000
5.591000
12.184000
12.586000
2.505000
13.908000
3.331000
10.608000
8.505000
9.591000
7.265000
7.153000
17.296000
6.155000
9.753000
9.947000
8.793000
11.560000
9.952000
12.698000
12.961000
14.192000
6.636000
7.884000
8.420000
8.419000
7.396000
12.043000
9.228000
10.174000
11.349000
8.355000
4.926000
7.751000
8.437000
5.611000
6.515000
7.723000
12.808000
3.153000
10.908000
15.763000
10.068000
6.663000
8.551000
6.553000
6.618000
7.869000
6.637000
9.464000
6.154000
6.254000
14.732000
8.248000
8.778000
1.888000
9.791000
9.436000
6.727000
10.101000
8.029000
3.573000
8.683000
7.333000
7.745000
10.236000
8.826000
9.311000
9.067000
2.563000
6.726000
6.626000
8.823000
9.074000
7.728000
8.657000
8.310000
8.615000
6.442000
7.916000
8.978000
12.141000
7.937000
10.153000
11.056000
7.691000
7.319000
13.258000
7.982000
8.190000
12.772000
5.282000
10.500000
7.327000
9.007000
4.633000
16.840000
3.183000
6.882000
17.781000
6.956000
7.823000
5.529000
11.215000
5.756000
10.802000
12.806000
7.269000
6.043000
7.670000
8.834000
6.799000
8.331000
7.077000
10.191000
7.595000
4.928000
16.314000
13.485000
6.756000
13.442000
6.363000
7.224000
5.308000
5.401000
8.295000
4.919000
3.156000
6.187000
10.534000
12.911000
6.016000
7.947000
17.207000
6.311000
12.251000
7.750000
12.705000
12.688000
9.427000
8.435000
2.555000
3.738000
14.332000
7.951000
11.737000
4.481000
9.462000
6.838000
5.927000
18.884000
13.132000
7.067000
7.957000
12.084000
17.212000
11.993000
19.072000
15.124000
13.243000
7.860000
4.466000
6.061000
8.438000
10.176000
8.101000
11.017000
8.195000
10.571000
23.531000
8.458000
11.250000
2.989000
19.113000
9.890000
4.114000
6.984000
9.974000
7.213000
8.786000
7.771000
4.338000
18.008000
13.083000
6.668000
16.769000
13.311000
19.163000
21.102000
12.848000
11.178000
12.887000
9.897000
3.307000
18.109000
14.305000
13.038000
6.407000
8.026000
7.987000
14.977000
14.162000
13.891000
7.452000
6.606000
21.082000
10.863000
19.125000
8.137000
8.318000
8.056000
14.234000
6.977000
20.821000
14.424000
14.552000
4.912000
12.206000
14.330000
5.698000
12.057000
11.792000
9.377000
5.803000
14.939000
13.019000
7.548000
20.634000
11.719000
13.909000
12.594000
13.692000
8.413000
8.060000
15.016000
11.860000
11.866000
20.693000
14.035000
16.916000
18.416000
14.261000
1.651000
14.448000
12.265000
6.377000
11.558000
6.724000
14.958000
9.151000
14.743000
12.073000
12.572000
11.569000
14.908000
12.747000
8.895000
9.273000
5.632000
13.394000
7.821000
13.465000
8.062000
13.552000
14.446000
6.328000
10.865000
9.054000
18.468000
20.842000
4.093000
12.454000
16.114000
10.301000
10.211000
20.582000
12.977000
8.509000
13.224000
6.584000
13.494000
5.204000
8.924000
9.840000
11.339000
19.983000
9.607000
12.721000
17.714000
12.707000
14.279000
15.038000
8.652000
10.550000
16.714000
11.475000
8.934000
14.700000
17.177000
12.832000
14.137000
16.008000
9.462000
6.387000
14.367000
14.292000
11.220000
16.196000
8.372000
10.161000
13.613000
11.602000
14.710000
8.959000
9.881000
11.546000
15.124000
13.913000
9.104000
15.249000
15.911000
12.757000
14.941000
13.069000
11.689000
12.489000
8.296000
18.584000
10.411000
14.570000
12.506000
14.932000
12.635000
5.506000
15.983000
11.932000
11.092000
12.049000
12.138000
4.560000
4.860000
5.328000
18.552000
3.414000
11.716000
10.438000
7.555000
8.944000
7.619000
19.089000
13.831000
14.703000
14.836000
13.110000
12.207000
7.496000
12.782000
15.181000
24.747000
13.260000
7.831000
12.656000
11.844000
3.781000
13.164000
25.605000
16.515000
14.586000
11.535000
10.447000
13.799000
15.982000
10.521000
14.162000
12.022000
16.298000
10.516000
19.737000
14.682000
8.273000
10.177000
10.879000
9.351000
8.823000
15.843000
15.252000
12.745000
13.536000
14.460000
12.947000
10.664000
16.546000
14.727000
13.708000
11.401000
16.889000
1.590000
12.157000
6.425000
17.399000
11.034000
14.772000
12.599000
6.683000
13.793000
16.696000
8.115000
16.075000
14.626000
13.666000
12.339000
6.022000
21.020000
17.593000
10.173000
11.745000
12.918000
12.536000
19.782000
15.280000
14.346000
14.366000
9.141000
5.054000
11.561000
11.164000
12.975000
16.348000
11.583000
14.845000
25.174000
14.005000
12.464000
15.878000
7.751000
12.318000
14.387000
10.272000
18.555000
12.881000
10.267000
15.102000
13.434000
15.534000
10.188000
13.508000
11.684000
9.114000
11.492000
9.727000
16.418000
14.439000
12.426000
12.924000
12.325000
19.773000
18.050000
13.873000
13.598000
15.126000
14.353000
14.265000
13.887000
21.306000
15.100000
12.413000
13.729000
15.157000
23.535000
11.374000
9.061000
14.900000
12.889000
10.982000
15.867000
16.974000
11.967000
17.937000
9.991000
11.539000
11.040000
11.870000
14.625000
8.582000
13.762000
18.538000
15.781000
9.865000
16.120000
7.287000
13.043000
12.364000
12.639000
12.946000
12.162000
8.032000
13.396000
11.010000
15.910000
14.241000
15.915000
15.130000
6.716000
15.513000
15.967000
17.519000
8.369000
12.949000
7.692000
14.384000
12.098000
10.825000
6.817000
13.144000
14.592000
11.820000
10.023000
5.008000
12.840000
13.558000
12.524000
13.721000
15.355000
13.466000
15.801000
10.893000
19.420000
13.079000
14.936000
7.469000
13.073000
16.888000
11.855000
13.639000
16.590000
11.839000
8.499000
6.605000
12.281000
8.449000
10.484000
4.630000
13.774000
15.131000
14.835000
14.573000
8.913000
9.971000
13.357000
16.528000
9.306000
9.406000
8.107000
12.086000
11.164000
11.680000
9.555000
15.191000
15.425000
12.001000
13.920000
13.124000
13.244000
4.403000
20.765000
14.659000
14.195000
7.713000
8.609000
13.506000
17.253000
11.944000
13.628000
14.613000
13.010000
15.124000
8.666000
9.541000
11.693000
12.041000
17.739000
16.892000
15.947000
8.965000
4.739000
11.530000
8.021000
14.959000
10.453000
6.879000
9.280000
8.436000
12.065000
17.674000
7.787000
4.464000
5.174000
8.763000
15.210000
14.365000
7.001000
12.862000
7.985000
9.724000
13.527000
12.248000
16.285000
4.875000
9.067000
9.163000
14.329000
14.963000
10.960000
11.857000
8.800000
4.038000
9.479000
8.605000
7.208000
3.829000
10.753000
12.265000
8.957000
7.245000
8.760000
9.986000
10.312000
13.456000
6.615000
8.741000
13.426000
13.631000
4.892000
11.856000
11.406000
7.240000
9.435000
12.000000
9.473000
9.080000
5.891000
7.572000
11.809000
10.950000
10.983000
7.698000
12.278000
7.278000
15.110000
3.023000
12.422000
4.578000
5.571000
8.062000
11.293000
9.236000
12.255000
18.857000
12.227000
7.225000
11.134000
8.382000
9.068000
10.714000
10.240000
14.224000
11.547000
8.558000
13.317000
7.830000
4.496000
7.534000
15.088000
13.373000
3.905000
7.564000
17.298000
4.269000
16.111000
10.441000
5.901000
17.991000
15.384000
15.481000
9.223000
4.945000
11.615000
11.916000
11.760000
16.162000
7.901000
5.526000
5.639000
12.310000
10.758000
4.426000
12.851000
8.982000
11.134000
5.823000
15.790000
11.262000
7.474000
14.085000
11.748000
6.510000
11.614000
5.826000
9.901000
10.607000
13.177000
11.098000
7.833000
11.489000
8.722000
10.703000
4.928000
6.798000
9.025000
13.451000
9.973000
11.454000
13.301000
9.966000
13.511000
10.877000
15.689000
14.545000
10.022000
8.785000
6.723000
11.108000
4.198000
3.829000
5.551000
10.958000
9.041000
5.650000
12.398000
10.790000
13.987000
11.435000
13.028000
7.695000
10.698000
11.682000
10.552000
4.431000
9.863000
4.508000
11.481000
11.547000
5.519000
19.919000
7.029000
14.451000
16.079000
7.123000
14.457000
9.140000
6.612000
15.449000
8.878000
13.379000
12.627000
6.998000
21.165000
12.112000
10.439000
14.221000
10.423000
9.888000
12.100000
11.637000
17.184000
3.468000
8.635000
8.573000
7.224000
21.158000
11.944000
8.625000
5.366000
11.040000
9.922000
13.016000
4.358000
10.155000
9.499000
10.066000
12.478000
10.463000
8.387000
4.181000
8.259000
7.837000
8.613000
5.066000
10.076000
8.182000
17.094000
11.682000
10.806000
12.094000
8.512000
12.827000
8.285000
13.918000
21.340000
7.594000
15.056000
9.687000
5.536000
9.325000
5.927000
11.978000
10.583000
4.311000
5.663000
8.532000
19.043000
12.649000
7.636000
5.222000
2.901000
15.228000
15.893000
7.522000
5.468000
7.432000
7.189000
11.161000
14.626000
14.025000
8.240000
13.023000
12.765000
6.450000
10.233000
4.104000
16.896000
8.454000
8.209000
12.353000
11.954000
6.479000
5.865000
7.247000
12.930000
14.329000
10.533000
13.620000
9.485000
7.650000
15.236000
6.680000
9.536000
9.217000
12.405000
11.918000
9.012000
14.330000
9.739000
6.691000
11.391000
8.291000
13.491000
18.269000
9.340000
9.453000
9.572000
15.193000
11.214000
18.875000
17.607000
8.202000
10.053000
13.329000
15.331000
8.151000
6.785000
7.819000
7.927000
20.529000
5.411000
5.201000
4.350000
9.875000
7.500000
6.791000
16.934000
10.125000
10.994000
15.876000
2.476000
12.638000
13.630000
14.773000
14.978000
10.819000
8.999000
13.778000
14.739000
16.148000
18.845000
10.416000
10.561000
9.885000
18.786000
14.459000
9.369000
8.915000
3.285000
11.177000
12.320000
9.036000
20.003000
9.836000
5.507000
25.416000
8.930000
12.124000
11.032000
8.066000
5.770000
12.571000
11.237000
7.530000
10.011000
14.516000
2.794000
13.602000
25.116000
10.216000
6.414000
6.964000
15.822000
12.413000
11.398000
10.941000
5.547000
10.548000
6.994000
16.883000
11.976000
5.369000
8.460000
13.440000
15.445000
10.165000
7.868000
12.489000
7.957000
11.323000
8.385000
9.283000
14.770000
3.999000
11.428000
7.044000
12.112000
11.545000
10.768000
11.227000
4.452000
4.010000
10.981000
8.595000
12.219000
10.353000
9.937000
3.614000
11.883000
13.175000
23.881000
10.647000
9.384000
10.502000
10.440000
11.404000
10.314000
9.200000
10.812000
10.044000
10.964000
12.397000
13.297000
11.574000
8.489000
5.638000
12.793000
10.723000
8.256000
5.712000
9.530000
9.666000
9.626000
13.214000
7.935000
6.475000
6.105000
9.916000
12.377000
12.212000
9.940000
12.908000
8.230000
9.580000
9.065000
3.923000
5.859000
7.801000
10.914000
10.841000
10.154000
10.705000
6.227000
6.715000
7.137000
10.704000
10.806000
8.592000
11.224000
7.135000
8.538000
10.048000
9.185000
11.089000
6.021000
8.204000
14.654000
9.671000
13.309000
11.750000
11.301000
13.709000
12.115000
14.765000
11.860000
11.286000
12.485000
8.712000
16.083000
3.184000
10.239000
5.222000
8.506000
17.165000
8.037000
11.520000
10.487000
16.321000
12.906000
5.145000
14.508000
9.959000
6.666000
15.868000
7.640000
7.192000
6.069000
6.029000
17.251000
3.257000
9.249000
15.880000
8.404000
7.219000
9.596000
17.973000
13.526000
15.303000
7.870000
9.483000
5.431000
14.469000
10.697000
12.832000
10.641000
17.992000
11.195000
11.049000
11.045000
11.366000
15.861000
13.168000
17.602000
7.940000
5.664000
7.189000
10.696000
14.284000
1.187000
9.074000
11.977000
12.941000
10.184000
7.529000
9.053000
15.503000
9.845000
15.359000
11.731000
12.841000
13.537000
3.072000
13.602000
12.423000
10.990000
8.321000
16.915000
14.512000
12.010000
10.003000
13.868000
19.971000
9.799000
20.317000
7.021000
9.843000
11.896000
12.207000
5.173000
2.927000
10.898000
17.407000
9.260000
5.278000
10.901000
9.726000
16.023000
13.213000
5.273000
13.289000
17.623000
14.522000
3.570000
16.606000
9.638000
11.302000
10.323000
15.195000
14.211000
9.863000
15.377000
16.243000
18.752000
5.792000
11.173000
11.836000
11.393000
12.786000
8.158000
14.406000
3.357000
15.670000
18.868000
13.677000
11.697000
14.062000
9.273000
8.858000
13.412000
14.553000
15.041000
11.394000
10.554000
4.267000
10.401000
6.574000
11.402000
8.554000
8.855000
9.207000
8.271000
5.370000
11.774000
21.421000
9.717000
8.456000
12.141000
8.954000
7.519000
10.020000
8.041000
8.561000
13.198000
10.115000
8.608000
7.155000
7.024000
14.286000
9.042000
11.853000
4.377000
11.295000
15.569000
8.915000
17.556000
9.420000
9.426000
7.533000
9.015000
11.329000
5.783000
9.783000
8.284000
9.897000
10.463000
8.670000
21.734000
8.129000
8.654000
9.966000
10.955000
9.827000
14.134000
17.582000
5.625000
10.949000
9.416000
15.622000
10.985000
11.952000
18.106000
7.019000
10.109000
12.164000
5.877000
8.207000
7.078000
7.924000
17.636000
10.669000
11.140000
9.285000
6.673000
13.698000
6.942000
8.987000
15.459000
14.016000
8.169000
7.920000
10.771000
11.170000
12.973000
12.005000
17.148000
11.910000
12.686000
12.235000
11.032000
15.907000
6.629000
19.755000
12.868000
10.658000
13.583000
10.704000
17.584000
13.302000
22.843000
11.324000
13.026000
8.389000
17.422000
15.687000
15.446000
6.776000
15.198000
14.417000
7.266000
18.763000
19.667000
4.669000
11.154000
15.187000
12.172000
8.499000
16.155000
10.968000
8.313000
17.630000
26.904000
11.044000
17.545000
13.143000
12.877000
18.349000
11.090000
12.855000
11.034000
7.668000
17.723000
10.594000
9.886000
10.194000
9.090000
20.490000
11.261000
13.050000
13.199000
14.036000
15.976000
16.448000
11.336000
11.473000
10.876000
19.116000
18.597000
9.115000
7.478000
17.213000
27.565000
13.203000
19.622000
10.172000
16.842000
14.880000
16.383000
13.044000
7.464000
12.188000
6.105000
20.803000
21.973000
11.279000
8.263000
6.594000
13.848000
10.308000
6.877000
9.934000
17.151000
10.130000
15.004000
7.588000
9.208000
7.765000
19.395000
11.861000
9.419000
17.480000
14.040000
8.666000
9.122000
16.724000
19.956000
7.648000
13.593000
11.726000
9.200000
7.367000
12.048000
10.955000
7.568000
6.845000
23.565000
13.439000
21.346000
7.829000
11.654000
6.940000
10.718000
11.463000
15.911000
12.434000
11.629000
15.791000
13.469000
11.396000
17.890000
14.860000
11.643000
12.986000
11.892000
16.828000
10.442000
12.018000
4.995000
6.882000
12.444000
11.781000
11.918000
14.674000
6.950000
7.455000
9.666000
10.266000
11.032000
13.181000
7.853000
10.101000
9.865000
15.690000
7.521000
10.061000
6.558000
20.000000
12.838000
11.164000
12.332000
14.241000
6.600000
22.918000
10.449000
9.054000
10.275000
11.071000
11.413000
14.180000
20.927000
11.181000
9.685000
11.844000
9.053000
15.328000
12.768000
6.951000
9.656000
10.269000
8.633000
13.299000
17.015000
13.422000
13.474000
11.264000
8.485000
8.186000
9.050000
10.284000
14.046000
14.930000
19.955000
9.941000
15.868000
12.919000
10.516000
13.644000
15.044000
9.344000
13.858000
27.199000
20.850000
8.728000
11.020000
13.333000
14.250000
13.863000
12.257000
14.600000
12.911000
12.968000
4.974000
13.896000
15.106000
11.361000
10.364000
16.822000
13.209000
9.853000
10.553000
14.691000
8.986000
14.347000
13.620000
13.836000
15.285000
15.490000
11.386000
13.545000
7.902000
16.732000
13.624000
8.098000
17.397000
10.638000
6.355000
6.643000
14.486000
16.068000
14.361000
16.660000
10.678000
13.352000
14.936000
15.831000
10.759000
12.516000
7.130000
6.959000
13.596000
9.156000
15.139000
12.399000
13.578000
10.874000
12.392000
10.668000
11.836000
17.486000
14.168000
13.483000
13.636000
11.406000
13.861000
16.930000
15.296000
11.708000
10.606000
18.263000
18.173000
17.502000
11.720000
8.939000
8.699000
10.691000
9.072000
17.231000
19.090000
15.073000
11.877000
11.161000
13.313000
15.939000
16.829000
7.534000
20.948000
15.518000
6.742000
20.949000
8.332000
23.880000
12.480000
9.382000
15.101000
12.703000
11.654000
10.091000
16.399000
16.014000
16.157000
10.090000
9.029000
16.979000
15.857000
16.191000
7.060000
12.506000
10.831000
13.983000
10.646000
4.571000
9.306000
10.632000
11.624000
16.398000
7.457000
10.048000
11.961000
10.763000
11.099000
5.215000
6.732000
10.724000
9.203000
9.035000
10.727000
8.039000
12.308000
10.437000
9.536000
5.547000
12.784000
10.354000
13.492000
6.152000
6.516000
10.498000
12.346000
17.685000
11.150000
8.086000
21.938000
11.563000
12.092000
7.077000
8.068000
11.690000
13.689000
10.000000
11.943000
8.032000
7.601000
10.228000
8.895000
8.565000
9.851000
10.878000
8.065000
8.965000
8.930000
20.113000
11.512000
8.832000
17.660000
7.165000
13.643000
5.678000
9.717000
16.370000
9.343000
11.753000
9.463000
5.517000
7.020000
3.872000
11.915000
13.788000
15.634000
8.039000
6.255000
6.471000
18.112000
4.797000
11.055000
10.461000
7.825000
11.662000
7.639000
6.271000
7.364000
6.902000
10.727000
6.814000
11.419000
9.433000
14.635000
12.318000
10.293000
4.000000
15.270000
14.030000
12.744000
7.934000
11.839000
15.220000
12.246000
14.477000
9.239000
8.051000
13.555000
10.377000
9.749000
8.953000
19.435000
11.736000
13.623000
12.025000
10.490000
8.963000
7.921000
6.960000
11.930000
10.778000
12.391000
9.423000
5.650000
12.814000
14.839000
12.192000
14.337000
14.781000
17.258000
12.811000
13.616000
14.496000
18.180000
15.525000
16.078000
17.294000
6.809000
7.888000
15.492000
15.279000
14.488000
12.116000
10.168000
8.520000
14.782000
10.811000
19.013000
9.781000
7.829000
9.483000
19.335000
6.440000
13.835000
11.871000
14.318000
13.372000
12.294000
11.976000
9.391000
14.524000
11.156000
13.443000
16.226000
9.194000
7.809000
8.655000
9.394000
12.739000
8.140000
11.702000
16.947000
7.822000
13.396000
10.878000
9.431000
11.940000
13.754000
9.335000
8.428000
15.804000
10.653000
10.060000
7.999000
8.493000
8.584000
9.427000
11.617000
5.014000
7.169000
5.494000
5.576000
10.385000
9.871000
9.881000
5.490000
22.221000
12.348000
16.858000
10.868000
9.728000
13.949000
14.270000
14.271000
3.020000
16.194000
5.141000
15.433000
11.234000
10.165000
5.959000
7.614000
8.963000
8.271000
4.395000
7.990000
13.656000
11.720000
8.125000
7.468000
7.370000
15.130000
10.683000
10.886000
7.764000
14.304000
13.766000
12.404000
11.725000
6.141000
9.739000
12.502000
10.093000
11.547000
12.164000
12.151000
11.325000
12.977000
11.819000
16.022000
11.087000
16.942000
15.756000
13.883000
10.760000
9.111000
14.632000
11.965000
10.427000
6.188000
18.136000
5.746000
11.587000
16.534000
13.713000
6.879000
10.157000
12.142000
15.073000
7.538000
11.070000
17.626000
9.047000
8.049000
19.500000
16.144000
13.045000
19.134000
13.033000
10.455000
10.907000
17.991000
13.004000
6.339000
14.147000
10.505000
5.221000
13.997000
7.106000
13.973000
12.030000
13.132000
8.647000
12.622000
17.316000
11.551000
10.027000
3.863000
11.617000
16.457000
13.017000
7.503000
6.432000
12.432000
11.985000
7.650000
11.892000
6.713000
11.043000
9.789000
11.096000
14.330000
10.232000
17.021000
18.826000
10.536000
8.474000
10.955000
13.282000
7.291000
13.149000
9.157000
13.335000
14.112000
26.239000
8.028000
6.337000
10.173000
9.111000
12.283000
14.753000
18.524000
7.758000
10.538000
11.540000
12.862000
14.668000
11.717000
11.237000
14.058000
12.901000
15.704000
10.675000
20.837000
6.613000
14.734000
10.275000
16.471000
12.210000
12.925000
17.413000
13.886000
23.721000
5.303000
9.967000
11.192000
16.375000
9.984000
10.751000
8.272000
14.989000
9.549000
8.984000
16.715000
18.867000
11.579000
17.855000
8.741000
8.675000
9.236000
7.539000
12.411000
13.763000
14.483000
9.162000
15.016000
7.937000
5.872000
6.402000
18.189000
9.829000
14.311000
21.371000
13.574000
13.529000
11.037000
12.369000
11.645000
15.508000
19.911000
9.735000
15.267000
14.458000
5.842000
11.375000
7.354000
16.366000
10.449000
21.250000
10.656000
6.683000
20.475000
4.909000
11.824000
12.530000
9.096000
13.005000
7.205000
16.438000
14.058000
14.892000
13.872000
9.178000
16.550000
9.480000
8.036000
9.549000
9.653000
11.497000
8.071000
7.100000
19.444000
7.327000
16.241000
10.412000
11.318000
8.719000
14.889000
10.984000
13.224000
13.499000
15.985000
20.072000
19.026000
9.844000
13.456000
12.550000
12.553000
17.947000
12.332000
11.360000
12.409000
13.495000
7.931000
13.355000
4.992000
16.090000
11.402000
9.639000
17.949000
10.893000
9.858000
17.203000
11.865000
11.031000
8.243000
11.001000
11.173000
9.132000
14.780000
10.303000
8.947000
8.789000
11.302000
12.173000
13.000000
10.012000
15.478000
10.654000
14.799000
16.988000
14.470000
14.264000
9.471000
12.631000
14.591000
12.335000
12.036000
16.343000
7.705000
4.652000
16.472000
9.028000
6.776000
12.860000
9.456000
7.480000
9.924000
7.804000
17.126000
13.156000
17.519000
9.351000
13.297000
8.738000
13.197000
9.606000
12.034000
3.806000
10.181000
10.395000
13.175000
12.314000
5.438000
17.268000
9.387000
17.131000
13.474000
7.472000
9.466000
13.304000
11.070000
13.949000
8.998000
13.718000
10.839000
7.642000
12.579000
17.005000
14.588000
11.683000
10.460000
11.378000
12.330000
7.120000
8.570000
13.895000
13.603000
8.001000
21.869000
11.665000
6.047000
9.128000
4.051000
15.936000
6.246000
10.754000
14.683000
9.041000
11.592000
16.985000
9.458000
12.769000
14.236000
13.010000
6.787000
16.030000
14.834000
9.355000
13.072000
12.321000
14.300000
12.900000
9.458000
10.121000
17.850000
16.839000
20.058000
6.920000
14.612000
13.371000
14.330000
12.299000
13.086000
16.766000
11.776000
12.819000
15.548000
13.227000
11.320000
11.103000
6.047000
13.176000
12.571000
15.536000
22.490000
14.262000
7.435000
9.620000
9.808000
7.868000
12.391000
16.696000
11.662000
2.780000
16.759000
15.228000
13.712000
14.221000
9.734000
14.641000
15.076000
8.890000
10.140000
9.157000
13.537000
8.546000
9.331000
9.556000
8.018000
13.193000
22.300000
13.024000
8.558000
15.066000
10.637000
10.458000
4.330000
5.483000
5.894000
15.141000
15.079000
11.170000
10.515000
11.903000
12.171000
15.276000
5.220000
18.093000
18.676000
19.985000
16.551000
15.371000
17.356000
9.260000
14.579000
13.169000
15.136000
10.525000
16.562000
8.854000
12.988000
11.980000
16.573000
9.169000
5.469000
11.417000
17.036000
12.736000
12.233000
17.428000
9.478000
18.003000
14.343000
11.623000
15.218000
10.111000
10.511000
12.728000
13.963000
16.297000
15.337000
7.518000
8.069000
16.014000
8.704000
12.596000
10.401000
15.816000
19.674000
10.583000
21.079000
10.462000
20.758000
8.496000
6.004000
15.138000
9.704000
13.786000
12.383000
9.783000
15.223000
8.040000
13.549000
13.414000
6.577000
18.267000
14.745000
17.077000
10.183000
14.828000
20.559000
11.341000
14.481000
13.317000
13.711000
15.094000
12.470000
14.967000
20.602000
15.760000
11.479000
14.350000
9.058000
13.065000
15.121000
13.292000
13.120000
15.019000
15.163000
20.504000
12.606000
13.615000
16.350000
8.729000
15.259000
16.696000
12.390000
12.053000
15.550000
16.583000
15.666000
14.506000
13.660000
4.593000
18.491000
11.532000
17.834000
11.236000
9.207000
14.248000
15.447000
4.878000
16.883000
17.256000
9.375000
10.641000
11.460000
4.447000
14.089000
10.679000
8.127000
16.309000
11.052000
13.601000
8.935000
9.160000
10.856000
13.364000
17.022000
11.032000
11.580000
10.316000
7.352000
13.972000
12.911000
4.822000
11.146000
13.031000
9.969000
8.193000
14.891000
9.083000
10.186000
11.103000
19.435000
11.380000
11.704000
8.694000
9.080000
15.337000
9.446000
9.358000
14.162000
14.040000
14.311000
11.821000
20.381000
17.129000
14.006000
12.031000
10.429000
16.746000
7.523000
6.331000
11.649000
11.627000
14.686000
14.821000
6.312000
14.672000
11.289000
18.103000
12.308000
10.955000
12.662000
16.805000
10.069000
9.729000
10.685000
12.712000
13.826000
13.384000
11.600000
13.476000
14.863000
12.158000
8.102000
12.354000
12.383000
8.712000
13.342000
13.214000
13.170000
14.317000
9.180000
11.462000
9.942000
15.069000
14.316000
15.644000
11.706000
6.420000
11.786000
16.912000
14.903000
18.046000
14.128000
17.191000
10.229000
12.089000
15.300000
12.227000
14.002000
12.768000
14.307000
16.051000
16.383000
9.039000
18.140000
13.353000
14.805000
13.707000
13.482000
11.787000
13.665000
6.753000
10.477000
10.727000
10.813000
9.633000
3.286000
12.977000
8.058000
6.489000
9.997000
13.266000
15.583000
10.905000
17.107000
8.776000
18.680000
18.459000
13.581000
5.511000
12.139000
8.013000
13.932000
21.287000
15.919000
17.337000
17.046000
12.558000
12.462000
15.503000
10.881000
16.294000
16.315000
6.569000
8.448000
16.821000
7.059000
11.404000
10.078000
6.985000
21.182000
14.569000
16.320000
14.390000
10.958000
16.188000
15.728000
9.388000
14.183000
18.316000
10.752000
23.703000
19.882000
15.336000
14.628000
11.929000
14.809000
8.977000
18.749000
16.383000
11.129000
10.793000
13.556000
13.035000
18.555000
13.918000
10.966000
14.179000
8.248000
17.190000
13.004000
14.132000
15.460000
8.879000
13.595000
11.201000
6.420000
10.014000
14.790000
13.604000
5.837000
10.047000
10.176000
14.135000
12.346000
14.974000
16.783000
15.345000
11.142000
12.501000
15.022000
15.292000
19.292000
11.731000
11.513000
13.637000
14.778000
13.358000
8.847000
12.705000
16.212000
10.108000
9.255000
15.289000
7.936000
6.669000
14.513000
14.267000
17.093000
20.011000
16.348000
12.163000
15.152000
10.593000
18.815000
7.364000
15.826000
16.948000
10.808000
12.065000
14.736000
17.211000
15.842000
13.353000
10.179000
15.115000
6.407000
8.868000
13.854000
14.871000
10.280000
8.031000
17.420000
14.984000
12.272000
14.198000
14.037000
11.127000
11.705000
19.652000
17.144000
17.398000
14.793000
11.167000
19.111000
10.941000
7.739000
15.170000
9.801000
15.812000
10.658000
15.078000
11.831000
14.842000
12.004000
11.688000
16.165000
15.970000
17.565000
8.431000
14.133000
9.741000
15.840000
10.147000
16.238000
13.497000
15.720000
4.095000
9.067000
16.870000
6.332000
15.032000
11.484000
9.705000
12.740000
14.572000
18.547000
14.607000
7.695000
9.558000
13.447000
11.160000
8.193000
12.218000
9.921000
18.234000
17.862000
17.469000
8.791000
7.443000
11.298000
9.280000
7.748000
15.052000
16.747000
12.722000
12.202000
14.639000
17.541000
10.168000
12.565000
6.957000
8.061000
11.757000
15.808000
9.605000
17.145000
8.283000
11.817000
11.817000
10.160000
14.614000
10.708000
16.578000
0.524000
18.804000
13.027000
11.018000
16.831000
5.972000
6.433000
12.247000
14.126000
6.854000
13.506000
9.052000
9.567000
4.946000
13.899000
13.554000
4.932000
18.884000
3.380000
17.196000
11.453000
16.286000
18.468000
10.535000
11.555000
7.525000
14.305000
10.158000
18.774000
8.194000
13.915000
10.944000
17.049000
6.014000
10.101000
16.219000
12.188000
4.844000
22.136000
11.237000
16.173000
4.090000
14.293000
13.461000
9.602000
12.082000
16.191000
15.898000
12.491000
6.509000
22.346000
4.734000
7.293000
11.008000
11.639000
9.928000
12.678000
11.627000
12.246000
18.732000
22.413000
16.340000
17.096000
15.685000
7.680000
10.713000
7.659000
24.436000
14.104000
13.394000
17.394000
8.517000
17.097000
11.158000
17.775000
6.820000
12.943000
14.733000
11.629000
11.279000
7.679000
12.189000
12.769000
17.262000
14.612000
12.444000
12.673000
12.232000
19.667000
12.807000
14.656000
8.495000
5.180000
10.554000
12.059000
17.641000
16.289000
13.891000
12.119000
15.067000
11.633000
17.599000
16.949000
7.562000
12.799000
7.420000
18.403000
10.616000
14.162000
12.150000
4.978000
12.177000
6.966000
8.890000
12.371000
14.299000
12.711000
15.128000
16.138000
4.833000
11.398000
16.391000
19.001000
16.586000
15.620000
15.811000
12.975000
14.804000
14.156000
17.430000
10.045000
13.000000
13.482000
20.551000
23.415000
17.277000
18.386000
15.307000
12.497000
20.063000
20.345000
23.984000
16.682000
16.404000
14.414000
9.551000
9.754000
5.601000
15.751000
9.650000
12.128000
17.314000
13.160000
16.515000
17.771000
12.180000
15.357000
12.624000
14.659000
12.887000
19.555000
2.812000
27.167000
17.259000
14.492000
18.708000
21.836000
20.061000
13.769000
14.042000
8.789000
14.064000
18.643000
13.340000
17.770000
4.485000
19.637000
20.468000
16.959000
17.187000
17.066000
16.853000
21.420000
6.570000
15.783000
19.821000
15.160000
8.205000
18.426000
13.600000
18.192000
8.405000
15.880000
11.747000
12.585000
10.866000
15.700000
14.081000
10.010000
10.614000
15.993000
12.577000
6.854000
9.573000
7.954000
11.186000
9.947000
8.449000
7.559000
10.730000
10.186000
13.123000
11.745000
5.314000
12.256000
4.378000
14.077000
11.947000
15.048000
11.761000
10.619000
6.368000
8.204000
14.328000
9.512000
12.736000
11.499000
13.961000
8.367000
12.876000
10.119000
12.584000
8.343000
12.828000
16.990000
6.096000
6.121000
12.254000
8.544000
16.104000
8.589000
10.787000
8.932000
15.106000
7.754000
13.145000
6.521000
15.183000
13.097000
15.720000
9.385000
11.152000
15.123000
13.547000
11.825000
8.641000
10.583000
7.738000
17.440000
11.335000
19.413000
4.567000
12.083000
14.164000
14.566000
8.190000
13.733000
10.941000
15.081000
11.798000
8.423000
7.301000
11.414000
4.218000
8.790000
12.443000
13.044000
8.561000
12.550000
16.294000
6.910000
10.325000
11.101000
13.925000
15.259000
11.105000
8.958000
14.585000
12.891000
15.460000
9.616000
11.666000
8.255000
7.730000
13.673000
10.416000
8.654000
8.785000
9.933000
13.396000
9.287000
9.190000
9.852000
14.088000
16.519000
15.036000
12.642000
8.199000
8.434000
7.817000
14.789000
11.957000
18.625000
6.950000
9.513000
9.594000
10.310000
6.792000
11.099000
10.094000
11.153000
14.734000
10.216000
19.596000
21.522000
12.327000
8.795000
13.227000
9.614000
14.143000
15.680000
14.755000
11.095000
18.783000
9.840000
7.125000
10.867000
13.583000
10.378000
20.527000
9.287000
16.501000
10.454000
6.663000
10.689000
13.475000
10.962000
8.892000
8.946000
10.652000
11.322000
6.803000
9.409000
12.209000
12.612000
11.501000
13.277000
8.296000
4.893000
10.919000
15.192000
12.714000
8.117000
6.874000
10.806000
12.421000
12.982000
12.063000
12.622000
11.628000
10.996000
14.317000
12.000000
9.195000
14.294000
9.313000
13.238000
12.876000
12.989000
11.781000
9.458000
12.136000
9.184000
0.000000
18.256000
17.434000
4.363000
14.313000
3.077000
13.874000
15.791000
11.198000
15.086000
9.256000
11.128000
6.962000
11.088000
9.893000
9.052000
8.179000
10.251000
12.522000
15.037000
6.934000
14.210000
11.160000
11.727000
13.109000
8.214000
11.227000
12.565000
14.047000
10.921000
12.782000
9.122000
10.295000
9.282000
6.232000
6.931000
11.549000
5.407000
14.426000
6.234000
7.321000
12.112000
4.627000
8.181000
12.285000
7.486000
11.269000
6.437000
8.788000
20.124000
8.815000
9.452000
16.890000
6.092000
7.352000
8.838000
11.541000
10.453000
9.931000
3.336000
10.517000
12.007000
10.770000
10.428000
17.142000
5.033000
13.215000
18.849000
13.105000
19.060000
14.268000
5.844000
15.973000
6.595000
7.515000
7.540000
10.413000
15.837000
5.984000
12.541000
6.590000
10.825000
11.265000
11.060000
11.621000
7.289000
11.569000
6.142000
16.138000
11.886000
0.000000
0.000000
10.298000
7.119000
9.870000
5.437000
12.217000
10.204000
11.376000
9.788000
0.742000
0.000000
0.000000
12.377000
12.187000
7.341000
9.828000
0.000000
0.000000
10.745000
0.000000
0.000000
0.000000
0.000000
0.000000
0.000000
0.000000
0.000000
0.000000
0.000000
2.143000
0.000000
0.000000
0.000000
0.535000
0.000000
0.000000
11.132000
0.000000
0.000000
8.388000
0.000000
0.000000
1.155000
6.921000
0.223000
0.000000
0.000000
3.052000
0.000000
0.598000
3.071000
0.000000
1.814000
0.000000
11.770000
0.000000
8.146000
11.085000
0.000000
0.304000
4.158000
10.182000
5.306000
0.508000
0.000000
13.370000
4.837000
10.653000
11.854000
0.506000
10.728000
0.000000
0.282000
0.000000
0.000000
12.490000
7.980000
0.000000
12.541000
0.761000
10.383000
0.000000
0.000000
5.768000
14.401000
18.806000
0.000000
6.327000
0.000000
5.434000
15.994000
11.096000
14.820000
8.957000
9.154000
0.000000
0.000000
0.000000
14.242000
12.231000
12.158000
5.073000
0.000000
14.631000
0.620000
13.899000
13.413000
12.727000
8.083000
0.000000
7.966000
14.031000
6.353000
0.000000
0.000000
10.328000
0.000000
10.805000
9.387000
0.000000
16.505000
6.802000
5.684000
0.000000
0.161000
17.477000
13.613000
15.065000
3.674000
10.562000
0.000000
9.760000
1.544000
0.000000
9.292000
16.268000
15.093000
10.404000
1.780000
15.358000
5.183000
12.546000
0.000000
14.424000
11.227000
7.749000
8.916000
0.682000
11.828000
0.000000
11.334000
12.338000
10.396000
11.963000
11.106000
8.296000
0.000000
12.702000
13.619000
10.812000
11.500000
10.714000
11.820000
14.124000
10.736000
0.000000
11.293000
0.000000
0.000000
0.563000
8.282000
15.992000
0.000000
11.449000
6.593000
11.985000
14.270000
14.642000
17.669000
15.090000
14.191000
8.334000
5.979000
13.636000
2.309000
10.941000
0.000000
2.737000
15.527000
8.155000
0.000000
9.405000
7.795000
16.212000
5.856000
15.235000
14.712000
9.250000
18.527000
5.753000
8.226000
13.465000
0.952000
4.234000
8.704000
0.000000
0.000000
7.379000
11.522000
0.000000
14.159000
7.591000
13.058000
17.814000
7.230000
7.478000
12.975000
19.551000
17.566000
11.928000
11.630000
8.665000
11.632000
1.197000
6.307000
18.261000
18.396000
11.477000
18.200000
7.232000
12.376000
15.270000
9.152000
16.017000
13.541000
4.234000
11.566000
7.985000
16.117000
9.063000
11.576000
1.215000
11.816000
14.894000
13.297000
13.650000
10.736000
14.520000
8.420000
4.540000
15.316000
11.006000
0.000000
12.343000
18.436000
14.548000
9.180000
7.455000
11.374000
2.665000
8.207000
13.178000
10.823000
3.795000
4.532000
10.056000
22.784000
8.931000
12.956000
15.774000
13.896000
8.959000
7.092000
19.400000
12.054000
5.622000
16.067000
9.547000
15.295000
12.259000
11.131000
4.886000
10.262000
12.735000
9.364000
11.951000
12.078000
6.601000
10.911000
11.784000
9.862000
13.773000
8.700000
15.631000
8.722000
19.293000
10.041000
8.496000
15.452000
0.000000
5.175000
13.402000
10.385000
8.394000
8.530000
11.179000
17.246000
17.660000
0.000000
8.407000
10.212000
13.642000
10.327000
13.012000
9.095000
13.464000
19.380000
17.871000
12.759000
10.197000
9.742000
11.942000
11.559000
11.336000
13.613000
9.764000
12.212000
14.352000
15.638000
16.120000
0.792000
12.950000
18.292000
9.028000
6.960000
10.220000
15.910000
17.821000
15.460000
12.363000
14.229000
2.812000
17.859000
12.131000
0.000000
14.670000
16.831000
11.884000
14.175000
15.093000
7.024000
12.594000
16.635000
10.543000
13.675000
13.979000
19.703000
15.782000
4.038000
10.841000
11.805000
12.656000
10.109000
14.176000
16.187000
11.479000
12.388000
17.860000
14.181000
12.722000
15.594000
2.160000
14.494000
15.478000
16.014000
19.590000
12.193000
14.095000
9.634000
12.172000
13.952000
15.480000
10.787000
3.012000
10.927000
10.745000
15.789000
13.357000
17.593000
7.205000
16.522000
16.049000
7.798000
13.696000
10.333000
8.068000
15.866000
18.702000
16.800000
8.176000
19.304000
13.175000
13.626000
12.973000
13.297000
12.004000
11.819000
15.894000
7.685000
13.730000
10.928000
11.056000
2.453000
17.626000
16.006000
8.092000
7.453000
11.272000
13.033000
13.491000
13.014000
18.384000
22.580000
18.842000
17.248000
10.885000
4.237000
14.050000
13.124000
5.312000
11.626000
18.680000
12.439000
8.558000
12.441000
15.978000
9.625000
13.860000
15.468000
0.000000
7.146000
16.077000
9.803000
14.882000
14.479000
15.704000
9.392000
17.078000
7.523000
15.302000
11.912000
3.039000
5.420000
8.880000
4.689000
5.828000
2.678000
8.235000
1.324000
0.658000
9.707000
5.674000
13.010000
1.220000
6.154000
7.033000
1.593000
6.860000
3.689000
6.840000
14.763000
20.497000
13.146000
3.500000
5.402000
12.896000
6.059000
4.699000
1.522000
0.000000
5.378000
4.657000
3.902000
14.176000
20.349000
4.410000
1.268000
3.029000
9.293000
13.317000
14.530000
3.182000
0.000000
3.131000
0.247000
4.128000
3.443000
4.872000
2.342000
2.139000
18.366000
7.583000
1.433000
15.323000
6.833000
7.632000
4.808000
12.000000
6.216000
17.364000
14.324000
1.283000
1.397000
0.306000
11.287000
16.024000
8.077000
7.080000
1.119000
6.716000
16.235000
7.757000
7.431000
3.874000
18.218000
3.017000
4.322000
9.663000
3.338000
11.068000
10.807000
9.408000
5.817000
5.763000
3.793000
4.804000
0.308000
13.997000
20.246000
5.447000
20.519000
9.253000
15.641000
6.133000
10.345000
8.767000
3.131000
10.769000
11.910000
12.847000
15.525000
17.429000
0.000000
9.506000
1.668000
14.694000
15.189000
16.282000
13.880000
15.782000
14.155000
7.924000
9.492000
11.430000
8.668000
16.029000
16.634000
8.323000
15.992000
13.936000
2.446000
15.626000
11.086000
17.406000
19.513000
13.692000
13.649000
1.469000
5.436000
10.451000
5.275000
17.241000
12.970000
1.077000
2.542000
17.411000
15.773000
15.074000
17.483000
12.429000
14.264000
12.481000
16.365000
11.341000
6.178000
4.663000
3.930000
11.683000
17.307000
16.891000
7.105000
13.376000
5.941000
7.720000
11.773000
9.869000
11.757000
6.577000
8.337000
11.362000
17.884000
12.568000
12.575000
8.145000
13.963000
11.913000
21.024000
12.682000
17.962000
14.230000
8.352000
8.867000
3.158000
8.974000
15.269000
6.273000
17.123000
6.117000
9.612000
10.675000
14.852000
12.845000
11.773000
15.420000
12.034000
10.115000
12.982000
15.776000
10.020000
19.076000
14.188000
14.525000
14.317000
8.019000
5.774000
11.257000
9.675000
11.381000
6.279000
13.185000
8.624000
5.424000
9.640000
6.341000
7.995000
10.392000
16.262000
11.970000
2.653000
13.930000
13.020000
4.742000
2.827000
8.321000
10.025000
15.183000
10.584000
8.090000
7.620000
9.442000
7.550000
9.945000
11.998000
0.806000
20.662000
10.505000
11.651000
13.436000
10.776000
6.800000
16.983000
11.013000
10.919000
9.835000
10.564000
8.320000
12.585000
22.453000
11.979000
14.033000
12.393000
12.835000
9.287000
3.133000
7.567000
1.323000
7.248000
10.544000
11.030000
13.422000
11.332000
11.503000
4.868000
9.933000
20.836000
14.503000
16.901000
19.190000
10.477000
14.886000
19.346000
7.987000
8.119000
14.089000
14.907000
9.865000
7.747000
11.729000
19.545000
11.814000
19.034000
8.391000
17.849000
9.122000
7.063000
14.862000
20.092000
3.343000
13.321000
5.804000
11.381000
19.008000
7.038000
15.799000
0.000000
15.315000
13.790000
5.145000
0.000000
10.550000
5.585000
13.125000
15.104000
16.961000
11.196000
15.718000
11.462000
15.804000
8.582000
11.891000
11.099000
16.530000
6.865000
15.992000
8.345000
3.009000
11.205000
10.445000
12.716000
12.256000
15.007000
8.566000
7.451000
17.874000
9.281000
15.705000
10.433000
5.738000
11.295000
3.065000
13.917000
4.814000
12.394000
19.828000
9.684000
13.433000
13.344000
8.180000
7.398000
6.460000
13.789000
4.499000
21.536000
9.636000
19.746000
21.103000
12.296000
20.822000
14.440000
9.294000
13.658000
14.368000
12.036000
14.129000
5.856000
8.587000
10.613000
10.866000
19.145000
18.358000
13.311000
17.329000
12.038000
7.210000
16.248000
20.904000
8.334000
9.130000
7.757000
5.437000
10.158000
13.883000
11.932000
9.088000
11.265000
9.295000
10.762000
9.824000
8.531000
9.983000
20.392000
12.149000
11.760000
15.533000
11.012000
13.023000
17.186000
9.099000
8.583000
12.187000
13.064000
12.538000
22.140000
15.597000
8.950000
10.584000
14.242000
17.723000
15.682000
24.498000
7.540000
8.751000
14.089000
7.575000
13.432000
14.606000
12.509000
14.493000
13.096000
9.597000
12.673000
13.286000
4.516000
8.416000
19.083000
3.873000
11.622000
15.295000
15.287000
13.727000
10.400000
15.268000
15.366000
7.799000
18.481000
9.402000
13.536000
7.307000
7.439000
12.450000
0.000000
13.992000
9.727000
12.591000
17.643000
17.472000
13.181000
8.434000
10.965000
9.969000
11.190000
14.262000
12.304000
13.597000
9.255000
12.812000
7.052000
19.521000
12.231000
12.234000
10.783000
7.625000
16.362000
16.445000
14.317000
7.705000
16.852000
12.537000
14.599000
2.133000
10.758000
18.081000
14.574000
11.084000
8.990000
17.554000
8.485000
14.209000
17.662000
0.000000
18.725000
1.370000
16.065000
15.138000
1.007000
15.051000
10.966000
0.000000
11.879000
6.845000
14.062000
2.019000
0.000000
5.100000
7.172000
3.575000
2.202000
0.938000
10.359000
5.604000
0.816000
3.103000
12.885000
1.726000
5.263000
15.856000
16.490000
11.875000
3.521000
5.085000
4.818000
16.876000
0.655000
5.457000
5.305000
2.900000
2.494000
7.266000
4.834000
2.369000
5.671000
6.245000
4.375000
1.271000
14.049000
8.656000
3.313000
7.169000
3.877000
15.343000
5.294000
3.092000
0.264000
7.547000
10.352000
0.000000
5.285000
0.000000
7.245000
16.436000
19.816000
11.439000
0.269000
1.833000
11.026000
2.832000
13.674000
11.026000
10.294000
7.996000
9.987000
5.922000
12.069000
12.451000
12.486000
1.313000
11.761000
0.000000
14.827000
18.258000
14.047000
0.995000
11.258000
15.507000
18.112000
4.702000
1.307000
4.190000
5.734000
3.721000
8.613000
11.236000
13.485000
18.036000
14.154000
12.080000
6.544000
14.492000
4.687000
14.911000
10.967000
2.455000
15.202000
4.551000
2.440000
17.498000
14.771000
9.594000
9.591000
17.664000
5.275000
10.057000
12.544000
9.403000
15.980000
13.692000
2.120000
13.667000
10.839000
7.965000
7.434000
17.587000
18.530000
3.172000
12.852000
6.844000
11.879000
9.904000
0.010000
0.603000
10.427000
4.773000
4.033000
2.983000
2.758000
2.800000
15.538000
8.907000
11.099000
5.917000
4.218000
1.110000
4.372000
7.628000
6.018000
8.458000
6.446000
5.617000
11.900000
4.193000
8.470000
5.165000
7.135000
1.815000
1.723000
7.716000
5.746000
0.000000
13.789000
4.990000
0.000000
19.456000
2.216000
16.449000
6.281000
2.479000
11.115000
6.472000
16.769000
0.886000
7.178000
0.189000
6.165000
4.682000
5.273000
1.613000
9.588000
5.635000
3.241000
0.117000
17.105000
9.207000
1.658000
17.835000
5.223000
3.685000
3.246000
8.604000
8.500000
14.528000
8.105000
3.948000
8.516000
3.380000
2.795000
1.542000
2.997000
2.956000
20.151000
6.396000
3.791000
5.888000
2.268000
7.104000
5.836000
0.000000
3.804000
4.168000
4.966000
7.973000
2.355000
2.007000
3.500000
2.208000
11.298000
3.308000
3.254000
20.560000
0.725000
5.190000
0.032000
2.589000
5.845000
9.492000
7.020000
2.645000
11.425000
8.523000
5.018000
5.740000
8.756000
9.262000
7.424000
11.364000
4.622000
7.943000
13.312000
11.671000
17.692000
8.626000
5.606000
4.005000
8.296000
6.284000
3.551000
1.172000
6.540000
5.695000
11.651000
8.386000
12.527000
5.668000
15.996000
12.026000
7.665000
0.000000
6.908000
5.925000
2.263000
2.149000
8.761000
4.631000
6.738000
10.299000
12.610000
11.341000
4.537000
6.511000
9.690000
19.285000
4.133000
2.598000
8.676000
1.793000
8.577000
12.161000
4.058000
16.201000
13.533000
2.357000
7.248000
8.601000
8.914000
0.000000
11.800000
5.826000
12.071000
2.913000
14.175000
7.130000
10.113000
20.872000
6.541000
6.301000
12.657000
15.295000
3.062000
5.392000
7.723000
11.111000
4.196000
0.000000
14.679000
8.714000
7.876000
10.202000
5.581000
0.929000
5.236000
11.880000
6.030000
8.198000
1.115000
14.847000
6.708000
4.348000
7.131000
11.982000
10.616000
6.937000
1.508000
8.271000
11.149000
10.665000
6.658000
9.907000
13.969000
14.442000
5.415000
8.707000
11.564000
0.000000
1.122000
7.960000
1.893000
0.000000
12.582000
5.165000
6.177000
0.566000
0.648000
4.880000
8.873000
5.704000
0.476000
5.973000
6.398000
12.649000
5.469000
5.214000
6.778000
2.709000
0.000000
2.378000
4.566000
5.702000
2.948000
8.397000
1.456000
5.785000
4.398000
3.962000
0.000000
3.027000
3.795000
1.574000
6.777000
11.733000
0.324000
1.318000
0.579000
3.584000
13.088000
3.364000
5.634000
12.011000
4.695000
0.563000
3.337000
9.776000
3.924000
2.215000
4.013000
14.014000
4.042000
2.056000
9.712000
6.926000
2.727000
0.386000
1.735000
6.689000
4.898000
3.353000
3.696000
10.916000
10.190000
0.437000
4.735000
7.392000
5.167000
11.841000
7.552000
4.118000
7.283000
2.944000
7.081000
2.237000
7.912000
2.025000
4.377000
2.687000
3.069000
4.320000
3.343000
11.840000
12.675000
4.262000
11.091000
7.384000
11.348000
11.534000
15.877000
2.902000
2.657000
10.763000
9.561000
9.191000
9.860000
7.477000
7.809000
12.066000
11.150000
1.842000
12.815000
7.786000
4.968000
14.201000
2.696000
1.077000
16.317000
2.604000
13.754000
13.053000
11.822000
3.207000
8.623000
9.044000
1.150000
0.772000
9.475000
19.913000
17.749000
9.941000
15.967000
0.102000
13.807000
4.859000
11.897000
18.914000
5.735000
1.045000
4.721000
4.646000
0.000000
3.654000
8.991000
11.939000
13.703000
6.137000
17.981000
14.071000
5.531000
11.494000
6.572000
8.118000
14.698000
12.144000
9.868000
9.006000
3.278000
2.429000
5.906000
2.771000
7.023000
6.144000
14.590000
5.860000
14.542000
11.648000
16.697000
1.873000
15.776000
13.108000
8.398000
2.175000
4.963000
11.437000
10.825000
3.457000
3.054000
15.658000
4.151000
5.625000
7.860000
1.155000
10.460000
8.253000
11.047000
5.703000
10.850000
2.891000
1.918000
1.366000
6.887000
10.633000
2.971000
6.501000
9.627000
2.904000
3.639000
4.195000
10.015000
5.668000
5.675000
9.083000
13.890000
10.037000
9.181000
6.305000
7.564000
6.003000
6.684000
5.065000
10.145000
1.488000
3.714000
8.281000
5.004000
3.727000
7.047000
11.510000
11.005000
1.805000
3.242000
4.609000
10.572000
6.258000
3.396000
0.711000
2.675000
7.682000
6.016000
9.745000
8.305000
4.124000
7.289000
5.469000
1.981000
12.211000
8.948000
11.157000
5.991000
9.098000
4.196000
9.825000
4.273000
8.907000
6.656000
10.681000
11.897000
12.143000
5.223000
14.744000
7.132000
8.755000
6.413000
2.711000
0.738000
11.971000
5.926000
11.205000
15.946000
4.761000
9.133000
18.973000
5.586000
10.236000
16.466000
8.610000
4.167000
9.160000
11.640000
10.687000
10.245000
4.947000
12.935000
2.098000
7.822000
6.477000
17.124000
5.625000
12.442000
0.000000
12.501000
3.968000
2.826000
3.902000
10.474000
23.332000
3.538000
3.300000
15.382000
10.446000
3.994000
4.104000
17.218000
5.069000
9.896000
12.380000
3.904000
11.688000
5.310000
8.089000
19.044000
3.351000
14.220000
7.140000
9.212000
12.937000
19.238000
8.033000
10.126000
9.573000
8.286000
5.444000
11.054000
6.399000
2.285000
10.876000
11.498000
13.120000
4.628000
5.106000
5.302000
3.188000
6.887000
7.550000
12.517000
5.271000
3.230000
17.173000
12.445000
12.363000
5.503000
5.552000
5.764000
7.511000
10.349000
11.417000
9.636000
12.077000
7.867000
2.626000
7.750000
4.804000
3.449000
18.989000
12.752000
10.927000
10.993000
0.953000
5.184000
3.787000
7.332000
12.151000
7.067000
5.504000
6.790000
11.073000
11.510000
19.225000
11.752000
9.645000
8.821000
6.461000
9.414000
14.605000
10.522000
9.280000
22.421000
14.314000
6.142000
9.611000
5.536000
12.530000
8.075000
14.954000
8.972000
4.911000
6.594000
5.100000
10.925000
14.126000
8.304000
6.728000
9.711000
9.262000
5.228000
11.824000
3.789000
13.077000
19.798000
7.314000
11.884000
5.691000
3.074000
14.625000
11.841000
7.669000
6.184000
11.533000
12.261000
0.000000
16.132000
3.017000
6.307000
1.538000
11.431000
8.367000
13.887000
6.862000
10.490000
3.764000
10.738000
7.858000
8.156000
7.301000
17.594000
7.895000
9.698000
5.859000
7.425000
3.082000
8.774000
5.456000
11.236000
3.614000
4.361000
21.848000
9.311000
5.630000
3.491000
10.714000
6.283000
5.289000
8.337000
7.070000
5.811000
8.235000
3.779000
5.714000
1.981000
1.140000
5.687000
2.854000
4.017000
8.159000
1.926000
4.165000
9.790000
9.228000
0.000000
2.305000
5.881000
10.448000
3.254000
11.830000
4.481000
13.267000
5.143000
6.756000
5.648000
4.668000
4.172000
0.946000
4.264000
4.017000
4.935000
6.099000
1.062000
11.287000
7.072000
4.250000
7.592000
1.721000
6.512000
2.390000
7.179000
8.625000
7.528000
9.389000
3.677000
6.012000
1.567000
8.149000
5.852000
7.979000
12.352000
8.049000
6.100000
3.496000
0.603000
6.525000
11.491000
5.375000
3.697000
4.878000
8.501000
1.876000
6.210000
7.775000
7.865000
2.240000
2.938000
7.263000
7.982000
9.992000
7.695000
6.919000
4.759000
8.142000
3.408000
7.348000
6.253000
1.996000
5.548000
5.274000
12.569000
3.089000
1.718000
8.541000
13.548000
12.892000
2.294000
5.854000
4.859000
8.424000
2.609000
7.112000
3.242000
6.180000
1.944000
3.371000
6.846000
7.753000
13.203000
6.937000
0.185000
8.041000
6.017000
0.000000
8.490000
6.283000
7.342000
3.354000
8.885000
8.080000
7.468000
4.801000
7.213000
7.213000
9.117000
3.884000
6.108000
12.320000
4.669000
9.786000
7.607000
9.068000
8.005000
4.784000
5.721000
4.142000
3.375000
11.150000
7.509000
4.978000
1.746000
6.776000
12.166000
10.399000
11.967000
2.406000
5.694000
4.828000
1.647000
6.902000
7.521000
14.927000
6.435000
4.053000
4.801000
11.471000
2.130000
1.944000
1.556000
10.402000
2.539000
12.098000
7.305000
8.992000
11.630000
5.593000
9.234000
7.307000
15.423000
6.804000
4.794000
7.830000
9.340000
5.214000
7.590000
7.808000
3.795000
6.562000
14.530000
8.315000
9.052000
6.110000
8.850000
8.838000
9.970000
12.923000
9.164000
11.915000
10.012000
8.491000
6.407000
10.348000
3.558000
6.621000
9.128000
9.154000
5.301000
9.061000
3.807000
7.169000
11.982000
10.645000
12.400000
4.352000
4.224000
6.373000
6.665000
12.312000
6.524000
7.101000
13.454000
4.165000
5.386000
18.087000
1.473000
0.000000
2.728000
9.792000
6.321000
6.855000
2.995000
12.965000
6.559000
7.295000
6.944000
8.525000
1.883000
4.427000
5.404000
6.754000
5.811000
3.588000
7.434000
6.681000
8.397000
5.522000
6.150000
11.100000
4.348000
7.453000
6.569000
5.296000
8.254000
8.168000
4.082000
4.915000
5.429000
8.880000
12.028000
9.707000
8.354000
7.149000
5.335000
7.551000
0.000000
5.493000
13.478000
13.101000
9.175000
4.965000
9.960000
9.045000
5.316000
6.140000
7.929000
13.386000
1.410000
6.878000
2.262000
10.876000
4.659000
3.268000
10.171000
7.239000
8.450000
6.532000
8.091000
12.222000
7.190000
12.511000
5.167000
1.211000
6.580000
4.538000
6.446000
6.335000
8.499000
3.770000
5.987000
6.957000
8.082000
4.857000
7.006000
5.755000
8.326000
16.891000
8.033000
11.525000
6.007000
11.052000
8.244000
7.113000
5.195000
4.312000
12.031000
7.003000
7.698000
2.828000
5.543000
3.948000
4.645000
4.777000
9.590000
10.654000
7.529000
3.330000
5.202000
7.213000
5.397000
18.711000
8.980000
8.762000
7.114000
9.373000
0.000000
4.981000
8.296000
11.217000
13.120000
6.318000
11.626000
8.657000
7.610000
3.606000
5.986000
2.793000
6.299000
8.517000
2.689000
3.332000
7.017000
4.961000
6.793000
7.233000
9.629000
6.876000
8.776000
9.835000
7.250000
5.832000
9.006000
0.000000
6.129000
8.363000
8.855000
9.584000
2.081000
7.664000
8.026000
10.799000
0.000000
0.000000
8.326000
3.669000
1.156000
10.497000
0.000000
0.019000
9.242000
1.694000
11.601000
0.000000
2.282000
7.236000
0.000000
2.419000
4.608000
0.000000
0.000000
0.915000
3.527000
0.000000
0.000000
5.318000
0.000000
0.000000
4.974000
13.077000
0.000000
0.000000
0.000000
0.000000
1.191000
0.000000
0.000000
0.000000
0.000000
1.847000
0.000000
9.857000
5.877000
11.172000
9.183000
0.000000
1.520000
9.333000
0.691000
0.000000
7.261000
0.000000
11.621000
7.921000
0.000000
0.000000
6.813000
0.000000
4.123000
1.536000
3.483000
0.000000
7.628000
0.000000
3.014000
8.288000
0.000000
6.673000
11.221000
0.000000
9.131000
6.617000
6.377000
0.000000
2.300000
6.660000
0.000000
0.000000
0.000000
0.000000
12.179000
0.000000
2.530000
2.184000
0.000000
5.519000
9.707000
1.854000
1.404000
8.589000
5.290000
0.000000
9.403000
2.925000
0.000000
0.000000
1.650000
6.755000
4.513000
11.043000
3.344000
1.928000
7.552000
8.663000
5.523000
4.426000
4.274000
10.646000
9.015000
7.605000
3.269000
5.156000
11.537000
4.481000
0.279000
3.641000
6.625000
11.962000
0.000000
7.610000
9.692000
10.140000
0.000000
5.540000
7.701000
10.277000
0.186000
10.784000
2.132000
10.364000
4.975000
0.000000
2.186000
11.048000
4.658000
2.671000
5.835000
7.998000
9.435000
6.258000
0.000000
0.000000
10.528000
0.000000
7.436000
5.569000
0.139000
10.646000
7.153000
0.000000
8.115000
0.000000
7.452000
5.070000
4.522000
0.000000
3.119000
4.883000
0.000000
6.247000
8.007000
5.591000
6.864000
11.170000
6.360000
0.000000
10.054000
1.331000
2.412000
0.000000
10.106000
0.000000
7.038000
10.904000
3.942000
5.124000
6.679000
0.000000
5.800000
0.000000
10.444000
0.000000
6.158000
9.932000
8.753000
1.030000
1.660000
13.204000
2.165000
0.110000
9.303000
12.713000
4.562000
11.469000
7.553000
9.610000
10.725000
8.576000
8.681000
11.503000
3.575000
5.457000
7.827000
7.871000
0.000000
0.000000
5.389000
3.389000
0.000000
10.602000
3.257000
7.710000
8.107000
8.732000
6.156000
6.499000
5.996000
8.315000
0.000000
6.433000
4.047000
1.372000
1.094000
4.164000
10.718000
5.074000
10.549000
4.706000
11.669000
9.732000
13.668000
0.000000
8.245000
6.238000
5.583000
0.000000
10.808000
4.757000
6.302000
8.654000
5.409000
7.238000
3.882000
7.415000
10.324000
0.820000
5.296000
3.654000
10.400000
8.806000
10.997000
6.694000
13.036000
9.461000
6.664000
8.958000
6.566000
9.926000
10.737000
3.599000
7.723000
4.805000
2.013000
0.000000
3.113000
8.876000
10.130000
3.175000
8.239000
5.648000
10.197000
7.877000
7.411000
6.974000
6.726000
9.592000
4.264000
0.000000
5.597000
3.097000
5.921000
10.696000
3.889000
7.288000
6.239000
3.477000
10.345000
3.105000
6.613000
5.478000
2.773000
12.330000
3.032000
2.053000
1.253000
14.398000
2.767000
1.469000
3.301000
7.113000
0.000000
4.324000
14.745000
7.153000
15.007000
1.536000
1.675000
3.926000
4.507000
0.891000
6.199000
0.000000
5.190000
6.982000
7.692000
5.640000
5.359000
12.220000
0.000000
3.621000
8.995000
6.634000
4.744000
3.480000
11.676000
4.819000
3.392000
6.360000
1.827000
0.000000
1.560000
0.000000
1.747000
4.633000
0.000000
8.730000
8.353000
3.053000
7.929000
12.427000
9.664000
0.000000
3.433000
2.559000
1.335000
12.338000
4.545000
5.527000
7.587000
0.000000
4.104000
7.288000
11.552000
5.249000
9.628000
0.393000
0.149000
3.887000
5.807000
1.896000
0.000000
2.652000
4.255000
6.357000
0.148000
1.250000
8.513000
2.460000
14.753000
0.000000
8.139000
13.769000
14.093000
5.258000
1.663000
5.772000
0.298000
8.529000
9.092000
9.318000
7.352000
5.164000
7.714000
0.689000
2.921000
10.508000
2.696000
9.121000
14.061000
3.005000
0.070000
3.347000
2.710000
2.349000
3.512000
3.076000
15.894000
4.594000
3.804000
4.656000
9.143000
1.609000
0.000000
3.066000
13.574000
3.092000
1.771000
1.294000
3.619000
6.966000
15.794000
7.130000
10.521000
3.906000
12.744000
2.719000
8.104000
6.989000
7.096000
8.376000
4.028000
4.610000
7.434000
0.000000
2.984000
0.000000
2.367000
1.422000
0.000000
8.154000
12.879000
12.302000
0.000000
3.786000
2.631000
10.080000
11.395000
6.232000
8.395000
6.463000
0.000000
15.963000
11.140000
9.530000
2.908000
5.741000
9.346000
14.053000
6.396000
8.602000
4.887000
7.920000
12.746000
3.743000
10.020000
8.304000
6.577000
5.040000
2.383000
0.471000
3.929000
4.673000
7.964000
9.906000
4.215000
8.284000
8.539000
6.395000
3.882000
4.550000
2.542000
5.230000
6.945000
9.209000
0.352000
7.794000
10.395000
8.712000
13.896000
4.102000
2.367000
4.099000
11.369000
8.276000
1.800000
2.514000
10.640000
0.727000
14.537000
7.211000
0.848000
7.320000
10.965000
10.639000
5.012000
12.698000
5.956000
11.502000
1.954000
3.880000
4.807000
18.472000
3.709000
5.098000
2.126000
0.000000
5.376000
4.052000
6.094000
5.738000
4.605000
3.690000
5.100000
5.375000
7.349000
11.634000
3.378000
1.577000
11.029000
7.905000
8.312000
6.102000
0.079000
10.866000
9.987000
8.616000
5.317000
2.346000
7.544000
7.264000
0.000000
4.114000
0.000000
3.937000
5.474000
5.660000
0.000000
9.374000
0.000000
8.201000
12.454000
2.435000
6.895000
7.834000
2.123000
3.292000
6.780000
8.979000
6.918000
5.880000
5.400000
10.511000
11.928000
10.060000
4.533000
10.998000
9.877000
0.000000
8.507000
9.960000
4.232000
8.519000
4.019000
3.356000
0.000000
9.893000
13.178000
8.684000
6.540000
9.339000
2.080000
2.599000
8.718000
5.311000
10.394000
8.642000
7.352000
6.897000
9.044000
5.501000
11.757000
11.068000
3.256000
7.919000
9.598000
8.287000
2.092000
6.952000
10.398000
1.340000
7.218000
4.426000
4.563000
10.042000
9.898000
4.597000
8.175000
4.907000
6.791000
4.504000
10.108000
9.761000
0.428000
6.709000
7.226000
9.256000
7.012000
2.831000
12.581000
2.481000
15.336000
6.568000
8.129000
0.145000
5.703000
5.885000
7.811000
7.341000
6.269000
3.879000
5.310000
9.276000
10.191000
5.106000
6.878000
9.087000
6.433000
9.068000
3.470000
1.478000
5.489000
7.855000
4.551000
8.336000
8.622000
3.726000
5.397000
7.744000
4.448000
5.042000
3.798000
6.312000
3.806000
10.476000
3.039000
0.420000
2.001000
9.187000
4.523000
1.892000
7.280000
4.729000
8.780000
5.289000
7.831000
8.509000
4.311000
1.914000
7.559000
1.536000
1.697000
9.034000
8.016000
0.056000
1.624000
6.935000
4.035000
4.485000
2.785000
6.380000
5.486000
3.984000
8.832000
2.856000
1.557000
5.412000
13.360000
5.542000
5.529000
2.666000
10.185000
3.192000
8.837000
3.867000
0.000000
6.767000
0.000000
8.939000
2.606000
2.264000
3.974000
6.249000
0.000000
3.309000
8.472000
3.425000
6.359000
8.628000
7.230000
3.117000
8.191000
3.640000
7.458000
0.087000
6.258000
2.687000
9.605000
8.889000
5.033000
8.491000
5.310000
0.000000
7.243000
7.559000
14.211000
5.286000
9.705000
9.714000
0.000000
8.630000
5.931000
5.777000
0.896000
5.957000
2.641000
0.467000
12.724000
4.742000
3.950000
4.358000
0.000000
6.742000
8.429000
6.414000
4.593000
4.523000
0.000000
0.000000
4.499000
0.000000
0.000000
0.000000
6.275000
0.000000
9.581000
1.678000
5.183000
0.000000
0.000000
0.000000
0.000000
0.000000
0.000000
0.000000
0.000000
2.338000
0.000000
0.000000
0.000000
0.000000
0.000000
0.000000
0.000000
2.404000
0.000000
0.000000
0.000000
0.000000
0.000000
1.443000
0.000000
0.604000
0.000000
0.000000
0.000000
0.000000
0.000000
0.000000
0.000000
0.000000
0.000000
0.000000
0.000000
0.000000
1.443000
0.000000
0.957000
0.000000
0.634000
0.000000
0.000000
0.000000
0.000000
0.000000
0.000000
0.000000
0.000000
0.000000
0.000000
0.000000
0.000000
0.000000
0.000000
0.000000
0.736000
0.000000
0.000000
0.000000
0.000000
0.000000
0.000000
1.170000
0.000000
0.000000
0.000000
0.000000
0.000000
0.000000
1.078000
0.000000
0.000000
0.000000
0.000000
0.000000
0.000000
0.000000
0.000000
0.000000
0.000000
0.000000
0.299000
0.000000
0.000000
0.000000
0.049000
0.537000
0.000000
0.000000
0.042000
0.000000
0.000000
0.000000
1.052000
0.000000
0.052000
0.277000
2.699000
0.099000
0.000000
0.000000
0.000000
0.000000
0.000000
0.000000
0.000000
0.875000
0.260000
0.000000
0.000000
0.000000
0.000000
6.849000
0.000000
0.000000
0.000000
0.035000
7.449000
0.000000
0.000000
0.135000
0.191000
0.000000
0.000000
0.000000
0.000000
0.000000
0.157000
0.000000
0.000000
0.000000
0.000000
0.000000
0.000000
0.000000
0.000000
0.000000
2.296000
0.000000
0.000000
0.000000
0.000000
0.000000
0.000000
0.250000
0.000000
0.338000
0.000000
1.041000
0.000000
0.876000
0.000000
0.000000
0.000000
0.336000
0.023000
0.000000
0.000000
0.000000
0.000000
0.000000
0.000000
0.000000
0.000000
2.399000
0.000000
1.160000
0.000000
0.000000
0.000000
0.000000
0.000000
0.000000
0.000000
0.000000
0.000000
0.000000
0.000000
0.000000
1.335000
0.000000
0.000000
0.000000
0.000000
0.000000
0.000000
0.000000
0.508000
0.415000
0.000000
0.000000
0.000000
0.000000
0.907000
0.489000
0.000000
0.000000
0.000000
0.000000
0.000000
0.000000
0.173000
0.000000
0.000000
0.000000
1.102000
0.000000
1.192000
0.000000
0.000000
0.000000
0.000000
0.000000
0.000000
0.000000
0.000000
0.000000
0.000000
0.000000
0.000000
0.000000
0.000000
0.000000
0.533000
0.000000
0.000000
0.000000
0.000000
0.891000
0.723000
0.000000
0.000000
0.000000
0.000000
0.783000
0.000000
0.000000
0.000000
0.000000
0.000000
1.000000
0.000000
0.000000
0.000000
0.000000
0.000000
0.751000
0.267000
0.000000
0.000000
0.200000
0.000000
0.789000
0.000000
0.000000
0.000000
0.355000
0.000000
1.208000
0.000000
0.000000
0.000000
0.000000
0.000000
0.000000
0.985000
0.000000
0.000000
0.778000
0.000000
1.186000
0.000000
0.000000
0.000000
0.843000
0.000000
0.000000
3.203000
0.325000
0.265000
0.686000
0.452000
0.000000
0.000000
0.000000
0.000000
1.641000
0.000000
2.438000
0.000000
0.128000
0.000000
0.000000
0.000000
0.000000
0.005000
0.000000
0.000000
0.000000
0.000000
0.000000
0.000000
1.310000
0.300000
0.000000
0.000000
0.000000
0.000000
0.000000
0.000000
0.000000
0.000000
0.000000
0.000000
0.439000
0.274000
0.000000
0.317000
0.000000
0.000000
0.000000
0.000000
2.047000
0.000000
0.000000
0.029000
0.000000
0.000000
0.000000
0.000000
0.000000
0.000000
0.000000
0.000000
0.950000
0.676000
0.000000
0.000000
0.000000
0.000000
0.000000
0.024000
0.949000
0.000000
0.000000
0.000000
0.000000
1.158000
2.069000
0.000000
0.000000
0.000000
0.000000
0.000000
0.000000
0.000000
0.000000
0.000000
0.000000
0.000000
0.000000
0.000000
0.000000
0.000000
0.000000
0.000000
0.000000
0.430000
0.000000
0.207000
2.337000
0.784000
0.000000
0.000000
1.618000
1.525000
0.417000
0.000000
0.000000
0.000000
0.000000
0.000000
0.537000
0.000000
0.000000
0.000000
0.000000
0.000000
0.000000
0.000000
0.000000
2.193000
0.431000
0.000000
0.000000
0.000000
0.000000
0.000000
2.291000
0.119000
0.055000
3.349000
0.000000
0.000000
0.000000
0.783000
0.000000
0.654000
0.000000
0.019000
0.000000
0.000000
0.000000
0.000000
0.000000
0.000000
0.000000
0.000000
0.000000
0.000000
0.905000
1.280000
0.000000
0.854000
3.654000
0.388000
0.000000
1.280000
3.044000
0.000000
0.861000
0.000000
0.130000
0.000000
0.000000
0.000000
0.206000
0.664000
2.401000
0.000000
0.000000
0.000000
0.000000
1.165000
1.326000
0.000000
0.057000
0.000000
0.972000
0.000000
0.000000
3.304000
0.000000
0.000000
0.000000
0.205000
0.000000
0.555000
0.000000
0.000000
0.000000
0.000000
0.000000
0.000000
0.208000
0.251000
1.497000
0.005000
2.607000
0.679000
0.000000
0.000000
0.183000
0.000000
0.000000
0.000000
0.575000
0.000000
0.000000
0.000000
0.000000
0.000000
0.908000
0.000000
0.000000
0.000000
0.000000
0.699000
0.361000
0.000000
0.000000
0.000000
0.000000
0.167000
0.000000
1.880000
0.000000
3.636000
0.000000
0.000000
2.325000
0.000000
0.000000
0.660000
1.239000
0.000000
0.000000
0.000000
0.000000
2.438000
0.000000
0.000000
0.000000
0.283000
0.030000
0.000000
0.683000
0.000000
0.000000
0.000000
0.000000
0.000000
0.000000
0.605000
0.000000
0.000000
0.000000
3.271000
0.371000
0.000000
0.000000
0.000000
0.000000
0.000000
0.000000
0.423000
0.774000
0.000000
1.353000
0.000000
0.052000
0.000000
0.000000
0.708000
0.371000
0.000000
0.000000
0.760000
0.000000
0.000000
0.000000
0.000000
0.000000
0.000000
0.000000
0.908000
0.000000
0.000000
0.586000
0.019000
0.000000
0.292000
0.000000
0.000000
0.000000
0.000000
0.000000
0.000000
0.000000
0.000000
0.000000
0.300000
0.000000
0.000000
0.000000
0.966000
0.000000
1.817000
0.000000
0.000000
0.000000
0.000000
0.000000
0.809000
0.000000
0.000000
0.000000
0.000000
2.613000
0.000000
3.771000
0.000000
0.000000
0.727000
0.446000
0.004000
0.134000
0.000000
0.000000
0.000000
0.000000
0.000000
0.000000
0.000000
0.018000
0.000000
0.000000
0.284000
0.000000
0.000000
0.378000
0.735000
0.000000
0.000000
0.000000
0.000000
0.000000
0.000000
0.000000
0.130000
1.211000
0.000000
0.000000
0.000000
0.000000
0.051000
0.000000
0.000000
0.000000
0.000000
0.000000
0.410000
0.000000
0.000000
0.071000
0.000000
0.000000
0.000000
0.000000
0.000000
0.000000
0.000000
0.000000
0.000000
0.000000
0.000000
0.000000
0.000000
0.000000
0.000000
0.000000
0.000000
0.000000
0.000000
0.000000
0.000000
0.000000
0.000000
1.291000
0.040000
0.000000
0.000000
0.000000
0.000000
0.000000
0.238000
3.114000
0.000000
0.000000
0.200000
0.000000
0.000000
0.000000
0.000000
0.212000
1.827000
0.000000
0.000000
0.000000
0.456000
0.000000
0.000000
0.000000
0.000000
0.000000
0.967000
0.000000
0.000000
0.000000
0.000000
0.065000
2.679000
0.000000
0.388000
0.907000
0.000000
0.000000
0.000000
1.460000
0.000000
0.000000
0.000000
0.000000
0.000000
0.000000
0.006000
0.000000
0.000000
0.000000
0.000000
0.000000
0.187000
0.000000
0.006000
0.000000
0.058000
0.000000
0.750000
0.000000
0.551000
1.143000
0.000000
0.972000
0.000000
0.000000
0.000000
0.000000
0.000000
0.000000
0.000000
0.000000
0.000000
0.000000
0.000000
0.000000
0.000000
0.241000
0.000000
0.000000
0.000000
0.000000
0.000000
0.000000
0.000000
0.000000
0.000000
1.149000
0.000000
0.000000
0.059000
0.000000
0.000000
1.458000
0.252000
0.000000
0.000000
0.000000
0.000000
0.000000
0.000000
0.000000
0.000000
0.000000
0.468000
0.000000
0.000000
0.089000
0.000000
0.000000
0.000000
0.225000
0.354000
0.000000
0.000000
0.000000
0.000000
0.000000
0.003000
0.000000
2.775000
0.539000
0.000000
0.000000
0.000000
0.000000
0.000000
0.000000
0.000000
0.000000
1.096000
0.094000
0.078000
0.000000
0.000000
0.000000
0.000000
1.178000
0.000000
0.000000
0.338000
0.000000
0.141000
0.000000
0.000000
1.842000
0.000000
0.000000
0.000000
0.612000
0.000000
0.000000
0.000000
0.000000
0.000000
0.000000
1.131000
0.000000
0.000000
0.000000
0.000000
0.000000
0.000000
0.000000
0.000000
0.000000
0.000000
0.047000
0.000000
0.000000
1.644000
0.000000
0.000000
0.000000
0.000000
0.000000
0.000000
0.000000
0.000000
0.000000
0.000000
0.000000
0.000000
0.000000
0.000000
0.000000
2.352000
0.000000
0.000000
0.000000
0.000000
2.438000
0.000000
0.000000
0.000000
0.558000
0.000000
0.000000
0.379000
0.000000
0.000000
0.000000
0.000000
0.000000
0.000000
0.011000
0.000000
0.022000
0.000000
0.000000
0.000000
0.750000
0.000000
0.000000
0.000000
0.097000
0.000000
0.000000
1.864000
0.000000
0.049000
0.022000
0.000000
0.843000
1.460000
1.066000
0.000000
0.000000
0.000000
0.000000
0.000000
0.000000
0.013000
0.000000
0.000000
0.000000
0.237000
0.000000
0.000000
0.000000
0.000000
0.000000
0.000000
0.000000
0.000000
0.000000
0.000000
1.431000
0.000000
0.000000
0.000000
0.000000
0.000000
0.033000
0.000000
0.000000
0.085000
0.000000
0.000000
0.000000
0.000000
0.000000
0.000000
0.861000
0.017000
0.000000
0.000000
0.000000
0.000000
0.000000
0.000000
0.000000
0.000000
0.000000
0.000000
0.000000
0.000000
0.000000
0.000000
0.000000
0.006000
0.413000
0.000000
0.000000
0.000000
0.000000
0.000000
0.000000
0.507000
0.798000
0.000000
0.000000
0.000000
0.000000
0.005000
0.000000
0.000000
0.000000
0.000000
0.000000
0.484000
0.000000
0.000000
0.000000
0.000000
0.955000
0.000000
0.000000
0.000000
0.000000
0.271000
0.000000
0.000000
0.000000
0.000000
0.000000
0.000000
0.000000
0.000000
0.358000
0.000000
0.000000
3.136000
0.000000
0.078000
0.000000
0.000000
0.816000
0.000000
0.000000
0.000000
0.000000
0.000000
0.000000
0.000000
0.000000
0.000000
0.000000
0.269000
0.000000
0.000000
0.314000
0.000000
0.000000
0.000000
0.000000
0.000000
0.000000
0.000000
0.000000
0.000000
2.579000
0.000000
0.000000
0.000000
0.000000
0.000000
0.000000
0.000000
0.000000
0.000000
0.000000
0.000000
0.000000
0.868000
0.135000
0.000000
0.000000
0.000000
2.677000
0.078000
0.000000
0.000000
0.000000
0.000000
0.000000
0.000000
0.000000
0.000000
0.000000
0.000000
0.000000
0.000000
0.000000
0.000000
0.026000
0.000000
1.463000
0.000000
0.000000
0.000000
0.000000
0.000000
0.000000
0.000000
0.000000
1.626000
0.000000
0.000000
0.087000
0.000000
0.000000
0.000000
0.000000
0.000000
0.000000
0.000000
0.000000
0.000000
0.065000
0.000000
0.000000
0.000000
0.000000
0.000000
0.000000
0.000000
0.000000
0.000000
0.000000
0.000000
0.000000
0.000000
0.030000
0.000000
0.000000
0.000000
0.000000
2.805000
0.000000
0.444000
0.000000
0.000000
0.000000
0.000000
0.000000
0.000000
0.000000
0.000000
0.008000
0.000000
0.000000
0.000000
0.000000
0.000000
0.000000
0.000000
3.000000
0.000000
0.000000
0.000000
0.000000
0.000000
0.000000
0.364000
0.000000
1.621000
0.000000
0.000000
0.000000
0.029000
0.000000
0.000000
0.000000
0.000000
0.000000
0.000000
0.000000
0.000000
0.000000
0.000000
0.000000
0.000000
0.000000
0.000000
0.000000
0.000000
0.000000
0.000000
0.000000
0.000000
0.000000
0.000000
0.000000
0.293000
0.000000
0.000000
0.000000
0.000000
0.022000
0.000000
0.000000
0.000000
0.000000
0.000000
0.000000
0.000000
0.000000
0.000000
0.000000
0.385000
0.000000
0.000000
0.000000
0.000000
0.000000
0.000000
0.000000
0.000000
0.000000
0.057000
0.324000
0.000000
0.000000
0.000000
0.000000
0.000000
0.000000
0.000000
0.000000
0.000000
0.000000
0.000000
0.000000
0.000000
0.381000
0.000000
0.000000
0.000000
0.000000
0.000000
0.000000
0.000000
0.000000
0.000000
0.036000
0.000000
0.000000
0.000000
0.000000
0.000000
0.000000
0.114000
0.000000
0.000000
0.275000
0.122000
0.000000
0.155000
0.000000
0.667000
0.000000
0.023000
0.096000
0.000000
0.000000
0.000000
0.000000
0.000000
0.000000
0.000000
0.000000
0.000000
0.000000
0.000000
0.000000
0.000000
0.000000
0.000000
0.000000
0.000000
0.000000
0.000000
0.000000
0.184000
0.000000
0.000000
0.000000
0.000000
0.000000
0.000000
0.000000
0.000000
0.000000
0.000000
0.000000
0.000000
0.000000
0.000000
0.000000
0.000000
0.000000
0.000000
0.000000
0.000000
0.000000
0.000000
0.000000
0.000000
0.000000
0.000000
0.249000
0.000000
0.000000
0.000000
0.000000
0.000000
0.000000
0.000000
0.259000
0.000000
0.000000
0.000000
0.000000
0.000000
0.002000
0.000000
0.097000
0.000000
0.000000
0.000000
0.000000
0.496000
0.000000
0.000000
0.000000
0.000000
0.000000
0.000000
0.128000
0.000000
0.000000
0.000000
0.028000
0.000000
0.000000
0.000000
0.001000
0.000000
0.000000
0.000000
0.063000
0.030000
0.000000
0.000000
0.000000
0.000000
0.000000
0.232000
0.000000
0.710000
0.000000
0.000000
0.000000
0.000000
0.000000
0.385000
0.000000
0.000000
0.000000
0.000000
0.334000
0.000000
0.000000
0.000000
0.743000
0.036000
0.000000
0.000000
0.000000
0.764000
0.000000
0.086000
0.000000
0.000000
0.000000
0.000000
0.000000
0.000000
0.000000
0.000000
0.000000
0.000000
0.000000
0.000000
0.000000
0.000000
0.000000
0.000000
0.000000
0.000000
0.000000
0.000000
0.000000
0.000000
0.000000
0.000000
0.000000
0.000000
0.000000
0.000000
0.000000
0.000000
0.000000
0.000000
0.000000
0.000000
0.016000
0.000000
0.000000
0.000000
0.000000
0.000000
0.000000
0.000000
0.000000
0.091000
0.000000
0.000000
0.000000
0.000000
0.082000
0.000000
0.000000
0.000000
0.000000
0.000000
0.000000
0.000000
0.000000
0.000000
0.000000
0.000000
0.000000
0.000000
0.158000
0.000000
0.000000
0.000000
0.000000
0.000000
0.000000
0.000000
0.000000
0.000000
0.279000
0.000000
0.000000
0.000000
0.000000
0.000000
0.179000
0.000000
0.000000
0.000000
0.033000
0.061000
0.009000
0.000000
0.000000
0.000000
0.000000
0.000000
0.000000
0.000000
0.000000
0.000000
0.008000
0.000000
0.000000
0.000000
0.000000
0.000000
0.000000
0.000000
0.683000
0.000000
0.391000
0.000000
0.000000
0.000000
0.000000
0.000000
0.000000
0.000000
0.000000
0.000000
0.000000
0.157000
0.000000
0.000000
0.000000
0.000000
0.000000
0.000000
0.000000
0.000000
0.000000
0.000000
0.000000
0.000000
0.136000
0.000000
0.000000
0.000000
0.000000
0.000000
0.000000
0.000000
0.000000
0.000000
0.042000
0.000000
0.000000
0.000000
0.000000
0.000000
0.000000
0.000000
0.000000
0.000000
0.000000
0.000000
0.000000
0.000000
0.000000
0.055000
0.000000
0.032000
0.000000
0.000000
0.697000
0.000000
0.000000
0.000000
0.000000
0.000000
0.000000
0.000000
0.000000
0.000000
0.000000
0.000000
0.000000
0.000000
0.000000
0.000000
0.000000
0.000000
0.000000
0.000000
0.000000
0.000000
0.000000
0.000000
0.000000
0.000000
0.000000
0.000000
0.000000
0.000000
0.000000
0.000000
0.000000
0.000000
0.000000
0.000000
0.000000
0.000000
0.000000
0.000000
0.000000
0.000000
0.000000
0.000000
0.000000
0.090000
0.000000
0.000000
0.000000
0.000000
0.000000
0.000000
0.075000
0.000000
0.000000
0.000000
0.000000
0.000000
0.000000
0.000000
0.000000
0.000000
0.000000
0.000000
0.000000
0.000000
0.000000
0.000000
0.000000
0.000000
0.000000
0.000000
0.000000
0.000000
0.000000
0.074000
0.000000
0.000000
0.000000
0.076000
0.000000
0.103000
0.000000
0.000000
0.000000
0.000000
0.000000
0.000000
0.000000
0.000000
0.000000
0.000000
0.000000
0.000000
0.000000
0.000000
0.000000
0.000000
0.000000
0.000000
0.000000
0.000000
0.000000
0.000000
0.000000
0.000000
0.154000
0.000000
0.000000
0.000000
0.000000
0.000000
0.000000
0.186000
0.000000
0.000000
0.000000
0.000000
0.000000
0.000000
0.000000
0.522000
0.000000
0.000000
0.000000
0.000000
0.000000
0.000000
0.000000
0.000000
0.000000
0.276000
0.000000
0.000000
0.000000
0.000000
0.000000
0.000000
0.000000
0.000000
0.000000
0.000000
0.000000
0.000000
0.000000
0.000000
0.000000
0.000000
0.000000
0.000000
0.000000
0.000000
0.000000
0.030000
0.000000
0.000000
0.000000
0.000000
0.000000
0.000000
0.000000
0.000000
0.000000
0.000000
0.125000
0.000000
0.000000
0.000000
0.111000
0.000000
0.000000
0.000000
0.000000
0.000000
0.000000
0.000000
0.000000
0.000000
0.000000
0.000000
0.000000
0.000000
0.000000
0.000000
0.000000
0.000000
0.000000
0.000000
0.023000
0.056000
0.000000
0.000000
0.000000
0.000000
0.000000
0.000000
0.000000
0.000000
0.000000
0.000000
0.000000
0.000000
0.004000
0.000000
0.000000
0.000000
0.000000
0.000000
0.000000
0.000000
0.000000
0.000000
0.000000
0.000000
0.000000
0.000000
0.000000
0.000000
0.000000
0.000000
0.000000
0.000000
0.000000
0.000000
0.000000
0.000000
0.000000
0.000000
0.000000
0.000000
0.000000
0.000000
0.000000
0.000000
0.000000
0.000000
0.000000
0.000000
0.000000
0.000000
0.000000
0.000000
0.000000
0.000000
0.000000
0.000000
0.000000
0.000000
0.000000
0.000000
0.000000
0.000000
0.000000
0.000000
0.000000
0.000000
0.096000
0.000000
0.000000
0.000000
0.000000
0.000000
0.000000
0.134000
0.000000
0.000000
0.000000
0.000000
0.000000
0.000000
0.000000
0.000000
0.156000
0.000000
0.000000
0.000000
0.000000
0.000000
0.000000
0.000000
0.000000
0.000000
0.000000
0.000000
0.000000
0.000000
0.000000
0.000000
0.000000
0.000000
0.000000
0.000000
0.000000
0.000000
0.000000
0.000000
0.000000
0.000000
0.000000
0.000000
0.000000
0.000000
0.000000
0.000000
0.000000
0.000000
0.000000
0.000000
0.000000
0.000000
0.000000
0.000000
0.000000
0.000000
0.000000
0.000000
0.000000
0.000000
0.000000
0.000000
0.000000
0.000000
0.031000
0.000000
0.000000
0.000000
0.000000
0.000000
0.000000
0.000000
0.000000
0.000000
0.000000
0.000000
0.000000
0.000000
0.000000
0.000000
0.000000
0.000000
0.000000
0.000000
0.000000
0.000000
0.030000
0.000000
0.000000
0.000000
0.000000
0.000000
0.000000
0.000000
0.000000
0.000000
0.000000
0.000000
0.000000
0.000000
0.000000
0.019000
0.000000
0.000000
0.000000
0.000000
0.000000
0.110000
0.000000
0.000000
0.000000
0.000000
0.000000
0.004000
0.000000
0.000000
0.000000
0.000000
0.000000
0.000000
0.000000
0.000000
0.000000
0.000000
0.000000
0.000000
0.000000
0.000000
0.081000
0.000000
0.000000
0.000000
0.122000
0.000000
0.000000
0.000000
0.000000
0.000000
0.000000
0.000000
0.000000
0.000000
0.000000
0.103000
0.000000
0.000000
0.000000
0.000000
0.099000
0.000000
0.000000
0.000000
0.000000
0.000000
0.000000
0.000000
0.000000
0.000000
0.000000
0.000000
0.000000
0.000000
0.000000
0.000000
0.000000
0.000000
0.000000
0.000000
0.000000
0.000000
0.000000
0.000000
0.000000
0.000000
0.000000
0.000000
0.000000
0.000000
