18.950000
20.324000
12.519000
22.206000
17.979000
17.950000
14.418000
19.933000
21.130000
19.696000
10.603000
20.113000
14.607000
18.547000
15.168000
9.664000
18.627000
26.239000
9.544000
19.500000
14.552000
21.402000
16.425000
14.730000
17.214000
17.503000
13.102000
12.907000
17.455000
13.492000
11.064000
19.273000
15.126000
8.595000
11.174000
13.270000
14.036000
13.057000
11.010000
14.956000
9.069000
14.162000
14.176000
12.748000
14.427000
10.670000
12.362000
10.714000
12.489000
14.148000
16.279000
14.231000
12.155000
20.250000
12.698000
12.000000
15.685000
18.426000
13.198000
13.353000
13.887000
13.092000
11.749000
11.716000
20.028000
15.532000
18.136000
13.005000
21.530000
17.232000
17.835000
15.754000
13.964000
15.549000
9.451000
17.803000
10.629000
21.349000
10.207000
13.891000
20.977000
14.755000
4.129000
19.667000
9.396000
10.357000
13.257000
18.748000
20.803000
12.924000
12.946000
11.899000
11.723000
10.414000
12.781000
23.971000
14.626000
12.700000
12.798000
14.900000
9.856000
13.620000
13.508000
14.265000
13.547000
8.793000
12.635000
5.557000
4.185000
14.040000
13.754000
2.476000
15.018000
2.904000
12.460000
7.683000
3.391000
1.858000
1.464000
3.995000
5.502000
0.000000
3.492000
1.577000
6.154000
5.437000
12.420000
16.983000
6.545000
3.375000
4.928000
0.000000
2.126000
12.856000
2.987000
2.290000
3.842000
0.411000
5.822000
1.486000
3.773000
13.361000
3.016000
3.924000
3.408000
12.794000
15.689000
5.829000
2.955000
2.972000
3.902000
2.681000
7.431000
15.976000
0.000000
5.422000
4.105000
14.021000
10.556000
17.550000
15.863000
6.919000
12.722000
4.053000
2.460000
3.353000
12.622000
14.445000
15.411000
15.781000
2.495000
18.442000
6.436000
19.024000
16.809000
13.885000
4.517000
5.640000
16.155000
19.013000
11.461000
3.176000
4.408000
11.528000
5.289000
6.606000
23.754000
17.213000
5.018000
13.238000
12.316000
5.144000
3.967000
11.344000
3.227000
1.787000
5.377000
3.841000
10.196000
3.629000
14.978000
4.082000
17.937000
4.016000
3.452000
7.717000
0.970000
17.561000
14.289000
9.604000
11.095000
11.186000
16.831000
12.940000
11.129000
14.606000
4.095000
4.401000
6.076000
15.123000
1.117000
13.284000
15.048000
5.030000
15.355000
12.379000
13.615000
12.714000
3.747000
5.863000
6.570000
7.161000
20.424000
14.074000
15.460000
14.392000
8.654000
6.589000
13.277000
12.066000
13.746000
11.909000
0.933000
1.085000
12.885000
11.487000
18.061000
6.599000
14.368000
6.899000
14.941000
11.874000
8.255000
6.196000
9.593000
5.063000
10.962000
14.692000
8.589000
9.256000
5.589000
5.577000
13.751000
7.234000
7.223000
10.804000
11.186000
20.809000
21.476000
1.438000
8.795000
16.191000
5.512000
8.343000
11.691000
10.720000
7.738000
6.228000
13.109000
13.280000
8.367000
16.396000
10.772000
4.976000
5.124000
10.619000
9.573000
10.242000
16.743000
11.401000
10.655000
3.271000
4.699000
8.902000
5.350000
13.961000
9.107000
11.031000
7.433000
7.575000
11.318000
4.713000
12.256000
8.248000
6.966000
15.720000
12.891000
10.974000
12.352000
4.921000
10.330000
13.359000
11.062000
12.443000
9.476000
10.422000
10.183000
8.173000
8.682000
22.295000
14.566000
6.460000
10.614000
12.207000
18.314000
7.301000
13.732000
11.624000
4.283000
4.331000
7.799000
5.395000
2.299000
15.218000
16.570000
12.716000
10.530000
5.956000
12.550000
8.279000
18.509000
9.571000
14.328000
9.781000
12.453000
7.581000
9.495000
10.071000
12.377000
11.957000
8.691000
4.898000
12.884000
8.888000
7.150000
13.010000
16.621000
10.755000
11.101000
13.214000
6.963000
7.486000
5.202000
17.066000
6.962000
14.077000
13.233000
12.053000
8.878000
12.832000
12.723000
17.661000
9.809000
7.110000
10.788000
2.582000
13.893000
8.151000
9.419000
15.106000
12.848000
9.947000
12.046000
14.944000
15.690000
8.478000
6.501000
15.228000
12.077000
10.768000
19.210000
12.584000
18.716000
9.178000
13.633000
14.574000
14.016000
18.192000
10.164000
12.217000
21.179000
20.836000
8.204000
17.564000
4.373000
15.590000
11.947000
9.230000
7.138000
15.010000
11.977000
15.513000
18.403000
13.287000
12.523000
18.053000
19.734000
19.082000
6.168000
15.081000
8.219000
8.622000
17.049000
13.677000
12.962000
11.461000
8.464000
11.579000
8.129000
10.770000
13.747000
15.157000
6.673000
18.687000
10.316000
14.565000
15.751000
6.940000
16.990000
15.433000
15.096000
9.897000
11.318000
8.531000
15.411000
7.286000
13.917000
5.375000
13.099000
5.397000
13.412000
9.208000
8.862000
11.357000
9.212000
14.656000
6.121000
17.035000
10.641000
11.295000
13.485000
8.561000
10.364000
11.032000
15.249000
9.732000
6.043000
7.035000
11.374000
14.277000
6.521000
10.649000
12.809000
7.568000
16.270000
13.138000
15.753000
8.954000
5.792000
4.917000
11.651000
13.549000
14.891000
12.868000
14.880000
12.101000
15.294000
7.519000
14.626000
10.968000
13.469000
12.040000
16.176000
10.390000
16.448000
9.865000
10.730000
10.115000
10.923000
11.861000
9.416000
24.296000
8.333000
13.624000
18.013000
10.463000
11.335000
5.989000
12.172000
12.784000
17.491000
15.831000
8.240000
10.867000
7.478000
8.444000
8.374000
18.689000
4.995000
12.115000
14.162000
7.648000
4.571000
7.647000
8.554000
11.761000
16.713000
10.048000
17.899000
11.034000
15.446000
10.442000
8.930000
10.771000
17.254000
14.439000
16.089000
7.464000
6.366000
10.401000
10.745000
17.584000
13.711000
11.042000
16.651000
8.313000
14.513000
9.995000
16.725000
12.180000
11.295000
13.614000
17.792000
14.081000
13.026000
17.663000
10.308000
12.963000
13.019000
9.788000
16.203000
10.839000
2.785000
4.567000
9.420000
13.659000
7.078000
14.134000
20.773000
15.456000
7.905000
19.689000
17.743000
12.603000
13.154000
20.513000
10.173000
13.925000
16.120000
18.774000
9.019000
15.808000
18.080000
8.670000
19.963000
9.627000
13.487000
6.031000
12.230000
12.034000
16.756000
11.945000
10.449000
10.771000
13.354000
11.836000
13.698000
9.015000
10.895000
8.328000
10.589000
10.125000
7.155000
9.888000
12.112000
11.017000
10.937000
10.594000
7.735000
4.971000
10.380000
10.876000
12.323000
12.141000
14.638000
14.356000
10.742000
9.266000
16.133000
11.985000
17.407000
9.115000
12.864000
14.141000
9.278000
14.241000
11.393000
8.459000
12.961000
12.482000
8.241000
13.065000
9.587000
8.435000
9.431000
8.834000
7.232000
15.259000
12.214000
11.202000
12.264000
10.644000
14.639000
16.165000
15.376000
12.870000
16.275000
11.463000
9.954000
12.596000
10.664000
13.032000
11.401000
8.446000
13.302000
9.934000
11.671000
6.181000
10.696000
13.159000
7.591000
11.367000
7.896000
6.012000
9.512000
14.650000
10.254000
14.755000
11.722000
15.310000
18.077000
15.791000
12.100000
8.834000
12.005000
15.644000
18.964000
9.730000
11.373000
13.254000
11.931000
9.156000
14.904000
10.378000
14.351000
12.975000
15.960000
19.060000
10.789000
19.496000
7.737000
16.665000
16.351000
11.347000
4.669000
10.517000
12.752000
12.887000
12.740000
14.686000
8.810000
10.897000
12.855000
5.625000
6.437000
12.869000
13.215000
6.234000
9.647000
14.549000
17.155000
18.030000
11.092000
9.425000
12.142000
12.000000
5.006000
13.085000
9.039000
12.868000
9.271000
15.042000
4.378000
11.487000
13.105000
12.063000
18.493000
10.503000
16.254000
11.772000
9.953000
11.525000
13.296000
12.541000
5.773000
10.250000
11.198000
14.112000
10.888000
14.133000
7.486000
16.337000
8.582000
8.271000
7.448000
6.826000
14.503000
14.844000
16.009000
13.382000
2.494000
10.216000
6.629000
14.426000
14.003000
16.805000
9.513000
14.808000
17.964000
12.018000
17.167000
8.117000
9.923000
13.548000
10.486000
8.282000
11.791000
11.730000
11.972000
17.545000
16.492000
14.659000
13.026000
8.914000
17.131000
18.497000
13.542000
13.118000
2.278000
12.536000
6.691000
15.957000
8.293000
7.233000
22.017000
6.505000
16.372000
9.438000
14.287000
3.939000
9.687000
13.912000
12.777000
15.761000
12.254000
18.023000
11.666000
8.460000
10.393000
17.337000
12.251000
13.737000
13.990000
12.399000
7.857000
9.415000
8.147000
13.005000
6.401000
7.097000
12.731000
6.243000
11.211000
13.114000
15.760000
7.403000
6.072000
8.310000
21.306000
11.779000
12.424000
8.960000
23.161000
9.913000
9.381000
13.341000
19.356000
16.507000
7.591000
10.889000
10.235000
13.847000
5.859000
9.502000
9.136000
7.566000
9.011000
12.306000
10.353000
9.845000
8.809000
7.975000
15.329000
9.384000
8.537000
15.222000
13.699000
26.517000
11.087000
13.484000
10.044000
10.416000
13.025000
11.334000
8.532000
7.698000
15.925000
15.017000
19.236000
10.190000
11.771000
7.179000
13.918000
15.037000
10.374000
9.485000
12.484000
9.966000
12.166000
12.217000
11.425000
9.718000
12.211000
7.901000
10.096000
8.066000
9.496000
14.233000
6.492000
3.570000
6.798000
0.563000
4.358000
10.076000
7.695000
9.893000
9.328000
10.613000
4.311000
5.211000
11.910000
8.934000
12.124000
9.876000
9.367000
9.890000
7.481000
9.499000
14.813000
7.474000
7.123000
12.405000
7.029000
14.025000
14.863000
13.917000
10.439000
10.669000
10.877000
12.862000
8.643000
12.225000
12.398000
10.583000
11.178000
7.715000
5.547000
8.693000
4.928000
5.222000
16.563000
10.003000
7.432000
10.653000
5.964000
4.010000
10.023000
4.426000
11.113000
8.218000
7.225000
7.534000
11.761000
12.310000
14.608000
9.041000
13.673000
6.140000
10.502000
11.319000
11.999000
20.157000
15.839000
11.844000
11.945000
7.522000
13.298000
8.468000
11.961000
10.127000
13.290000
11.435000
3.888000
8.999000
7.224000
13.909000
5.986000
13.439000
9.867000
11.454000
10.790000
7.737000
13.875000
8.878000
9.885000
15.180000
5.880000
10.552000
10.022000
12.291000
17.634000
8.496000
10.624000
16.163000
12.344000
13.112000
9.807000
9.998000
10.452000
10.647000
8.871000
11.001000
11.108000
14.508000
14.020000
6.701000
5.588000
2.795000
8.613000
8.436000
10.492000
8.625000
12.181000
7.366000
11.006000
13.434000
9.881000
4.793000
14.344000
5.014000
11.890000
17.611000
11.943000
13.883000
6.544000
9.687000
11.978000
12.090000
10.386000
9.966000
11.086000
10.743000
7.364000
7.949000
10.423000
3.468000
14.075000
15.092000
10.664000
10.983000
12.485000
9.369000
13.075000
9.548000
10.272000
8.995000
8.361000
10.616000
11.428000
11.633000
7.833000
11.549000
9.272000
10.211000
5.519000
14.058000
14.591000
13.602000
14.528000
11.414000
4.907000
10.850000
12.115000
10.164000
7.977000
12.687000
5.571000
12.712000
9.457000
3.522000
14.330000
15.214000
15.445000
3.184000
14.062000
5.066000
6.047000
6.828000
14.286000
11.098000
9.901000
15.426000
9.068000
10.982000
8.385000
12.851000
9.325000
7.124000
6.691000
10.427000
7.636000
11.237000
12.562000
14.545000
11.420000
11.366000
5.526000
17.223000
8.829000
12.048000
10.176000
10.550000
5.576000
13.995000
11.916000
9.273000
12.843000
5.746000
12.930000
8.297000
10.734000
8.984000
4.632000
9.085000
8.394000
11.220000
3.662000
14.085000
8.259000
15.093000
10.583000
11.748000
7.764000
11.085000
10.656000
10.561000
3.257000
11.056000
7.564000
8.285000
5.616000
9.739000
17.650000
9.674000
6.141000
13.883000
7.291000
6.537000
10.232000
9.358000
1.794000
13.238000
16.093000
10.714000
13.152000
11.378000
6.615000
4.909000
12.358000
9.196000
12.759000
12.011000
4.198000
3.784000
9.306000
4.578000
11.181000
5.842000
7.468000
10.035000
9.174000
10.861000
4.093000
11.336000
9.967000
13.713000
10.053000
10.766000
7.584000
13.004000
10.111000
11.398000
10.412000
11.891000
9.435000
8.140000
9.549000
3.652000
9.080000
8.697000
13.133000
12.977000
8.125000
5.818000
5.068000
12.030000
11.547000
7.480000
7.920000
10.240000
13.766000
3.863000
6.458000
5.419000
9.597000
9.140000
9.945000
6.888000
5.040000
10.718000
7.290000
6.771000
10.044000
5.673000
2.787000
9.623000
6.612000
11.682000
7.713000
17.740000
11.547000
11.411000
3.500000
8.392000
5.271000
5.811000
8.336000
14.736000
10.664000
7.190000
10.764000
7.036000
12.150000
8.212000
5.572000
5.468000
11.661000
14.656000
11.178000
10.195000
9.689000
8.341000
11.181000
6.670000
7.069000
9.799000
5.647000
13.301000
6.475000
15.893000
10.358000
6.308000
9.245000
8.306000
8.627000
9.809000
14.060000
7.940000
13.421000
10.029000
7.521000
2.194000
11.626000
5.604000
8.770000
13.620000
5.826000
4.821000
3.354000
16.263000
4.060000
14.135000
5.229000
9.049000
8.305000
5.729000
12.411000
11.819000
8.172000
10.901000
6.009000
9.185000
7.602000
14.496000
12.410000
9.536000
8.684000
8.943000
6.353000
3.802000
4.596000
7.927000
6.886000
10.484000
8.836000
8.146000
10.964000
5.520000
2.385000
7.617000
13.199000
7.564000
7.262000
10.144000
11.227000
10.314000
7.503000
6.964000
12.353000
19.701000
5.532000
10.907000
10.806000
9.903000
7.530000
7.789000
7.200000
7.198000
6.209000
13.176000
11.043000
13.060000
9.458000
10.630000
3.691000
15.112000
9.973000
10.958000
11.574000
9.699000
18.616000
11.479000
8.653000
14.674000
7.085000
6.955000
15.804000
8.642000
12.138000
5.246000
4.496000
9.797000
6.968000
10.306000
7.422000
7.691000
18.836000
10.653000
16.703000
12.827000
9.557000
15.138000
22.345000
7.247000
5.956000
9.666000
5.273000
9.163000
6.993000
9.324000
9.417000
9.340000
10.391000
13.874000
5.583000
14.936000
4.630000
8.635000
17.898000
4.350000
12.627000
5.663000
6.647000
14.459000
12.754000
7.594000
12.470000
10.190000
9.426000
3.906000
17.765000
12.726000
13.342000
8.209000
11.237000
11.532000
20.136000
10.990000
11.402000
8.206000
9.728000
13.044000
17.298000
6.188000
13.206000
5.672000
0.000000
12.135000
12.390000
4.355000
10.401000
9.207000
6.479000
11.529000
9.014000
14.998000
9.693000
7.825000
8.948000
8.256000
10.751000
11.725000
8.489000
6.348000
8.460000
13.157000
9.536000
9.453000
8.204000
4.104000
11.145000
9.717000
10.548000
6.340000
10.172000
16.294000
4.412000
16.550000
6.574000
7.479000
21.023000
11.070000
11.380000
9.036000
10.112000
8.729000
10.819000
12.478000
6.680000
9.152000
8.868000
14.304000
16.759000
12.219000
8.645000
12.765000
14.770000
10.165000
8.423000
6.420000
19.668000
17.528000
10.856000
10.868000
7.370000
7.944000
11.185000
7.891000
9.863000
8.563000
12.348000
7.696000
9.427000
8.062000
12.874000
8.714000
14.042000
11.587000
6.402000
12.233000
7.819000
8.700000
8.387000
11.362000
9.735000
4.751000
7.429000
14.790000
10.941000
15.131000
15.919000
16.051000
17.259000
12.638000
9.140000
4.663000
14.734000
12.034000
12.898000
7.640000
12.316000
8.819000
9.111000
9.762000
16.896000
14.489000
3.614000
10.155000
11.391000
14.237000
20.901000
11.654000
13.348000
11.546000
15.756000
17.105000
13.023000
11.826000
6.339000
9.134000
9.012000
17.991000
6.879000
11.986000
15.499000
10.302000
17.461000
8.882000
13.304000
10.698000
8.001000
6.509000
14.683000
14.446000
8.956000
11.060000
9.462000
7.817000
10.512000
11.055000
11.347000
9.895000
5.971000
16.162000
8.259000
9.940000
9.738000
16.559000
11.134000
5.865000
9.355000
5.369000
14.015000
15.520000
11.683000
7.695000
14.224000
15.704000
17.625000
6.920000
13.718000
10.856000
11.903000
9.984000
8.822000
10.462000
8.496000
11.522000
12.346000
13.197000
15.088000
12.317000
8.760000
9.128000
9.200000
10.011000
11.192000
9.456000
12.745000
12.092000
15.056000
9.157000
9.463000
12.819000
13.668000
14.641000
7.705000
9.580000
12.112000
15.149000
7.533000
7.435000
11.553000
10.395000
18.977000
10.638000
9.387000
11.234000
14.323000
11.483000
10.983000
11.964000
11.665000
6.255000
9.578000
12.218000
14.588000
13.214000
7.822000
10.228000
7.169000
8.028000
7.165000
5.517000
9.306000
14.214000
12.375000
8.953000
10.685000
5.773000
13.083000
13.933000
10.756000
11.563000
10.298000
10.460000
11.943000
12.502000
10.183000
10.878000
17.713000
9.162000
12.644000
10.413000
10.517000
6.510000
11.164000
8.719000
11.551000
8.086000
9.875000
10.831000
10.027000
15.085000
5.215000
13.371000
8.039000
7.478000
9.483000
11.040000
10.060000
13.681000
8.965000
12.541000
14.967000
8.021000
5.536000
3.020000
11.753000
11.150000
8.332000
6.732000
7.829000
7.455000
11.892000
12.332000
11.820000
12.829000
16.535000
11.376000
16.073000
8.993000
9.743000
12.321000
12.784000
9.828000
11.740000
7.900000
8.002000
11.953000
10.498000
13.603000
14.312000
8.930000
12.514000
10.377000
7.077000
9.173000
12.861000
9.748000
16.340000
9.580000
9.178000
10.839000
5.494000
11.969000
8.039000
10.643000
6.414000
10.756000
7.009000
9.035000
10.896000
7.191000
11.541000
9.063000
7.639000
13.297000
7.364000
5.920000
11.512000
10.702000
11.940000
11.545000
6.902000
7.245000
11.472000
13.788000
10.157000
12.484000
13.149000
7.332000
9.433000
7.383000
5.684000
8.583000
4.797000
15.460000
12.890000
11.569000
8.249000
11.827000
15.259000
14.236000
8.253000
6.271000
10.825000
10.632000
5.509000
8.214000
18.468000
9.223000
16.897000
10.069000
15.763000
6.004000
8.389000
10.714000
10.354000
12.627000
17.184000
13.665000
8.948000
10.428000
9.041000
7.292000
14.885000
3.286000
7.008000
8.748000
12.581000
10.108000
14.030000
10.490000
9.890000
9.431000
20.637000
12.769000
13.537000
3.806000
5.844000
14.180000
14.186000
7.601000
13.215000
14.096000
10.693000
11.329000
9.207000
14.612000
10.232000
6.838000
15.092000
15.115000
10.727000
8.027000
8.428000
9.132000
4.805000
16.182000
6.633000
13.712000
8.068000
6.780000
6.092000
5.378000
12.413000
12.185000
10.053000
6.791000
12.579000
10.436000
11.781000
11.662000
6.752000
12.596000
13.180000
11.806000
7.036000
6.142000
7.534000
12.259000
4.627000
12.811000
14.058000
11.280000
8.849000
11.709000
12.000000
8.335000
12.571000
13.102000
7.957000
6.297000
11.156000
6.814000
10.204000
7.043000
8.980000
6.940000
6.063000
9.001000
16.416000
11.982000
8.536000
10.413000
11.690000
5.422000
7.731000
8.182000
7.589000
4.092000
4.754000
9.949000
9.150000
8.565000
10.974000
5.374000
13.971000
7.109000
7.359000
16.726000
2.130000
7.572000
5.080000
1.575000
11.110000
15.619000
10.261000
9.596000
9.077000
10.746000
9.000000
14.246000
6.580000
7.740000
6.760000
5.682000
12.847000
10.165000
14.181000
5.898000
4.889000
3.940000
10.479000
11.329000
11.763000
5.160000
14.471000
3.840000
12.271000
8.651000
4.243000
7.985000
8.939000
4.423000
6.422000
9.466000
7.256000
10.789000
4.321000
12.335000
9.394000
6.206000
12.678000
7.598000
11.406000
6.167000
9.533000
13.238000
10.583000
8.783000
8.047000
16.668000
14.845000
12.622000
6.481000
11.763000
12.377000
12.643000
11.124000
6.528000
12.165000
11.547000
13.044000
5.266000
8.417000
5.437000
10.181000
11.843000
7.451000
11.159000
6.000000
9.041000
6.316000
7.352000
14.443000
7.025000
9.864000
17.728000
10.516000
2.559000
9.909000
8.065000
8.145000
9.761000
12.057000
9.056000
7.155000
12.428000
19.895000
4.378000
18.749000
11.293000
6.516000
12.480000
11.708000
15.307000
16.974000
8.347000
7.528000
17.239000
12.332000
11.597000
11.944000
8.381000
12.837000
11.164000
9.343000
14.272000
12.180000
11.649000
8.659000
8.570000
4.978000
13.774000
15.826000
15.680000
4.840000
10.295000
7.968000
8.352000
6.403000
11.626000
10.340000
10.169000
15.422000
16.294000
14.832000
12.630000
13.177000
14.029000
8.575000
9.205000
7.020000
11.572000
8.815000
12.196000
9.409000
14.313000
8.536000
11.776000
4.271000
14.848000
8.704000
9.708000
18.214000
9.180000
9.976000
14.632000
8.542000
14.090000
21.152000
11.786000
9.429000
12.670000
11.636000
13.697000
12.352000
8.360000
9.399000
8.354000
22.681000
8.727000
7.292000
9.861000
10.453000
5.842000
7.943000
14.510000
9.870000
12.743000
15.589000
12.041000
13.967000
14.220000
8.626000
4.384000
10.835000
13.793000
7.404000
6.286000
15.488000
10.044000
12.172000
7.954000
10.769000
10.686000
6.602000
12.689000
10.526000
12.690000
13.474000
13.493000
11.016000
8.295000
13.354000
9.629000
11.879000
8.385000
8.984000
12.565000
5.602000
9.402000
6.193000
8.684000
12.235000
10.739000
13.428000
5.431000
9.020000
16.138000
9.495000
10.516000
14.343000
3.902000
5.929000
8.432000
11.157000
12.471000
6.620000
10.107000
10.089000
11.903000
5.314000
4.010000
12.136000
15.490000
12.763000
11.746000
9.924000
7.630000
8.360000
10.420000
13.726000
9.440000
17.034000
13.035000
9.052000
10.466000
5.510000
6.393000
11.462000
7.027000
7.583000
6.222000
12.706000
11.401000
11.886000
11.355000
13.840000
10.071000
10.179000
6.194000
7.372000
10.273000
8.973000
7.927000
11.623000
8.574000
8.079000
3.317000
7.124000
7.052000
17.546000
10.775000
10.437000
8.573000
2.469000
9.262000
9.116000
8.547000
9.885000
10.300000
12.582000
17.837000
14.457000
14.799000
7.632000
11.688000
10.035000
9.235000
13.205000
10.100000
14.080000
12.412000
12.299000
8.798000
14.313000
10.867000
6.711000
9.813000
9.375000
8.935000
13.067000
11.568000
10.012000
11.184000
16.772000
10.355000
15.911000
10.993000
11.989000
13.637000
10.813000
6.435000
14.268000
12.549000
7.869000
6.293000
16.617000
9.697000
12.642000
9.606000
8.357000
11.579000
10.377000
9.177000
12.468000
6.189000
8.987000
11.031000
11.502000
14.855000
16.346000
13.030000
8.945000
12.163000
5.455000
7.681000
11.703000
17.214000
11.414000
11.296000
10.357000
6.583000
13.541000
13.074000
15.421000
9.352000
11.851000
15.088000
15.882000
12.820000
11.654000
8.273000
15.679000
12.513000
9.217000
5.735000
16.252000
10.596000
9.497000
22.279000
11.519000
16.154000
11.563000
19.025000
20.821000
12.340000
11.877000
12.220000
14.889000
8.042000
15.770000
17.450000
14.064000
8.832000
7.376000
9.572000
12.881000
13.711000
11.165000
11.244000
9.846000
13.445000
7.129000
12.736000
6.859000
23.162000
10.482000
11.845000
22.326000
15.605000
11.420000
12.989000
12.868000
5.985000
14.474000
13.381000
8.040000
9.658000
15.575000
13.315000
17.447000
7.550000
7.411000
8.039000
7.236000
10.966000
20.951000
9.711000
9.997000
13.153000
12.657000
15.837000
11.114000
8.259000
11.776000
8.000000
10.913000
14.144000
17.036000
12.917000
12.021000
8.624000
8.621000
17.264000
5.360000
8.686000
12.923000
8.990000
13.085000
12.437000
11.798000
13.495000
13.198000
6.684000
8.565000
8.424000
14.560000
12.397000
11.674000
14.763000
8.442000
9.123000
9.037000
15.684000
9.730000
14.809000
13.831000
15.408000
6.159000
7.461000
10.275000
10.015000
12.782000
11.963000
9.697000
9.804000
6.339000
17.214000
10.073000
6.887000
8.041000
13.936000
12.379000
16.075000
10.906000
18.625000
8.420000
19.126000
8.240000
6.452000
11.227000
8.618000
9.747000
9.194000
12.909000
9.506000
7.298000
20.267000
11.508000
10.996000
13.267000
13.352000
10.067000
12.245000
21.723000
14.164000
7.239000
10.196000
14.963000
11.428000
9.568000
8.531000
11.944000
15.455000
8.798000
12.835000
4.377000
13.949000
21.358000
11.007000
19.031000
13.707000
2.329000
7.604000
12.188000
11.645000
9.452000
11.464000
13.963000
11.667000
12.036000
10.685000
12.299000
13.086000
17.933000
10.880000
12.694000
18.126000
11.020000
15.121000
8.624000
11.475000
12.760000
15.345000
14.378000
9.236000
15.273000
15.857000
8.011000
9.035000
8.033000
8.726000
12.177000
12.697000
14.242000
10.412000
12.385000
13.848000
11.015000
15.763000
9.153000
8.181000
12.811000
6.941000
13.435000
8.907000
11.686000
10.798000
11.577000
8.772000
11.335000
12.705000
12.663000
20.836000
13.656000
16.736000
15.478000
11.035000
15.902000
8.601000
9.251000
22.109000
8.891000
8.828000
15.370000
15.756000
20.263000
12.802000
10.618000
16.922000
11.037000
13.950000
13.000000
13.626000
13.235000
6.790000
15.965000
15.195000
11.645000
19.456000
10.934000
12.943000
8.963000
9.462000
14.654000
11.915000
18.143000
8.639000
7.404000
11.643000
10.537000
8.790000
14.216000
17.610000
9.178000
9.653000
15.867000
14.036000
23.394000
17.126000
10.678000
10.460000
11.232000
10.460000
14.104000
9.394000
13.836000
7.482000
4.854000
14.154000
9.398000
10.555000
12.664000
13.899000
8.727000
11.335000
14.805000
15.041000
9.392000
11.192000
12.987000
15.536000
10.497000
5.402000
18.752000
12.620000
14.888000
10.398000
10.082000
10.906000
11.068000
4.859000
5.274000
9.505000
9.181000
11.837000
7.859000
6.528000
11.026000
13.290000
6.531000
0.237000
13.770000
10.619000
3.670000
7.697000
10.083000
13.829000
12.796000
11.748000
4.011000
9.647000
7.022000
6.646000
6.742000
8.974000
7.777000
9.321000
8.490000
14.613000
6.378000
8.567000
1.794000
7.899000
4.405000
6.657000
6.284000
7.362000
5.540000
2.866000
10.297000
5.536000
9.267000
6.521000
11.961000
6.111000
14.330000
13.519000
10.238000
5.364000
7.561000
9.905000
10.842000
5.856000
3.023000
6.021000
7.398000
8.977000
11.432000
8.973000
3.791000
8.315000
12.094000
7.941000
11.368000
0.613000
3.353000
6.844000
16.019000
3.932000
10.657000
10.332000
15.442000
3.704000
9.573000
6.064000
1.323000
6.273000
9.429000
4.021000
11.854000
9.785000
5.333000
4.741000
10.089000
5.371000
12.489000
9.890000
10.083000
10.094000
9.851000
18.201000
5.979000
8.328000
13.145000
12.244000
14.449000
17.373000
9.296000
0.000000
2.985000
11.093000
3.994000
10.830000
1.668000
7.097000
8.954000
5.993000
3.131000
11.152000
10.743000
5.705000
3.424000
4.733000
7.621000
12.048000
11.313000
11.443000
17.624000
13.333000
10.547000
7.507000
14.757000
10.262000
11.338000
8.139000
10.544000
12.413000
0.000000
5.447000
12.599000
12.046000
9.352000
13.896000
6.507000
5.748000
9.990000
8.236000
7.094000
16.121000
7.419000
3.874000
12.992000
15.613000
18.535000
9.300000
12.392000
11.941000
3.864000
10.286000
7.553000
10.725000
10.484000
16.093000
9.179000
15.268000
10.170000
12.315000
4.009000
13.033000
2.405000
6.056000
15.958000
17.587000
14.258000
18.156000
14.481000
14.559000
12.085000
15.429000
10.333000
15.376000
11.654000
8.756000
8.914000
8.038000
8.089000
10.082000
7.503000
21.055000
9.960000
11.541000
18.140000
12.308000
11.536000
13.545000
14.112000
8.901000
17.165000
5.700000
14.347000
12.968000
17.565000
2.290000
16.103000
5.398000
4.530000
9.666000
5.489000
7.528000
6.988000
11.426000
10.809000
9.054000
6.886000
4.808000
10.801000
8.807000
0.000000
10.785000
6.924000
15.919000
7.455000
10.594000
10.397000
12.540000
16.822000
14.126000
11.483000
11.161000
8.699000
15.470000
9.483000
10.117000
5.886000
14.361000
17.015000
13.353000
5.837000
13.233000
14.168000
10.655000
11.071000
6.657000
12.227000
12.656000
12.516000
4.537000
11.343000
4.127000
10.379000
16.361000
16.501000
6.950000
7.333000
11.624000
16.550000
5.053000
5.977000
9.255000
6.017000
8.068000
5.881000
14.499000
12.040000
14.578000
10.754000
6.707000
10.074000
8.276000
4.166000
7.555000
2.113000
5.055000
9.743000
7.254000
8.362000
19.612000
8.854000
9.979000
7.574000
7.703000
4.373000
6.307000
7.384000
1.353000
9.434000
3.930000
6.359000
0.520000
11.110000
1.493000
7.282000
4.740000
13.334000
1.994000
11.616000
19.079000
0.184000
6.176000
8.271000
14.191000
7.658000
9.098000
12.590000
2.841000
4.765000
9.250000
6.962000
5.841000
2.578000
7.758000
3.790000
4.481000
9.065000
17.954000
11.736000
7.223000
7.030000
4.379000
3.259000
6.260000
10.704000
2.829000
3.562000
4.846000
7.146000
8.322000
8.374000
3.926000
6.056000
5.392000
2.400000
3.667000
0.000000
3.347000
1.939000
6.295000
11.939000
9.178000
11.113000
0.448000
3.313000
6.188000
4.827000
2.101000
2.232000
4.336000
0.982000
0.993000
0.000000
0.000000
1.216000
12.838000
6.047000
3.313000
10.015000
10.038000
2.797000
1.172000
1.429000
2.424000
4.490000
1.441000
7.825000
3.985000
8.290000
7.889000
0.000000
12.757000
5.791000
4.932000
6.178000
10.842000
0.000000
4.908000
2.229000
10.126000
0.000000
9.180000
4.875000
17.132000
9.763000
10.812000
7.572000
11.396000
0.000000
6.307000
1.897000
7.456000
0.955000
5.596000
8.401000
2.928000
11.585000
4.794000
7.590000
5.163000
7.982000
14.241000
10.124000
5.949000
1.609000
5.228000
14.181000
0.000000
0.668000
7.316000
0.718000
0.773000
3.781000
4.356000
12.228000
18.303000
9.039000
15.533000
0.947000
17.582000
3.885000
7.650000
15.188000
1.103000
17.395000
0.000000
16.609000
2.288000
4.923000
9.655000
1.729000
0.000000
0.805000
4.376000
10.173000
10.081000
9.801000
8.567000
3.336000
11.647000
10.555000
10.982000
12.013000
21.630000
9.233000
15.285000
6.797000
4.678000
8.546000
6.532000
6.534000
8.389000
11.097000
8.377000
6.518000
6.400000
0.000000
8.947000
5.123000
2.332000
11.475000
8.630000
5.461000
5.363000
14.542000
16.500000
10.380000
8.869000
11.777000
11.642000
10.601000
8.213000
1.600000
10.195000
10.526000
10.012000
3.911000
7.130000
11.361000
5.217000
19.956000
4.589000
11.918000
12.206000
10.603000
8.032000
9.023000
9.806000
18.026000
13.475000
14.363000
2.728000
14.572000
7.853000
15.266000
11.719000
1.812000
13.957000
10.400000
6.689000
13.260000
6.882000
7.564000
4.434000
17.211000
21.433000
4.742000
10.455000
14.066000
4.098000
11.451000
15.205000
15.304000
12.399000
19.940000
4.997000
7.809000
7.408000
17.299000
13.175000
14.612000
6.895000
15.860000
2.145000
1.338000
11.211000
14.548000
14.778000
0.000000
8.412000
6.251000
1.647000
4.134000
7.580000
5.657000
1.454000
3.846000
6.855000
12.919000
3.683000
17.142000
10.359000
13.303000
8.263000
4.286000
4.915000
12.677000
11.839000
15.653000
9.992000
12.796000
16.855000
3.538000
12.366000
14.090000
15.478000
10.456000
7.257000
6.447000
15.401000
14.875000
12.073000
15.146000
12.444000
14.463000
12.446000
6.196000
16.489000
15.268000
10.275000
9.545000
7.615000
7.429000
1.567000
8.190000
7.663000
6.261000
2.835000
4.377000
7.010000
12.868000
5.128000
12.911000
8.666000
9.225000
4.705000
7.281000
5.197000
4.250000
11.043000
4.821000
1.755000
0.617000
5.470000
3.278000
4.506000
5.860000
19.249000
6.247000
2.525000
5.355000
3.952000
5.405000
15.016000
2.974000
6.733000
4.898000
4.645000
6.540000
6.625000
2.997000
7.677000
6.499000
7.850000
2.215000
13.515000
15.973000
3.039000
7.972000
15.377000
14.435000
7.778000
0.000000
4.481000
4.533000
4.633000
6.355000
3.508000
5.469000
4.634000
12.697000
9.001000
4.291000
6.570000
15.481000
5.182000
16.148000
11.032000
6.361000
3.228000
5.830000
11.497000
15.036000
11.918000
3.272000
2.024000
6.416000
5.596000
7.657000
6.130000
2.944000
8.119000
11.019000
6.776000
7.180000
10.657000
2.922000
16.977000
10.689000
6.089000
2.443000
5.259000
13.622000
3.987000
6.527000
5.052000
12.722000
0.437000
9.053000
5.174000
5.891000
7.458000
2.758000
11.515000
13.457000
2.634000
0.184000
16.143000
7.153000
4.800000
10.516000
4.034000
1.181000
14.124000
11.357000
14.000000
9.344000
11.775000
16.574000
14.932000
6.337000
12.926000
14.850000
14.772000
8.986000
5.597000
5.728000
2.766000
17.748000
16.197000
7.292000
5.270000
10.474000
12.842000
3.038000
11.140000
16.858000
9.803000
15.415000
7.529000
14.721000
3.775000
16.943000
4.352000
3.961000
4.013000
15.223000
0.000000
9.386000
14.430000
14.545000
2.966000
1.915000
10.477000
13.422000
17.191000
13.443000
8.405000
12.526000
3.895000
15.953000
8.397000
10.727000
15.395000
15.134000
12.522000
9.123000
8.070000
15.126000
11.979000
7.888000
11.103000
7.026000
9.749000
7.205000
12.318000
11.224000
9.935000
11.673000
5.469000
7.420000
8.625000
12.471000
7.018000
8.624000
5.281000
9.423000
3.280000
7.841000
9.020000
9.031000
13.168000
6.278000
10.226000
12.086000
4.033000
5.348000
7.472000
12.188000
5.833000
14.753000
11.778000
6.951000
13.689000
9.072000
4.883000
8.485000
16.433000
8.071000
9.122000
4.082000
9.881000
15.965000
11.724000
8.051000
8.692000
9.246000
15.770000
11.930000
6.058000
6.828000
13.949000
7.060000
16.534000
6.839000
4.702000
6.632000
5.931000
7.101000
12.025000
14.834000
9.842000
7.249000
13.616000
7.230000
12.900000
7.825000
15.812000
14.740000
3.983000
8.917000
6.862000
7.046000
9.919000
12.240000
5.763000
15.910000
11.723000
13.043000
5.779000
17.555000
6.758000
8.081000
7.458000
4.930000
12.754000
6.434000
7.898000
7.034000
6.959000
11.857000
3.525000
4.729000
5.671000
3.437000
4.274000
9.067000
10.711000
11.420000
8.573000
5.902000
9.322000
10.140000
8.163000
9.095000
6.601000
6.530000
3.718000
4.279000
3.354000
8.457000
5.546000
10.505000
6.571000
2.517000
3.847000
11.044000
8.823000
6.188000
7.723000
9.493000
1.866000
1.150000
13.617000
9.382000
15.943000
4.199000
7.109000
9.087000
8.798000
4.519000
7.055000
8.961000
6.890000
4.410000
14.522000
13.729000
4.364000
11.991000
16.585000
12.429000
8.272000
7.401000
5.490000
7.822000
9.137000
8.825000
1.550000
6.552000
14.040000
13.355000
11.154000
3.509000
13.709000
11.865000
2.683000
7.520000
5.493000
5.606000
9.853000
17.947000
13.376000
10.985000
4.861000
7.568000
8.097000
5.495000
12.890000
12.477000
10.208000
7.942000
4.091000
4.654000
10.349000
5.934000
10.091000
8.125000
8.124000
6.932000
4.203000
18.027000
7.306000
11.925000
3.841000
6.671000
3.735000
13.313000
6.758000
1.717000
7.483000
2.683000
10.284000
8.675000
9.183000
0.000000
3.521000
7.565000
3.103000
15.406000
12.007000
6.370000
0.265000
8.854000
8.458000
8.147000
8.959000
4.121000
13.305000
12.409000
11.264000
5.555000
4.245000
12.343000
0.456000
3.686000
9.985000
9.402000
10.176000
8.862000
16.023000
8.838000
5.123000
10.914000
0.744000
11.673000
6.342000
11.617000
10.854000
2.394000
11.577000
12.706000
4.410000
4.771000
12.116000
15.384000
4.472000
4.734000
9.512000
15.912000
4.449000
9.752000
17.422000
12.799000
6.746000
11.540000
0.995000
5.329000
20.056000
1.849000
13.623000
14.201000
6.191000
2.436000
5.576000
10.101000
10.939000
15.276000
16.566000
1.113000
1.044000
7.529000
12.877000
13.923000
3.100000
13.868000
7.521000
5.238000
11.629000
4.773000
5.664000
10.146000
9.399000
10.889000
4.687000
5.596000
1.723000
9.324000
5.329000
13.776000
9.090000
5.727000
12.596000
13.372000
9.717000
2.549000
5.300000
10.093000
15.670000
15.569000
0.000000
15.861000
9.437000
3.842000
7.190000
2.342000
11.325000
15.868000
6.845000
0.000000
14.635000
20.082000
3.517000
6.308000
11.270000
10.266000
13.085000
4.707000
11.195000
10.364000
10.052000
14.286000
3.930000
9.351000
13.289000
16.579000
14.703000
6.843000
11.781000
9.351000
11.829000
0.000000
5.305000
10.194000
5.138000
13.317000
18.269000
18.982000
6.306000
0.000000
11.905000
8.592000
2.586000
3.118000
13.670000
11.394000
12.396000
17.277000
12.048000
10.301000
3.079000
11.419000
4.486000
13.949000
13.431000
7.848000
11.958000
12.936000
9.861000
13.282000
6.295000
10.768000
1.672000
12.854000
15.492000
7.172000
1.038000
0.181000
1.559000
5.477000
4.860000
6.026000
14.928000
1.804000
14.337000
5.040000
14.607000
3.326000
1.356000
3.505000
0.269000
12.164000
22.799000
5.539000
1.579000
6.059000
13.148000
7.236000
1.451000
2.163000
2.105000
3.307000
15.880000
4.190000
5.270000
4.433000
0.542000
3.889000
3.369000
5.819000
5.925000
1.736000
0.000000
0.000000
1.279000
10.894000
5.461000
0.414000
1.902000
2.412000
4.777000
3.609000
1.423000
11.860000
3.921000
0.000000
3.945000
2.918000
4.504000
0.000000
20.088000
2.663000
0.715000
2.901000
2.753000
11.871000
4.126000
2.113000
0.973000
0.660000
15.019000
1.949000
4.136000
0.000000
12.556000
10.630000
10.615000
3.963000
14.772000
9.851000
2.017000
15.841000
14.892000
0.228000
0.000000
3.017000
15.525000
2.488000
2.700000
8.702000
0.744000
13.399000
17.360000
13.924000
21.926000
17.373000
4.924000
4.921000
3.219000
1.566000
1.505000
11.511000
10.536000
10.574000
17.165000
8.943000
10.868000
6.355000
12.406000
11.886000
2.053000
10.091000
5.827000
3.709000
19.426000
13.399000
12.707000
5.951000
4.319000
7.804000
6.011000
11.264000
10.133000
17.087000
2.073000
0.054000
12.723000
2.874000
1.372000
1.830000
15.982000
1.328000
15.044000
12.173000
5.677000
12.136000
10.311000
7.496000
0.000000
12.265000
1.928000
13.384000
9.827000
8.965000
0.446000
5.292000
13.317000
7.425000
11.507000
11.587000
22.137000
11.720000
15.913000
1.985000
19.136000
11.626000
6.254000
5.813000
8.490000
6.461000
11.088000
15.280000
14.700000
5.081000
6.871000
16.194000
7.139000
6.948000
3.557000
10.224000
7.548000
13.332000
1.297000
8.288000
12.688000
5.278000
1.879000
10.606000
13.643000
12.057000
11.633000
12.288000
6.083000
11.033000
14.038000
15.225000
7.937000
13.555000
15.384000
14.384000
5.135000
4.444000
4.916000
4.060000
7.288000
9.894000
4.576000
16.465000
9.922000
13.474000
8.527000
8.616000
14.151000
3.634000
12.318000
8.810000
11.981000
17.167000
14.027000
17.717000
3.718000
7.690000
8.944000
2.472000
11.124000
13.243000
15.341000
21.635000
5.009000
12.209000
13.035000
11.625000
15.987000
13.567000
11.211000
17.266000
9.681000
17.589000
9.685000
7.474000
14.162000
14.204000
0.194000
14.676000
9.707000
17.316000
5.816000
13.506000
11.473000
10.491000
6.640000
2.964000
1.740000
11.032000
3.205000
4.370000
12.471000
11.475000
4.585000
10.268000
9.959000
7.833000
18.521000
13.835000
12.806000
11.104000
11.350000
4.928000
4.790000
6.945000
13.813000
11.864000
11.131000
8.811000
8.933000
8.273000
15.963000
5.253000
1.529000
8.121000
16.339000
4.541000
2.780000
1.401000
3.623000
7.314000
18.141000
1.025000
2.463000
7.014000
10.361000
8.233000
10.222000
6.257000
10.536000
7.713000
6.496000
9.683000
4.080000
12.698000
10.535000
13.190000
6.453000
4.477000
2.508000
16.682000
7.665000
7.568000
9.175000
2.294000
3.553000
5.428000
7.960000
5.680000
4.811000
6.880000
17.352000
15.345000
9.588000
18.538000
5.244000
7.994000
6.144000
9.760000
7.867000
7.287000
5.657000
12.209000
7.761000
11.026000
19.788000
11.617000
8.947000
5.412000
16.251000
0.187000
1.793000
4.448000
13.864000
4.395000
11.746000
4.011000
10.359000
4.245000
5.821000
1.888000
5.762000
0.574000
1.571000
15.340000
14.147000
10.988000
8.754000
7.075000
7.559000
10.176000
6.079000
4.736000
13.003000
19.698000
6.253000
8.153000
14.185000
11.263000
11.855000
6.756000
1.994000
8.340000
4.702000
8.652000
8.686000
7.332000
10.354000
9.040000
5.555000
2.448000
17.199000
1.672000
9.657000
0.000000
5.210000
11.416000
6.998000
11.146000
7.549000
3.842000
12.183000
4.426000
12.246000
5.773000
12.497000
5.979000
5.371000
14.317000
4.398000
5.110000
11.861000
12.145000
10.954000
11.625000
6.526000
15.885000
10.419000
4.762000
6.598000
8.563000
10.976000
12.043000
5.721000
10.564000
5.776000
7.197000
4.547000
13.451000
9.799000
17.623000
12.052000
12.321000
8.517000
10.021000
6.706000
10.327000
5.110000
7.975000
6.983000
5.300000
5.114000
8.909000
9.555000
8.375000
1.376000
12.521000
10.563000
13.783000
7.083000
6.222000
7.472000
5.273000
7.227000
5.416000
5.725000
17.336000
6.835000
5.445000
10.402000
14.488000
10.834000
13.181000
3.308000
10.076000
8.681000
7.406000
6.598000
4.910000
19.118000
8.541000
7.167000
8.964000
20.540000
8.266000
5.924000
16.092000
4.306000
6.873000
9.760000
9.783000
8.763000
4.270000
14.085000
5.913000
12.955000
7.503000
7.681000
12.436000
8.482000
6.760000
9.066000
7.394000
1.772000
2.268000
13.126000
7.002000
6.978000
5.415000
6.829000
13.494000
8.515000
6.751000
16.917000
9.925000
7.544000
15.700000
14.908000
7.018000
15.145000
10.660000
3.122000
6.373000
6.618000
21.874000
9.314000
11.083000
2.373000
19.709000
10.351000
20.834000
4.080000
12.813000
3.929000
14.313000
7.361000
3.934000
4.184000
3.571000
7.299000
7.558000
16.037000
3.955000
16.772000
21.619000
19.343000
6.612000
9.268000
11.244000
8.872000
1.697000
8.682000
12.651000
14.733000
14.486000
19.555000
11.857000
7.497000
7.791000
9.506000
10.268000
4.237000
21.539000
18.034000
13.521000
10.242000
21.233000
11.034000
7.845000
18.771000
7.447000
14.916000
9.645000
13.476000
9.618000
9.744000
8.372000
15.980000
10.391000
18.338000
9.372000
13.952000
13.707000
11.976000
17.547000
22.663000
14.005000
12.084000
8.703000
13.203000
17.022000
8.136000
12.936000
15.335000
12.588000
5.007000
13.675000
8.698000
13.815000
8.625000
11.094000
17.890000
21.540000
8.577000
12.056000
7.133000
11.896000
20.166000
14.192000
7.531000
12.911000
10.515000
11.966000
17.251000
7.682000
9.613000
4.447000
11.684000
19.568000
11.623000
19.541000
11.930000
18.521000
15.547000
6.489000
7.621000
12.153000
19.326000
15.320000
9.904000
14.137000
7.379000
15.368000
18.643000
4.385000
14.839000
13.604000
13.156000
12.941000
7.331000
10.396000
10.397000
16.003000
8.915000
12.832000
13.973000
14.589000
12.744000
15.631000
5.792000
15.534000
10.303000
16.122000
15.755000
15.335000
14.483000
10.550000
17.190000
14.903000
6.979000
7.287000
21.869000
13.514000
12.768000
14.317000
14.994000
17.403000
13.469000
14.596000
9.064000
15.666000
14.261000
9.729000
15.073000
18.827000
15.456000
11.413000
14.569000
12.308000
10.179000
15.357000
19.824000
19.090000
2.029000
14.874000
10.421000
20.504000
5.711000
5.511000
20.634000
10.078000
15.632000
21.158000
10.270000
6.331000
5.957000
13.031000
6.420000
18.256000
14.149000
7.098000
14.151000
19.907000
16.666000
15.073000
9.638000
14.471000
4.182000
14.248000
10.679000
5.749000
20.538000
19.676000
7.059000
12.782000
10.449000
13.861000
14.743000
14.686000
21.846000
2.737000
5.598000
12.977000
10.582000
8.556000
14.598000
11.177000
20.046000
6.312000
15.447000
4.368000
14.901000
13.915000
16.689000
10.411000
6.226000
15.842000
8.129000
9.669000
9.058000
11.490000
6.280000
10.724000
11.341000
22.234000
12.624000
16.117000
14.909000
10.211000
11.897000
8.248000
7.283000
9.358000
3.816000
11.032000
0.000000
24.657000
19.963000
4.998000
15.094000
16.747000
19.993000
10.440000
6.024000
23.169000
9.942000
11.727000
9.808000
10.683000
12.409000
12.049000
17.064000
11.679000
15.553000
15.160000
13.972000
8.404000
14.984000
16.049000
21.494000
17.129000
16.138000
13.749000
11.116000
14.933000
9.969000
14.332000
9.633000
8.977000
15.634000
10.678000
11.532000
12.227000
17.582000
10.149000
13.615000
10.065000
13.214000
7.055000
16.606000
9.852000
10.429000
9.864000
16.898000
10.385000
9.280000
4.814000
18.496000
11.627000
11.929000
11.925000
13.530000
14.006000
13.598000
18.329000
10.752000
12.620000
12.740000
10.638000
4.025000
16.805000
14.367000
9.373000
3.833000
13.982000
3.349000
19.755000
11.726000
16.111000
16.054000
7.936000
14.672000
8.102000
16.014000
14.162000
8.756000
18.155000
3.832000
9.091000
6.318000
11.985000
0.000000
14.101000
17.043000
15.183000
10.690000
15.218000
0.000000
7.722000
15.778000
14.500000
16.320000
13.602000
10.488000
14.691000
5.319000
10.440000
16.204000
14.808000
15.106000
7.135000
10.642000
14.842000
10.214000
4.116000
13.269000
11.386000
11.540000
14.311000
6.809000
12.606000
7.987000
8.013000
20.784000
14.128000
10.509000
17.053000
15.528000
13.834000
6.107000
14.739000
0.000000
6.407000
11.788000
11.249000
17.045000
7.518000
6.451000
16.138000
12.476000
16.320000
0.000000
4.637000
20.327000
17.561000
12.494000
11.404000
11.214000
10.908000
0.000000
16.122000
14.668000
15.818000
12.391000
16.858000
12.212000
0.413000
12.891000
0.069000
1.178000
0.000000
0.000000
10.804000
6.123000
9.620000
0.000000
3.928000
0.000000
8.712000
0.000000
10.329000
17.328000
8.959000
0.000000
12.617000
0.000000
1.265000
0.000000
8.796000
0.679000
0.000000
0.000000
8.538000
0.000000
0.000000
19.102000
0.000000
0.000000
2.143000
0.000000
0.000000
9.245000
9.833000
4.199000
0.682000
0.000000
2.430000
0.000000
0.000000
0.000000
0.000000
9.811000
11.084000
19.641000
1.603000
16.864000
8.271000
0.000000
0.000000
0.000000
12.160000
0.000000
1.814000
10.067000
1.377000
0.000000
5.220000
0.000000
0.000000
0.000000
18.023000
0.000000
18.273000
0.000000
0.000000
0.000000
0.000000
4.825000
0.000000
0.000000
11.868000
1.326000
1.256000
0.000000
0.000000
6.500000
13.158000
10.271000
4.989000
2.614000
3.297000
0.000000
0.000000
0.000000
0.000000
6.577000
9.937000
0.000000
3.511000
4.178000
4.431000
2.488000
18.043000
0.000000
8.062000
13.698000
0.000000
3.179000
17.558000
0.000000
3.255000
0.000000
7.719000
7.684000
14.202000
7.091000
7.527000
11.976000
7.065000
8.723000
13.563000
1.242000
0.000000
14.778000
2.858000
0.000000
0.000000
11.238000
5.993000
13.503000
0.000000
0.164000
10.256000
6.835000
10.863000
4.190000
0.000000
0.000000
0.000000
0.000000
4.333000
6.331000
7.432000
9.675000
4.283000
9.857000
0.000000
0.000000
9.076000
12.065000
11.153000
6.602000
5.518000
13.571000
9.375000
8.329000
0.000000
0.000000
8.655000
5.191000
10.881000
4.885000
3.487000
5.051000
0.000000
2.178000
0.000000
3.504000
2.989000
13.526000
3.820000
5.301000
14.795000
6.099000
6.376000
8.968000
12.870000
0.000000
6.790000
0.878000
12.532000
0.000000
1.891000
7.348000
5.431000
4.190000
0.000000
3.087000
7.826000
12.345000
6.047000
2.714000
0.000000
0.580000
0.000000
0.001000
5.799000
12.532000
0.686000
0.000000
4.023000
4.126000
0.000000
7.976000
3.681000
7.172000
0.000000
1.770000
9.895000
6.324000
4.850000
4.415000
1.778000
2.698000
0.000000
4.425000
3.925000
8.164000
5.207000
8.779000
5.114000
4.326000
5.025000
0.000000
5.087000
3.546000
0.000000
4.245000
0.387000
7.159000
0.794000
8.065000
3.217000
10.099000
6.104000
5.490000
9.406000
13.333000
2.258000
8.221000
9.418000
2.899000
5.264000
0.000000
13.894000
0.000000
0.587000
14.606000
16.780000
10.625000
14.199000
10.611000
6.640000
6.031000
8.168000
4.784000
6.123000
0.000000
8.829000
3.569000
13.030000
9.502000
5.473000
4.123000
3.825000
5.032000
9.070000
13.462000
4.374000
5.699000
8.431000
8.565000
6.026000
4.674000
1.394000
7.995000
6.527000
0.000000
7.452000
10.645000
3.941000
4.510000
9.352000
0.000000
5.346000
4.225000
10.852000
5.813000
6.314000
0.131000
8.318000
2.454000
4.524000
3.474000
11.330000
6.797000
9.359000
14.307000
16.673000
6.935000
9.165000
5.161000
8.009000
0.438000
5.686000
7.105000
0.000000
6.019000
9.463000
6.259000
9.602000
4.637000
10.184000
10.103000
3.084000
15.120000
10.844000
10.739000
3.176000
6.461000
6.061000
8.145000
7.032000
5.941000
5.621000
6.473000
13.001000
10.258000
0.000000
7.159000
3.340000
0.576000
7.830000
3.508000
11.328000
5.256000
2.235000
8.877000
7.053000
10.332000
4.973000
3.460000
5.176000
8.523000
9.197000
7.809000
5.511000
2.622000
4.385000
7.627000
7.678000
11.106000
4.124000
8.513000
6.873000
6.871000
6.562000
8.118000
9.060000
3.071000
12.557000
5.535000
8.151000
4.123000
12.499000
8.933000
3.204000
15.557000
13.940000
17.897000
5.915000
7.019000
3.695000
7.940000
8.064000
11.872000
6.336000
10.659000
18.633000
2.910000
0.000000
11.089000
7.785000
2.780000
6.278000
10.002000
10.200000
3.022000
7.432000
12.143000
9.944000
0.000000
10.258000
11.765000
14.128000
4.239000
4.110000
8.710000
13.309000
5.684000
8.232000
6.938000
4.405000
0.000000
4.661000
10.743000
19.454000
6.814000
0.000000
6.178000
16.991000
13.100000
5.102000
5.052000
7.661000
3.795000
9.103000
4.902000
4.041000
7.488000
7.965000
7.654000
20.276000
4.050000
7.525000
9.413000
4.444000
3.829000
9.065000
3.756000
12.648000
15.863000
8.719000
8.114000
4.772000
7.123000
9.862000
9.765000
4.147000
3.091000
9.877000
4.756000
0.645000
8.603000
5.799000
7.177000
6.507000
1.628000
6.137000
15.702000
15.921000
9.071000
5.064000
9.397000
9.660000
6.288000
12.421000
8.652000
5.398000
10.879000
11.374000
8.780000
6.510000
2.541000
1.082000
8.186000
3.363000
4.415000
9.542000
11.568000
7.355000
8.194000
3.119000
10.005000
14.490000
1.901000
10.020000
9.368000
6.923000
7.738000
12.477000
9.945000
9.373000
7.739000
8.288000
8.888000
13.653000
4.861000
13.836000
7.547000
4.598000
5.768000
2.541000
4.634000
10.281000
9.806000
11.076000
5.012000
8.925000
15.492000
2.560000
7.123000
4.698000
4.605000
10.404000
8.347000
8.866000
3.773000
14.138000
7.132000
10.837000
5.549000
0.404000
9.223000
6.369000
6.091000
7.915000
3.199000
2.869000
3.182000
7.570000
9.707000
6.901000
12.560000
6.889000
9.568000
2.072000
1.470000
5.660000
7.488000
7.819000
15.299000
5.837000
12.279000
8.523000
8.886000
5.747000
8.561000
8.524000
7.544000
6.822000
1.026000
9.427000
5.082000
4.192000
7.916000
8.225000
6.024000
8.140000
12.176000
7.452000
7.462000
5.570000
3.232000
5.976000
6.238000
4.424000
4.771000
3.559000
10.955000
6.248000
2.555000
3.623000
8.759000
7.588000
6.659000
2.783000
12.749000
7.876000
8.551000
8.190000
14.863000
11.373000
3.995000
3.759000
4.309000
15.036000
13.143000
10.947000
9.311000
5.453000
3.752000
4.553000
1.315000
4.187000
2.603000
6.018000
8.431000
5.837000
5.445000
9.902000
7.868000
5.350000
1.694000
3.586000
5.319000
7.696000
0.000000
7.647000
4.683000
8.651000
13.976000
0.000000
9.810000
8.249000
6.332000
11.645000
2.510000
15.924000
6.292000
4.805000
8.007000
4.761000
17.183000
5.873000
9.676000
8.288000
1.903000
7.011000
9.765000
3.050000
11.630000
5.929000
11.266000
6.541000
8.941000
5.921000
4.181000
12.030000
13.988000
6.250000
10.060000
8.577000
11.237000
11.340000
10.934000
7.169000
7.662000
4.306000
6.973000
6.916000
8.107000
3.791000
12.262000
7.077000
14.130000
12.441000
8.162000
5.363000
12.610000
3.740000
9.181000
3.803000
9.136000
8.218000
5.290000
6.656000
10.343000
4.582000
10.892000
7.998000
6.655000
12.739000
8.968000
1.294000
10.083000
6.570000
11.775000
3.461000
12.608000
12.923000
11.477000
12.788000
11.897000
9.254000
10.799000
3.427000
11.593000
7.644000
8.384000
8.834000
5.615000
2.923000
14.581000
12.862000
3.822000
10.796000
10.796000
8.462000
14.614000
13.619000
11.790000
10.507000
8.090000
8.805000
11.190000
2.862000
8.075000
12.033000
12.254000
12.993000
8.562000
4.692000
2.530000
8.027000
3.767000
8.555000
6.306000
4.804000
1.639000
12.807000
7.524000
1.365000
1.545000
13.342000
8.404000
9.041000
8.918000
4.265000
7.150000
8.985000
5.128000
8.911000
9.891000
6.481000
15.022000
9.835000
17.333000
4.088000
2.557000
10.318000
9.191000
14.404000
14.891000
3.663000
5.613000
4.846000
9.703000
6.474000
8.354000
5.886000
17.437000
2.292000
9.241000
6.897000
2.699000
8.544000
11.217000
1.332000
10.586000
5.208000
17.985000
11.637000
9.339000
4.603000
8.264000
8.736000
0.000000
7.668000
11.381000
6.531000
7.788000
4.279000
5.867000
3.416000
4.685000
7.627000
5.873000
3.733000
9.080000
2.945000
4.192000
18.000000
5.749000
4.643000
3.066000
3.873000
4.539000
15.563000
17.525000
10.944000
4.733000
11.236000
9.514000
9.191000
11.858000
8.330000
6.004000
5.075000
4.048000
6.258000
7.728000
11.024000
6.067000
16.029000
13.173000
1.855000
6.984000
10.315000
12.589000
7.397000
12.346000
7.204000
7.574000
6.825000
5.322000
13.858000
5.760000
7.770000
9.438000
11.543000
3.555000
3.907000
11.870000
8.024000
9.104000
8.205000
9.348000
4.536000
7.344000
17.303000
2.494000
11.438000
8.195000
8.864000
7.845000
8.230000
3.598000
2.878000
13.316000
6.928000
12.247000
10.324000
5.796000
7.786000
7.195000
8.832000
10.686000
12.077000
8.143000
7.805000
3.912000
4.333000
10.918000
9.487000
5.628000
6.436000
8.575000
9.978000
12.560000
15.218000
2.258000
6.005000
2.142000
3.922000
5.678000
9.247000
13.445000
9.144000
9.735000
6.437000
12.031000
4.593000
6.567000
7.383000
4.048000
15.260000
10.144000
9.436000
10.165000
10.358000
4.827000
8.409000
4.080000
6.387000
15.270000
6.184000
6.535000
9.854000
4.129000
13.842000
1.414000
2.685000
11.576000
7.902000
7.579000
4.359000
3.680000
6.184000
7.349000
6.115000
6.608000
2.984000
4.546000
5.867000
6.054000
13.981000
12.120000
7.233000
2.982000
2.240000
3.505000
5.373000
7.418000
13.559000
10.147000
9.510000
2.442000
0.870000
7.357000
13.782000
10.093000
15.158000
2.889000
6.141000
5.274000
9.646000
5.509000
8.415000
0.945000
8.954000
12.005000
16.180000
8.726000
8.681000
2.715000
10.036000
15.260000
8.610000
11.843000
8.617000
17.582000
9.238000
12.733000
13.554000
15.732000
9.902000
8.837000
6.966000
6.148000
0.929000
8.271000
9.462000
3.432000
9.810000
7.465000
5.670000
8.888000
2.625000
5.498000
3.461000
4.893000
16.375000
7.815000
10.697000
14.683000
10.884000
14.446000
20.424000
11.257000
9.895000
11.048000
5.990000
11.450000
7.144000
13.108000
9.592000
14.744000
7.294000
9.296000
7.874000
10.169000
8.666000
4.348000
6.164000
8.821000
12.546000
7.459000
4.123000
8.112000
5.782000
10.188000
15.009000
11.116000
7.064000
4.458000
8.358000
6.569000
10.822000
11.023000
16.514000
9.369000
5.765000
10.554000
7.454000
8.516000
20.697000
13.016000
15.289000
13.181000
12.174000
4.141000
1.631000
11.413000
9.449000
10.028000
11.866000
9.047000
4.796000
11.983000
8.878000
17.428000
10.040000
9.857000
3.323000
3.661000
6.269000
8.026000
10.214000
7.363000
6.418000
9.677000
7.198000
8.198000
4.757000
11.054000
7.313000
3.163000
8.046000
16.871000
8.230000
16.075000
14.917000
7.861000
6.820000
9.057000
12.797000
8.235000
14.945000
11.639000
1.540000
16.650000
3.760000
16.626000
10.638000
8.525000
2.505000
9.569000
0.524000
4.278000
1.800000
16.486000
15.310000
6.180000
6.227000
10.818000
9.113000
13.603000
11.540000
15.461000
5.714000
16.216000
3.115000
3.048000
8.548000
8.647000
1.147000
9.903000
11.624000
6.765000
0.003000
17.874000
12.979000
5.497000
7.803000
9.110000
13.266000
9.083000
7.545000
7.334000
19.289000
14.158000
6.066000
5.979000
5.686000
9.927000
10.191000
3.362000
9.002000
12.429000
5.498000
13.417000
5.546000
9.416000
11.586000
6.323000
3.943000
5.198000
7.620000
0.527000
10.246000
1.771000
6.940000
6.545000
14.988000
6.729000
6.990000
8.145000
8.783000
5.901000
9.430000
10.326000
3.999000
9.818000
9.707000
8.528000
3.414000
6.394000
5.202000
9.310000
10.403000
11.497000
3.813000
11.445000
5.826000
9.784000
9.458000
5.032000
9.429000
11.185000
11.213000
10.083000
11.305000
7.648000
7.788000
12.450000
9.854000
5.721000
14.708000
11.273000
9.885000
7.182000
10.761000
9.558000
11.099000
8.873000
14.005000
9.118000
6.982000
6.910000
7.730000
14.341000
8.068000
7.334000
11.822000
9.187000
5.908000
10.250000
10.514000
9.409000
16.586000
11.084000
8.047000
15.483000
17.437000
8.978000
7.449000
9.542000
11.310000
4.397000
4.912000
4.686000
9.154000
15.591000
13.715000
9.925000
12.429000
7.355000
10.370000
9.174000
7.494000
11.163000
7.489000
0.539000
10.732000
4.479000
6.773000
5.616000
10.856000
8.829000
6.019000
8.426000
8.702000
10.866000
14.015000
8.558000
4.903000
4.155000
10.981000
6.725000
9.092000
7.742000
14.185000
3.732000
11.236000
4.038000
7.745000
7.702000
7.495000
1.495000
3.857000
7.447000
15.546000
9.510000
1.081000
10.254000
6.376000
7.969000
6.241000
10.322000
15.807000
8.231000
10.446000
6.621000
5.495000
11.862000
10.728000
9.410000
6.643000
13.486000
12.974000
10.736000
1.779000
10.414000
1.007000
13.175000
6.367000
11.231000
6.352000
4.266000
2.899000
3.801000
8.940000
0.000000
6.797000
0.000000
9.444000
3.574000
2.837000
4.108000
11.121000
6.930000
13.979000
6.775000
3.392000
0.000000
5.446000
0.000000
5.807000
1.358000
9.055000
7.436000
5.022000
6.817000
3.485000
1.088000
2.872000
14.004000
0.865000
4.585000
3.608000
4.812000
2.214000
6.815000
3.239000
7.963000
0.000000
10.772000
0.821000
1.903000
5.271000
6.613000
2.656000
1.503000
4.741000
5.384000
1.005000
6.061000
2.452000
10.425000
6.074000
7.863000
1.234000
1.787000
0.155000
7.259000
11.594000
8.513000
18.179000
6.200000
5.275000
2.367000
9.520000
0.883000
6.527000
8.975000
5.815000
8.736000
7.154000
0.000000
7.282000
4.552000
0.000000
8.892000
0.000000
11.823000
16.481000
8.650000
2.677000
3.427000
12.819000
4.894000
5.402000
2.905000
1.272000
8.149000
8.160000
1.371000
1.336000
1.062000
4.980000
2.263000
0.000000
2.942000
9.869000
9.581000
18.627000
10.548000
12.968000
0.515000
15.785000
11.496000
7.354000
3.549000
0.000000
6.052000
9.147000
0.773000
9.780000
6.957000
3.525000
10.806000
7.237000
11.065000
1.990000
17.332000
6.805000
5.596000
5.295000
15.607000
1.361000
9.497000
0.808000
4.010000
4.060000
0.000000
7.698000
6.306000
0.176000
4.143000
5.453000
8.108000
4.235000
1.843000
3.549000
7.028000
2.751000
2.900000
2.317000
0.000000
1.504000
7.296000
11.212000
2.208000
9.882000
8.924000
4.243000
5.319000
8.567000
8.374000
3.633000
17.692000
3.244000
10.133000
1.476000
3.926000
2.124000
3.433000
10.603000
2.489000
11.329000
5.869000
1.252000
6.701000
1.793000
8.182000
10.153000
3.766000
8.550000
9.849000
0.643000
7.009000
7.498000
3.303000
6.405000
4.193000
3.921000
2.229000
9.577000
3.324000
0.743000
2.984000
6.330000
11.003000
13.275000
8.007000
11.324000
2.604000
3.149000
5.433000
5.786000
7.503000
8.352000
3.283000
9.984000
6.260000
6.818000
8.131000
10.095000
12.641000
9.674000
9.872000
10.146000
0.731000
5.743000
0.000000
6.361000
5.981000
1.428000
1.798000
6.372000
7.696000
12.922000
6.733000
8.344000
4.752000
11.592000
9.765000
10.821000
6.780000
11.687000
11.122000
16.615000
6.834000
8.435000
3.389000
11.740000
7.714000
5.299000
4.975000
1.925000
10.429000
8.216000
8.149000
3.843000
4.412000
4.520000
6.270000
5.496000
8.576000
8.061000
8.291000
9.157000
8.476000
9.472000
4.686000
9.035000
8.322000
3.627000
6.541000
4.739000
4.842000
5.180000
0.815000
6.840000
4.982000
7.643000
5.418000
8.739000
6.130000
8.142000
14.420000
12.004000
3.480000
13.736000
5.278000
6.507000
4.270000
6.238000
4.935000
10.256000
18.815000
8.132000
8.467000
16.147000
6.478000
10.771000
12.816000
14.660000
13.511000
3.014000
16.101000
5.288000
10.072000
9.645000
6.682000
10.705000
7.079000
3.747000
10.949000
8.662000
5.883000
6.719000
7.739000
8.513000
10.864000
12.248000
10.658000
6.100000
8.876000
6.184000
5.509000
5.336000
12.157000
4.694000
2.081000
9.182000
3.681000
6.768000
7.341000
13.446000
8.028000
7.316000
1.509000
15.682000
2.814000
5.869000
8.394000
5.420000
6.549000
9.198000
10.564000
11.150000
15.653000
0.000000
9.648000
10.710000
7.049000
8.591000
17.918000
11.109000
12.624000
6.731000
12.937000
9.992000
10.824000
6.227000
8.097000
12.016000
11.790000
6.114000
11.311000
5.351000
9.042000
13.906000
6.853000
1.066000
5.267000
11.021000
14.052000
9.316000
7.175000
7.855000
9.087000
7.695000
6.631000
7.286000
5.861000
4.702000
8.256000
7.888000
11.252000
5.065000
7.588000
7.448000
8.874000
1.077000
9.418000
8.209000
7.317000
7.494000
5.961000
3.764000
3.899000
0.000000
14.312000
3.120000
8.585000
7.443000
6.954000
10.298000
7.597000
5.638000
4.986000
3.914000
3.765000
16.350000
4.652000
3.357000
4.410000
5.715000
5.981000
5.535000
0.504000
9.680000
12.647000
4.262000
5.747000
5.793000
6.334000
3.773000
10.132000
2.543000
12.819000
14.803000
0.471000
5.810000
0.000000
7.034000
7.941000
4.474000
1.829000
11.344000
8.017000
0.000000
11.946000
2.269000
8.516000
4.899000
5.926000
12.304000
2.253000
8.807000
12.427000
1.580000
11.633000
6.651000
0.000000
11.068000
9.415000
8.417000
7.001000
6.195000
17.590000
8.409000
9.571000
3.537000
9.562000
4.150000
15.409000
10.321000
3.738000
8.697000
0.345000
7.771000
13.705000
9.961000
5.336000
6.568000
11.720000
10.256000
7.239000
2.489000
8.030000
5.134000
6.244000
3.974000
2.245000
2.012000
8.718000
6.335000
11.515000
8.348000
11.558000
5.473000
9.760000
4.377000
15.845000
7.477000
8.831000
5.918000
13.710000
10.021000
16.215000
4.813000
9.323000
1.971000
15.059000
0.160000
8.969000
9.033000
8.503000
14.401000
15.588000
2.111000
7.208000
13.208000
8.075000
12.324000
8.789000
3.149000
11.962000
5.349000
12.888000
10.308000
1.691000
0.000000
11.570000
6.634000
11.912000
3.531000
6.901000
5.499000
14.428000
6.793000
3.001000
8.102000
16.641000
6.163000
14.758000
11.445000
9.945000
10.108000
7.674000
7.253000
0.858000
6.846000
14.762000
14.519000
5.654000
8.454000
13.511000
14.891000
11.746000
15.137000
2.684000
4.279000
13.753000
5.739000
3.814000
7.771000
7.733000
12.130000
6.847000
4.192000
9.249000
10.713000
6.468000
3.770000
0.603000
3.237000
8.998000
10.244000
12.729000
9.470000
9.956000
8.208000
10.291000
8.348000
6.348000
8.677000
9.215000
1.988000
5.427000
7.306000
6.514000
8.346000
10.313000
2.094000
13.002000
14.773000
5.547000
13.952000
11.701000
4.587000
3.799000
13.591000
11.587000
9.423000
11.857000
7.277000
2.143000
8.781000
6.827000
9.598000
10.785000
8.701000
8.808000
12.706000
8.391000
9.047000
7.627000
6.765000
7.190000
11.733000
10.240000
3.549000
7.551000
12.130000
13.992000
16.199000
8.432000
4.599000
6.931000
14.580000
7.965000
12.741000
17.316000
8.902000
9.050000
7.297000
6.094000
8.114000
14.373000
7.062000
11.235000
4.712000
10.741000
4.920000
4.909000
8.662000
16.112000
7.116000
10.347000
11.322000
12.743000
13.713000
9.277000
18.307000
8.477000
10.812000
15.584000
12.125000
12.231000
12.591000
14.169000
12.593000
11.600000
8.934000
7.494000
13.456000
7.097000
8.784000
11.242000
10.481000
11.543000
1.759000
12.293000
8.381000
12.651000
6.694000
6.835000
11.605000
11.570000
10.147000
12.676000
13.181000
12.222000
8.449000
10.258000
6.436000
7.381000
10.045000
10.304000
20.663000
7.795000
14.687000
13.083000
7.050000
11.198000
9.664000
11.752000
11.381000
9.921000
8.823000
9.548000
8.107000
7.854000
7.484000
2.637000
15.786000
9.576000
12.277000
11.935000
13.945000
13.537000
6.689000
5.111000
11.943000
15.977000
4.187000
7.555000
16.578000
10.435000
3.016000
10.953000
5.124000
3.285000
10.834000
5.203000
16.218000
6.794000
12.652000
13.029000
6.776000
9.767000
7.097000
13.898000
8.176000
14.698000
11.340000
3.079000
8.865000
8.422000
4.814000
10.604000
17.207000
3.946000
15.958000
6.941000
5.834000
8.034000
11.615000
5.433000
14.319000
7.498000
6.381000
0.000000
5.058000
5.503000
13.958000
9.785000
8.503000
12.238000
10.488000
6.168000
6.536000
10.774000
6.317000
11.600000
8.446000
13.408000
11.539000
13.324000
5.056000
8.871000
10.113000
6.309000
10.844000
11.096000
5.536000
14.292000
3.215000
12.302000
10.816000
16.737000
11.751000
7.105000
8.829000
12.812000
8.838000
11.844000
9.890000
7.316000
8.932000
6.841000
13.202000
6.155000
6.534000
9.590000
7.357000
11.054000
1.442000
6.517000
9.650000
2.173000
13.844000
13.106000
12.466000
1.340000
18.694000
7.357000
14.599000
13.737000
8.587000
8.516000
12.851000
7.587000
12.597000
7.052000
8.106000
0.991000
3.643000
5.785000
5.968000
2.702000
5.652000
17.052000
16.888000
12.941000
8.048000
1.568000
8.414000
5.333000
7.761000
11.509000
5.522000
9.419000
7.200000
9.519000
4.065000
7.709000
10.928000
7.783000
1.540000
6.335000
4.769000
1.460000
3.651000
4.172000
10.667000
3.402000
1.859000
6.964000
4.385000
5.964000
4.483000
13.198000
8.407000
5.255000
8.010000
0.000000
11.881000
3.170000
3.751000
6.865000
8.297000
3.239000
8.782000
7.053000
2.966000
5.977000
7.786000
4.348000
1.290000
8.570000
2.427000
6.539000
0.270000
9.175000
4.615000
5.037000
8.998000
6.694000
5.182000
11.327000
7.783000
5.780000
12.391000
3.821000
8.772000
8.484000
9.142000
16.864000
7.215000
9.925000
5.464000
0.288000
2.779000
5.262000
1.749000
1.274000
3.021000
9.016000
9.562000
3.662000
4.056000
7.546000
5.282000
2.207000
6.901000
14.429000
5.196000
1.922000
0.000000
11.209000
15.098000
8.114000
7.090000
2.196000
9.658000
9.539000
4.123000
4.391000
2.839000
5.899000
4.790000
6.193000
8.502000
5.252000
8.395000
3.102000
4.834000
1.535000
8.083000
9.976000
3.470000
10.009000
6.088000
4.008000
1.780000
3.889000
9.095000
12.271000
7.682000
2.873000
3.106000
4.448000
0.337000
3.472000
1.536000
3.932000
9.375000
6.759000
12.027000
13.286000
13.197000
4.117000
7.187000
10.408000
10.077000
1.965000
5.681000
6.253000
0.108000
2.853000
2.932000
5.234000
7.960000
3.143000
12.339000
2.837000
6.548000
6.993000
7.529000
5.491000
12.242000
7.601000
5.257000
5.043000
2.035000
5.288000
7.155000
4.087000
2.124000
2.226000
0.556000
6.401000
6.147000
7.588000
2.216000
2.008000
6.135000
7.627000
0.864000
6.914000
3.112000
0.442000
9.935000
7.102000
14.633000
7.823000
4.131000
2.545000
10.481000
9.853000
0.000000
5.156000
11.590000
3.418000
1.609000
2.447000
4.410000
7.232000
4.980000
5.374000
2.475000
6.991000
4.675000
14.248000
5.256000
3.905000
3.998000
0.111000
3.095000
12.530000
14.422000
0.545000
5.186000
3.881000
0.000000
16.957000
16.763000
4.478000
0.000000
15.184000
7.429000
2.725000
9.159000
19.804000
1.678000
9.934000
2.134000
2.206000
5.331000
1.683000
5.690000
5.715000
10.407000
0.727000
5.819000
14.374000
2.104000
8.163000
10.296000
19.352000
12.564000
6.486000
2.834000
3.028000
1.136000
2.081000
6.841000
13.388000
9.561000
5.477000
0.000000
7.591000
8.281000
3.309000
5.653000
4.888000
3.473000
4.221000
2.708000
7.514000
10.894000
4.962000
0.444000
4.037000
3.643000
8.455000
0.987000
10.775000
9.681000
12.342000
4.836000
9.842000
7.358000
6.128000
3.893000
0.000000
0.112000
1.347000
11.905000
1.707000
3.154000
7.300000
8.347000
6.075000
5.866000
15.067000
9.128000
10.810000
1.448000
14.761000
4.391000
2.992000
10.835000
5.664000
5.924000
2.055000
9.009000
0.000000
8.137000
7.486000
13.703000
9.582000
8.302000
9.214000
5.156000
7.968000
17.467000
2.851000
0.961000
3.777000
18.526000
11.239000
12.758000
17.842000
12.421000
4.840000
8.120000
6.741000
10.994000
2.969000
1.418000
2.432000
2.629000
13.553000
17.674000
5.972000
13.106000
0.000000
5.492000
1.268000
2.866000
9.400000
2.694000
7.734000
5.349000
0.799000
18.939000
8.534000
7.402000
11.403000
1.714000
12.190000
5.910000
2.559000
0.000000
13.113000
9.136000
3.334000
12.114000
10.577000
19.894000
18.974000
12.006000
8.364000
2.350000
6.268000
3.970000
3.220000
8.503000
4.680000
5.669000
2.756000
7.002000
4.223000
3.755000
10.393000
1.197000
3.199000
5.470000
6.492000
11.239000
2.555000
11.511000
7.665000
5.549000
2.504000
5.783000
9.325000
9.703000
8.322000
9.764000
13.313000
5.728000
4.748000
9.691000
8.189000
7.808000
7.376000
10.079000
2.175000
3.068000
13.914000
11.829000
6.466000
12.123000
13.450000
6.536000
8.411000
3.005000
2.898000
6.530000
5.037000
12.731000
9.579000
8.401000
5.064000
3.300000
3.936000
9.880000
8.522000
8.557000
8.324000
2.016000
8.422000
14.311000
5.933000
0.984000
6.372000
6.468000
9.124000
5.251000
5.087000
12.953000
8.035000
15.246000
5.385000
2.660000
3.220000
11.931000
5.268000
10.916000
11.470000
9.748000
10.045000
2.720000
4.027000
9.797000
14.551000
9.908000
5.531000
11.557000
5.104000
3.742000
21.652000
8.166000
2.101000
12.895000
6.728000
3.130000
0.000000
10.931000
13.194000
3.894000
5.981000
2.145000
14.360000
2.660000
5.716000
11.363000
4.641000
17.700000
6.039000
1.763000
8.331000
14.813000
0.000000
6.764000
11.767000
1.704000
3.602000
11.976000
7.538000
3.412000
5.936000
17.134000
7.615000
7.704000
2.193000
5.154000
9.761000
7.024000
12.896000
0.490000
6.368000
4.301000
2.002000
10.919000
1.206000
0.000000
16.126000
13.086000
5.733000
8.235000
6.898000
5.975000
0.000000
4.399000
3.967000
6.671000
4.080000
6.304000
5.881000
8.658000
12.459000
2.346000
10.098000
16.865000
7.644000
16.048000
6.710000
14.548000
3.649000
13.015000
7.153000
11.116000
8.573000
8.959000
9.194000
6.731000
12.676000
11.128000
8.086000
11.543000
1.660000
19.373000
3.583000
13.843000
2.276000
2.633000
0.000000
8.154000
5.191000
5.248000
3.522000
7.809000
9.738000
6.848000
2.797000
9.237000
5.674000
4.255000
13.300000
5.524000
10.153000
15.158000
11.479000
3.377000
5.442000
8.222000
11.956000
10.829000
13.197000
4.966000
14.716000
6.613000
1.353000
10.500000
6.823000
2.383000
14.795000
5.423000
8.356000
8.025000
18.658000
2.338000
5.450000
8.234000
10.449000
2.593000
14.591000
8.056000
8.380000
4.936000
8.684000
6.580000
5.649000
7.790000
7.909000
10.299000
9.216000
5.634000
7.337000
15.926000
6.810000
8.530000
15.145000
5.282000
9.046000
8.675000
0.000000
1.133000
8.191000
18.005000
14.219000
7.500000
11.682000
6.035000
12.207000
10.229000
3.066000
8.681000
4.904000
8.068000
10.447000
5.416000
8.230000
14.239000
11.992000
9.493000
11.890000
4.349000
10.309000
8.849000
11.912000
13.339000
8.961000
16.094000
9.113000
8.157000
3.219000
7.636000
7.244000
7.577000
8.439000
7.113000
5.435000
15.761000
8.874000
7.272000
2.644000
7.971000
9.490000
12.064000
10.632000
11.069000
11.386000
9.301000
12.702000
6.638000
9.803000
9.705000
5.287000
7.902000
10.723000
5.281000
9.226000
6.923000
4.717000
3.477000
8.893000
10.388000
6.737000
9.355000
0.766000
6.218000
16.205000
7.307000
3.665000
5.545000
14.809000
12.548000
8.968000
7.881000
2.068000
5.918000
8.656000
9.217000
7.967000
8.359000
4.426000
6.517000
3.200000
0.000000
12.150000
1.914000
6.234000
10.613000
7.248000
9.451000
9.916000
9.271000
7.836000
13.821000
6.159000
0.694000
7.247000
9.150000
10.476000
3.040000
14.693000
17.045000
3.017000
3.500000
12.360000
6.794000
11.487000
5.096000
11.069000
5.606000
8.310000
1.660000
6.504000
5.486000
3.367000
9.459000
4.423000
10.445000
7.107000
5.254000
12.589000
14.484000
2.647000
7.421000
1.853000
2.484000
4.586000
6.914000
5.345000
0.000000
3.362000
1.452000
0.000000
7.847000
5.036000
7.618000
5.401000
9.176000
7.409000
6.396000
10.722000
8.246000
3.501000
5.410000
6.817000
3.711000
7.934000
14.452000
7.592000
11.798000
6.819000
5.454000
3.683000
4.577000
9.497000
7.441000
7.310000
5.717000
4.140000
8.659000
7.318000
5.918000
1.801000
3.291000
1.282000
2.146000
1.771000
7.935000
7.929000
3.852000
8.974000
5.024000
6.728000
5.650000
3.046000
12.364000
5.741000
11.469000
5.988000
9.653000
10.246000
3.718000
9.662000
6.065000
9.624000
8.783000
3.391000
14.430000
9.418000
9.126000
7.932000
3.514000
9.685000
4.510000
11.433000
17.688000
13.478000
11.834000
1.810000
14.576000
18.280000
7.578000
9.669000
6.103000
18.872000
18.339000
7.479000
0.486000
3.330000
2.188000
13.528000
0.845000
1.897000
0.000000
6.313000
11.531000
15.149000
8.379000
9.314000
11.654000
2.787000
6.636000
8.466000
15.827000
8.285000
3.589000
7.290000
9.043000
6.634000
5.990000
8.269000
14.560000
5.710000
7.722000
8.343000
3.787000
8.375000
10.408000
4.915000
5.897000
1.682000
11.143000
4.926000
6.705000
14.122000
9.975000
11.752000
9.996000
7.835000
5.399000
6.013000
8.972000
8.805000
5.558000
3.796000
4.659000
10.033000
2.019000
4.952000
8.042000
6.476000
8.388000
11.929000
12.982000
8.374000
7.745000
5.003000
3.990000
2.302000
6.448000
2.712000
10.676000
7.405000
4.962000
0.000000
8.892000
4.271000
0.972000
10.826000
6.536000
2.713000
2.028000
7.386000
5.759000
0.563000
8.670000
6.159000
5.172000
1.930000
1.657000
10.786000
0.000000
0.000000
0.000000
7.124000
4.905000
0.000000
0.000000
4.074000
0.000000
0.000000
5.198000
0.000000
0.456000
0.000000
3.526000
2.168000
2.731000
0.753000
0.000000
3.644000
5.217000
2.743000
3.731000
5.160000
1.590000
1.108000
11.097000
0.000000
4.061000
0.899000
0.734000
14.349000
3.113000
0.614000
1.161000
0.000000
2.581000
0.000000
4.175000
14.251000
0.000000
1.681000
1.949000
6.658000
3.719000
0.000000
0.000000
0.000000
13.498000
0.000000
0.083000
12.483000
5.110000
0.000000
3.139000
6.237000
0.000000
13.614000
13.424000
3.329000
2.235000
3.818000
3.565000
1.338000
9.056000
0.573000
2.314000
0.000000
4.199000
6.333000
14.220000
0.000000
4.517000
0.000000
2.631000
5.522000
5.024000
6.063000
0.000000
9.469000
2.952000
1.204000
16.462000
0.000000
4.119000
0.000000
0.214000
15.034000
2.429000
9.349000
0.000000
0.000000
0.194000
0.000000
5.412000
0.000000
4.132000
5.652000
14.950000
5.983000
0.000000
16.134000
3.485000
4.886000
4.207000
0.000000
6.233000
13.440000
0.406000
12.579000
4.770000
3.352000
5.270000
0.000000
2.947000
9.209000
7.981000
10.113000
6.044000
6.098000
0.000000
13.891000
3.228000
0.000000
5.183000
10.873000
13.886000
0.000000
4.504000
8.712000
5.689000
6.704000
14.790000
6.728000
10.634000
0.906000
1.914000
14.728000
1.183000
4.215000
1.438000
1.982000
2.727000
9.326000
9.512000
2.612000
6.538000
3.514000
9.069000
3.828000
4.893000
3.682000
3.474000
6.329000
9.501000
8.584000
0.872000
7.671000
5.340000
1.746000
9.747000
9.766000
9.701000
4.532000
10.800000
4.895000
2.627000
1.618000
1.641000
4.369000
11.708000
0.000000
10.509000
11.577000
4.237000
6.193000
4.842000
4.228000
5.229000
0.238000
10.025000
6.310000
2.871000
9.353000
7.191000
0.000000
0.325000
8.640000
13.844000
13.937000
7.685000
6.719000
0.112000
6.640000
7.006000
3.096000
0.000000
6.569000
1.105000
10.510000
6.067000
5.468000
8.336000
8.737000
10.175000
5.057000
2.033000
9.187000
3.581000
3.783000
1.020000
6.364000
2.361000
0.370000
6.481000
4.956000
6.280000
3.635000
6.738000
7.139000
8.251000
8.262000
3.712000
2.991000
0.000000
8.013000
1.581000
7.375000
9.405000
5.149000
5.340000
8.304000
9.374000
4.771000
10.537000
8.036000
6.470000
13.601000
12.877000
8.879000
9.361000
5.714000
6.301000
6.347000
4.420000
8.146000
7.169000
11.678000
6.482000
7.788000
9.420000
5.371000
3.100000
10.316000
3.089000
0.000000
6.781000
7.161000
4.854000
9.382000
6.789000
2.612000
2.682000
0.000000
2.165000
7.920000
6.832000
5.692000
8.515000
0.000000
7.951000
0.000000
0.000000
1.752000
7.708000
8.037000
9.493000
1.234000
5.391000
1.406000
2.389000
4.271000
2.139000
4.448000
1.905000
5.412000
10.717000
7.889000
2.744000
0.000000
8.454000
0.000000
5.708000
6.327000
5.032000
4.260000
7.670000
6.648000
4.864000
1.629000
12.652000
7.597000
5.008000
3.462000
3.012000
0.000000
4.958000
3.011000
7.545000
3.777000
0.914000
5.356000
8.752000
5.206000
7.582000
6.022000
3.738000
0.107000
10.937000
5.041000
14.621000
3.635000
6.239000
4.286000
7.501000
4.835000
3.648000
7.484000
9.807000
6.755000
7.603000
6.857000
14.371000
3.157000
0.000000
8.674000
3.863000
5.950000
5.662000
8.301000
0.000000
5.665000
6.542000
3.637000
8.894000
3.364000
4.981000
4.239000
8.905000
0.000000
10.217000
6.222000
7.613000
13.552000
1.954000
4.719000
0.832000
3.162000
7.035000
10.678000
7.030000
0.000000
7.010000
7.115000
1.712000
8.750000
10.983000
6.838000
7.814000
1.006000
3.079000
7.847000
3.275000
1.279000
8.872000
15.681000
9.505000
8.907000
5.823000
15.026000
0.000000
0.304000
6.869000
1.877000
0.785000
2.999000
1.449000
9.542000
1.615000
0.000000
9.016000
4.159000
6.318000
5.174000
1.912000
4.735000
0.803000
8.351000
7.542000
4.211000
11.827000
1.655000
12.007000
0.000000
15.300000
5.190000
0.000000
0.000000
0.132000
3.037000
0.000000
0.373000
0.000000
6.236000
0.000000
0.000000
0.000000
6.915000
14.117000
0.243000
0.002000
3.034000
5.960000
0.000000
20.756000
1.322000
0.000000
0.000000
3.747000
0.234000
0.948000
15.036000
0.035000
9.398000
0.000000
0.000000
5.667000
1.339000
4.493000
2.200000
0.981000
0.000000
10.543000
0.902000
0.000000
0.633000
0.000000
3.334000
11.800000
0.306000
1.153000
0.000000
0.000000
1.074000
10.703000
0.000000
0.000000
0.000000
8.043000
6.407000
0.000000
0.000000
1.319000
5.006000
1.876000
14.460000
3.574000
2.519000
0.000000
1.440000
6.623000
6.080000
0.000000
11.086000
11.748000
10.587000
0.000000
7.477000
0.516000
0.000000
10.940000
11.462000
0.000000
9.856000
7.071000
1.652000
4.779000
0.000000
14.375000
2.704000
2.679000
5.199000
0.000000
2.027000
7.089000
14.159000
6.194000
1.930000
12.404000
8.883000
0.000000
0.000000
5.349000
11.348000
0.000000
0.000000
6.008000
1.911000
0.000000
6.663000
0.000000
6.524000
1.424000
3.917000
0.154000
1.355000
2.958000
4.332000
15.504000
1.750000
6.497000
9.022000
0.810000
0.000000
4.039000
0.000000
1.578000
2.477000
8.825000
3.150000
4.304000
11.518000
8.536000
6.251000
8.714000
0.000000
11.164000
2.404000
2.351000
4.526000
0.078000
8.317000
6.793000
10.309000
3.433000
2.677000
0.000000
1.480000
9.994000
3.599000
0.000000
11.407000
0.000000
6.602000
6.074000
11.251000
10.801000
0.000000
0.857000
3.773000
13.142000
11.824000
0.000000
3.599000
11.442000
10.534000
11.197000
3.644000
16.845000
5.274000
0.909000
10.587000
3.777000
5.123000
2.691000
7.551000
3.827000
4.738000
3.717000
1.247000
3.964000
16.069000
0.571000
1.889000
5.887000
3.891000
10.317000
4.345000
7.262000
13.690000
1.572000
13.924000
3.184000
6.367000
6.434000
6.563000
1.855000
5.327000
14.216000
4.510000
4.264000
5.484000
10.418000
1.036000
12.915000
0.000000
2.436000
8.208000
11.235000
14.104000
0.000000
5.502000
11.387000
4.769000
5.929000
7.454000
6.330000
1.063000
2.756000
12.541000
11.593000
4.853000
7.972000
2.783000
10.182000
0.000000
11.538000
16.182000
8.468000
7.271000
15.021000
7.751000
6.107000
3.849000
2.498000
6.500000
6.991000
0.567000
0.000000
10.554000
5.212000
1.114000
5.646000
9.239000
1.544000
13.788000
3.525000
0.000000
5.644000
7.465000
7.216000
6.711000
8.085000
12.095000
8.582000
7.297000
4.071000
0.000000
5.997000
10.476000
1.064000
0.000000
0.000000
10.232000
5.075000
7.025000
12.097000
5.335000
10.234000
14.742000
7.868000
9.342000
8.029000
6.592000
10.358000
0.000000
6.075000
10.968000
16.644000
1.388000
7.945000
10.934000
0.346000
4.399000
2.890000
10.903000
5.806000
7.885000
10.918000
6.087000
3.301000
6.868000
5.545000
13.961000
13.570000
6.333000
5.808000
1.880000
0.353000
0.000000
4.649000
7.425000
9.490000
14.033000
7.869000
0.000000
0.000000
6.546000
0.000000
3.071000
5.851000
10.043000
1.976000
10.457000
3.450000
3.091000
2.171000
6.174000
5.930000
9.425000
0.000000
10.712000
0.000000
8.407000
8.492000
8.514000
7.191000
1.673000
8.885000
22.380000
0.000000
7.371000
5.212000
5.172000
0.000000
10.715000
6.809000
5.567000
2.832000
6.833000
12.821000
5.609000
5.268000
8.535000
5.851000
4.828000
7.750000
5.223000
7.687000
0.000000
0.000000
0.000000
5.020000
5.578000
3.300000
8.732000
0.000000
1.263000
2.814000
2.020000
0.986000
0.000000
3.333000
0.000000
1.526000
0.132000
0.000000
7.904000
1.112000
1.140000
0.000000
0.000000
0.000000
0.184000
0.000000
0.000000
0.087000
0.000000
0.000000
0.000000
0.000000
0.002000
3.761000
3.540000
0.356000
0.000000
0.000000
4.042000
1.064000
0.000000
0.000000
0.000000
0.000000
2.004000
8.362000
0.000000
0.000000
0.000000
10.279000
0.000000
5.645000
5.379000
1.395000
0.000000
0.000000
4.280000
0.000000
0.000000
0.000000
7.564000
0.985000
0.732000
3.966000
2.834000
3.678000
3.526000
4.635000
0.000000
0.000000
0.000000
0.000000
0.000000
2.084000
0.000000
0.191000
2.246000
3.023000
1.386000
7.746000
2.001000
3.315000
1.563000
0.914000
3.820000
0.000000
0.000000
0.000000
0.000000
8.978000
0.000000
5.446000
1.026000
0.815000
0.000000
0.000000
0.000000
3.660000
0.000000
5.272000
12.781000
2.281000
10.436000
2.463000
0.000000
0.000000
0.873000
4.879000
5.733000
0.000000
8.176000
0.000000
4.526000
6.098000
8.655000
10.299000
1.560000
1.677000
3.751000
0.300000
0.000000
5.439000
0.000000
8.348000
0.000000
3.284000
2.091000
3.082000
6.915000
3.414000
0.000000
0.000000
0.000000
8.669000
0.657000
0.000000
0.000000
0.000000
7.115000
7.407000
11.804000
0.000000
4.387000
6.701000
0.000000
6.685000
6.913000
1.615000
0.000000
11.354000
0.000000
0.000000
0.000000
0.000000
5.340000
3.587000
2.727000
0.000000
0.000000
1.044000
0.000000
0.844000
0.000000
7.246000
6.220000
0.000000
2.533000
0.000000
7.334000
5.864000
4.771000
10.983000
0.000000
3.736000
3.393000
0.000000
11.365000
0.000000
3.512000
3.747000
8.698000
0.000000
9.446000
4.399000
8.852000
0.221000
6.151000
11.675000
9.334000
13.534000
1.818000
8.025000
0.246000
8.053000
6.580000
6.650000
5.234000
2.405000
8.942000
4.319000
9.043000
7.104000
9.002000
0.679000
1.220000
7.636000
2.463000
0.000000
7.366000
9.364000
6.499000
2.657000
0.000000
8.287000
2.313000
0.000000
5.117000
11.434000
4.344000
0.913000
0.101000
1.253000
0.000000
2.606000
3.173000
0.802000
0.197000
8.147000
0.000000
3.422000
0.199000
0.000000
9.047000
0.000000
9.324000
2.725000
2.236000
0.000000
1.425000
4.313000
0.000000
0.634000
0.000000
0.000000
0.000000
2.449000
5.115000
4.495000
6.635000
6.939000
4.129000
6.961000
2.446000
0.000000
1.499000
0.000000
0.000000
0.000000
2.887000
2.450000
0.000000
0.000000
5.593000
0.000000
1.386000
0.628000
0.000000
0.000000
0.535000
0.000000
0.000000
0.000000
0.000000
2.187000
1.087000
4.786000
1.286000
0.401000
3.373000
0.882000
0.000000
1.885000
0.000000
0.000000
1.514000
0.000000
0.000000
1.531000
3.123000
1.368000
4.037000
2.053000
7.566000
0.000000
4.741000
5.816000
0.000000
0.000000
0.000000
4.811000
2.980000
0.000000
0.000000
0.000000
0.000000
4.996000
0.000000
0.000000
0.000000
0.952000
0.000000
0.000000
0.000000
0.000000
0.000000
0.000000
0.000000
6.675000
0.000000
0.000000
0.283000
6.575000
4.975000
0.000000
0.000000
0.000000
0.000000
0.000000
0.000000
0.000000
0.000000
0.000000
0.000000
0.000000
1.589000
9.488000
0.802000
0.000000
1.404000
0.000000
0.000000
3.827000
6.926000
0.000000
7.475000
4.867000
0.000000
0.000000
0.000000
0.000000
1.094000
1.511000
0.000000
0.346000
0.000000
0.000000
3.926000
1.720000
1.662000
0.051000
0.000000
0.000000
0.000000
0.000000
6.134000
0.000000
0.244000
3.757000
0.000000
2.530000
1.427000
2.457000
0.181000
0.000000
0.000000
0.000000
4.543000
0.000000
0.000000
0.903000
0.000000
4.148000
0.000000
0.000000
0.000000
0.000000
3.037000
0.095000
0.000000
0.000000
0.000000
3.281000
0.000000
0.577000
2.239000
0.000000
0.235000
0.000000
3.210000
0.000000
0.000000
0.000000
0.470000
1.863000
1.452000
2.888000
1.897000
0.000000
0.000000
0.000000
2.855000
0.092000
0.000000
0.000000
3.554000
0.000000
5.407000
2.469000
0.000000
0.000000
2.270000
2.073000
0.000000
0.000000
1.091000
0.000000
0.000000
0.000000
0.000000
0.000000
0.000000
1.487000
0.000000
4.246000
0.489000
0.000000
0.000000
5.678000
0.000000
7.579000
2.504000
0.000000
2.743000
0.000000
0.000000
0.232000
0.000000
0.000000
0.000000
2.701000
0.000000
2.713000
1.696000
0.000000
5.306000
0.000000
5.557000
0.000000
0.000000
0.000000
5.268000
0.000000
1.203000
0.908000
0.000000
0.000000
0.970000
1.049000
0.000000
0.000000
0.000000
5.650000
0.000000
0.000000
0.000000
1.676000
7.107000
0.647000
0.800000
0.000000
0.000000
0.000000
0.390000
0.000000
0.000000
3.092000
0.000000
0.000000
1.178000
0.000000
2.322000
0.000000
0.000000
0.000000
0.000000
1.498000
0.000000
2.295000
2.567000
1.743000
0.000000
0.000000
4.117000
1.392000
0.000000
0.000000
0.886000
0.692000
0.597000
0.277000
0.000000
0.000000
0.000000
0.000000
0.000000
0.000000
0.757000
0.511000
0.000000
0.000000
1.356000
0.494000
0.000000
1.547000
2.267000
3.666000
1.106000
2.840000
3.349000
0.000000
0.373000
0.000000
0.000000
0.000000
6.705000
0.000000
0.000000
0.000000
0.834000
0.000000
0.000000
0.000000
0.166000
3.696000
0.704000
0.108000
0.000000
0.006000
0.000000
0.000000
0.000000
0.000000
1.317000
2.021000
0.000000
0.000000
0.000000
1.105000
0.000000
0.000000
0.916000
2.673000
0.000000
0.389000
0.000000
0.029000
4.451000
5.921000
0.000000
0.000000
0.348000
0.000000
0.000000
1.320000
0.568000
4.634000
0.000000
0.000000
2.973000
2.653000
0.000000
0.000000
3.727000
1.290000
0.482000
0.000000
0.792000
0.000000
0.000000
0.000000
0.000000
1.432000
0.000000
0.000000
0.758000
0.000000
1.083000
0.000000
3.678000
0.874000
0.000000
0.000000
0.000000
4.776000
0.000000
0.000000
0.000000
0.000000
1.187000
0.000000
0.910000
2.858000
2.577000
0.000000
2.317000
1.092000
0.000000
1.992000
3.040000
0.000000
0.000000
3.634000
0.624000
0.000000
4.615000
0.000000
0.000000
2.860000
0.675000
1.704000
0.942000
0.000000
0.834000
0.000000
0.000000
1.580000
0.000000
0.000000
0.983000
0.000000
2.812000
0.000000
0.000000
0.000000
2.686000
0.000000
0.000000
0.114000
0.502000
0.000000
0.000000
0.000000
0.357000
0.000000
0.386000
0.000000
0.751000
0.000000
0.713000
0.000000
0.000000
0.336000
0.000000
2.182000
0.554000
0.774000
0.000000
2.807000
0.000000
0.000000
1.537000
0.006000
0.524000
0.000000
3.758000
0.000000
0.000000
0.000000
0.000000
0.000000
0.000000
0.000000
0.000000
0.000000
2.925000
0.786000
0.000000
0.000000
0.000000
0.000000
0.000000
0.000000
0.000000
1.006000
1.376000
1.109000
0.000000
2.911000
0.000000
1.393000
0.000000
0.000000
0.000000
0.000000
0.000000
0.000000
0.000000
0.825000
1.472000
0.000000
0.000000
0.000000
0.584000
0.000000
0.000000
0.105000
1.747000
1.325000
0.176000
0.127000
1.554000
0.000000
0.000000
0.000000
0.897000
0.000000
0.000000
0.000000
0.000000
0.000000
0.000000
1.943000
1.635000
0.000000
0.000000
0.000000
0.000000
0.726000
0.321000
0.928000
0.000000
0.000000
0.000000
0.000000
0.000000
0.266000
0.000000
0.406000
0.428000
0.490000
0.042000
0.000000
0.788000
1.523000
0.000000
0.000000
0.841000
0.000000
0.431000
0.178000
0.773000
0.000000
0.000000
0.377000
0.911000
0.000000
0.848000
0.311000
0.633000
0.000000
1.777000
0.000000
0.000000
1.728000
2.193000
0.000000
1.816000
0.301000
0.000000
4.241000
0.000000
0.091000
0.000000
0.115000
0.000000
0.000000
0.000000
1.141000
1.274000
0.852000
0.000000
0.000000
0.000000
0.000000
0.000000
1.074000
0.000000
0.522000
0.000000
0.000000
0.000000
0.495000
0.000000
0.000000
2.254000
0.000000
0.000000
2.474000
0.000000
0.000000
0.000000
0.000000
0.000000
0.000000
0.000000
0.000000
0.000000
0.000000
0.000000
0.000000
1.845000
0.651000
0.000000
0.000000
0.000000
0.000000
0.000000
0.964000
0.000000
0.081000
0.000000
0.000000
0.000000
0.000000
1.120000
1.842000
1.660000
0.000000
0.000000
0.000000
0.022000
0.000000
0.000000
0.000000
0.000000
0.000000
0.000000
0.000000
0.347000
0.000000
0.000000
0.000000
0.000000
0.087000
0.000000
0.826000
0.022000
0.025000
0.000000
0.000000
0.000000
0.192000
0.000000
0.000000
0.000000
0.000000
0.000000
0.000000
0.019000
0.000000
0.507000
0.000000
1.085000
0.000000
0.190000
0.000000
0.000000
0.000000
0.000000
0.000000
0.149000
0.660000
0.000000
1.310000
0.000000
0.000000
0.000000
0.000000
1.155000
0.000000
0.000000
0.000000
0.000000
0.000000
1.918000
0.000000
0.000000
1.173000
0.000000
0.000000
1.489000
0.000000
0.000000
0.000000
0.618000
0.249000
0.000000
0.256000
0.000000
0.000000
0.000000
0.000000
0.000000
0.000000
0.000000
0.000000
0.000000
0.735000
0.000000
0.000000
0.000000
0.000000
0.000000
1.284000
0.000000
0.000000
0.109000
0.000000
0.000000
0.000000
0.000000
0.000000
0.000000
0.244000
0.000000
0.000000
0.000000
0.835000
0.453000
0.000000
0.400000
0.000000
0.422000
0.130000
0.000000
0.000000
0.000000
0.843000
0.000000
0.000000
1.726000
0.000000
0.000000
0.000000
0.000000
0.240000
0.000000
0.000000
0.000000
0.000000
0.997000
0.000000
0.000000
0.566000
1.410000
0.000000
0.000000
0.306000
0.000000
2.640000
0.000000
0.187000
0.000000
0.000000
0.389000
0.061000
0.000000
0.000000
0.443000
0.000000
0.000000
0.276000
0.000000
0.490000
1.582000
0.000000
0.000000
0.431000
0.175000
0.000000
0.000000
0.596000
0.000000
0.529000
0.000000
0.000000
0.066000
0.000000
0.000000
0.604000
0.108000
0.000000
0.000000
0.000000
0.000000
0.000000
0.237000
0.000000
0.000000
0.294000
0.000000
0.172000
0.000000
0.000000
0.000000
0.000000
0.000000
0.000000
0.000000
0.000000
0.465000
0.000000
0.000000
0.000000
0.000000
0.717000
0.000000
0.192000
0.135000
0.365000
0.000000
0.000000
0.000000
0.000000
0.078000
0.000000
0.104000
0.000000
0.000000
0.000000
0.536000
0.000000
0.000000
0.000000
0.000000
0.635000
0.000000
0.000000
0.000000
0.000000
0.000000
0.000000
0.000000
0.000000
0.543000
0.232000
0.000000
0.096000
0.000000
0.000000
0.000000
0.474000
0.067000
0.000000
0.000000
0.000000
0.106000
0.000000
0.311000
0.000000
0.000000
0.000000
0.514000
0.000000
0.000000
0.000000
0.000000
0.545000
0.000000
0.000000
0.000000
0.000000
0.000000
0.000000
0.000000
0.000000
0.000000
0.266000
0.000000
0.245000
0.000000
0.000000
0.162000
1.114000
0.000000
0.016000
0.245000
0.000000
0.000000
0.000000
0.000000
0.000000
0.000000
0.000000
0.000000
0.000000
0.000000
0.000000
0.000000
0.000000
0.000000
0.000000
0.889000
0.096000
0.000000
0.244000
0.000000
0.387000
0.284000
0.161000
0.007000
0.392000
0.000000
0.000000
0.000000
0.000000
1.170000
0.000000
0.000000
0.000000
0.000000
0.000000
0.000000
0.000000
0.000000
0.000000
0.000000
0.000000
0.487000
0.114000
0.000000
0.009000
0.057000
0.203000
0.000000
0.000000
0.000000
0.000000
0.000000
0.000000
0.000000
0.376000
0.000000
0.000000
0.094000
0.000000
0.000000
0.000000
0.000000
0.000000
0.000000
0.000000
0.000000
0.000000
0.000000
0.000000
0.000000
0.000000
0.000000
0.299000
0.000000
0.000000
0.000000
0.000000
0.000000
0.000000
0.000000
0.000000
0.000000
0.000000
0.000000
0.000000
0.000000
0.000000
0.000000
0.000000
0.000000
0.000000
0.048000
0.000000
0.000000
0.000000
0.000000
0.275000
0.000000
1.189000
0.000000
0.000000
0.000000
0.000000
0.000000
0.000000
0.000000
0.000000
0.000000
0.000000
0.091000
0.000000
0.000000
0.000000
0.000000
0.000000
0.000000
0.000000
0.000000
0.000000
0.000000
0.000000
0.000000
0.000000
0.000000
0.000000
0.000000
0.000000
0.000000
0.000000
0.000000
0.000000
0.000000
0.000000
0.000000
0.066000
0.000000
0.000000
0.000000
1.136000
0.000000
0.000000
0.000000
0.000000
0.000000
0.000000
0.000000
0.250000
0.000000
0.000000
0.199000
0.000000
0.000000
2.247000
0.000000
0.000000
0.000000
0.000000
0.000000
0.000000
0.000000
0.000000
0.000000
0.000000
0.000000
0.000000
0.000000
0.000000
0.000000
0.000000
0.613000
0.000000
0.000000
0.000000
0.000000
0.000000
0.000000
0.119000
0.000000
0.000000
0.000000
0.000000
0.000000
0.000000
0.000000
0.000000
0.071000
0.000000
0.693000
0.000000
0.000000
0.000000
0.000000
0.000000
0.000000
0.000000
0.000000
0.000000
0.000000
0.000000
0.006000
0.000000
1.499000
0.000000
0.000000
0.000000
0.000000
0.000000
0.000000
0.063000
0.000000
0.000000
0.000000
0.661000
0.000000
0.116000
0.000000
0.000000
0.000000
0.000000
0.000000
0.000000
0.882000
0.000000
0.239000
0.000000
0.000000
0.000000
0.000000
0.000000
0.000000
0.000000
0.000000
0.000000
0.196000
0.201000
0.000000
0.000000
0.000000
0.025000
0.242000
0.000000
0.000000
0.000000
0.000000
0.000000
0.000000
0.414000
0.000000
0.000000
0.000000
0.000000
0.000000
0.000000
0.542000
0.000000
0.000000
0.000000
0.000000
0.000000
0.328000
0.000000
0.000000
0.000000
0.000000
0.138000
0.348000
0.000000
0.000000
0.000000
0.000000
0.107000
0.000000
0.000000
0.023000
0.000000
0.000000
0.000000
0.000000
0.285000
0.000000
0.000000
0.000000
0.000000
0.000000
0.000000
0.000000
0.000000
0.000000
0.000000
0.000000
0.000000
0.370000
0.000000
0.000000
0.000000
0.000000
0.000000
0.000000
0.000000
0.000000
0.000000
0.000000
0.005000
0.000000
0.000000
0.294000
0.000000
0.000000
0.000000
0.000000
0.000000
0.000000
0.000000
0.000000
0.000000
0.000000
0.000000
0.000000
0.000000
0.035000
0.000000
0.000000
0.000000
0.000000
0.000000
0.179000
0.000000
0.000000
0.000000
0.000000
0.058000
0.612000
0.620000
0.000000
0.257000
0.000000
0.214000
0.000000
0.420000
0.000000
0.000000
0.000000
0.278000
0.000000
0.000000
0.000000
0.000000
0.000000
0.220000
0.000000
0.103000
0.000000
0.000000
0.000000
1.386000
0.000000
0.000000
0.131000
0.261000
0.000000
0.206000
0.000000
0.000000
0.000000
0.601000
0.000000
0.000000
0.000000
0.000000
0.000000
0.000000
0.000000
0.000000
0.000000
0.000000
0.000000
0.000000
0.000000
0.241000
0.169000
0.000000
0.000000
0.000000
0.009000
0.000000
0.000000
0.000000
0.091000
0.000000
0.000000
0.042000
0.180000
0.000000
0.000000
0.000000
0.000000
0.000000
0.000000
0.000000
0.000000
0.000000
0.000000
0.000000
0.000000
0.000000
0.000000
0.000000
0.000000
0.000000
0.000000
0.000000
0.000000
0.000000
0.000000
0.000000
0.000000
0.000000
0.000000
0.000000
0.000000
0.000000
0.000000
0.000000
0.000000
0.000000
0.000000
0.000000
0.000000
0.000000
0.000000
0.000000
0.000000
0.000000
0.000000
0.509000
0.000000
0.000000
0.000000
0.000000
0.000000
0.000000
0.000000
0.000000
0.000000
0.000000
0.000000
0.000000
0.000000
0.240000
0.000000
0.527000
0.000000
0.000000
0.000000
0.000000
0.000000
0.000000
0.000000
0.000000
0.000000
0.000000
0.000000
0.000000
0.000000
0.000000
0.000000
0.000000
0.000000
0.000000
0.000000
0.000000
0.000000
0.000000
0.000000
0.000000
0.000000
0.000000
0.000000
0.000000
0.000000
0.000000
0.000000
0.000000
0.000000
0.000000
0.000000
0.000000
0.000000
0.000000
0.000000
0.000000
0.073000
0.000000
0.000000
0.000000
0.325000
0.000000
0.000000
0.000000
0.000000
0.000000
0.000000
0.000000
0.000000
0.000000
0.000000
0.031000
0.000000
0.390000
0.000000
0.000000
0.000000
0.165000
0.000000
0.000000
0.000000
0.000000
0.000000
0.000000
0.000000
0.000000
0.030000
0.000000
0.045000
0.847000
0.000000
0.000000
0.000000
0.000000
0.029000
0.364000
0.000000
0.000000
0.000000
0.000000
0.000000
0.000000
0.000000
0.000000
0.000000
0.000000
0.000000
0.000000
0.000000
0.000000
0.000000
0.000000
0.181000
0.000000
0.000000
0.000000
0.009000
0.000000
0.000000
0.000000
0.000000
0.000000
0.031000
0.697000
0.000000
0.000000
0.000000
0.000000
0.000000
0.000000
0.000000
0.000000
0.000000
0.000000
0.000000
0.051000
0.000000
0.000000
0.000000
0.000000
0.625000
0.000000
0.000000
0.000000
0.000000
0.000000
0.000000
0.078000
0.000000
0.000000
0.000000
0.102000
0.000000
0.000000
0.000000
0.138000
0.000000
0.000000
0.000000
0.000000
0.000000
0.294000
0.000000
0.000000
0.000000
0.000000
0.000000
0.000000
0.000000
0.000000
0.000000
0.000000
0.000000
0.000000
0.000000
0.000000
0.000000
0.000000
0.000000
0.000000
0.000000
0.000000
0.000000
0.000000
0.000000
0.000000
0.000000
0.000000
0.000000
0.000000
0.000000
0.000000
0.000000
0.000000
0.422000
0.000000
0.000000
0.000000
0.000000
0.000000
0.000000
0.000000
0.000000
0.000000
0.000000
0.000000
0.000000
0.000000
0.000000
0.000000
0.000000
0.000000
0.000000
0.000000
0.000000
0.267000
0.000000
0.000000
0.000000
0.000000
0.000000
0.000000
0.000000
0.000000
0.000000
0.000000
0.000000
0.000000
0.000000
0.000000
0.000000
0.000000
0.000000
0.000000
0.032000
0.000000
0.000000
0.000000
0.000000
0.000000
0.000000
0.000000
0.000000
0.000000
0.000000
0.000000
0.000000
0.000000
0.042000
0.000000
0.000000
0.000000
0.000000
0.000000
0.000000
0.000000
0.000000
0.000000
0.000000
0.000000
0.000000
0.000000
0.000000
0.000000
0.000000
0.000000
0.000000
0.000000
0.000000
0.000000
0.000000
0.000000
0.000000
0.000000
0.141000
0.000000
0.000000
0.042000
0.000000
0.000000
0.000000
0.000000
0.000000
0.000000
0.000000
0.000000
0.000000
0.000000
0.519000
0.000000
0.000000
0.000000
0.000000
0.000000
0.000000
0.276000
0.000000
0.000000
0.000000
0.000000
0.000000
0.000000
0.089000
0.000000
0.000000
0.000000
0.000000
0.000000
0.028000
0.000000
0.000000
0.000000
0.000000
0.046000
0.000000
0.000000
0.000000
0.000000
0.045000
0.000000
0.000000
0.000000
0.000000
0.000000
0.000000
0.000000
0.000000
0.000000
0.000000
0.000000
0.000000
0.000000
0.000000
0.008000
0.000000
0.000000
0.000000
0.000000
0.000000
0.134000
0.257000
0.033000
0.000000
0.000000
0.000000
0.000000
0.000000
0.000000
0.000000
0.000000
0.000000
0.029000
0.000000
0.000000
0.000000
0.000000
0.000000
0.110000
0.000000
0.000000
0.000000
0.000000
0.000000
0.017000
0.000000
0.000000
0.000000
0.000000
0.000000
0.000000
0.000000
0.000000
0.000000
0.004000
0.000000
0.000000
0.000000
0.000000
0.000000
0.000000
0.007000
0.000000
0.000000
0.000000
0.000000
0.000000
0.000000
0.000000
0.000000
0.000000
0.039000
0.081000
0.000000
0.000000
0.059000
0.000000
0.113000
0.217000
0.327000
0.000000
0.015000
0.000000
0.000000
0.000000
0.122000
0.000000
0.000000
0.000000
0.103000
0.000000
0.000000
0.000000
0.000000
0.000000
0.000000
0.000000
0.168000
0.000000
0.000000
0.000000
0.000000
0.099000
0.000000
0.000000
0.000000
0.000000
0.000000
0.000000
0.000000
0.000000
0.000000
0.000000
0.000000
0.000000
0.074000
0.000000
0.000000
0.000000
0.000000
0.000000
0.000000
0.000000
0.000000
0.000000
0.000000
0.000000
0.000000
