15.885000
14.309000
14.578000
18.521000
15.481000
17.844000
21.055000
14.889000
11.703000
15.972000
22.326000
20.951000
16.211000
18.743000
17.199000
14.969000
8.963000
19.895000
13.085000
19.847000
9.497000
18.511000
19.031000
12.172000
15.527000
10.743000
9.653000
13.493000
13.495000
12.379000
15.478000
11.861000
16.922000
17.933000
9.398000
10.474000
10.906000
10.902000
15.422000
17.264000
9.236000
15.092000
12.360000
13.731000
12.868000
14.317000
13.936000
17.938000
12.244000
12.663000
11.348000
9.279000
9.035000
16.143000
9.181000
19.557000
19.456000
24.179000
9.392000
15.395000
16.534000
9.153000
19.769000
12.570000
6.491000
12.194000
21.823000
9.750000
10.906000
8.259000
13.831000
13.085000
6.739000
9.697000
5.735000
9.150000
12.802000
18.471000
15.124000
6.611000
12.385000
3.320000
9.198000
12.524000
7.701000
2.750000
7.523000
8.467000
9.860000
6.409000
9.049000
10.312000
8.072000
9.587000
10.763000
8.227000
8.695000
9.323000
18.043000
7.028000
5.155000
10.913000
13.466000
4.793000
7.495000
7.539000
4.167000
3.645000
10.553000
2.347000
10.855000
17.318000
5.453000
10.441000
8.414000
15.136000
6.418000
7.610000
4.399000
6.497000
21.148000
8.806000
10.756000
4.440000
9.783000
5.143000
12.000000
7.451000
9.406000
4.500000
9.233000
4.674000
8.990000
3.030000
8.558000
7.266000
9.091000
7.910000
7.598000
8.982000
6.408000
9.973000
9.044000
2.573000
4.384000
1.708000
8.089000
7.037000
7.240000
7.837000
6.869000
6.498000
6.488000
9.357000
7.208000
14.671000
9.189000
14.329000
8.373000
11.238000
12.021000
6.136000
16.974000
10.385000
7.713000
8.151000
21.782000
8.107000
9.473000
10.309000
2.490000
10.460000
4.092000
16.111000
6.033000
6.087000
4.506000
7.329000
8.800000
17.141000
9.846000
4.431000
12.422000
8.651000
8.181000
8.952000
8.763000
8.363000
6.396000
11.976000
7.985000
6.000000
15.455000
9.864000
7.001000
7.480000
5.266000
5.898000
7.043000
17.277000
16.690000
7.612000
5.367000
14.264000
5.946000
3.482000
13.213000
7.528000
4.933000
8.444000
6.167000
6.481000
12.643000
3.940000
6.580000
9.397000
6.901000
2.649000
2.559000
6.856000
2.130000
7.115000
4.614000
9.021000
18.841000
11.293000
7.292000
5.160000
21.826000
8.659000
5.822000
6.194000
5.080000
10.789000
7.036000
18.799000
9.501000
14.234000
16.150000
1.575000
6.952000
4.423000
8.828000
4.321000
5.981000
8.850000
4.754000
6.633000
11.124000
5.929000
6.338000
5.092000
17.612000
6.737000
7.004000
9.949000
11.110000
3.317000
5.803000
15.345000
4.271000
7.731000
13.568000
5.509000
18.549000
14.449000
6.316000
7.025000
4.243000
7.583000
8.145000
17.918000
17.674000
16.895000
7.572000
8.295000
14.370000
8.570000
8.536000
12.891000
6.859000
8.575000
9.006000
7.589000
6.528000
19.130000
10.261000
12.698000
11.286000
10.479000
8.417000
8.335000
9.629000
11.016000
5.422000
16.606000
13.959000
9.056000
16.693000
11.572000
13.795000
15.110000
6.940000
12.049000
10.225000
8.128000
6.602000
9.001000
10.550000
6.206000
4.840000
4.889000
11.645000
6.403000
19.092000
13.199000
16.121000
16.508000
23.601000
7.109000
3.902000
9.596000
13.010000
13.272000
7.534000
4.038000
16.019000
6.887000
10.412000
8.240000
7.359000
9.000000
7.548000
13.692000
18.143000
13.086000
10.554000
11.809000
11.623000
15.225000
6.583000
8.354000
4.452000
6.803000
10.440000
8.947000
11.293000
6.531000
8.019000
14.005000
10.419000
9.092000
21.811000
8.669000
13.190000
14.980000
11.339000
6.684000
17.519000
14.448000
9.479000
15.867000
12.244000
7.072000
15.840000
22.839000
8.322000
10.364000
9.618000
10.165000
14.962000
11.547000
13.456000
10.124000
11.131000
9.077000
11.745000
8.454000
4.378000
15.154000
15.859000
9.280000
8.923000
12.265000
12.926000
11.709000
6.982000
11.886000
10.453000
7.550000
7.968000
7.052000
11.177000
14.584000
11.481000
10.753000
12.420000
7.543000
10.340000
18.459000
11.684000
13.016000
12.707000
12.909000
14.226000
12.890000
4.148000
15.963000
11.648000
17.307000
3.784000
6.260000
16.728000
7.379000
2.794000
12.084000
10.574000
10.020000
7.410000
10.974000
17.450000
14.241000
6.159000
10.950000
15.818000
10.052000
7.750000
11.021000
6.790000
17.009000
10.006000
9.986000
11.999000
9.462000
17.660000
8.365000
13.573000
15.770000
8.420000
19.495000
15.913000
11.844000
13.626000
17.437000
15.073000
4.633000
11.203000
17.165000
12.569000
4.975000
11.406000
5.100000
12.649000
16.154000
12.904000
13.203000
10.703000
20.405000
7.214000
5.522000
19.693000
6.760000
14.571000
4.978000
12.196000
13.399000
6.584000
10.865000
8.347000
17.212000
8.432000
7.674000
14.763000
17.543000
15.943000
17.299000
11.855000
9.821000
7.496000
1.590000
9.492000
14.579000
12.184000
12.754000
8.874000
10.301000
10.068000
11.561000
6.515000
12.054000
12.265000
9.074000
15.747000
14.545000
5.611000
6.046000
8.793000
10.191000
10.415000
12.485000
7.128000
16.457000
15.370000
3.183000
8.509000
14.850000
6.620000
5.027000
11.349000
14.552000
12.392000
9.938000
8.316000
13.305000
11.119000
7.437000
7.256000
14.144000
11.365000
9.137000
17.504000
8.248000
20.298000
13.718000
3.829000
8.980000
8.786000
9.150000
10.679000
10.101000
5.933000
1.651000
16.892000
8.437000
9.750000
12.340000
9.808000
7.587000
17.964000
9.377000
9.464000
19.343000
18.303000
4.093000
6.155000
13.804000
11.134000
6.820000
6.154000
11.719000
14.659000
11.097000
15.041000
21.577000
6.492000
15.860000
15.024000
7.728000
12.807000
10.174000
15.763000
12.813000
3.156000
11.560000
9.753000
12.888000
13.031000
16.780000
11.821000
12.179000
3.974000
9.897000
13.832000
11.674000
6.387000
13.426000
12.227000
12.911000
3.414000
7.333000
14.916000
9.697000
15.790000
14.000000
8.892000
11.571000
7.730000
17.614000
13.545000
9.186000
17.430000
12.446000
13.949000
6.416000
10.067000
8.381000
7.355000
9.983000
10.974000
8.101000
14.312000
10.314000
11.026000
6.258000
7.210000
9.065000
14.772000
5.518000
8.356000
10.571000
6.823000
7.787000
7.778000
12.678000
10.689000
6.724000
15.492000
10.908000
14.090000
11.866000
12.342000
3.023000
9.067000
11.847000
15.280000
11.577000
6.422000
7.135000
13.178000
8.630000
6.311000
15.973000
14.066000
12.255000
10.133000
6.673000
12.832000
8.726000
15.016000
17.582000
13.487000
9.228000
11.660000
6.752000
8.546000
15.406000
13.260000
11.783000
11.863000
18.876000
9.127000
16.262000
14.435000
8.420000
12.234000
9.952000
12.206000
8.446000
9.115000
11.856000
14.778000
13.631000
11.659000
17.529000
10.608000
13.622000
13.132000
8.505000
11.842000
13.317000
15.478000
13.494000
5.384000
12.405000
3.153000
9.947000
11.777000
9.081000
12.059000
10.280000
10.840000
17.606000
11.737000
9.023000
16.030000
8.331000
3.191000
16.573000
7.691000
16.233000
16.858000
14.068000
9.235000
13.494000
11.338000
8.998000
12.139000
12.073000
12.472000
12.209000
14.293000
7.712000
3.781000
9.803000
11.760000
14.619000
10.447000
23.740000
13.258000
14.449000
18.555000
20.437000
21.765000
8.965000
9.041000
9.724000
7.287000
8.217000
10.236000
14.754000
12.602000
11.892000
16.725000
14.183000
15.810000
16.272000
4.736000
12.330000
16.500000
13.561000
12.522000
8.899000
11.998000
10.982000
10.648000
11.205000
5.012000
16.122000
8.434000
12.228000
11.860000
13.873000
14.548000
12.057000
12.248000
10.644000
15.918000
24.629000
9.523000
12.957000
10.311000
17.546000
16.815000
9.246000
17.685000
11.734000
10.811000
10.856000
8.954000
14.944000
8.817000
11.034000
14.782000
16.566000
3.905000
13.047000
13.045000
9.387000
12.077000
4.372000
11.417000
11.034000
15.653000
10.330000
8.021000
10.839000
11.461000
13.495000
9.287000
12.334000
11.374000
13.485000
9.020000
17.214000
11.015000
9.226000
7.265000
8.605000
12.253000
8.058000
10.233000
18.678000
13.126000
14.716000
21.340000
11.341000
4.940000
12.020000
9.123000
13.527000
11.932000
11.941000
11.694000
14.871000
8.329000
17.594000
10.161000
8.366000
12.725000
7.975000
12.658000
11.979000
4.481000
12.961000
8.806000
8.631000
16.855000
10.729000
20.002000
13.357000
6.727000
13.893000
10.439000
5.397000
7.916000
11.013000
15.202000
8.687000
12.855000
14.585000
10.896000
13.783000
14.503000
11.064000
11.778000
8.902000
19.629000
12.079000
10.517000
13.008000
12.523000
14.196000
9.476000
18.053000
10.981000
8.448000
5.773000
5.415000
11.150000
2.371000
7.374000
7.101000
8.173000
11.623000
12.125000
15.163000
8.959000
8.069000
8.604000
9.351000
10.436000
7.846000
12.651000
13.908000
11.529000
6.963000
11.614000
4.917000
14.516000
6.043000
9.914000
11.651000
7.110000
9.178000
8.741000
10.380000
9.361000
9.875000
11.748000
14.565000
9.571000
22.490000
6.520000
10.071000
13.595000
9.495000
14.749000
8.352000
12.040000
8.279000
7.486000
10.934000
6.501000
7.138000
12.245000
15.782000
10.720000
13.304000
8.948000
8.878000
11.651000
5.252000
4.329000
10.870000
14.141000
12.868000
13.970000
6.548000
3.538000
7.070000
8.888000
5.621000
12.864000
13.233000
9.738000
8.151000
8.622000
8.478000
8.863000
11.374000
11.215000
14.596000
7.717000
12.453000
8.752000
5.401000
7.679000
10.755000
20.602000
13.549000
8.491000
6.967000
14.162000
7.167000
8.293000
12.066000
4.331000
4.925000
14.606000
14.350000
10.792000
9.781000
11.975000
6.168000
8.176000
3.519000
5.586000
10.692000
5.991000
13.951000
11.592000
13.633000
5.065000
7.822000
14.743000
15.931000
11.415000
6.265000
3.956000
13.452000
9.439000
5.971000
7.205000
10.164000
11.827000
10.460000
8.248000
8.435000
9.852000
14.790000
12.937000
13.737000
17.850000
4.167000
11.727000
5.218000
5.625000
12.299000
11.414000
5.356000
11.479000
10.809000
4.353000
8.152000
4.853000
7.981000
8.745000
14.641000
7.404000
8.104000
7.363000
10.923000
9.792000
11.232000
5.069000
7.947000
11.564000
11.483000
12.302000
8.163000
7.132000
11.568000
11.205000
8.040000
8.407000
9.876000
5.219000
12.053000
6.402000
12.366000
9.157000
12.644000
10.422000
12.874000
9.207000
11.963000
4.015000
20.487000
7.859000
11.870000
8.082000
8.018000
9.809000
10.631000
7.745000
11.592000
10.726000
8.663000
10.600000
5.442000
7.753000
4.769000
9.462000
11.974000
8.819000
8.834000
9.230000
12.216000
10.772000
10.754000
12.860000
13.488000
11.147000
7.063000
14.591000
10.395000
9.613000
9.743000
10.667000
13.454000
6.258000
8.685000
14.241000
7.213000
6.920000
6.668000
7.860000
20.840000
15.146000
9.060000
12.113000
6.004000
7.951000
13.732000
13.603000
5.602000
15.141000
8.682000
2.621000
17.094000
11.896000
5.529000
13.417000
5.632000
9.436000
13.843000
10.531000
14.891000
13.044000
15.228000
8.310000
10.521000
6.756000
11.320000
16.746000
1.812000
6.606000
9.025000
5.503000
8.296000
10.664000
9.922000
2.989000
6.941000
7.957000
6.799000
14.343000
10.572000
7.619000
9.931000
12.925000
5.927000
15.826000
6.016000
4.827000
6.815000
11.173000
9.744000
5.756000
7.627000
5.204000
8.451000
6.442000
5.328000
3.738000
7.452000
9.007000
8.707000
5.395000
7.823000
15.536000
8.615000
8.993000
5.803000
5.698000
13.197000
9.273000
7.868000
4.973000
9.157000
14.863000
7.408000
8.026000
8.295000
10.397000
12.030000
12.342000
13.010000
22.557000
8.778000
7.150000
1.671000
2.719000
13.886000
6.956000
8.062000
13.000000
12.811000
8.704000
6.022000
1.103000
13.710000
10.500000
12.631000
4.971000
8.438000
14.103000
12.624000
7.751000
8.551000
16.448000
3.829000
7.922000
9.974000
10.211000
13.355000
10.615000
7.491000
7.518000
21.251000
12.511000
8.029000
11.508000
9.054000
10.583000
10.183000
16.147000
14.612000
25.174000
21.119000
6.683000
10.392000
10.538000
13.304000
9.151000
7.723000
11.289000
12.335000
9.606000
1.454000
8.419000
8.823000
9.030000
8.496000
4.968000
6.143000
12.332000
6.882000
10.390000
17.855000
7.521000
11.360000
9.934000
14.192000
9.128000
13.371000
10.919000
7.538000
0.000000
10.250000
12.723000
4.742000
13.474000
0.000000
11.295000
8.413000
11.484000
11.649000
8.558000
7.612000
7.077000
1.729000
2.332000
12.769000
6.981000
1.609000
3.307000
22.300000
4.098000
7.980000
8.935000
12.736000
2.101000
4.490000
6.518000
12.328000
4.376000
8.696000
2.928000
5.596000
5.478000
6.650000
0.520000
4.846000
7.771000
8.324000
2.829000
7.146000
2.841000
4.997000
3.667000
17.491000
5.770000
7.597000
14.683000
0.000000
4.589000
0.000000
9.178000
0.947000
2.578000
11.665000
3.313000
0.000000
9.028000
10.675000
5.491000
3.846000
2.780000
4.923000
10.038000
6.246000
6.188000
7.650000
11.221000
13.997000
5.228000
0.000000
10.778000
6.726000
3.313000
10.181000
3.985000
12.530000
3.683000
10.412000
9.132000
9.844000
0.718000
5.748000
2.424000
6.363000
17.102000
0.000000
9.963000
7.223000
0.955000
7.670000
11.662000
0.668000
2.232000
13.414000
13.173000
1.216000
6.160000
6.613000
4.356000
13.000000
3.353000
8.190000
11.966000
12.571000
0.000000
1.493000
10.880000
5.470000
0.000000
0.805000
9.867000
12.314000
11.953000
5.791000
5.363000
3.472000
0.993000
3.926000
4.336000
9.888000
8.290000
9.387000
11.323000
9.098000
0.000000
11.236000
6.797000
15.234000
13.224000
12.271000
7.758000
13.499000
13.662000
13.872000
5.355000
7.327000
7.723000
6.553000
0.000000
11.402000
5.653000
10.401000
10.239000
13.482000
11.152000
5.910000
2.642000
10.239000
18.597000
5.282000
3.881000
1.755000
12.470000
12.579000
4.912000
1.353000
0.000000
8.829000
16.715000
11.580000
1.897000
13.618000
16.623000
11.177000
17.053000
10.153000
13.718000
14.628000
11.460000
6.785000
10.955000
10.979000
5.841000
12.734000
7.120000
10.654000
7.292000
3.689000
10.511000
11.720000
9.169000
8.729000
0.448000
0.000000
0.982000
6.047000
8.401000
3.885000
10.462000
12.031000
6.432000
8.660000
11.778000
10.625000
15.259000
12.485000
13.297000
14.604000
12.487000
13.506000
14.990000
8.934000
17.937000
17.413000
6.683000
17.739000
11.979000
9.230000
9.456000
15.429000
2.229000
2.288000
0.913000
11.093000
7.959000
3.347000
7.595000
10.667000
13.384000
8.499000
6.799000
1.828000
1.429000
3.481000
13.555000
10.546000
3.336000
7.632000
0.000000
9.801000
11.182000
13.894000
14.015000
10.933000
11.090000
6.089000
9.829000
13.501000
6.626000
22.134000
13.647000
10.383000
12.963000
8.195000
6.570000
6.307000
9.327000
18.154000
15.350000
4.875000
11.843000
15.948000
16.988000
12.391000
17.316000
17.328000
12.087000
15.785000
9.825000
14.028000
14.064000
11.831000
10.151000
12.688000
2.797000
6.178000
16.196000
7.354000
15.100000
8.683000
14.313000
1.939000
9.052000
11.159000
19.645000
8.838000
8.060000
10.111000
10.790000
5.483000
10.466000
10.857000
8.276000
20.327000
11.040000
6.600000
8.706000
11.985000
6.029000
11.031000
20.366000
7.937000
13.983000
14.049000
14.554000
12.839000
10.701000
12.036000
6.845000
14.361000
5.431000
7.234000
18.806000
14.311000
13.168000
5.481000
7.747000
11.913000
4.827000
13.110000
11.001000
11.853000
8.199000
14.470000
13.537000
7.434000
8.741000
7.435000
9.734000
11.302000
14.424000
11.116000
16.438000
13.715000
9.339000
14.065000
5.202000
11.821000
10.280000
7.298000
9.223000
13.949000
8.570000
12.328000
13.891000
14.236000
13.858000
11.152000
17.196000
9.233000
15.902000
19.740000
1.947000
17.890000
12.128000
11.683000
9.781000
1.338000
5.310000
15.208000
14.384000
9.749000
10.525000
14.559000
10.650000
17.165000
9.435000
9.992000
11.870000
12.392000
10.329000
6.985000
10.694000
7.269000
18.189000
13.289000
17.251000
12.408000
7.982000
12.799000
16.343000
8.001000
14.330000
12.991000
19.426000
8.924000
4.139000
16.375000
6.852000
8.394000
5.228000
4.517000
13.529000
11.520000
9.625000
12.377000
10.984000
7.445000
10.237000
16.756000
9.791000
4.952000
14.035000
8.675000
8.149000
11.775000
11.264000
3.109000
3.286000
14.179000
8.727000
13.895000
6.888000
16.490000
17.626000
13.107000
6.676000
19.380000
12.042000
7.336000
11.462000
22.552000
9.582000
19.032000
12.413000
11.717000
8.680000
16.394000
12.974000
5.208000
11.401000
23.076000
12.728000
14.443000
8.499000
24.126000
5.184000
13.789000
11.918000
11.724000
23.106000
17.920000
8.467000
14.314000
11.959000
11.414000
11.688000
12.258000
17.254000
11.519000
12.777000
14.612000
8.529000
11.533000
24.293000
14.520000
11.224000
6.369000
12.283000
15.902000
9.480000
13.906000
12.444000
10.355000
12.870000
8.947000
10.121000
7.102000
8.804000
4.926000
13.285000
14.744000
12.800000
11.298000
15.622000
13.226000
11.310000
13.456000
12.763000
7.539000
15.454000
9.483000
19.667000
11.664000
13.731000
8.623000
10.195000
12.010000
9.606000
11.062000
9.288000
20.006000
7.912000
19.676000
11.214000
9.205000
9.749000
13.030000
12.321000
13.602000
11.684000
13.887000
5.694000
18.868000
12.013000
11.135000
7.912000
9.458000
12.412000
11.864000
5.338000
16.839000
10.584000
10.664000
12.536000
14.654000
12.557000
10.966000
7.647000
5.218000
12.962000
13.169000
9.605000
17.295000
14.860000
9.430000
16.822000
9.730000
12.076000
5.162000
8.144000
13.205000
12.862000
9.096000
8.170000
5.733000
13.003000
13.318000
11.507000
12.549000
10.460000
13.170000
10.253000
13.381000
12.468000
9.471000
15.532000
16.759000
10.226000
9.574000
6.606000
8.846000
10.444000
9.505000
8.213000
22.147000
12.288000
8.624000
16.841000
11.982000
8.783000
10.723000
13.053000
10.101000
12.447000
15.294000
12.193000
12.603000
6.511000
9.967000
14.804000
16.772000
8.601000
14.513000
5.540000
9.141000
14.855000
17.587000
11.244000
11.824000
17.126000
6.189000
12.437000
15.223000
7.668000
12.811000
9.573000
8.385000
13.963000
14.727000
11.502000
10.400000
17.034000
10.171000
19.234000
11.597000
9.478000
10.893000
7.364000
11.355000
25.961000
15.088000
9.264000
4.828000
7.066000
14.220000
11.157000
11.852000
16.277000
5.393000
13.342000
10.775000
10.996000
11.305000
7.112000
12.115000
14.181000
8.041000
12.841000
14.317000
8.888000
9.151000
11.109000
14.174000
15.492000
6.016000
8.033000
11.577000
12.620000
6.364000
10.429000
16.527000
5.648000
16.103000
15.320000
17.214000
11.654000
7.927000
14.080000
12.588000
14.939000
11.184000
11.890000
8.760000
14.588000
3.016000
17.119000
8.651000
15.845000
12.346000
15.016000
10.760000
10.100000
5.360000
13.423000
8.625000
10.482000
8.140000
14.560000
15.965000
19.025000
10.273000
0.000000
16.294000
13.952000
14.848000
13.176000
7.239000
11.568000
13.354000
14.310000
12.964000
11.464000
10.902000
14.096000
10.392000
12.630000
23.394000
14.638000
10.173000
13.729000
13.726000
10.685000
15.214000
11.903000
13.175000
5.437000
10.618000
8.207000
15.470000
21.768000
11.915000
14.378000
11.651000
14.781000
7.825000
15.667000
3.288000
16.203000
2.681000
13.529000
12.582000
13.763000
10.034000
11.235000
19.107000
8.577000
12.662000
8.727000
12.183000
9.627000
6.512000
2.126000
10.823000
11.173000
12.048000
6.899000
9.543000
7.461000
15.809000
8.360000
13.631000
16.114000
9.037000
10.049000
11.335000
19.397000
10.169000
9.087000
10.815000
5.994000
18.021000
12.657000
8.862000
13.091000
5.494000
1.787000
14.387000
21.518000
9.111000
5.289000
9.858000
11.788000
5.648000
1.178000
8.626000
9.895000
6.545000
12.796000
13.704000
0.000000
7.488000
3.227000
29.075000
2.701000
16.350000
2.299000
23.099000
17.357000
6.577000
6.154000
6.366000
5.829000
2.955000
6.460000
14.052000
4.713000
14.276000
3.747000
15.806000
18.034000
7.683000
1.187000
15.409000
14.284000
1.577000
7.431000
10.252000
9.079000
0.970000
5.863000
4.921000
4.699000
5.018000
2.290000
4.373000
19.231000
0.000000
2.987000
12.813000
3.452000
2.904000
3.841000
4.401000
0.933000
1.585000
6.196000
9.173000
4.976000
4.053000
9.090000
3.842000
11.686000
14.888000
13.724000
1.117000
9.236000
1.438000
3.924000
3.967000
3.995000
0.000000
17.624000
11.343000
9.607000
8.853000
5.422000
4.016000
19.971000
5.395000
5.793000
16.370000
0.000000
1.858000
10.605000
7.744000
5.220000
2.912000
8.437000
14.657000
19.034000
4.834000
8.344000
0.000000
8.980000
15.646000
8.682000
6.997000
18.156000
12.410000
6.742000
12.232000
3.629000
4.082000
1.464000
6.787000
4.803000
6.127000
11.667000
14.474000
0.413000
5.502000
8.708000
8.816000
15.763000
16.023000
6.550000
11.296000
9.795000
3.391000
5.557000
21.589000
2.514000
1.085000
4.793000
2.972000
9.647000
12.584000
8.107000
5.926000
15.337000
2.460000
0.000000
0.411000
0.508000
3.492000
4.129000
7.756000
5.640000
15.432000
0.000000
4.408000
3.230000
8.225000
0.000000
0.952000
9.658000
5.124000
0.000000
5.375000
17.605000
0.000000
0.000000
14.138000
0.682000
3.551000
0.000000
2.476000
1.215000
0.000000
0.000000
20.111000
3.336000
16.280000
0.000000
12.231000
4.283000
10.247000
2.737000
1.814000
3.071000
0.000000
4.199000
21.300000
0.000000
5.956000
5.822000
1.197000
2.331000
4.444000
0.607000
0.000000
8.287000
7.696000
15.972000
11.553000
10.799000
0.000000
0.000000
5.095000
0.000000
10.420000
0.000000
0.000000
0.000000
0.223000
18.030000
10.754000
16.963000
0.000000
8.273000
10.713000
0.000000
0.000000
11.601000
9.935000
2.143000
1.405000
0.000000
0.000000
0.000000
9.165000
0.000000
11.891000
0.620000
0.000000
9.810000
0.000000
0.000000
0.000000
5.547000
9.971000
7.943000
0.000000
0.000000
0.000000
0.000000
12.637000
10.429000
23.703000
9.435000
1.806000
1.780000
0.000000
0.000000
5.596000
14.047000
13.967000
3.076000
9.280000
3.791000
12.025000
4.886000
0.000000
7.178000
0.000000
8.406000
12.801000
0.000000
15.334000
0.000000
1.544000
0.742000
0.000000
0.000000
0.000000
0.000000
7.301000
1.603000
2.384000
2.309000
0.900000
5.336000
10.281000
8.762000
15.980000
0.000000
10.583000
11.425000
7.612000
7.703000
7.490000
11.763000
0.000000
20.844000
0.000000
8.080000
11.425000
0.000000
8.754000
6.393000
5.498000
6.331000
9.217000
14.112000
13.235000
9.050000
11.717000
10.666000
0.000000
9.504000
9.231000
12.660000
4.744000
7.010000
0.282000
0.761000
15.846000
13.083000
5.778000
7.661000
11.035000
16.076000
0.164000
0.000000
12.480000
22.220000
7.567000
5.052000
9.783000
0.000000
6.543000
0.000000
1.955000
8.751000
6.471000
8.931000
4.872000
2.926000
0.000000
7.114000
8.232000
6.543000
10.498000
10.866000
5.215000
8.395000
9.570000
8.427000
4.902000
8.343000
6.250000
0.000000
19.410000
1.377000
9.743000
0.000000
9.352000
7.436000
6.450000
10.578000
6.252000
4.348000
10.083000
8.220000
9.876000
0.000000
0.000000
0.000000
8.108000
7.261000
9.258000
9.035000
10.985000
0.000000
4.531000
16.793000
7.776000
14.356000
14.093000
11.626000
9.412000
5.141000
2.022000
7.457000
16.219000
8.039000
3.052000
8.523000
8.670000
18.305000
6.742000
6.225000
10.332000
5.136000
10.418000
11.137000
14.500000
4.749000
8.509000
4.662000
7.674000
16.693000
7.601000
7.516000
9.869000
8.026000
7.073000
12.115000
12.153000
3.020000
9.707000
11.003000
9.319000
11.234000
1.155000
8.965000
9.241000
9.572000
0.000000
2.582000
3.210000
7.077000
12.689000
7.978000
9.077000
0.000000
7.224000
17.025000
12.111000
11.251000
5.552000
19.868000
8.780000
8.376000
12.332000
0.000000
10.356000
5.998000
9.055000
6.195000
15.777000
6.027000
8.243000
4.409000
10.413000
18.451000
7.829000
13.031000
5.083000
12.477000
3.622000
16.236000
15.337000
16.285000
4.269000
10.298000
18.882000
7.654000
15.172000
5.615000
21.334000
13.960000
9.634000
13.102000
14.112000
8.840000
18.187000
9.584000
17.811000
9.904000
7.634000
4.729000
5.705000
21.340000
8.412000
12.429000
20.413000
10.228000
10.599000
0.000000
8.922000
14.206000
8.093000
5.723000
13.727000
6.152000
9.536000
10.876000
5.517000
9.863000
8.269000
5.959000
21.777000
14.552000
5.816000
7.899000
6.448000
14.507000
5.377000
5.326000
15.887000
4.176000
5.579000
11.332000
11.287000
0.000000
22.315000
11.589000
9.409000
12.926000
13.670000
7.086000
12.241000
10.184000
15.124000
6.973000
4.517000
18.839000
10.714000
13.571000
13.854000
14.528000
14.191000
8.319000
15.394000
13.933000
5.247000
18.991000
10.025000
16.346000
8.354000
10.839000
13.519000
12.380000
18.026000
11.102000
15.452000
11.961000
8.791000
3.715000
11.314000
0.000000
10.176000
6.620000
10.723000
10.955000
13.715000
6.047000
11.486000
13.626000
7.479000
13.432000
16.111000
12.164000
7.233000
12.034000
11.021000
11.952000
10.927000
10.811000
10.106000
9.204000
11.708000
4.582000
9.994000
14.776000
1.888000
8.566000
18.736000
9.063000
5.244000
6.839000
14.363000
14.494000
11.628000
5.238000
5.352000
6.930000
9.865000
11.486000
11.481000
10.299000
12.512000
13.659000
19.783000
11.007000
10.526000
16.763000
6.349000
7.178000
12.767000
13.511000
9.432000
13.973000
6.224000
8.652000
5.363000
13.120000
7.604000
3.297000
14.936000
0.000000
5.209000
2.992000
7.898000
12.185000
17.256000
2.699000
9.746000
9.432000
8.389000
11.713000
5.898000
10.921000
6.720000
6.567000
11.244000
6.237000
14.199000
15.349000
8.364000
1.130000
8.527000
10.909000
8.448000
5.522000
9.711000
9.999000
20.756000
9.309000
8.702000
12.096000
13.427000
13.976000
17.819000
12.694000
8.670000
8.556000
16.586000
9.334000
8.723000
8.056000
10.023000
12.442000
6.087000
11.254000
18.970000
10.303000
8.991000
9.251000
11.571000
21.663000
15.216000
3.353000
12.024000
13.769000
18.348000
11.536000
7.453000
20.294000
10.799000
17.998000
9.807000
18.857000
19.082000
10.955000
12.363000
8.064000
20.948000
7.830000
13.938000
17.197000
11.283000
16.014000
11.697000
4.965000
7.748000
13.025000
18.864000
10.773000
11.632000
8.072000
7.591000
9.490000
10.623000
7.049000
13.295000
4.148000
3.285000
9.747000
13.435000
9.111000
10.717000
10.119000
11.333000
11.079000
15.690000
12.149000
11.507000
9.646000
8.066000
16.738000
12.432000
0.000000
15.093000
13.983000
9.813000
3.089000
9.139000
12.261000
5.644000
20.705000
9.249000
8.724000
7.959000
12.650000
14.559000
18.908000
10.578000
14.496000
13.956000
15.866000
5.648000
6.485000
2.511000
11.156000
11.514000
12.647000
6.678000
7.191000
14.900000
0.332000
19.300000
6.605000
12.065000
10.491000
8.536000
14.754000
11.380000
6.450000
6.032000
17.448000
6.518000
9.144000
16.519000
9.923000
19.934000
15.271000
7.692000
11.247000
11.716000
5.788000
4.789000
24.412000
16.201000
8.848000
9.577000
12.851000
9.555000
22.330000
6.996000
12.054000
8.611000
10.660000
12.552000
9.745000
10.231000
16.138000
11.981000
12.080000
8.262000
10.062000
14.560000
8.496000
10.870000
15.331000
10.011000
16.799000
8.369000
12.941000
11.732000
13.799000
8.954000
4.308000
14.096000
12.037000
11.368000
9.123000
2.682000
7.546000
3.838000
14.576000
12.683000
11.104000
10.293000
10.850000
13.377000
1.187000
14.226000
11.433000
13.478000
16.495000
10.706000
13.145000
10.165000
16.506000
7.835000
7.519000
12.891000
17.009000
7.248000
15.925000
8.822000
14.095000
9.036000
9.771000
12.009000
5.193000
5.654000
10.298000
13.915000
13.428000
18.891000
14.443000
9.674000
8.609000
17.027000
13.025000
12.901000
16.736000
12.450000
12.896000
15.121000
4.696000
19.044000
9.907000
11.530000
10.332000
4.482000
15.091000
11.969000
9.126000
16.513000
8.591000
14.648000
14.575000
13.821000
14.479000
13.827000
6.716000
14.077000
19.963000
8.700000
24.786000
18.535000
22.335000
10.134000
21.035000
9.907000
13.491000
7.534000
6.514000
8.530000
15.413000
11.718000
14.163000
11.375000
12.055000
9.371000
10.721000
9.041000
8.449000
13.123000
3.282000
11.014000
17.186000
13.860000
13.927000
6.033000
9.611000
13.166000
14.668000
2.981000
9.305000
12.383000
12.514000
8.199000
8.391000
12.473000
9.594000
14.049000
20.897000
12.951000
8.887000
10.303000
9.819000
11.965000
18.938000
15.607000
8.919000
19.133000
13.908000
7.996000
7.836000
12.430000
13.402000
11.626000
19.220000
12.368000
16.190000
13.317000
12.210000
11.406000
10.015000
16.630000
8.829000
17.484000
12.066000
14.163000
16.660000
11.450000
15.344000
16.883000
14.176000
13.062000
15.525000
7.651000
11.727000
12.813000
20.204000
11.076000
10.890000
13.061000
14.260000
15.268000
13.713000
6.001000
10.818000
11.464000
15.716000
10.685000
11.091000
12.300000
12.531000
12.342000
18.529000
14.137000
14.119000
7.721000
14.413000
14.323000
7.681000
8.781000
15.436000
21.386000
5.296000
12.776000
9.487000
13.477000
16.826000
13.910000
8.980000
13.674000
12.190000
14.894000
14.405000
10.769000
9.577000
17.932000
13.649000
10.099000
9.215000
8.284000
15.428000
14.025000
11.891000
10.454000
12.183000
13.642000
8.803000
8.635000
16.408000
17.156000
11.395000
11.970000
10.778000
8.517000
16.755000
14.269000
14.242000
1.944000
6.525000
16.634000
12.222000
12.610000
19.118000
13.677000
7.133000
13.227000
11.239000
13.851000
17.470000
18.126000
9.981000
7.451000
17.264000
13.243000
13.492000
13.347000
8.829000
10.911000
16.831000
12.231000
13.223000
12.163000
13.555000
13.730000
11.756000
18.340000
15.468000
14.586000
12.619000
16.199000
20.504000
9.567000
15.926000
13.268000
14.237000
16.246000
15.623000
14.082000
17.984000
18.869000
8.308000
12.626000
18.227000
14.910000
13.443000
12.131000
11.897000
22.516000
4.400000
8.174000
14.277000
15.430000
14.710000
5.227000
15.982000
13.372000
14.773000
10.866000
6.503000
14.483000
13.904000
11.035000
11.012000
10.368000
3.929000
9.180000
7.256000
11.339000
10.693000
5.314000
9.021000
12.795000
14.126000
13.506000
10.850000
13.589000
18.826000
15.779000
13.692000
15.421000
4.657000
11.117000
16.065000
7.029000
5.615000
14.991000
10.872000
8.656000
11.424000
16.505000
4.351000
8.485000
9.031000
8.757000
11.170000
9.881000
9.459000
10.932000
4.779000
8.334000
9.091000
14.253000
10.069000
13.576000
9.418000
11.999000
10.505000
13.970000
15.827000
12.526000
10.691000
12.188000
7.067000
9.088000
17.036000
9.570000
13.317000
10.194000
9.645000
11.106000
13.968000
6.096000
11.900000
8.608000
21.160000
3.947000
12.531000
13.890000
7.799000
13.675000
14.124000
11.052000
13.217000
9.846000
5.657000
11.329000
11.230000
13.474000
10.320000
13.773000
7.560000
4.075000
15.281000
7.844000
5.175000
5.674000
13.733000
12.441000
14.829000
14.181000
12.937000
12.557000
15.396000
13.158000
12.404000
15.417000
16.762000
12.255000
5.081000
9.335000
9.118000
6.591000
7.934000
16.646000
18.071000
9.281000
13.715000
7.785000
11.125000
13.634000
10.909000
12.924000
14.395000
12.621000
7.592000
11.164000
19.400000
12.754000
9.843000
8.490000
25.404000
13.502000
11.726000
17.523000
12.036000
16.117000
13.340000
8.646000
13.120000
10.593000
13.176000
10.237000
14.200000
6.483000
15.029000
15.342000
13.601000
11.704000
20.778000
15.279000
9.865000
11.690000
11.153000
15.225000
7.344000
12.576000
11.092000
16.178000
9.275000
17.748000
8.837000
11.157000
9.058000
13.548000
7.400000
14.649000
10.361000
12.098000
15.517000
13.492000
14.479000
17.897000
10.270000
14.461000
11.857000
13.494000
8.295000
12.217000
12.668000
12.268000
9.944000
10.210000
8.158000
12.554000
6.927000
11.646000
12.486000
9.956000
7.546000
17.119000
14.333000
13.158000
7.003000
14.167000
10.049000
5.490000
19.256000
18.689000
10.407000
22.082000
15.970000
6.745000
4.914000
5.117000
10.267000
18.895000
10.330000
11.028000
19.594000
14.545000
12.866000
9.263000
12.364000
6.110000
13.878000
16.066000
11.457000
6.140000
7.938000
18.694000
13.126000
10.768000
17.365000
14.021000
16.519000
13.030000
7.024000
17.674000
13.528000
9.408000
14.503000
10.808000
16.578000
9.322000
5.765000
2.829000
15.404000
12.109000
10.947000
13.141000
9.494000
12.195000
11.151000
13.740000
11.756000
14.548000
19.198000
8.693000
12.148000
8.832000
8.168000
11.774000
8.727000
10.454000
9.783000
10.745000
10.090000
16.399000
11.096000
12.379000
12.831000
22.062000
19.438000
10.794000
3.489000
12.554000
17.700000
13.195000
14.055000
8.485000
9.529000
13.563000
14.635000
13.069000
13.020000
11.508000
17.558000
10.171000
17.577000
19.225000
10.238000
16.024000
14.135000
3.527000
9.960000
13.548000
8.068000
14.953000
9.386000
12.795000
14.524000
3.697000
9.674000
8.033000
14.888000
13.185000
8.456000
9.991000
6.776000
6.742000
13.167000
14.094000
10.094000
12.248000
5.022000
14.640000
13.836000
7.568000
10.497000
5.328000
8.077000
4.671000
7.178000
2.570000
14.847000
2.279000
15.126000
9.154000
13.024000
15.401000
9.324000
13.252000
8.315000
8.149000
7.610000
4.715000
7.574000
6.846000
10.374000
10.012000
7.831000
5.552000
10.319000
10.994000
13.273000
18.334000
8.507000
5.249000
19.743000
6.321000
4.784000
6.780000
11.122000
10.705000
4.538000
6.699000
9.997000
7.551000
5.395000
9.107000
8.680000
11.890000
4.854000
7.900000
7.172000
7.295000
9.471000
9.911000
18.767000
8.428000
12.656000
13.819000
4.663000
8.424000
6.899000
8.036000
6.621000
12.452000
4.348000
11.488000
3.324000
4.669000
3.770000
6.161000
7.923000
5.084000
9.340000
12.850000
17.692000
7.577000
7.926000
10.654000
12.256000
7.722000
4.859000
9.373000
14.445000
8.835000
7.307000
12.569000
16.657000
9.125000
5.148000
2.828000
9.590000
9.178000
10.627000
8.570000
2.419000
7.348000
7.004000
12.086000
8.363000
16.725000
5.386000
7.775000
7.779000
4.312000
12.064000
10.609000
7.625000
9.648000
8.195000
10.045000
5.832000
13.052000
8.595000
1.973000
7.239000
7.017000
4.608000
9.664000
9.485000
16.401000
5.126000
6.681000
12.133000
5.329000
12.876000
15.302000
4.857000
4.082000
7.470000
2.642000
14.608000
8.227000
14.882000
10.474000
4.741000
7.006000
9.061000
7.453000
14.724000
6.335000
6.707000
8.776000
9.592000
8.354000
13.081000
11.281000
10.494000
12.856000
11.247000
7.903000
8.525000
7.093000
10.312000
7.190000
5.889000
13.257000
5.493000
15.145000
7.965000
10.782000
7.137000
4.554000
3.606000
5.457000
4.940000
4.698000
1.486000
15.355000
9.391000
12.554000
2.594000
13.812000
11.884000
9.935000
12.873000
5.397000
6.675000
5.558000
8.785000
10.057000
3.694000
6.822000
11.179000
5.811000
8.326000
14.147000
9.973000
13.331000
9.031000
4.403000
12.730000
18.077000
7.698000
8.004000
6.524000
7.460000
8.809000
6.580000
17.904000
9.034000
8.572000
10.574000
12.235000
7.384000
9.808000
11.900000
14.803000
11.108000
8.657000
9.970000
5.764000
11.097000
10.881000
5.843000
13.952000
6.347000
17.740000
15.416000
9.708000
14.606000
0.000000
7.064000
8.914000
8.447000
10.832000
11.604000
9.936000
11.064000
9.045000
7.286000
15.057000
12.170000
15.151000
8.393000
11.498000
9.655000
10.037000
7.053000
10.810000
9.946000
10.485000
4.730000
12.102000
8.051000
1.995000
6.559000
6.007000
11.759000
5.663000
7.900000
5.159000
5.464000
8.423000
6.476000
6.058000
13.065000
9.401000
11.283000
15.767000
7.224000
4.595000
12.734000
9.664000
14.712000
9.013000
8.911000
9.028000
13.774000
7.413000
8.538000
8.368000
15.902000
9.773000
9.785000
14.780000
14.122000
13.377000
19.043000
12.938000
6.215000
7.236000
2.897000
8.264000
8.449000
8.848000
11.913000
11.944000
9.069000
8.168000
15.249000
12.343000
13.883000
10.759000
14.183000
6.424000
12.987000
11.773000
10.867000
0.000000
12.326000
17.373000
7.072000
10.392000
9.853000
12.048000
9.992000
9.500000
10.284000
10.502000
11.244000
9.340000
4.291000
13.754000
4.915000
8.121000
13.602000
13.028000
14.139000
3.570000
9.040000
11.002000
11.411000
10.569000
16.667000
2.219000
2.828000
11.509000
6.313000
10.622000
6.776000
15.863000
15.319000
4.291000
7.951000
5.721000
16.312000
10.006000
8.970000
5.145000
2.289000
9.551000
9.388000
3.003000
7.168000
9.356000
12.977000
7.909000
5.038000
11.892000
6.365000
8.072000
1.954000
11.497000
9.131000
8.544000
13.829000
11.275000
8.271000
12.756000
9.418000
4.311000
5.755000
8.722000
17.544000
8.601000
15.591000
4.060000
14.871000
14.368000
4.232000
2.908000
8.135000
7.242000
2.410000
12.104000
7.901000
8.046000
1.331000
10.009000
7.980000
5.748000
9.995000
9.219000
4.849000
0.780000
10.003000
8.754000
8.136000
8.359000
5.443000
3.987000
3.795000
3.012000
0.510000
4.156000
8.092000
6.129000
5.532000
12.166000
14.753000
5.922000
2.075000
11.587000
13.095000
4.062000
7.918000
0.000000
4.364000
4.215000
3.712000
9.461000
12.862000
9.814000
1.155000
4.999000
3.412000
16.519000
6.701000
6.185000
1.801000
4.663000
4.534000
0.815000
14.313000
8.544000
5.108000
1.319000
5.627000
19.199000
3.957000
1.419000
0.622000
3.690000
3.652000
6.951000
5.114000
10.426000
4.296000
4.018000
12.337000
0.000000
11.887000
1.423000
10.076000
0.313000
10.142000
14.771000
2.270000
6.409000
12.757000
3.734000
0.000000
0.000000
2.416000
2.246000
5.943000
1.008000
5.602000
7.526000
8.535000
2.627000
16.563000
10.078000
5.784000
0.886000
7.894000
14.609000
2.244000
20.842000
0.000000
5.376000
5.588000
7.575000
1.937000
7.065000
2.917000
7.281000
10.074000
3.113000
6.051000
10.486000
4.201000
5.879000
12.286000
3.152000
5.171000
13.258000
5.108000
2.739000
10.657000
15.460000
11.579000
14.230000
4.051000
6.606000
7.521000
15.055000
3.824000
17.086000
5.210000
8.461000
10.616000
0.000000
2.908000
5.821000
4.049000
5.635000
16.774000
18.806000
6.378000
14.805000
13.905000
3.776000
8.277000
4.044000
1.992000
4.792000
17.394000
13.701000
14.085000
3.563000
2.655000
16.593000
10.993000
9.090000
6.892000
0.664000
21.220000
19.518000
7.537000
8.418000
15.461000
7.755000
10.297000
11.910000
12.955000
11.099000
7.133000
8.244000
7.013000
10.759000
0.000000
0.000000
2.892000
5.086000
14.910000
9.619000
10.834000
8.837000
12.010000
10.614000
2.377000
1.088000
6.950000
10.066000
5.300000
17.389000
5.030000
3.321000
18.187000
16.916000
5.596000
4.490000
8.614000
5.803000
1.967000
18.023000
0.692000
13.004000
10.052000
5.356000
0.000000
8.793000
6.972000
0.000000
7.349000
18.399000
1.794000
5.299000
10.136000
14.498000
10.710000
14.204000
8.854000
8.391000
15.131000
3.009000
17.489000
4.486000
4.464000
8.073000
18.086000
14.631000
2.521000
4.928000
9.838000
4.917000
6.126000
18.366000
16.433000
13.745000
5.557000
10.728000
4.199000
7.629000
6.727000
3.439000
6.146000
8.294000
6.134000
18.416000
6.302000
6.584000
7.083000
0.000000
13.613000
11.005000
4.891000
4.789000
6.467000
17.465000
8.007000
9.432000
11.759000
14.223000
6.850000
10.244000
5.297000
7.524000
18.325000
3.486000
2.900000
5.744000
13.482000
14.864000
7.365000
11.041000
18.135000
9.340000
6.860000
8.792000
10.341000
7.515000
21.020000
4.144000
6.973000
11.563000
10.139000
4.849000
11.929000
18.970000
5.011000
7.995000
7.029000
7.937000
14.623000
0.000000
3.623000
8.188000
9.164000
4.320000
3.754000
7.920000
20.864000
5.235000
4.534000
7.228000
8.525000
9.596000
0.535000
15.085000
5.964000
9.122000
14.143000
12.362000
11.178000
8.527000
6.707000
3.597000
9.064000
5.602000
5.006000
11.833000
8.488000
8.429000
4.759000
8.666000
1.881000
5.740000
6.367000
12.652000
8.990000
12.229000
1.913000
10.728000
14.491000
11.699000
10.808000
7.891000
12.366000
7.929000
0.000000
14.626000
8.815000
16.506000
7.048000
12.506000
6.440000
23.093000
4.003000
10.502000
7.352000
14.238000
5.936000
7.970000
5.507000
8.276000
12.949000
5.930000
9.631000
5.736000
4.504000
6.255000
5.463000
8.536000
22.816000
8.872000
12.408000
8.325000
7.826000
9.706000
3.103000
4.124000
20.078000
4.192000
1.267000
7.541000
10.748000
5.638000
14.284000
9.790000
11.965000
7.097000
7.714000
19.329000
9.479000
13.932000
18.033000
11.513000
2.374000
17.575000
10.998000
8.370000
12.553000
12.510000
14.011000
20.778000
7.120000
10.758000
7.713000
14.891000
18.311000
7.803000
10.444000
16.263000
10.544000
16.494000
14.537000
12.747000
11.309000
20.977000
13.447000
4.872000
6.934000
1.404000
6.301000
11.857000
8.545000
8.445000
16.570000
9.667000
8.205000
12.038000
0.721000
5.013000
8.734000
9.365000
10.167000
6.694000
7.693000
15.195000
4.461000
11.964000
9.095000
4.982000
9.055000
10.430000
12.151000
6.396000
4.717000
11.364000
13.930000
8.300000
7.484000
11.461000
8.660000
5.775000
12.936000
2.778000
11.800000
12.038000
7.219000
7.364000
12.507000
13.979000
17.083000
9.109000
13.936000
10.173000
15.932000
7.234000
14.504000
6.488000
7.880000
7.378000
8.464000
9.982000
11.705000
9.922000
6.156000
8.484000
16.023000
12.673000
12.604000
6.326000
9.122000
5.994000
10.544000
6.523000
5.684000
7.996000
8.121000
8.728000
10.015000
14.866000
12.255000
13.799000
7.722000
10.095000
10.612000
8.838000
17.749000
3.026000
10.526000
9.222000
8.271000
10.179000
6.874000
10.650000
6.905000
6.425000
7.954000
8.953000
10.675000
5.275000
16.617000
3.354000
8.450000
6.411000
9.008000
7.698000
8.437000
1.077000
10.861000
8.914000
7.281000
11.049000
4.540000
14.573000
9.712000
6.895000
5.941000
5.554000
13.394000
11.086000
17.958000
10.701000
19.952000
8.627000
11.376000
7.721000
7.490000
12.360000
13.840000
13.341000
7.243000
6.279000
9.504000
12.731000
12.485000
11.877000
11.946000
9.964000
6.966000
15.482000
8.468000
9.429000
4.808000
7.469000
11.898000
4.804000
6.178000
3.351000
8.882000
15.282000
1.450000
6.342000
3.013000
7.744000
3.500000
10.790000
5.763000
6.216000
7.742000
13.290000
9.509000
16.506000
9.083000
13.615000
6.296000
5.420000
0.306000
9.267000
3.017000
10.414000
5.145000
5.856000
7.818000
5.378000
9.390000
1.324000
5.674000
12.914000
4.090000
4.974000
3.979000
2.160000
8.155000
7.717000
14.002000
14.923000
7.033000
3.813000
4.814000
7.158000
10.416000
4.275000
3.930000
11.210000
16.578000
3.310000
5.746000
7.523000
4.919000
3.029000
5.436000
1.323000
7.583000
7.567000
4.657000
18.200000
12.083000
3.853000
12.973000
12.506000
10.174000
10.793000
5.803000
8.867000
2.453000
0.000000
3.065000
6.577000
0.000000
11.623000
9.046000
6.840000
8.116000
13.257000
1.419000
2.653000
15.830000
3.131000
9.924000
16.828000
2.816000
5.402000
8.546000
9.293000
5.817000
8.861000
3.858000
7.527000
10.905000
5.416000
1.268000
13.512000
5.366000
1.603000
6.083000
7.995000
6.833000
3.182000
12.352000
3.888000
6.802000
5.828000
3.213000
12.455000
10.538000
6.464000
1.593000
11.016000
5.809000
5.447000
9.361000
9.707000
9.521000
7.040000
8.881000
10.478000
8.456000
2.446000
9.344000
9.561000
9.037000
10.299000
4.699000
7.896000
9.722000
13.795000
9.408000
5.278000
8.158000
8.725000
5.401000
3.874000
3.339000
6.273000
11.311000
3.793000
16.952000
13.887000
6.236000
13.737000
0.000000
12.817000
12.519000
10.313000
4.145000
21.287000
15.480000
4.434000
9.675000
5.717000
8.030000
20.987000
9.340000
6.344000
9.038000
5.956000
7.398000
9.846000
12.413000
0.000000
11.298000
13.500000
8.417000
12.632000
9.452000
1.220000
9.862000
7.757000
11.157000
6.059000
10.835000
7.564000
6.021000
15.630000
4.167000
14.778000
5.173000
14.935000
3.158000
7.126000
0.806000
17.193000
0.000000
3.443000
2.956000
7.801000
8.877000
12.272000
8.974000
12.348000
9.451000
23.025000
9.119000
8.531000
15.789000
0.000000
8.062000
8.267000
6.077000
11.135000
11.878000
7.461000
17.821000
4.813000
8.244000
12.235000
8.061000
10.008000
11.480000
13.495000
5.843000
19.760000
10.073000
8.615000
17.067000
7.930000
4.374000
8.106000
9.909000
13.491000
8.977000
16.156000
2.589000
10.105000
6.301000
7.829000
11.051000
5.190000
21.179000
5.966000
0.000000
7.388000
11.294000
7.537000
4.535000
4.409000
0.628000
12.959000
14.527000
6.364000
10.245000
6.394000
1.682000
15.317000
4.699000
9.255000
7.559000
11.362000
7.924000
9.481000
0.929000
9.133000
15.452000
9.127000
5.692000
9.856000
6.861000
8.426000
9.074000
4.866000
8.709000
10.876000
2.678000
1.169000
8.452000
5.418000
6.796000
7.805000
13.044000
10.599000
17.549000
7.592000
11.989000
2.530000
13.993000
16.399000
22.668000
26.265000
12.462000
7.178000
2.544000
4.011000
1.522000
9.629000
9.436000
9.959000
5.134000
7.932000
11.770000
8.602000
11.883000
8.469000
7.367000
13.619000
10.704000
9.493000
7.339000
7.980000
5.370000
7.224000
0.814000
10.907000
7.137000
22.678000
5.585000
7.494000
9.914000
2.985000
13.154000
14.614000
4.302000
9.184000
6.713000
12.114000
11.139000
6.231000
5.165000
8.720000
18.325000
8.950000
6.577000
6.887000
1.918000
7.584000
11.363000
2.440000
5.893000
9.355000
5.236000
15.543000
11.035000
9.980000
9.322000
2.490000
5.462000
0.794000
16.250000
9.309000
7.960000
5.973000
8.119000
6.670000
9.553000
6.372000
10.696000
7.752000
2.100000
1.668000
9.513000
10.666000
7.707000
4.005000
6.030000
17.472000
10.737000
10.031000
3.501000
7.072000
6.700000
17.884000
3.588000
5.956000
0.032000
18.811000
5.232000
3.089000
3.638000
8.695000
8.175000
6.121000
8.506000
1.721000
6.144000
1.211000
2.795000
9.897000
19.593000
9.173000
4.990000
4.014000
6.732000
4.948000
9.394000
14.406000
7.767000
8.665000
7.746000
4.631000
2.598000
6.820000
0.219000
7.860000
8.068000
3.396000
4.017000
3.948000
8.516000
7.389000
1.607000
4.070000
17.440000
4.218000
8.296000
2.436000
4.945000
10.799000
8.158000
15.991000
1.553000
7.429000
5.625000
2.949000
6.742000
6.472000
7.135000
4.268000
5.785000
3.254000
7.283000
5.264000
1.172000
5.148000
0.044000
0.000000
12.192000
7.665000
6.415000
9.345000
2.357000
6.231000
5.735000
3.872000
1.508000
2.290000
13.298000
2.507000
7.271000
11.413000
11.555000
4.682000
4.435000
4.537000
2.374000
4.946000
3.804000
8.386000
1.793000
15.070000
3.054000
2.645000
17.587000
7.344000
5.785000
10.860000
2.263000
5.371000
4.409000
14.191000
17.660000
3.027000
14.259000
9.710000
6.914000
9.208000
10.476000
7.406000
3.551000
3.380000
9.782000
14.517000
12.980000
9.655000
4.012000
6.201000
7.679000
8.304000
8.723000
9.147000
4.157000
6.096000
5.187000
0.010000
3.661000
13.161000
0.000000
8.829000
4.928000
4.058000
6.995000
9.362000
13.040000
7.235000
6.437000
4.638000
8.992000
9.558000
5.917000
4.811000
6.018000
10.165000
11.202000
7.462000
9.584000
10.271000
11.216000
11.672000
6.053000
4.295000
5.980000
16.904000
11.056000
8.511000
7.209000
5.096000
7.112000
10.486000
9.899000
10.616000
17.669000
12.572000
10.071000
4.833000
13.018000
9.450000
15.672000
2.922000
6.284000
4.033000
9.729000
7.979000
8.385000
15.671000
6.575000
13.933000
14.853000
19.356000
9.755000
11.487000
2.927000
7.366000
11.051000
13.185000
6.281000
11.287000
11.648000
4.733000
7.716000
5.635000
4.504000
6.736000
0.000000
9.316000
8.008000
8.147000
6.922000
0.269000
6.763000
2.913000
6.184000
8.150000
6.189000
10.182000
11.002000
3.172000
9.278000
8.459000
1.407000
6.682000
3.835000
10.192000
10.408000
9.085000
13.025000
9.723000
7.333000
10.788000
4.818000
8.895000
7.340000
6.616000
6.584000
11.646000
3.246000
8.076000
12.542000
4.959000
6.249000
8.496000
13.354000
11.127000
12.829000
15.379000
1.395000
8.198000
2.733000
8.182000
15.292000
8.174000
10.769000
5.273000
12.000000
8.857000
7.937000
12.515000
9.633000
10.467000
8.431000
5.836000
6.878000
8.062000
8.090000
15.235000
10.574000
8.734000
12.703000
12.059000
7.737000
2.336000
11.374000
6.517000
17.207000
8.281000
12.867000
9.526000
4.720000
9.497000
6.751000
14.441000
10.563000
0.000000
8.308000
6.583000
8.670000
12.491000
3.854000
6.567000
11.423000
9.256000
7.841000
9.938000
4.135000
6.142000
11.292000
7.239000
11.798000
8.060000
10.460000
1.377000
7.995000
13.646000
8.269000
2.548000
2.385000
9.691000
6.002000
4.370000
7.269000
3.186000
2.655000
9.530000
13.252000
7.005000
2.706000
14.680000
8.802000
8.988000
5.894000
8.222000
5.256000
6.511000
1.605000
0.643000
7.364000
1.947000
1.793000
4.479000
0.160000
7.944000
10.890000
5.496000
8.643000
11.671000
3.470000
2.166000
18.286000
12.132000
11.308000
3.380000
1.435000
5.505000
13.160000
5.663000
8.335000
3.634000
8.654000
3.286000
7.735000
13.056000
5.064000
5.430000
0.000000
12.325000
3.650000
2.598000
10.243000
1.201000
9.626000
14.352000
8.790000
11.871000
12.641000
8.296000
9.456000
15.215000
9.945000
3.637000
4.792000
4.528000
4.167000
16.365000
1.205000
1.504000
6.377000
4.006000
0.000000
5.759000
12.822000
6.927000
0.000000
0.000000
5.293000
4.960000
6.031000
8.439000
8.260000
11.359000
16.031000
12.878000
3.837000
5.275000
3.349000
6.393000
13.691000
8.952000
12.264000
9.159000
8.942000
2.715000
7.042000
3.569000
18.644000
4.388000
5.979000
9.544000
8.924000
8.359000
5.421000
14.530000
4.499000
11.617000
3.103000
7.209000
6.290000
10.361000
2.388000
5.477000
8.030000
11.742000
9.205000
0.872000
4.918000
11.315000
8.283000
8.763000
3.338000
0.816000
0.000000
7.476000
6.414000
2.438000
8.822000
4.606000
1.567000
8.105000
8.996000
6.415000
14.272000
0.000000
5.394000
8.373000
8.329000
5.786000
0.000000
8.027000
4.596000
0.000000
5.585000
8.446000
0.000000
14.565000
5.004000
2.945000
1.440000
7.459000
7.384000
7.169000
8.613000
6.845000
0.938000
0.000000
7.272000
2.365000
2.140000
5.376000
6.645000
2.092000
0.000000
2.958000
15.282000
11.140000
10.808000
2.775000
0.677000
6.836000
0.000000
6.852000
2.400000
1.007000
4.497000
0.834000
13.691000
8.458000
2.570000
0.117000
7.128000
6.350000
2.900000
4.787000
1.644000
7.566000
8.401000
0.000000
7.105000
7.990000
2.800000
11.759000
3.958000
5.108000
2.832000
0.000000
3.460000
8.911000
0.170000
8.610000
4.016000
3.894000
3.892000
6.245000
0.000000
13.085000
2.321000
13.813000
1.566000
5.475000
6.844000
3.721000
14.894000
5.211000
0.000000
2.758000
2.504000
8.116000
9.234000
3.313000
9.987000
8.711000
9.014000
0.000000
0.000000
8.621000
11.196000
6.548000
7.434000
4.861000
5.919000
6.536000
4.773000
4.702000
8.663000
12.259000
7.227000
11.312000
11.121000
13.271000
19.003000
11.201000
0.900000
4.205000
10.383000
8.815000
7.689000
0.000000
7.254000
7.266000
0.207000
0.000000
9.521000
10.840000
8.682000
9.512000
0.995000
11.870000
2.007000
0.318000
13.250000
1.833000
6.305000
8.834000
11.648000
0.000000
0.000000
0.016000
7.797000
2.748000
2.019000
7.670000
10.075000
4.712000
15.506000
8.794000
4.939000
1.997000
2.547000
9.995000
0.000000
8.241000
11.625000
9.250000
6.876000
9.100000
8.480000
9.597000
0.886000
11.474000
8.748000
4.644000
4.659000
4.196000
0.438000
5.305000
10.125000
1.153000
10.660000
4.756000
2.237000
7.733000
7.040000
5.314000
11.439000
0.000000
0.839000
4.604000
9.024000
9.869000
8.816000
3.973000
4.383000
4.818000
4.362000
8.166000
3.430000
3.807000
0.000000
5.922000
6.206000
6.685000
4.622000
7.862000
5.116000
6.384000
6.614000
1.934000
4.903000
2.216000
2.424000
4.878000
8.760000
0.806000
6.014000
7.805000
0.977000
0.000000
8.487000
5.854000
1.496000
9.055000
5.336000
2.298000
9.578000
0.967000
11.151000
9.516000
10.931000
8.359000
7.627000
8.823000
10.036000
0.000000
1.556000
18.278000
5.497000
5.870000
9.507000
6.437000
6.209000
2.020000
0.000000
9.748000
4.620000
0.000000
6.054000
2.240000
6.394000
5.483000
0.000000
1.981000
7.289000
4.820000
1.340000
0.000000
0.000000
7.540000
2.854000
4.559000
0.000000
1.021000
0.000000
4.572000
1.271000
3.474000
7.547000
0.000000
0.000000
7.695000
6.552000
3.877000
0.000000
0.000000
2.476000
5.019000
4.062000
2.841000
2.075000
5.811000
5.266000
0.383000
4.826000
0.000000
8.763000
4.830000
1.357000
0.924000
0.482000
3.596000
3.558000
5.018000
4.204000
4.971000
2.462000
4.332000
8.645000
2.354000
4.248000
4.286000
4.534000
10.735000
4.551000
9.350000
6.610000
2.224000
7.401000
1.495000
5.997000
0.000000
16.565000
6.291000
4.580000
7.301000
7.751000
0.608000
4.028000
4.794000
8.593000
4.789000
0.000000
13.471000
6.111000
0.177000
0.000000
1.839000
3.482000
6.389000
5.881000
0.000000
5.503000
1.544000
2.137000
5.648000
5.143000
3.617000
2.480000
3.342000
10.399000
1.307000
1.544000
4.193000
6.399000
0.000000
1.888000
2.863000
2.282000
8.375000
13.274000
5.838000
3.392000
8.625000
8.838000
5.545000
5.229000
2.284000
0.000000
13.398000
2.406000
0.000000
6.372000
3.894000
5.228000
0.000000
3.677000
2.690000
6.441000
5.859000
11.830000
0.000000
10.570000
4.720000
2.369000
2.938000
0.000000
0.753000
0.806000
0.000000
12.295000
13.069000
1.616000
0.962000
0.000000
4.481000
6.779000
0.000000
1.115000
4.351000
0.257000
2.275000
16.907000
4.250000
0.000000
3.483000
6.137000
3.969000
1.123000
8.189000
6.067000
6.855000
2.632000
5.866000
1.476000
3.783000
0.000000
5.759000
0.000000
5.200000
14.524000
0.000000
0.480000
0.000000
0.638000
0.000000
2.708000
4.801000
2.226000
4.108000
4.911000
4.470000
0.000000
4.792000
0.000000
6.854000
0.179000
2.641000
8.052000
0.439000
2.814000
0.000000
8.256000
0.000000
1.036000
5.843000
9.667000
0.000000
0.000000
0.000000
11.614000
6.834000
0.000000
5.874000
0.000000
4.236000
0.804000
0.397000
0.000000
0.000000
0.000000
0.000000
0.000000
1.490000
0.385000
3.131000
2.202000
6.450000
8.413000
0.000000
2.812000
15.580000
1.097000
0.000000
0.000000
1.437000
0.000000
0.882000
0.000000
5.962000
3.138000
7.767000
11.344000
0.000000
0.305000
7.431000
0.000000
6.108000
10.360000
12.607000
11.346000
0.000000
9.690000
0.342000
4.821000
13.819000
2.992000
0.241000
13.503000
14.504000
14.554000
9.321000
13.069000
0.000000
1.472000
9.360000
1.801000
4.607000
1.400000
14.209000
5.394000
0.588000
0.000000
15.974000
0.000000
0.000000
6.580000
0.784000
0.000000
7.299000
0.000000
0.000000
10.515000
4.339000
12.397000
10.896000
4.195000
3.609000
0.000000
6.937000
0.000000
8.164000
0.000000
4.276000
0.000000
0.549000
7.915000
0.497000
0.000000
6.233000
0.939000
1.686000
14.161000
5.576000
5.645000
9.692000
2.738000
16.297000
2.113000
0.324000
0.000000
3.092000
4.300000
4.895000
11.060000
5.454000
7.080000
8.958000
3.218000
0.000000
0.000000
11.506000
0.000000
8.580000
8.043000
0.335000
5.026000
3.597000
1.924000
0.000000
7.941000
10.075000
0.000000
3.457000
9.746000
4.151000
1.630000
6.772000
6.759000
6.696000
8.164000
2.130000
18.469000
2.712000
4.426000
0.000000
7.239000
9.256000
2.359000
7.891000
0.923000
13.778000
2.229000
8.545000
2.703000
4.400000
3.476000
12.251000
10.502000
0.000000
4.534000
7.702000
2.460000
5.771000
0.000000
0.074000
7.103000
0.000000
9.283000
0.166000
4.776000
4.613000
14.668000
6.190000
10.335000
16.286000
15.219000
7.124000
5.874000
0.000000
9.075000
11.588000
3.578000
8.592000
1.190000
1.058000
8.826000
4.329000
4.438000
6.813000
3.577000
11.274000
0.000000
3.789000
1.054000
0.760000
0.000000
3.895000
11.840000
9.337000
3.784000
0.000000
8.470000
3.716000
0.000000
13.336000
5.926000
5.282000
4.700000
2.000000
2.453000
9.245000
4.653000
0.000000
0.000000
11.220000
9.298000
13.721000
10.451000
3.837000
8.316000
2.745000
2.940000
2.022000
12.544000
9.287000
4.205000
1.588000
5.603000
8.388000
2.457000
5.192000
1.273000
1.118000
0.000000
7.878000
6.171000
4.666000
3.350000
13.421000
13.068000
0.204000
6.606000
7.381000
6.942000
13.128000
1.017000
1.336000
11.849000
4.526000
6.365000
6.749000
5.092000
2.214000
4.100000
0.000000
8.518000
17.161000
13.249000
8.293000
0.000000
6.312000
0.000000
4.580000
12.531000
7.058000
11.846000
12.392000
3.028000
7.032000
8.428000
1.712000
0.000000
8.143000
7.972000
17.780000
3.787000
7.629000
5.610000
6.174000
1.168000
5.809000
6.655000
2.525000
5.246000
3.892000
8.223000
6.983000
0.000000
8.101000
6.525000
7.594000
12.776000
4.151000
0.000000
5.425000
1.898000
5.038000
8.039000
8.861000
0.000000
8.916000
0.000000
4.417000
0.000000
11.624000
7.452000
0.059000
9.871000
2.352000
7.746000
8.888000
6.483000
3.021000
7.961000
5.278000
0.872000
12.005000
10.911000
1.797000
8.902000
16.435000
2.671000
11.005000
12.771000
4.623000
8.444000
0.022000
8.315000
11.427000
5.906000
9.842000
8.878000
3.903000
6.470000
2.580000
5.002000
9.691000
4.890000
10.995000
1.506000
0.967000
5.731000
8.786000
8.944000
8.291000
5.763000
6.363000
8.031000
8.889000
12.813000
5.417000
5.634000
8.926000
11.233000
2.034000
11.144000
10.262000
1.774000
7.191000
2.548000
0.654000
7.475000
5.761000
0.000000
2.364000
6.085000
4.423000
3.604000
3.326000
12.588000
5.054000
9.669000
9.098000
1.825000
2.775000
12.658000
2.550000
0.000000
8.095000
1.224000
3.311000
8.496000
9.238000
4.950000
7.383000
7.924000
5.498000
3.315000
8.464000
9.994000
16.591000
12.096000
4.391000
10.079000
3.282000
15.720000
4.003000
9.184000
12.428000
10.199000
13.182000
7.329000
3.278000
11.291000
8.955000
7.927000
12.201000
14.114000
14.658000
1.207000
9.904000
4.198000
14.804000
3.412000
4.697000
3.389000
9.099000
2.123000
4.330000
13.481000
4.350000
6.067000
11.534000
5.365000
4.244000
2.996000
11.054000
3.384000
5.762000
15.917000
1.269000
10.931000
8.570000
3.200000
9.443000
9.938000
8.521000
5.213000
6.794000
15.577000
14.938000
9.867000
10.546000
6.361000
10.717000
20.189000
9.443000
4.256000
8.350000
5.055000
6.045000
5.218000
10.771000
8.937000
15.661000
0.000000
9.281000
15.856000
7.732000
13.587000
12.118000
10.221000
8.431000
16.031000
2.129000
9.063000
6.097000
5.654000
11.065000
12.538000
6.824000
9.200000
10.882000
10.595000
2.296000
10.422000
6.460000
1.982000
0.000000
8.336000
14.174000
3.100000
0.784000
12.308000
5.667000
0.672000
8.722000
7.379000
8.898000
7.098000
3.259000
4.746000
9.280000
5.141000
5.801000
6.084000
10.213000
5.747000
8.743000
9.302000
4.295000
12.400000
2.419000
13.589000
5.291000
6.622000
12.053000
8.584000
9.840000
5.722000
7.088000
12.764000
9.213000
3.947000
8.940000
7.696000
13.827000
11.345000
3.923000
5.866000
7.091000
10.694000
7.650000
13.117000
7.684000
10.046000
7.257000
4.670000
8.840000
3.171000
6.142000
11.843000
3.373000
1.701000
9.830000
6.575000
8.753000
10.289000
10.403000
10.669000
9.083000
8.530000
4.512000
1.636000
9.266000
9.581000
6.279000
13.117000
0.934000
1.510000
3.114000
8.975000
9.219000
9.194000
4.739000
4.670000
8.798000
9.897000
6.867000
11.902000
2.079000
5.717000
11.837000
6.174000
10.605000
4.612000
10.743000
5.373000
7.200000
5.065000
5.543000
12.004000
12.104000
10.406000
7.886000
10.251000
2.380000
14.911000
0.792000
2.773000
2.235000
9.221000
8.161000
8.185000
7.049000
3.820000
11.939000
12.582000
7.116000
3.102000
11.385000
6.802000
7.204000
5.355000
4.982000
0.510000
6.833000
3.631000
5.951000
7.930000
3.438000
11.408000
8.729000
6.728000
5.865000
8.302000
9.242000
7.870000
5.396000
4.593000
11.493000
0.312000
5.645000
0.776000
9.528000
4.644000
8.831000
5.076000
4.289000
7.416000
10.840000
6.187000
6.279000
6.284000
2.823000
4.386000
0.794000
7.076000
13.229000
10.428000
2.233000
3.955000
8.458000
7.320000
3.930000
7.516000
0.000000
9.811000
7.607000
3.472000
11.539000
5.380000
5.891000
8.298000
10.051000
9.517000
3.711000
13.428000
12.216000
5.221000
2.257000
3.993000
3.929000
6.220000
7.268000
4.503000
2.493000
7.380000
7.591000
7.367000
4.000000
8.087000
6.650000
5.208000
5.833000
6.330000
4.495000
5.845000
5.075000
6.533000
6.683000
4.793000
6.959000
8.863000
7.868000
4.111000
3.289000
6.786000
2.991000
12.796000
5.730000
5.436000
6.493000
3.243000
5.920000
6.675000
7.518000
1.960000
8.066000
3.618000
2.911000
1.603000
4.156000
3.154000
10.776000
6.170000
7.671000
4.659000
9.210000
4.132000
5.049000
9.985000
9.496000
6.669000
6.504000
4.664000
9.803000
5.668000
6.466000
5.315000
12.808000
5.475000
10.947000
12.557000
15.840000
3.449000
8.944000
3.926000
10.275000
9.732000
2.880000
7.560000
6.946000
2.009000
6.194000
3.753000
15.434000
13.923000
15.628000
9.038000
6.868000
9.975000
9.927000
8.786000
15.066000
7.186000
3.989000
6.122000
4.139000
7.896000
7.520000
5.314000
2.371000
4.703000
12.696000
9.774000
1.001000
7.775000
10.135000
10.146000
4.343000
4.706000
17.039000
8.546000
9.198000
6.199000
11.222000
3.198000
3.709000
10.939000
12.530000
3.639000
1.808000
1.006000
6.461000
1.132000
5.737000
10.542000
13.182000
8.087000
7.141000
1.936000
9.522000
11.834000
5.630000
14.649000
3.635000
7.489000
8.616000
14.426000
13.970000
5.541000
2.907000
2.817000
12.652000
4.653000
8.532000
10.611000
8.471000
17.283000
8.774000
6.801000
7.687000
6.755000
1.125000
10.084000
5.719000
3.956000
7.267000
9.029000
9.735000
16.655000
7.051000
7.319000
2.029000
15.395000
10.646000
5.185000
6.448000
5.496000
8.785000
4.541000
4.035000
14.566000
9.504000
4.559000
9.018000
3.318000
6.813000
9.514000
16.800000
5.333000
4.538000
4.242000
7.073000
0.330000
6.387000
9.733000
2.314000
8.744000
11.593000
13.477000
5.219000
7.403000
7.677000
7.653000
12.089000
6.789000
5.688000
4.953000
14.657000
6.509000
1.504000
8.984000
4.759000
6.423000
6.796000
4.499000
4.856000
7.998000
3.747000
7.906000
8.218000
13.154000
6.020000
11.694000
8.666000
9.903000
3.901000
12.795000
8.452000
5.894000
0.790000
8.215000
11.456000
1.788000
3.505000
11.424000
5.161000
9.415000
5.626000
1.072000
10.212000
8.857000
14.059000
10.318000
8.710000
2.769000
5.902000
6.413000
3.668000
6.030000
3.879000
6.989000
7.806000
2.987000
16.107000
7.374000
8.371000
4.264000
5.754000
8.520000
13.754000
6.116000
11.993000
7.878000
6.904000
10.503000
6.190000
7.967000
4.032000
1.022000
1.008000
5.346000
4.370000
8.899000
13.860000
8.065000
5.916000
7.895000
8.967000
2.692000
4.885000
11.543000
8.209000
4.664000
3.428000
1.753000
1.971000
12.759000
7.008000
7.194000
8.041000
9.235000
14.858000
0.487000
13.819000
0.971000
10.067000
4.800000
1.508000
1.592000
6.170000
5.054000
1.513000
6.045000
5.889000
8.969000
9.515000
9.036000
9.514000
4.043000
4.667000
8.202000
8.686000
0.147000
4.859000
5.303000
8.335000
8.782000
16.807000
3.639000
3.044000
11.704000
6.141000
12.555000
8.707000
4.753000
2.422000
9.582000
4.679000
6.814000
6.522000
2.230000
3.737000
10.160000
14.536000
3.688000
3.757000
3.949000
6.033000
8.228000
9.715000
9.016000
3.040000
8.553000
6.699000
5.210000
5.052000
16.559000
5.888000
6.949000
8.500000
8.510000
5.874000
7.921000
7.644000
3.457000
15.934000
7.113000
5.976000
3.400000
13.482000
3.187000
8.847000
7.972000
1.387000
10.513000
3.158000
4.583000
3.688000
1.586000
3.118000
11.372000
4.809000
3.958000
5.680000
2.346000
4.347000
0.893000
9.035000
2.789000
11.499000
14.084000
11.209000
3.383000
12.828000
17.540000
6.196000
17.328000
4.571000
6.270000
13.505000
10.890000
1.686000
10.786000
11.382000
5.993000
6.144000
3.265000
8.730000
8.006000
8.653000
9.834000
5.719000
6.449000
4.573000
8.362000
3.805000
7.404000
19.393000
0.487000
13.541000
1.103000
15.258000
8.391000
14.175000
3.794000
6.648000
5.812000
12.234000
6.682000
1.313000
10.470000
9.447000
7.005000
10.218000
5.341000
1.288000
5.260000
8.938000
13.419000
6.713000
0.000000
3.819000
9.187000
8.143000
13.259000
3.080000
12.889000
4.617000
1.898000
4.772000
2.667000
5.815000
1.039000
4.813000
10.444000
5.952000
6.995000
4.787000
2.402000
11.186000
6.942000
3.311000
1.184000
4.713000
10.356000
4.662000
6.008000
18.376000
4.134000
1.437000
13.982000
19.831000
8.395000
6.029000
3.378000
1.870000
7.039000
6.589000
7.591000
7.168000
7.475000
12.177000
0.000000
6.623000
7.637000
9.268000
7.105000
8.560000
8.228000
1.682000
3.035000
0.000000
5.296000
8.914000
5.426000
4.993000
0.676000
3.768000
5.308000
11.250000
5.934000
10.091000
8.521000
14.033000
1.992000
5.513000
11.819000
10.955000
9.074000
11.683000
5.299000
2.745000
4.462000
6.766000
12.175000
10.867000
7.137000
10.087000
4.962000
5.825000
10.090000
2.395000
6.371000
6.184000
6.983000
10.520000
6.117000
8.004000
12.670000
2.070000
4.987000
11.726000
8.511000
8.004000
7.294000
6.310000
3.065000
12.199000
7.662000
14.979000
6.812000
4.441000
9.233000
17.304000
17.083000
13.056000
10.035000
12.404000
5.798000
6.439000
11.042000
8.437000
10.932000
8.651000
4.878000
7.770000
4.386000
2.912000
5.973000
7.188000
6.835000
7.254000
6.883000
1.737000
15.577000
11.926000
6.152000
12.307000
2.940000
9.324000
5.867000
13.405000
8.738000
4.681000
6.703000
15.443000
3.093000
11.029000
7.254000
8.390000
5.199000
4.371000
8.862000
16.593000
8.707000
9.053000
7.771000
5.790000
1.850000
10.163000
3.479000
8.311000
4.389000
10.391000
5.545000
16.401000
22.501000
5.608000
12.590000
1.585000
5.973000
8.007000
11.656000
3.439000
5.222000
3.537000
8.558000
5.431000
6.879000
10.730000
15.904000
5.879000
8.385000
15.919000
7.023000
2.950000
6.959000
7.803000
8.788000
18.025000
11.307000
2.034000
10.402000
7.735000
3.653000
3.015000
8.451000
2.492000
8.530000
5.017000
7.500000
8.302000
7.211000
4.928000
11.596000
13.289000
5.622000
8.267000
3.259000
8.707000
1.768000
15.623000
2.970000
4.587000
17.413000
8.428000
10.166000
17.340000
7.323000
7.546000
7.473000
6.666000
11.328000
9.828000
1.782000
5.935000
8.435000
11.319000
12.948000
9.153000
7.652000
1.775000
11.834000
11.605000
4.801000
3.197000
9.283000
10.125000
8.238000
11.185000
8.963000
5.145000
3.568000
2.532000
6.476000
1.936000
6.091000
12.672000
12.907000
7.475000
3.861000
7.007000
8.843000
9.863000
5.603000
1.101000
3.732000
12.234000
11.146000
8.841000
3.192000
9.195000
6.167000
5.961000
7.433000
6.540000
1.968000
6.103000
10.217000
8.719000
7.351000
5.403000
3.308000
6.081000
0.813000
0.000000
2.450000
1.626000
2.461000
0.000000
7.030000
0.000000
3.578000
9.581000
3.469000
0.255000
3.927000
0.459000
8.747000
5.468000
8.452000
8.702000
6.050000
8.784000
8.760000
4.819000
5.853000
9.568000
2.879000
3.922000
8.373000
1.185000
9.525000
1.932000
7.485000
2.899000
11.332000
9.486000
5.641000
6.816000
0.029000
6.330000
0.311000
9.900000
3.585000
9.721000
4.038000
2.842000
8.910000
1.426000
2.086000
10.485000
13.951000
0.000000
6.644000
10.412000
5.887000
0.000000
0.000000
5.389000
4.079000
2.290000
4.558000
8.030000
2.164000
9.633000
11.328000
6.816000
6.350000
4.813000
7.407000
12.126000
8.034000
4.876000
12.176000
9.093000
2.143000
10.353000
5.071000
9.950000
7.399000
1.744000
1.075000
14.082000
6.324000
4.972000
3.614000
6.341000
1.201000
4.045000
14.334000
9.218000
2.769000
6.997000
12.267000
17.437000
0.000000
4.577000
5.325000
12.206000
9.329000
8.344000
0.125000
5.176000
4.971000
8.473000
6.261000
6.895000
0.000000
0.139000
8.290000
10.100000
4.790000
7.816000
4.046000
8.439000
6.206000
9.570000
8.288000
7.315000
1.355000
8.931000
4.121000
7.016000
8.639000
10.880000
12.973000
3.554000
3.910000
8.505000
7.682000
4.726000
5.718000
2.202000
3.568000
12.375000
6.989000
6.039000
13.051000
7.728000
12.833000
8.051000
5.335000
6.919000
6.687000
8.353000
7.210000
8.223000
4.716000
10.171000
6.158000
5.087000
7.773000
9.075000
8.163000
5.085000
7.876000
5.183000
1.739000
4.348000
2.151000
0.302000
4.422000
10.377000
7.437000
7.163000
2.679000
1.531000
7.880000
6.066000
0.888000
6.723000
4.359000
5.834000
9.330000
6.456000
2.195000
0.467000
10.114000
2.308000
9.455000
4.663000
2.246000
11.929000
12.559000
7.452000
2.624000
0.977000
5.889000
5.445000
10.183000
2.942000
2.901000
3.980000
10.445000
4.214000
6.687000
3.266000
1.600000
1.490000
0.849000
11.915000
6.875000
5.409000
4.079000
8.768000
3.338000
9.573000
6.483000
8.758000
3.987000
2.243000
6.920000
5.588000
8.106000
7.532000
3.906000
5.881000
5.815000
0.000000
4.463000
10.810000
4.558000
8.961000
6.295000
11.685000
5.946000
10.269000
7.129000
11.727000
5.175000
6.031000
4.186000
3.811000
4.639000
7.433000
3.736000
7.047000
1.814000
4.659000
4.377000
11.565000
5.418000
5.848000
1.743000
6.625000
7.103000
4.224000
4.084000
11.151000
6.724000
9.519000
7.195000
8.459000
5.093000
9.646000
9.862000
2.992000
0.679000
5.254000
7.344000
3.462000
6.682000
7.952000
5.489000
5.998000
5.667000
5.585000
7.473000
4.019000
12.740000
6.452000
10.245000
5.253000
0.000000
4.987000
7.762000
5.980000
6.845000
1.720000
6.451000
8.006000
8.044000
0.515000
5.021000
3.114000
4.327000
1.593000
8.983000
5.664000
1.412000
1.114000
10.852000
4.778000
7.476000
6.792000
6.945000
0.000000
12.735000
1.601000
3.645000
14.516000
4.639000
4.117000
3.768000
0.543000
11.163000
4.559000
0.569000
11.685000
1.589000
13.540000
2.779000
4.919000
1.889000
2.576000
3.226000
5.596000
5.608000
0.069000
7.525000
7.678000
7.436000
10.165000
3.829000
4.511000
5.723000
4.595000
5.577000
1.369000
3.229000
6.965000
3.813000
10.541000
5.585000
8.243000
6.107000
0.763000
2.628000
3.668000
2.551000
7.256000
6.205000
1.929000
0.744000
0.000000
2.952000
7.082000
0.000000
10.179000
8.399000
1.594000
10.460000
0.810000
3.233000
1.282000
4.604000
3.189000
4.365000
3.111000
3.901000
2.814000
11.037000
3.468000
0.515000
6.199000
19.420000
10.501000
6.472000
8.701000
20.923000
1.573000
2.294000
7.255000
2.422000
14.778000
4.483000
6.798000
8.561000
8.724000
10.212000
6.050000
9.501000
6.077000
8.682000
10.197000
8.720000
5.115000
6.351000
4.081000
5.841000
10.246000
11.866000
0.000000
14.373000
3.610000
10.294000
7.943000
8.228000
19.024000
12.153000
0.000000
1.853000
10.290000
2.199000
5.799000
2.298000
2.139000
9.752000
2.590000
0.592000
10.054000
4.514000
8.537000
9.835000
3.439000
6.209000
3.635000
9.955000
1.995000
9.798000
1.869000
10.378000
7.016000
9.687000
0.000000
2.370000
0.772000
0.297000
8.482000
5.470000
7.801000
8.943000
12.812000
5.985000
5.669000
10.466000
8.805000
8.550000
4.000000
5.468000
6.823000
9.291000
17.556000
8.956000
21.162000
2.963000
2.250000
8.359000
3.773000
4.815000
5.943000
11.095000
8.553000
11.399000
4.846000
11.359000
14.318000
0.783000
9.712000
5.576000
5.274000
9.832000
2.852000
5.556000
12.294000
4.194000
2.303000
7.665000
7.174000
9.409000
10.388000
8.721000
6.484000
8.773000
11.631000
8.728000
7.026000
10.627000
18.776000
6.785000
7.419000
10.218000
0.062000
6.645000
5.190000
13.363000
13.566000
12.280000
5.253000
3.004000
6.389000
0.000000
9.755000
5.411000
8.540000
12.127000
2.974000
0.000000
9.025000
12.157000
3.110000
6.355000
10.749000
3.318000
8.219000
2.554000
13.080000
11.138000
13.615000
2.155000
17.351000
1.014000
9.056000
10.780000
7.205000
0.000000
8.595000
12.627000
4.700000
7.314000
6.735000
11.170000
7.920000
0.000000
12.141000
4.150000
10.876000
4.766000
8.259000
5.499000
0.000000
12.438000
4.002000
7.266000
1.405000
6.890000
9.541000
5.453000
0.412000
5.823000
5.287000
3.382000
7.075000
16.077000
9.876000
5.739000
3.626000
4.960000
1.223000
13.195000
11.982000
8.046000
9.798000
6.783000
8.810000
1.298000
8.669000
3.738000
6.425000
10.804000
7.798000
10.060000
6.311000
3.014000
1.028000
8.012000
6.563000
5.603000
5.993000
9.319000
9.292000
8.107000
2.809000
5.934000
10.951000
10.476000
7.237000
9.226000
8.688000
12.957000
6.348000
14.977000
6.249000
12.081000
9.825000
2.004000
6.625000
8.443000
3.019000
4.521000
6.260000
8.060000
7.531000
9.189000
4.205000
10.566000
2.849000
10.514000
5.655000
8.110000
6.955000
3.900000
11.800000
12.401000
2.719000
13.624000
13.572000
12.686000
9.834000
7.245000
4.117000
2.373000
2.296000
0.000000
5.853000
5.190000
7.373000
6.805000
9.102000
13.381000
9.991000
2.169000
11.703000
11.137000
7.850000
7.216000
14.691000
7.630000
6.151000
6.254000
11.710000
9.528000
7.019000
4.703000
9.770000
10.684000
7.746000
9.286000
15.418000
5.354000
8.413000
5.832000
8.784000
7.577000
0.486000
5.534000
14.219000
7.440000
14.282000
5.068000
3.856000
9.369000
5.714000
10.691000
9.951000
10.224000
5.613000
8.958000
7.912000
0.222000
5.716000
10.616000
10.251000
4.540000
7.400000
6.927000
11.689000
2.736000
11.528000
8.252000
8.630000
11.456000
4.995000
7.502000
9.677000
8.996000
9.379000
9.022000
9.124000
16.788000
11.023000
0.571000
5.898000
11.274000
5.166000
5.046000
9.002000
5.121000
4.864000
1.243000
12.108000
7.915000
5.035000
0.000000
5.168000
4.783000
3.193000
11.800000
13.333000
4.724000
10.070000
8.442000
12.649000
7.720000
5.573000
8.250000
8.705000
14.519000
10.449000
14.973000
12.161000
5.430000
0.601000
6.242000
8.356000
5.896000
10.198000
3.699000
13.444000
4.831000
11.309000
2.371000
13.401000
6.692000
12.990000
8.922000
6.339000
8.046000
8.826000
4.124000
4.499000
9.946000
14.787000
17.148000
3.128000
3.333000
7.008000
8.178000
3.965000
6.938000
8.693000
0.330000
10.146000
4.420000
8.243000
8.665000
5.332000
14.057000
17.682000
11.533000
1.956000
5.717000
8.567000
6.780000
8.273000
4.543000
11.490000
7.031000
0.610000
7.474000
6.812000
6.630000
3.410000
13.464000
10.499000
9.831000
0.000000
8.761000
6.471000
5.511000
7.915000
10.360000
3.511000
5.729000
6.972000
5.588000
10.665000
1.356000
11.494000
11.920000
5.222000
15.227000
10.254000
11.841000
8.850000
4.245000
6.676000
4.089000
7.982000
9.655000
10.541000
7.026000
13.925000
7.058000
10.298000
7.773000
8.541000
7.429000
2.944000
11.375000
5.407000
12.171000
3.533000
6.543000
8.178000
2.911000
7.160000
10.708000
0.000000
8.204000
3.342000
8.509000
7.666000
8.102000
8.242000
12.750000
4.772000
9.362000
4.791000
7.521000
11.548000
9.562000
15.091000
5.207000
9.777000
6.452000
3.962000
7.196000
6.878000
8.791000
9.571000
6.403000
8.848000
9.754000
5.460000
8.992000
8.188000
12.146000
7.847000
5.613000
6.894000
7.147000
6.679000
7.509000
1.790000
9.078000
3.101000
6.882000
8.839000
6.689000
3.313000
4.879000
0.000000
9.168000
6.421000
8.981000
3.381000
10.292000
5.624000
6.953000
2.243000
10.827000
4.960000
3.173000
11.940000
6.495000
1.506000
6.956000
6.449000
7.616000
6.825000
6.044000
13.651000
8.572000
6.073000
10.779000
10.103000
8.869000
5.355000
8.439000
12.255000
5.038000
9.426000
9.422000
8.703000
11.240000
2.021000
15.108000
9.619000
0.086000
13.051000
5.097000
0.000000
4.888000
12.025000
8.035000
7.723000
8.311000
0.000000
2.306000
0.000000
1.220000
6.277000
6.264000
7.871000
7.907000
6.317000
8.420000
6.232000
6.565000
7.994000
7.264000
9.138000
1.602000
3.827000
7.937000
5.067000
7.353000
13.285000
5.968000
0.000000
5.808000
3.233000
10.703000
7.754000
7.360000
6.776000
5.428000
4.362000
5.422000
8.539000
14.857000
2.454000
0.000000
0.000000
2.068000
4.370000
2.290000
6.850000
1.429000
0.863000
2.763000
10.347000
2.093000
6.219000
3.439000
0.080000
6.940000
3.273000
0.000000
8.747000
8.027000
2.377000
0.000000
5.562000
0.000000
0.000000
0.000000
0.000000
8.616000
0.000000
4.769000
9.451000
9.527000
0.000000
2.739000
0.000000
11.399000
7.452000
0.000000
1.987000
4.366000
0.499000
7.678000
0.000000
5.091000
0.983000
0.000000
3.384000
5.092000
7.224000
0.000000
2.010000
0.000000
6.090000
0.000000
0.000000
8.182000
7.791000
6.464000
0.000000
6.902000
0.000000
7.574000
0.000000
0.000000
3.984000
3.079000
6.406000
6.607000
3.472000
4.854000
0.000000
1.703000
0.764000
0.000000
11.454000
3.606000
0.000000
1.917000
0.000000
0.000000
1.157000
0.000000
0.000000
0.000000
0.000000
0.000000
0.000000
0.000000
8.700000
1.044000
1.938000
0.000000
0.000000
0.000000
4.186000
5.854000
1.977000
0.000000
0.000000
7.767000
3.125000
0.000000
0.000000
0.000000
1.742000
0.000000
0.000000
0.000000
2.513000
0.000000
0.000000
9.187000
8.264000
6.733000
3.261000
0.892000
3.240000
4.212000
3.010000
0.000000
0.000000
0.000000
5.226000
0.000000
0.000000
10.711000
0.000000
2.369000
1.291000
0.000000
2.715000
13.809000
0.000000
2.299000
0.000000
0.596000
0.000000
1.563000
2.675000
0.000000
2.469000
0.000000
9.209000
0.000000
4.090000
0.000000
0.000000
0.000000
2.740000
4.209000
0.000000
1.087000
0.000000
0.000000
0.000000
4.381000
0.203000
0.780000
0.000000
1.329000
0.000000
2.448000
0.000000
0.000000
4.237000
0.000000
4.724000
3.524000
4.401000
0.000000
0.990000
6.713000
0.000000
0.000000
0.000000
2.035000
0.000000
4.490000
4.494000
2.521000
0.000000
0.000000
0.000000
0.000000
2.293000
11.810000
0.000000
4.467000
3.183000
0.130000
0.000000
7.027000
7.046000
0.359000
10.200000
0.000000
0.000000
1.231000
10.257000
0.095000
1.842000
0.000000
0.604000
0.000000
4.364000
9.046000
6.969000
1.990000
0.000000
2.252000
3.118000
0.000000
0.000000
5.049000
0.000000
0.000000
0.000000
8.892000
1.513000
2.179000
0.000000
1.051000
0.000000
0.000000
0.000000
0.000000
0.753000
5.042000
7.661000
5.484000
11.163000
10.537000
8.582000
9.008000
0.000000
2.236000
2.171000
5.363000
0.000000
4.246000
4.959000
8.462000
7.139000
6.499000
0.000000
2.792000
6.509000
0.843000
12.801000
9.963000
0.000000
0.000000
2.558000
8.893000
0.000000
2.980000
4.491000
4.055000
0.000000
4.700000
0.000000
3.791000
4.973000
0.244000
3.118000
3.451000
5.654000
5.527000
4.519000
0.402000
2.893000
5.223000
2.361000
3.124000
10.497000
0.000000
5.170000
0.000000
3.301000
2.258000
5.526000
1.033000
3.593000
0.000000
7.251000
0.000000
7.455000
0.000000
4.867000
6.321000
4.294000
0.000000
5.042000
5.551000
5.390000
8.545000
5.365000
3.214000
6.207000
4.540000
1.774000
6.587000
0.000000
7.705000
1.571000
4.750000
1.779000
0.000000
9.268000
1.348000
4.104000
5.821000
0.000000
0.000000
3.382000
0.000000
8.321000
1.280000
4.890000
1.177000
0.000000
2.344000
5.191000
0.000000
0.000000
6.471000
1.443000
0.000000
5.803000
3.383000
1.108000
0.000000
5.966000
0.000000
0.975000
0.983000
0.000000
0.000000
3.557000
0.000000
4.511000
3.806000
5.359000
0.000000
1.373000
0.000000
7.082000
0.000000
1.990000
0.000000
0.000000
6.211000
10.376000
7.436000
3.377000
1.235000
1.114000
5.060000
2.867000
4.240000
3.919000
3.215000
0.000000
11.131000
11.799000
3.215000
4.277000
5.219000
6.521000
0.000000
1.057000
0.000000
3.467000
0.083000
5.209000
3.066000
1.355000
1.477000
0.000000
0.000000
3.820000
6.486000
3.677000
2.730000
6.141000
0.777000
0.000000
3.127000
7.620000
0.000000
0.947000
1.588000
0.000000
4.090000
2.089000
0.000000
0.841000
0.000000
0.000000
0.000000
6.201000
9.355000
0.108000
0.000000
3.527000
0.346000
0.000000
3.061000
3.675000
0.000000
1.482000
2.222000
3.005000
3.084000
5.219000
0.000000
7.931000
7.206000
0.205000
5.001000
0.000000
5.261000
2.848000
0.663000
8.372000
4.999000
0.633000
0.673000
3.960000
1.612000
2.259000
3.253000
0.770000
2.764000
3.365000
0.000000
0.000000
0.805000
8.935000
5.051000
7.548000
7.102000
1.706000
2.766000
0.000000
2.581000
0.000000
4.003000
0.954000
0.081000
5.719000
3.511000
0.000000
0.000000
1.662000
0.000000
0.000000
9.461000
0.000000
2.497000
0.000000
4.822000
8.323000
6.493000
7.053000
1.510000
0.000000
6.087000
2.666000
1.057000
6.738000
0.000000
0.000000
1.180000
3.278000
5.735000
3.074000
3.918000
0.000000
0.538000
0.000000
4.846000
6.188000
0.000000
7.381000
2.227000
0.000000
6.121000
7.986000
7.257000
0.000000
0.000000
0.000000
0.000000
0.000000
1.794000
0.000000
7.688000
5.725000
0.358000
0.510000
3.134000
0.248000
4.047000
2.527000
4.098000
1.858000
4.964000
2.880000
4.163000
6.085000
4.888000
5.362000
0.000000
0.000000
8.396000
0.000000
2.197000
0.539000
7.899000
0.000000
0.000000
3.299000
4.798000
0.381000
4.180000
2.393000
0.000000
5.788000
0.000000
6.013000
2.720000
0.000000
5.205000
1.172000
4.566000
0.000000
0.877000
0.000000
0.000000
5.511000
1.927000
4.355000
4.540000
1.057000
2.455000
1.238000
6.195000
3.830000
0.000000
0.000000
0.930000
0.941000
0.000000
0.000000
3.790000
3.001000
0.000000
8.147000
0.061000
6.349000
0.366000
1.121000
5.753000
2.464000
0.000000
1.366000
0.000000
4.634000
0.000000
0.000000
6.221000
9.144000
0.000000
4.593000
3.582000
0.000000
4.588000
0.000000
6.799000
0.000000
1.601000
2.098000
7.887000
2.708000
0.000000
0.000000
3.479000
2.141000
0.000000
0.000000
7.763000
0.000000
4.891000
0.745000
0.000000
1.947000
0.000000
0.000000
0.126000
1.098000
0.000000
0.000000
6.593000
0.000000
0.224000
0.000000
0.000000
1.633000
0.214000
2.163000
0.000000
6.827000
0.495000
0.000000
0.000000
0.000000
5.190000
0.747000
0.000000
0.000000
1.180000
0.730000
0.000000
5.275000
0.000000
0.000000
0.000000
0.353000
4.744000
0.000000
0.978000
0.784000
1.258000
0.000000
5.922000
6.555000
1.398000
2.201000
4.138000
4.625000
0.000000
7.589000
1.010000
2.475000
2.660000
0.000000
0.063000
0.000000
0.000000
0.328000
0.000000
3.138000
2.201000
0.000000
0.000000
6.285000
0.000000
1.124000
0.000000
0.000000
2.733000
0.000000
0.000000
1.828000
3.770000
0.563000
0.000000
0.000000
4.407000
1.938000
0.000000
4.461000
2.580000
0.000000
1.873000
2.206000
0.000000
5.379000
7.124000
5.627000
0.189000
2.387000
4.882000
0.000000
2.838000
0.099000
4.414000
0.000000
2.537000
0.000000
1.088000
0.091000
0.000000
0.000000
1.686000
3.552000
2.193000
0.000000
0.000000
0.000000
0.776000
0.000000
4.452000
1.971000
0.000000
0.000000
3.521000
1.257000
1.739000
0.000000
1.110000
8.826000
0.000000
2.292000
0.000000
0.000000
0.000000
6.129000
1.124000
0.000000
0.000000
0.669000
0.000000
2.583000
0.000000
2.525000
3.980000
0.000000
1.846000
0.000000
0.563000
0.000000
0.000000
0.000000
0.760000
0.000000
2.315000
0.000000
1.557000
0.000000
3.867000
0.536000
0.000000
0.000000
0.000000
0.202000
0.000000
0.000000
0.000000
0.000000
3.557000
3.495000
0.000000
0.000000
0.000000
3.462000
0.000000
0.000000
0.891000
0.895000
0.000000
0.000000
2.685000
0.207000
0.000000
2.447000
3.765000
0.000000
0.000000
1.249000
0.000000
0.000000
0.000000
0.000000
0.000000
1.967000
1.253000
2.934000
0.000000
0.762000
4.154000
9.540000
0.000000
2.131000
0.000000
0.000000
0.332000
0.000000
0.489000
0.583000
1.630000
0.483000
1.720000
5.166000
0.000000
2.150000
8.340000
0.185000
1.180000
0.000000
1.717000
0.792000
0.000000
0.000000
0.000000
0.000000
2.660000
2.059000
1.160000
3.557000
0.000000
0.418000
0.088000
0.732000
2.069000
0.960000
0.000000
0.582000
0.192000
0.000000
0.000000
0.000000
0.000000
2.810000
0.642000
0.000000
0.000000
1.817000
0.000000
0.000000
1.553000
0.000000
1.588000
0.790000
0.000000
0.000000
2.613000
0.000000
2.837000
0.000000
0.000000
0.000000
1.597000
1.048000
8.822000
2.479000
0.000000
0.000000
0.585000
3.846000
0.000000
0.000000
0.000000
0.937000
0.000000
0.000000
0.000000
0.611000
0.000000
0.000000
0.000000
0.000000
0.000000
0.000000
0.000000
2.893000
0.179000
1.481000
1.651000
0.000000
0.000000
1.815000
3.593000
3.877000
3.792000
0.000000
0.000000
4.249000
1.947000
0.000000
0.000000
0.426000
0.000000
0.000000
0.000000
0.000000
0.000000
0.000000
3.780000
0.094000
0.000000
3.439000
1.825000
0.000000
0.000000
0.000000
0.000000
0.000000
0.157000
0.000000
0.000000
0.293000
2.187000
0.380000
2.563000
3.464000
0.000000
0.000000
2.317000
0.574000
2.797000
2.027000
0.000000
0.000000
1.500000
2.735000
0.000000
2.150000
1.280000
0.000000
0.000000
1.694000
4.997000
0.605000
2.846000
0.000000
0.784000
0.000000
0.000000
0.067000
1.831000
5.507000
1.848000
3.065000
0.595000
0.000000
0.000000
0.000000
2.554000
0.593000
0.000000
2.918000
0.000000
0.000000
4.457000
0.552000
0.000000
2.759000
3.159000
0.000000
0.000000
0.000000
0.000000
0.000000
0.000000
0.000000
0.000000
0.179000
1.800000
0.000000
2.153000
3.406000
1.510000
0.765000
1.846000
3.383000
2.211000
0.773000
2.959000
0.001000
0.841000
0.416000
1.614000
4.168000
3.961000
2.631000
1.801000
0.000000
2.957000
0.961000
0.000000
4.281000
0.000000
0.000000
1.127000
0.112000
0.000000
3.336000
1.961000
0.000000
0.000000
0.000000
0.000000
0.859000
0.000000
0.000000
0.000000
1.132000
0.000000
0.000000
1.538000
0.000000
0.000000
0.000000
0.568000
2.422000
2.020000
1.218000
0.000000
0.961000
2.241000
0.143000
0.000000
0.898000
0.000000
0.000000
0.000000
0.000000
0.000000
0.494000
0.000000
0.000000
0.000000
0.000000
2.133000
0.000000
0.000000
0.034000
5.163000
1.214000
1.273000
3.667000
0.000000
2.290000
0.515000
2.888000
0.000000
0.000000
4.405000
0.000000
0.770000
1.303000
0.000000
0.640000
0.000000
0.023000
0.000000
0.000000
0.586000
1.931000
2.287000
2.657000
0.000000
0.167000
0.000000
0.033000
0.000000
1.413000
2.726000
0.637000
1.353000
0.000000
0.491000
5.027000
0.000000
0.000000
5.413000
2.937000
0.000000
1.761000
0.000000
2.328000
0.000000
0.635000
0.000000
0.000000
0.000000
0.000000
0.000000
0.000000
2.412000
1.031000
0.000000
0.000000
0.851000
0.000000
5.690000
0.000000
1.148000
3.199000
2.858000
3.636000
0.000000
0.000000
3.458000
1.549000
1.142000
0.000000
0.557000
1.297000
0.000000
1.676000
0.000000
1.444000
0.000000
0.000000
0.000000
0.000000
1.747000
1.697000
2.152000
0.000000
0.906000
0.000000
0.000000
0.000000
0.000000
2.505000
4.610000
4.591000
2.356000
0.434000
0.000000
0.243000
0.000000
3.113000
0.000000
0.000000
0.000000
3.776000
0.953000
1.240000
0.957000
0.000000
0.000000
0.000000
0.051000
0.000000
2.354000
0.000000
0.000000
1.691000
0.000000
0.096000
0.940000
0.000000
0.552000
0.923000
0.476000
1.825000
0.000000
2.303000
0.000000
0.000000
0.000000
0.000000
0.109000
0.204000
0.000000
0.000000
3.366000
0.000000
0.528000
0.000000
0.000000
0.205000
0.000000
0.000000
0.000000
0.000000
1.602000
0.000000
0.935000
0.350000
0.014000
0.683000
1.842000
0.631000
0.613000
0.862000
3.299000
1.449000
0.000000
2.762000
0.000000
0.000000
0.000000
0.000000
0.000000
0.000000
2.983000
0.000000
0.000000
0.000000
5.346000
0.836000
0.341000
0.000000
0.000000
2.265000
1.070000
1.662000
0.110000
0.000000
2.689000
0.000000
0.000000
0.505000
0.000000
0.000000
0.371000
1.037000
0.000000
0.000000
0.144000
0.000000
1.407000
0.000000
1.450000
0.000000
0.455000
0.000000
0.711000
0.680000
0.000000
3.837000
3.200000
2.232000
0.265000
0.768000
6.301000
0.000000
0.372000
0.000000
0.080000
0.000000
1.886000
2.952000
0.000000
1.150000
0.000000
0.000000
1.180000
0.000000
2.333000
0.000000
0.554000
0.000000
0.386000
0.341000
1.108000
0.000000
0.000000
2.078000
0.869000
0.000000
2.107000
0.841000
0.000000
0.000000
0.000000
2.296000
3.435000
0.000000
0.413000
4.072000
0.228000
0.000000
0.000000
3.069000
0.000000
0.000000
0.000000
3.789000
0.927000
1.118000
0.000000
0.000000
2.872000
3.850000
1.186000
1.126000
0.000000
0.000000
0.300000
1.420000
2.940000
1.999000
3.426000
1.077000
0.000000
3.516000
1.582000
1.960000
0.733000
0.000000
1.208000
0.000000
0.000000
0.000000
3.414000
2.298000
0.949000
1.355000
0.000000
0.000000
2.035000
0.000000
0.000000
0.000000
4.647000
0.000000
0.000000
0.000000
0.625000
0.000000
0.387000
1.017000
0.000000
1.179000
2.289000
0.000000
2.598000
0.000000
0.773000
0.000000
0.873000
0.370000
0.639000
0.686000
0.000000
0.350000
0.000000
0.218000
0.000000
3.891000
0.000000
0.525000
0.000000
0.000000
3.009000
1.317000
0.000000
0.000000
1.717000
0.000000
0.000000
0.907000
0.867000
0.000000
3.870000
1.704000
2.153000
0.000000
0.000000
3.877000
0.000000
0.000000
0.000000
0.000000
0.846000
0.089000
0.000000
0.000000
0.539000
0.164000
3.514000
0.000000
0.000000
0.000000
0.000000
0.996000
0.000000
0.000000
0.035000
2.034000
1.753000
1.891000
0.000000
0.000000
0.825000
0.000000
0.387000
0.000000
0.000000
0.987000
0.000000
0.000000
1.010000
0.909000
4.644000
4.517000
0.000000
0.000000
3.643000
0.000000
0.074000
0.000000
0.928000
0.000000
0.000000
0.000000
0.000000
1.011000
0.000000
0.000000
0.682000
0.000000
0.000000
0.000000
0.000000
0.000000
0.144000
0.000000
1.759000
0.000000
0.000000
1.638000
0.000000
0.000000
2.711000
0.000000
0.707000
0.000000
1.952000
0.000000
0.416000
0.000000
0.000000
0.000000
0.607000
0.000000
0.742000
0.000000
0.135000
0.905000
0.000000
0.653000
1.014000
0.000000
0.829000
0.000000
4.150000
0.519000
0.685000
2.197000
3.947000
0.000000
0.000000
1.370000
1.737000
4.104000
0.539000
0.666000
0.000000
0.381000
0.000000
0.000000
0.868000
0.376000
0.000000
0.984000
1.772000
1.821000
0.000000
0.958000
2.471000
0.000000
0.000000
1.089000
0.000000
1.903000
3.212000
0.899000
1.620000
0.389000
0.000000
0.000000
0.000000
1.312000
0.000000
0.000000
0.000000
2.917000
3.199000
0.000000
0.000000
0.000000
1.918000
0.000000
1.270000
0.000000
0.000000
0.585000
2.373000
0.000000
0.000000
0.000000
0.416000
0.000000
0.854000
0.000000
4.103000
0.000000
0.000000
0.000000
0.000000
0.000000
0.000000
0.000000
0.000000
0.000000
0.000000
1.415000
1.458000
0.441000
0.675000
0.227000
0.000000
1.201000
1.908000
0.000000
0.102000
1.274000
0.789000
0.628000
0.000000
2.242000
0.000000
2.785000
0.000000
0.214000
0.000000
0.996000
1.958000
0.000000
0.864000
0.000000
0.000000
0.000000
0.000000
0.000000
0.022000
0.000000
3.341000
0.000000
0.757000
0.346000
0.000000
0.000000
0.000000
1.043000
0.138000
0.229000
0.000000
0.066000
0.000000
0.000000
0.000000
0.000000
1.503000
0.047000
0.000000
0.264000
0.000000
0.000000
0.541000
0.903000
0.000000
0.000000
0.000000
0.180000
0.000000
2.297000
1.304000
0.000000
0.800000
0.343000
0.000000
0.000000
0.000000
0.000000
0.181000
0.000000
0.000000
0.000000
0.940000
0.000000
0.171000
0.000000
1.262000
0.491000
0.757000
0.028000
1.498000
0.000000
0.000000
0.000000
0.000000
0.000000
0.878000
0.399000
0.000000
1.046000
0.000000
0.000000
0.000000
0.847000
1.031000
0.533000
2.136000
0.066000
2.712000
0.000000
0.000000
0.952000
0.232000
0.926000
0.000000
0.000000
0.000000
2.048000
0.000000
0.000000
0.000000
0.000000
0.758000
0.000000
0.000000
0.343000
0.000000
0.065000
0.503000
0.000000
0.000000
0.836000
0.000000
0.045000
0.000000
0.000000
0.000000
5.774000
0.000000
0.000000
0.000000
0.000000
2.330000
0.781000
1.835000
0.000000
0.000000
0.000000
0.000000
0.000000
0.519000
0.000000
1.186000
0.000000
0.000000
0.000000
0.000000
0.000000
1.003000
3.676000
0.000000
0.000000
0.000000
0.000000
0.000000
1.503000
0.000000
1.117000
1.637000
0.895000
0.000000
0.000000
0.000000
0.000000
1.785000
0.000000
0.000000
0.000000
1.627000
0.000000
0.805000
0.000000
0.000000
0.000000
0.000000
0.127000
0.000000
0.000000
2.176000
0.258000
0.000000
1.498000
0.000000
0.050000
0.000000
0.000000
0.571000
1.537000
0.000000
0.484000
0.000000
1.901000
0.104000
0.700000
0.000000
0.879000
0.000000
1.170000
0.203000
1.808000
0.000000
0.000000
0.030000
0.000000
0.000000
2.002000
0.000000
0.000000
0.000000
0.983000
0.000000
0.000000
0.000000
0.000000
0.000000
0.080000
0.117000
0.000000
0.000000
0.528000
2.162000
0.000000
0.000000
1.228000
0.000000
0.000000
0.000000
0.880000
0.000000
0.000000
0.000000
0.000000
0.000000
2.629000
3.370000
0.000000
0.991000
0.048000
0.000000
0.000000
0.000000
1.732000
1.012000
0.048000
0.874000
0.000000
0.000000
0.000000
0.000000
0.000000
0.368000
0.000000
0.000000
0.000000
3.178000
0.000000
0.000000
0.299000
0.719000
0.000000
0.000000
0.000000
0.000000
0.426000
2.399000
0.000000
0.000000
0.000000
1.280000
1.255000
0.000000
0.000000
0.000000
0.000000
0.000000
0.827000
0.000000
2.178000
3.843000
0.167000
0.000000
0.294000
0.000000
0.000000
0.433000
0.000000
0.000000
0.000000
0.550000
0.000000
0.000000
0.000000
0.000000
0.000000
0.000000
0.000000
0.000000
0.000000
0.000000
0.000000
0.000000
0.000000
0.000000
0.000000
1.170000
0.000000
0.375000
0.000000
0.509000
0.000000
0.000000
0.198000
0.000000
0.000000
0.000000
0.000000
0.000000
0.000000
0.237000
2.245000
1.272000
0.000000
0.000000
0.000000
0.810000
0.000000
0.910000
0.000000
0.000000
0.067000
1.179000
0.000000
0.000000
0.000000
0.000000
0.000000
0.000000
0.000000
0.000000
0.000000
0.000000
0.000000
0.868000
0.000000
0.534000
0.000000
0.000000
0.974000
0.072000
0.276000
0.000000
0.000000
0.000000
0.000000
0.000000
1.497000
0.000000
0.017000
0.000000
1.150000
0.000000
0.000000
0.000000
0.285000
1.077000
0.926000
0.000000
1.282000
0.000000
0.000000
0.449000
2.070000
0.000000
0.000000
1.431000
0.268000
0.000000
0.000000
0.000000
0.000000
0.000000
0.000000
0.097000
0.733000
0.000000
0.000000
1.039000
0.972000
0.385000
0.621000
0.000000
0.620000
0.000000
0.000000
0.000000
0.000000
0.437000
0.000000
1.603000
0.940000
0.000000
0.000000
0.186000
0.000000
0.000000
0.000000
0.000000
0.000000
0.101000
0.000000
0.278000
0.979000
0.000000
0.000000
0.178000
0.000000
0.045000
0.401000
0.000000
0.549000
1.565000
0.000000
0.000000
1.156000
0.000000
0.070000
0.000000
0.000000
0.924000
0.612000
0.000000
0.000000
0.000000
0.000000
0.764000
0.000000
1.376000
0.000000
0.000000
0.000000
0.000000
0.661000
0.000000
0.557000
0.164000
0.505000
0.000000
0.000000
0.000000
0.000000
0.000000
0.000000
0.086000
0.000000
0.000000
1.413000
0.000000
0.639000
1.564000
0.000000
0.000000
0.901000
0.269000
1.981000
0.000000
2.125000
0.000000
0.227000
1.035000
0.000000
0.786000
0.000000
0.000000
0.000000
0.000000
0.000000
0.000000
0.861000
2.109000
0.177000
0.674000
0.000000
1.839000
0.000000
0.000000
0.475000
0.060000
0.000000
0.000000
0.000000
2.122000
0.000000
0.000000
0.444000
0.375000
0.068000
0.000000
0.000000
0.464000
2.739000
1.145000
0.000000
0.000000
0.000000
0.000000
0.000000
0.000000
0.000000
0.000000
0.000000
0.000000
0.000000
0.527000
0.638000
0.000000
0.000000
0.000000
0.000000
0.000000
0.000000
0.114000
0.000000
0.000000
0.372000
0.000000
0.000000
0.000000
0.000000
0.000000
0.843000
0.000000
0.000000
0.000000
0.000000
1.244000
0.364000
0.206000
0.327000
0.000000
0.000000
0.214000
0.000000
0.000000
0.000000
1.780000
0.000000
0.659000
0.000000
0.000000
0.000000
0.000000
0.000000
0.000000
0.000000
1.852000
0.000000
1.278000
0.000000
0.954000
0.000000
0.000000
1.190000
0.000000
0.000000
0.000000
0.000000
0.000000
0.000000
0.042000
0.507000
0.000000
0.012000
0.367000
0.000000
0.482000
0.000000
0.008000
0.947000
0.000000
0.000000
0.373000
0.468000
0.000000
0.232000
0.000000
0.000000
0.000000
0.000000
0.000000
0.000000
0.625000
0.000000
0.956000
0.000000
0.000000
0.000000
0.000000
0.000000
0.000000
1.915000
0.000000
0.000000
0.000000
1.990000
0.303000
0.000000
0.000000
0.191000
2.807000
0.000000
0.000000
0.000000
1.221000
0.941000
0.158000
0.926000
1.139000
0.000000
0.000000
0.000000
0.173000
0.000000
0.000000
0.250000
0.049000
0.000000
0.000000
0.685000
0.000000
0.000000
0.000000
0.000000
0.000000
0.000000
0.000000
0.000000
0.000000
0.000000
0.000000
0.000000
0.637000
0.000000
0.000000
0.000000
0.000000
0.902000
0.000000
0.000000
0.000000
0.000000
0.859000
0.642000
0.638000
0.000000
0.000000
1.765000
0.000000
0.000000
0.000000
0.616000
0.309000
0.000000
0.000000
0.000000
0.000000
0.000000
0.032000
0.595000
0.000000
0.000000
0.000000
0.000000
0.000000
0.000000
0.000000
0.000000
0.000000
0.000000
0.405000
0.000000
0.000000
0.000000
0.000000
1.109000
0.028000
0.146000
0.000000
0.000000
0.000000
0.055000
0.000000
0.000000
0.000000
0.000000
0.000000
0.000000
0.000000
0.000000
0.000000
0.234000
0.350000
0.000000
0.000000
0.000000
0.532000
0.000000
0.000000
0.000000
0.000000
0.000000
0.171000
0.000000
0.000000
0.000000
0.509000
0.000000
0.000000
0.000000
0.000000
0.000000
0.000000
0.000000
0.166000
0.000000
0.011000
0.000000
0.000000
0.543000
0.259000
0.000000
0.000000
0.733000
0.511000
0.000000
0.000000
0.000000
0.000000
0.000000
0.522000
0.000000
0.558000
0.577000
0.000000
0.000000
0.000000
0.565000
0.000000
0.000000
0.000000
0.000000
0.111000
0.000000
0.000000
0.000000
0.701000
0.000000
0.000000
0.000000
0.000000
0.000000
0.000000
0.000000
0.000000
0.000000
0.000000
0.000000
1.635000
0.000000
1.429000
1.238000
0.000000
0.000000
0.000000
0.000000
1.488000
0.000000
0.000000
0.000000
0.000000
0.000000
2.209000
0.000000
0.000000
0.000000
0.728000
0.000000
0.000000
0.000000
0.000000
0.000000
0.000000
1.326000
0.000000
0.103000
1.248000
0.000000
0.000000
0.263000
0.122000
0.764000
0.000000
0.433000
0.968000
0.000000
0.000000
0.000000
0.000000
0.456000
0.000000
0.000000
0.000000
0.000000
0.000000
0.827000
0.000000
0.000000
0.743000
1.999000
0.573000
0.000000
0.168000
0.000000
0.000000
0.000000
0.596000
0.372000
0.000000
0.000000
0.415000
0.000000
0.074000
0.547000
0.000000
0.000000
0.502000
0.000000
1.057000
0.000000
0.000000
0.048000
0.040000
0.000000
0.000000
0.000000
0.000000
