13.511000
15.174000
14.353000
14.452000
8.524000
14.989000
18.125000
21.309000
9.410000
23.342000
18.713000
9.391000
18.815000
16.888000
16.847000
13.583000
18.050000
10.561000
8.116000
16.769000
19.514000
14.451000
11.558000
14.279000
16.353000
16.651000
8.387000
17.519000
16.821000
16.350000
15.785000
10.353000
13.577000
10.714000
15.576000
15.687000
16.418000
13.799000
17.652000
19.209000
15.130000
5.431000
15.759000
13.644000
6.635000
21.661000
15.004000
14.977000
19.094000
10.983000
11.428000
14.085000
19.444000
14.272000
9.068000
7.636000
8.760000
14.559000
18.349000
12.353000
5.663000
9.272000
6.510000
10.044000
9.163000
9.830000
15.481000
12.930000
12.119000
10.211000
14.001000
9.901000
6.544000
6.615000
15.097000
11.637000
9.973000
18.529000
13.177000
14.058000
12.627000
12.392000
17.687000
11.181000
17.184000
11.336000
14.585000
8.999000
17.688000
15.910000
12.278000
9.273000
11.547000
10.718000
11.726000
15.706000
11.366000
5.826000
11.748000
10.240000
16.916000
20.798000
4.578000
9.080000
7.564000
10.512000
11.420000
16.114000
11.944000
19.821000
5.526000
24.028000
21.158000
14.062000
21.582000
16.104000
15.876000
6.791000
19.956000
4.496000
21.106000
8.436000
18.783000
14.898000
12.841000
19.596000
5.468000
7.900000
11.134000
5.520000
12.506000
8.394000
15.088000
21.204000
9.140000
10.911000
16.530000
6.828000
15.195000
11.398000
10.583000
14.258000
12.316000
19.047000
6.701000
13.346000
5.066000
15.527000
18.180000
11.615000
12.799000
15.490000
19.054000
13.924000
13.292000
10.941000
22.987000
16.096000
16.141000
17.607000
20.180000
18.449000
10.407000
15.209000
12.115000
10.812000
14.299000
15.445000
11.214000
16.023000
14.770000
5.571000
9.435000
16.014000
20.327000
12.048000
7.833000
14.088000
15.492000
15.893000
17.565000
23.394000
13.289000
13.301000
11.918000
21.274000
14.361000
8.829000
4.751000
8.959000
21.801000
10.556000
9.536000
11.916000
9.875000
19.050000
13.836000
14.224000
8.485000
15.778000
15.857000
9.453000
12.712000
9.483000
7.957000
13.848000
10.809000
10.819000
8.772000
13.428000
19.026000
11.224000
8.256000
9.012000
20.816000
7.640000
15.867000
8.512000
16.934000
16.623000
13.145000
9.903000
10.678000
5.773000
5.536000
11.963000
11.969000
13.620000
9.200000
12.413000
13.199000
9.245000
17.231000
15.406000
14.512000
6.475000
12.397000
9.863000
15.066000
10.770000
13.023000
16.559000
9.888000
6.340000
12.219000
3.468000
7.594000
9.426000
11.545000
9.340000
11.985000
8.206000
5.273000
14.330000
4.821000
9.749000
9.207000
8.209000
10.901000
6.612000
11.237000
3.522000
14.781000
12.851000
8.930000
15.236000
10.449000
16.896000
10.806000
5.369000
6.845000
9.174000
9.185000
8.854000
4.412000
18.267000
6.574000
17.298000
12.112000
4.350000
7.927000
9.140000
15.228000
18.648000
13.168000
8.204000
11.052000
10.958000
14.476000
17.512000
16.736000
13.602000
12.444000
18.752000
4.104000
15.056000
17.449000
14.967000
14.457000
2.398000
10.190000
9.568000
17.036000
12.094000
13.044000
11.892000
3.184000
9.797000
10.548000
9.306000
2.979000
13.170000
12.050000
12.288000
12.164000
11.227000
6.414000
8.489000
8.136000
12.596000
11.298000
21.362000
10.477000
12.109000
12.827000
14.738000
13.630000
13.598000
10.990000
8.066000
10.784000
11.192000
7.819000
15.813000
11.978000
12.478000
6.346000
13.176000
8.099000
19.795000
9.733000
10.155000
12.390000
17.328000
13.950000
12.489000
5.222000
18.126000
16.550000
14.104000
11.807000
8.642000
4.662000
16.898000
6.470000
15.421000
15.919000
21.023000
2.874000
8.202000
13.037000
9.036000
10.324000
18.736000
6.009000
12.638000
11.185000
15.880000
4.537000
6.488000
20.551000
10.964000
4.564000
9.666000
6.972000
8.193000
10.682000
5.716000
14.734000
10.538000
4.907000
14.481000
7.963000
4.551000
3.614000
3.480000
9.845000
4.135000
6.509000
9.005000
5.475000
6.393000
0.000000
9.406000
13.451000
6.146000
9.178000
8.086000
8.425000
5.258000
19.971000
10.239000
9.065000
15.680000
3.562000
4.950000
10.841000
16.606000
13.549000
14.215000
16.166000
6.133000
10.403000
5.098000
10.705000
9.572000
1.005000
6.797000
6.246000
2.955000
9.178000
7.192000
17.771000
3.130000
13.360000
6.645000
13.707000
14.805000
3.470000
12.578000
11.740000
8.406000
17.616000
7.333000
9.295000
4.793000
8.406000
17.428000
16.205000
4.337000
16.014000
5.270000
10.314000
7.518000
13.217000
15.898000
7.124000
4.234000
11.731000
8.973000
7.935000
14.686000
8.068000
8.072000
5.496000
11.481000
6.993000
9.477000
6.337000
1.721000
10.769000
14.036000
5.314000
2.272000
18.073000
11.497000
9.670000
0.000000
8.037000
8.502000
11.860000
16.340000
5.478000
8.169000
4.959000
9.704000
11.952000
12.369000
19.126000
5.764000
4.190000
8.404000
6.853000
3.119000
8.267000
5.865000
8.654000
9.375000
11.651000
8.182000
11.931000
12.183000
7.024000
8.954000
6.713000
14.459000
5.138000
8.948000
11.045000
1.475000
14.765000
6.819000
11.697000
4.055000
4.655000
8.813000
6.012000
3.977000
9.644000
11.731000
6.715000
1.648000
8.802000
8.633000
7.530000
9.260000
14.480000
8.350000
3.994000
7.690000
11.170000
6.308000
7.520000
7.617000
6.233000
5.173000
4.452000
8.538000
5.194000
5.333000
7.956000
12.216000
9.940000
11.089000
11.402000
10.704000
12.834000
13.352000
12.426000
3.600000
9.843000
11.750000
10.172000
3.353000
11.391000
7.778000
11.301000
8.940000
6.680000
4.405000
5.716000
18.559000
16.051000
10.798000
9.266000
7.580000
8.318000
8.414000
0.000000
9.579000
14.982000
4.459000
13.526000
5.939000
9.530000
4.872000
12.686000
6.506000
13.491000
9.863000
0.000000
8.592000
11.327000
10.697000
0.000000
6.988000
6.499000
9.200000
5.464000
9.300000
10.332000
3.474000
7.888000
8.858000
11.520000
13.118000
2.596000
9.164000
15.584000
12.377000
7.056000
5.514000
7.870000
4.009000
7.419000
8.432000
18.562000
4.808000
4.200000
8.346000
7.809000
15.151000
0.849000
11.185000
6.119000
10.323000
2.308000
4.011000
15.138000
7.056000
3.493000
6.752000
6.949000
9.341000
8.608000
3.556000
5.237000
2.943000
1.395000
6.822000
5.228000
7.777000
0.000000
4.741000
8.331000
4.754000
6.696000
8.033000
2.407000
12.484000
3.193000
4.482000
8.514000
7.911000
2.230000
3.424000
9.088000
3.558000
7.247000
6.264000
15.067000
7.022000
10.658000
4.715000
7.178000
7.784000
1.119000
4.733000
7.733000
5.761000
6.284000
3.039000
3.000000
0.840000
5.626000
10.842000
5.392000
7.911000
10.400000
6.378000
21.522000
13.342000
1.994000
8.977000
15.041000
13.157000
5.784000
8.241000
3.650000
9.655000
12.212000
11.644000
3.514000
6.021000
8.162000
9.900000
1.794000
5.364000
8.965000
6.031000
8.048000
5.036000
4.545000
9.179000
0.000000
9.349000
4.827000
6.521000
5.499000
14.329000
1.323000
17.054000
7.094000
4.373000
7.621000
4.908000
9.267000
6.111000
2.397000
18.201000
9.040000
14.613000
2.329000
6.045000
10.789000
10.214000
5.371000
7.419000
5.753000
5.587000
0.184000
2.405000
5.705000
11.173000
9.321000
10.048000
9.580000
21.009000
3.704000
4.021000
6.014000
9.944000
12.726000
8.139000
3.932000
4.312000
7.507000
10.676000
14.650000
5.741000
11.897000
14.749000
10.562000
13.334000
13.036000
5.054000
7.358000
12.961000
27.189000
4.845000
3.864000
2.985000
10.089000
15.303000
6.939000
5.522000
5.489000
5.402000
10.696000
7.544000
5.458000
2.101000
5.748000
10.484000
11.404000
6.657000
12.765000
10.764000
4.042000
17.403000
8.836000
13.637000
7.587000
11.110000
8.567000
11.525000
10.487000
3.930000
16.148000
8.460000
12.110000
7.899000
12.142000
7.503000
7.510000
13.333000
7.571000
10.594000
11.940000
8.128000
5.979000
14.323000
5.050000
13.949000
2.502000
7.971000
15.756000
7.189000
8.834000
10.011000
14.905000
1.148000
6.161000
8.602000
13.353000
10.286000
11.830000
5.923000
7.388000
11.722000
8.123000
6.380000
9.039000
6.156000
4.969000
12.869000
9.483000
12.323000
10.589000
9.249000
16.780000
13.175000
3.577000
10.333000
8.877000
14.863000
11.570000
4.145000
10.245000
9.954000
10.634000
7.941000
5.497000
10.134000
10.897000
6.394000
7.404000
7.481000
8.460000
15.632000
11.454000
9.278000
15.359000
14.576000
6.054000
8.974000
16.657000
11.443000
10.293000
10.250000
10.211000
6.273000
7.097000
10.425000
10.861000
5.274000
12.332000
0.000000
9.413000
14.549000
9.512000
7.566000
9.905000
10.842000
2.760000
12.536000
11.493000
13.026000
7.266000
6.133000
15.460000
7.430000
5.802000
8.828000
6.557000
8.915000
9.959000
11.883000
1.899000
9.691000
10.830000
7.935000
5.627000
11.948000
10.898000
8.328000
11.547000
9.069000
8.385000
8.457000
14.741000
11.179000
8.283000
5.608000
10.760000
7.420000
15.376000
9.788000
9.429000
14.091000
10.410000
10.340000
3.920000
11.744000
11.809000
6.109000
7.278000
6.844000
18.875000
9.840000
4.410000
9.992000
6.649000
7.120000
8.118000
7.555000
8.281000
3.791000
14.844000
6.215000
9.965000
12.230000
8.499000
10.910000
3.131000
0.000000
9.332000
5.154000
3.821000
4.530000
12.046000
11.181000
8.002000
5.465000
11.293000
9.044000
4.113000
13.052000
8.091000
10.516000
7.362000
10.236000
6.661000
8.383000
8.506000
6.479000
7.845000
10.083000
13.080000
6.335000
11.380000
9.442000
11.379000
7.584000
10.164000
11.192000
15.644000
8.988000
13.542000
13.915000
9.171000
13.712000
6.580000
15.110000
10.852000
10.667000
9.830000
16.162000
7.046000
9.296000
5.502000
11.522000
18.027000
16.448000
10.079000
7.817000
3.357000
5.737000
8.446000
9.322000
11.890000
7.620000
11.981000
18.749000
13.032000
9.485000
12.495000
2.400000
3.023000
15.149000
10.254000
8.697000
7.245000
8.447000
2.627000
10.125000
10.664000
15.178000
7.001000
10.247000
5.447000
0.000000
8.664000
14.484000
6.133000
10.528000
3.235000
15.395000
11.786000
12.422000
8.784000
11.643000
10.374000
14.612000
7.616000
0.237000
8.707000
16.822000
11.725000
16.583000
11.329000
11.546000
10.503000
12.465000
11.532000
2.809000
10.679000
13.426000
5.729000
10.124000
8.562000
15.583000
8.490000
8.834000
11.951000
14.233000
15.624000
7.731000
8.374000
10.554000
8.277000
6.464000
17.141000
15.816000
6.219000
11.614000
11.375000
8.752000
10.981000
8.151000
6.084000
13.215000
12.482000
4.141000
14.143000
11.961000
2.621000
8.558000
4.978000
11.406000
11.373000
5.835000
6.744000
5.210000
16.119000
0.493000
7.418000
8.104000
9.153000
11.238000
12.812000
15.637000
8.713000
12.266000
8.019000
11.760000
13.133000
7.713000
7.809000
4.769000
11.010000
10.394000
12.107000
4.595000
8.800000
8.208000
10.015000
7.058000
12.314000
11.503000
6.232000
10.397000
11.677000
10.966000
14.381000
5.650000
7.217000
19.560000
10.416000
9.783000
1.220000
7.305000
9.680000
12.227000
13.453000
11.856000
7.435000
7.753000
12.030000
7.698000
4.726000
9.986000
7.985000
9.920000
8.680000
3.574000
4.797000
13.456000
12.720000
8.253000
11.576000
12.451000
8.809000
12.808000
13.631000
10.753000
18.526000
11.671000
11.348000
15.675000
9.501000
10.250000
15.670000
8.741000
11.791000
5.759000
9.078000
5.219000
8.686000
7.880000
6.557000
8.510000
10.623000
13.894000
12.771000
8.954000
15.085000
8.663000
10.312000
8.361000
16.917000
11.467000
8.177000
7.155000
3.236000
6.802000
13.299000
9.743000
4.905000
12.793000
13.709000
12.378000
6.626000
10.148000
9.198000
5.859000
9.851000
8.895000
9.998000
2.794000
9.152000
9.705000
7.240000
6.998000
9.852000
7.049000
10.950000
11.034000
17.810000
9.439000
10.855000
8.605000
9.280000
8.948000
5.065000
13.010000
6.520000
15.146000
6.199000
3.911000
13.737000
11.232000
4.506000
12.769000
7.940000
7.245000
7.151000
5.218000
18.043000
10.886000
11.055000
8.183000
10.774000
5.873000
2.547000
11.592000
4.788000
3.829000
16.079000
9.406000
19.224000
19.060000
17.046000
6.941000
9.699000
9.271000
5.415000
11.579000
9.496000
13.247000
13.159000
6.548000
18.234000
6.076000
4.853000
17.144000
12.255000
4.010000
10.600000
18.500000
11.743000
11.483000
5.356000
3.956000
13.844000
11.568000
10.380000
8.491000
3.811000
10.060000
7.980000
14.330000
7.020000
4.074000
5.092000
8.565000
18.725000
11.662000
7.571000
16.958000
5.069000
4.925000
10.792000
11.942000
10.392000
8.745000
3.527000
5.924000
16.519000
10.380000
3.647000
7.070000
8.407000
5.803000
6.931000
9.025000
9.876000
3.519000
15.826000
8.583000
7.679000
8.863000
5.442000
4.997000
11.563000
8.982000
15.222000
9.463000
6.683000
16.950000
14.606000
6.814000
11.986000
7.822000
7.225000
10.239000
6.958000
8.152000
6.967000
6.265000
7.364000
8.898000
12.166000
16.606000
13.452000
11.943000
12.784000
9.162000
12.310000
6.732000
14.042000
17.918000
8.532000
12.332000
13.951000
11.005000
11.980000
20.253000
3.020000
13.454000
13.044000
12.346000
4.340000
10.009000
10.413000
7.801000
13.199000
19.693000
8.176000
10.490000
19.675000
7.705000
11.034000
9.323000
18.503000
8.028000
15.791000
8.352000
15.926000
15.022000
17.424000
3.538000
21.381000
8.625000
7.837000
10.183000
5.586000
7.639000
10.563000
10.632000
6.143000
12.124000
11.551000
9.343000
9.394000
12.937000
8.021000
12.302000
5.503000
11.173000
21.182000
8.428000
8.098000
13.788000
10.949000
8.039000
12.181000
9.743000
10.280000
6.941000
3.810000
3.771000
13.718000
11.329000
7.009000
8.082000
12.344000
10.810000
13.864000
6.271000
7.165000
14.751000
14.545000
12.405000
8.339000
7.432000
5.783000
4.015000
17.558000
11.682000
9.570000
23.795000
11.177000
10.615000
9.203000
3.806000
11.512000
6.902000
5.478000
5.920000
8.685000
8.953000
1.828000
10.354000
9.483000
11.150000
13.710000
10.423000
10.692000
10.440000
8.332000
8.990000
9.239000
15.307000
12.216000
7.132000
14.378000
18.085000
15.442000
11.616000
17.307000
6.874000
7.995000
8.259000
12.470000
18.783000
11.678000
14.492000
9.421000
10.669000
10.416000
25.038000
10.027000
8.817000
15.004000
3.791000
8.643000
12.061000
10.534000
9.035000
12.752000
9.862000
9.369000
8.027000
8.719000
8.785000
18.865000
15.963000
4.353000
5.215000
7.601000
4.410000
7.901000
17.814000
4.198000
12.092000
12.599000
17.742000
15.944000
12.784000
11.890000
6.780000
9.454000
14.928000
15.136000
18.173000
20.374000
7.698000
12.502000
18.233000
15.782000
17.935000
1.794000
12.480000
9.499000
9.827000
10.157000
19.237000
11.356000
7.224000
9.923000
9.485000
8.348000
12.114000
11.753000
10.022000
11.286000
5.519000
5.222000
11.690000
10.616000
12.811000
10.727000
10.216000
10.878000
12.248000
13.379000
13.214000
1.671000
13.502000
9.749000
9.653000
11.836000
8.880000
8.145000
13.778000
9.924000
14.963000
14.030000
12.753000
7.208000
9.536000
4.619000
9.258000
11.040000
9.825000
7.365000
11.910000
7.644000
22.498000
7.205000
10.437000
9.145000
3.257000
7.674000
15.480000
9.717000
6.565000
12.524000
9.384000
20.896000
10.053000
10.726000
16.558000
8.217000
11.164000
18.463000
4.426000
14.344000
7.410000
15.124000
9.973000
9.853000
10.698000
17.097000
11.622000
9.885000
10.647000
7.822000
19.334000
9.090000
7.001000
13.918000
5.378000
10.552000
12.901000
11.134000
7.355000
13.709000
14.809000
9.755000
20.109000
12.794000
13.333000
13.949000
16.083000
7.332000
9.934000
15.288000
10.601000
8.666000
8.363000
14.123000
12.862000
19.489000
12.905000
6.798000
6.707000
8.766000
13.466000
9.846000
10.269000
11.295000
16.358000
11.774000
14.488000
8.635000
11.394000
9.141000
16.892000
13.376000
12.343000
11.413000
4.038000
7.662000
17.680000
10.759000
15.902000
13.488000
14.712000
16.864000
4.358000
14.815000
8.878000
6.951000
18.868000
9.325000
11.435000
3.958000
10.439000
17.602000
17.373000
7.363000
13.025000
15.503000
9.479000
9.966000
16.777000
14.429000
12.677000
10.768000
11.694000
8.021000
12.173000
15.735000
13.843000
10.985000
8.631000
5.905000
6.364000
10.739000
14.040000
6.227000
15.790000
6.657000
12.941000
8.039000
14.882000
16.086000
11.264000
7.981000
12.703000
12.786000
5.547000
11.020000
14.691000
7.695000
7.474000
11.654000
10.831000
13.178000
8.648000
9.966000
15.218000
17.623000
9.666000
11.140000
16.427000
13.047000
5.211000
5.749000
6.964000
7.793000
16.241000
4.685000
16.465000
14.038000
7.468000
16.883000
10.727000
15.208000
12.757000
14.152000
14.483000
21.268000
10.377000
11.788000
13.031000
11.633000
10.458000
11.629000
14.813000
13.472000
11.098000
14.103000
7.436000
9.687000
15.285000
18.538000
15.328000
12.265000
19.090000
9.178000
6.255000
9.025000
11.310000
12.251000
8.068000
5.964000
10.151000
11.576000
7.029000
10.449000
14.448000
1.756000
8.459000
7.522000
10.694000
12.192000
8.086000
6.959000
18.541000
9.327000
20.187000
9.715000
14.025000
9.306000
13.136000
13.348000
12.227000
9.473000
11.161000
11.574000
12.399000
13.016000
14.639000
12.516000
14.286000
16.550000
10.724000
11.221000
12.011000
7.167000
13.019000
16.111000
2.122000
10.985000
13.280000
7.858000
10.773000
8.613000
11.032000
11.725000
6.022000
9.006000
22.227000
8.451000
2.144000
7.699000
4.932000
10.154000
10.857000
7.190000
8.263000
12.911000
7.612000
18.154000
8.548000
8.002000
19.043000
6.879000
14.657000
7.658000
13.272000
5.481000
6.534000
6.435000
13.896000
10.383000
8.760000
10.624000
11.361000
17.005000
16.828000
15.948000
11.373000
7.198000
13.959000
5.803000
6.175000
5.055000
10.266000
9.357000
18.325000
8.027000
13.003000
7.942000
10.704000
11.918000
10.253000
14.486000
17.094000
7.135000
8.934000
10.161000
16.398000
13.810000
13.704000
10.044000
11.745000
14.488000
12.974000
14.808000
8.412000
10.743000
6.855000
12.649000
14.168000
12.919000
9.382000
21.157000
17.502000
9.228000
11.071000
5.842000
21.933000
15.605000
6.942000
15.106000
4.765000
18.021000
11.253000
6.015000
4.481000
16.361000
6.600000
5.733000
5.461000
11.648000
17.015000
6.626000
8.627000
4.434000
9.506000
10.888000
11.043000
23.032000
8.660000
10.052000
6.499000
14.234000
15.124000
4.794000
4.678000
9.041000
7.456000
4.908000
10.397000
8.362000
10.492000
8.965000
15.280000
7.282000
10.081000
10.703000
4.821000
6.056000
9.250000
9.039000
14.654000
6.890000
7.269000
8.854000
19.717000
8.285000
18.555000
9.655000
14.058000
7.384000
7.123000
8.377000
8.756000
5.949000
7.841000
3.790000
2.113000
4.926000
10.124000
16.878000
7.333000
16.527000
9.001000
11.414000
13.422000
12.868000
3.352000
15.490000
0.628000
13.501000
13.033000
5.328000
13.213000
7.030000
16.366000
8.947000
15.511000
15.350000
8.271000
19.483000
14.192000
9.433000
8.947000
8.838000
14.980000
11.580000
17.203000
7.429000
7.959000
22.732000
8.567000
17.336000
8.869000
4.197000
11.113000
7.574000
10.979000
6.307000
10.133000
6.176000
4.861000
12.040000
19.750000
10.667000
5.881000
17.437000
15.569000
16.501000
5.777000
6.359000
10.119000
5.217000
10.502000
15.690000
6.610000
15.822000
9.890000
6.553000
6.950000
7.521000
13.894000
11.821000
9.273000
5.698000
4.127000
19.021000
5.837000
11.991000
9.545000
9.264000
5.208000
7.077000
13.192000
7.853000
15.943000
13.445000
13.891000
12.922000
7.947000
4.740000
7.521000
7.455000
1.647000
13.728000
10.173000
3.906000
16.370000
13.417000
13.899000
11.623000
10.082000
6.260000
14.743000
5.068000
9.462000
14.005000
4.912000
6.196000
7.916000
7.213000
11.781000
11.386000
9.867000
8.070000
10.790000
5.497000
12.100000
12.517000
7.595000
21.524000
16.196000
10.553000
8.062000
10.810000
5.632000
11.839000
10.195000
7.860000
8.778000
11.237000
5.053000
12.698000
6.799000
6.668000
5.193000
8.374000
10.701000
9.054000
6.756000
5.729000
7.670000
25.198000
5.927000
10.516000
8.322000
6.882000
8.615000
4.379000
10.502000
3.829000
8.060000
12.624000
16.150000
8.324000
9.344000
9.974000
2.777000
13.110000
11.215000
7.327000
13.317000
10.226000
9.092000
8.800000
5.282000
16.728000
7.937000
13.932000
7.779000
8.302000
7.745000
5.204000
8.529000
2.989000
17.299000
7.449000
7.200000
6.756000
7.590000
6.726000
4.166000
14.791000
2.634000
15.036000
9.007000
8.413000
7.982000
15.845000
4.060000
8.065000
16.714000
8.934000
16.114000
4.718000
8.551000
11.626000
3.354000
8.419000
11.473000
6.449000
11.860000
12.926000
14.659000
6.016000
5.395000
7.723000
6.442000
12.688000
19.355000
6.956000
9.434000
7.069000
13.069000
15.532000
5.529000
11.683000
10.521000
7.703000
9.791000
17.636000
3.905000
6.815000
7.957000
8.899000
7.737000
12.032000
18.258000
12.782000
8.295000
13.983000
15.815000
13.568000
13.647000
6.419000
8.696000
10.571000
15.501000
7.960000
4.649000
11.624000
7.751000
11.159000
15.913000
15.216000
14.596000
8.026000
3.218000
8.077000
13.142000
15.345000
6.606000
8.336000
15.310000
8.445000
12.143000
10.856000
4.093000
7.771000
6.353000
11.844000
15.044000
9.995000
10.441000
10.096000
9.724000
8.146000
9.436000
8.328000
13.949000
3.562000
7.479000
18.535000
8.661000
10.919000
17.674000
9.122000
11.395000
5.952000
5.956000
12.011000
21.938000
5.401000
5.986000
12.214000
17.835000
11.109000
8.212000
9.718000
15.198000
11.854000
6.507000
8.714000
10.500000
8.836000
14.264000
2.787000
6.496000
9.697000
9.825000
8.306000
10.895000
7.619000
15.625000
7.534000
11.844000
8.563000
7.059000
5.040000
14.029000
18.663000
3.662000
9.417000
21.869000
5.532000
6.886000
12.754000
7.922000
5.647000
9.799000
4.596000
9.430000
7.572000
5.818000
2.719000
10.664000
7.262000
15.947000
8.341000
5.672000
11.708000
15.770000
16.690000
15.734000
15.868000
1.865000
6.034000
11.040000
5.419000
7.025000
10.358000
21.977000
6.518000
3.652000
7.036000
13.457000
8.438000
6.888000
8.653000
5.912000
3.500000
8.582000
6.955000
17.612000
5.673000
7.602000
9.931000
11.464000
8.392000
10.391000
15.861000
15.225000
7.233000
5.229000
15.370000
5.572000
9.230000
7.713000
18.083000
3.784000
9.876000
11.347000
18.288000
16.611000
0.000000
6.160000
9.587000
8.305000
7.077000
19.053000
9.934000
12.259000
8.834000
17.890000
7.691000
6.505000
8.684000
12.328000
13.203000
8.699000
11.886000
12.447000
12.434000
5.246000
5.811000
7.920000
9.809000
11.896000
10.453000
15.073000
5.668000
7.085000
11.520000
6.799000
12.526000
8.986000
18.254000
13.290000
11.972000
12.562000
6.043000
9.699000
15.645000
13.484000
16.037000
3.385000
17.087000
12.877000
9.963000
9.194000
11.203000
3.939000
14.276000
12.721000
18.303000
8.190000
16.811000
8.454000
17.088000
13.315000
8.627000
8.693000
9.976000
18.699000
13.759000
8.537000
9.953000
9.945000
7.290000
13.434000
9.478000
13.912000
13.868000
18.774000
18.109000
19.082000
13.662000
12.297000
16.490000
10.742000
8.310000
16.391000
17.212000
7.403000
7.753000
8.916000
15.513000
10.030000
7.789000
11.211000
7.944000
22.682000
11.208000
15.456000
20.948000
10.591000
11.261000
14.351000
9.762000
16.035000
12.480000
9.597000
13.341000
19.460000
11.178000
12.410000
14.933000
12.306000
3.802000
11.116000
8.943000
13.783000
19.461000
22.843000
9.549000
12.707000
15.146000
7.455000
9.136000
8.982000
15.091000
14.025000
10.393000
9.524000
6.348000
5.086000
3.769000
9.381000
7.452000
4.663000
20.381000
19.837000
7.525000
11.092000
9.689000
19.454000
15.160000
5.686000
19.478000
4.110000
10.664000
7.857000
15.785000
23.052000
13.922000
9.196000
8.470000
11.587000
13.769000
10.188000
13.314000
6.072000
10.839000
17.187000
20.107000
20.619000
14.287000
12.281000
13.045000
10.306000
24.081000
10.302000
17.165000
14.035000
11.945000
8.199000
10.613000
24.747000
7.521000
17.794000
11.779000
13.995000
18.314000
8.172000
6.647000
19.210000
18.403000
14.941000
23.642000
8.163000
11.154000
9.845000
20.007000
15.921000
10.606000
7.429000
1.016000
15.130000
6.243000
17.090000
16.551000
16.948000
13.083000
5.604000
9.829000
16.372000
8.297000
19.622000
6.401000
7.951000
18.230000
19.607000
6.181000
10.967000
15.733000
13.180000
15.867000
8.770000
13.762000
7.685000
12.541000
17.582000
7.825000
12.409000
15.329000
20.475000
13.699000
14.522000
14.500000
17.397000
11.741000
12.399000
10.740000
13.609000
6.670000
15.041000
11.335000
19.401000
10.785000
11.198000
9.324000
21.476000
20.834000
15.341000
9.890000
14.931000
13.604000
9.440000
18.549000
18.288000
9.922000
9.913000
18.106000
11.425000
9.893000
14.287000
14.191000
22.753000
8.868000
19.015000
3.691000
23.270000
16.617000
2.835000
15.459000
15.266000
8.296000
10.546000
8.195000
8.810000
9.623000
11.344000
14.554000
9.462000
6.570000
17.430000
7.232000
16.042000
12.485000
19.845000
11.393000
21.841000
7.197000
22.115000
9.026000
11.661000
15.604000
12.135000
15.203000
10.309000
11.401000
10.484000
15.856000
18.182000
21.797000
17.555000
15.936000
13.335000
14.700000
5.756000
15.426000
6.691000
12.217000
9.057000
17.545000
7.900000
14.489000
8.139000
7.287000
15.658000
9.618000
15.187000
16.457000
13.737000
18.269000
13.506000
10.850000
12.057000
8.823000
8.845000
14.541000
11.085000
12.291000
4.968000
14.795000
10.374000
6.776000
10.248000
19.629000
15.912000
11.688000
17.826000
11.212000
10.584000
19.395000
9.053000
10.127000
20.283000
17.839000
13.963000
6.925000
8.147000
11.131000
14.804000
12.806000
12.698000
13.238000
12.968000
10.790000
10.378000
20.405000
12.253000
20.634000
14.426000
4.793000
11.029000
13.156000
8.793000
7.823000
6.771000
15.761000
10.712000
13.902000
9.180000
14.671000
15.093000
14.226000
9.157000
9.014000
14.220000
10.516000
16.665000
5.891000
13.105000
8.960000
21.938000
13.207000
16.226000
13.990000
9.502000
13.847000
11.890000
6.826000
10.550000
11.037000
10.215000
13.573000
23.362000
20.470000
13.656000
11.948000
12.891000
9.409000
8.181000
10.029000
12.000000
9.786000
12.687000
15.977000
13.548000
19.060000
9.788000
9.328000
8.752000
18.945000
17.938000
11.736000
17.049000
21.163000
13.296000
11.006000
13.399000
11.339000
12.024000
22.346000
11.931000
13.318000
10.225000
13.382000
6.234000
11.182000
6.437000
9.730000
3.828000
17.650000
9.870000
10.144000
13.282000
12.782000
14.384000
14.755000
18.112000
0.043000
15.101000
11.211000
13.060000
6.142000
13.874000
12.424000
15.017000
19.341000
17.564000
20.476000
9.281000
10.108000
6.691000
14.046000
13.114000
16.651000
12.396000
20.836000
12.870000
12.358000
12.265000
7.800000
19.680000
15.037000
16.890000
17.155000
14.727000
15.960000
21.402000
14.930000
7.286000
18.925000
18.716000
9.351000
11.093000
6.468000
19.458000
11.308000
23.681000
16.433000
9.067000
7.097000
12.868000
5.734000
11.144000
11.904000
19.781000
11.821000
15.499000
13.883000
15.863000
9.611000
15.915000
12.398000
17.214000
11.186000
16.626000
18.505000
10.877000
8.040000
14.343000
13.176000
13.086000
12.982000
12.731000
10.486000
12.569000
4.038000
3.307000
14.264000
18.845000
15.115000
8.461000
16.137000
22.796000
10.763000
11.319000
12.264000
14.313000
15.880000
8.117000
12.392000
11.060000
16.915000
14.772000
11.195000
9.636000
9.098000
9.513000
16.283000
8.945000
15.092000
14.347000
19.130000
16.445000
11.541000
9.821000
13.615000
15.957000
19.734000
12.835000
14.953000
11.700000
12.748000
12.838000
6.012000
13.887000
16.272000
10.549000
13.190000
12.049000
16.760000
24.634000
14.028000
17.434000
8.322000
23.971000
16.297000
13.602000
11.771000
19.238000
10.574000
10.714000
12.777000
16.009000
12.989000
12.885000
20.527000
17.561000
18.964000
14.330000
15.614000
9.890000
6.516000
12.460000
7.949000
20.188000
12.962000
8.838000
11.103000
7.027000
13.602000
12.136000
13.224000
19.309000
11.318000
6.140000
12.216000
15.754000
14.021000
14.591000
7.100000
11.771000
11.573000
16.621000
12.784000
10.091000
12.155000
13.746000
14.606000
14.588000
11.623000
10.432000
8.980000
15.579000
25.605000
13.085000
13.469000
7.234000
15.396000
12.940000
14.387000
15.791000
20.322000
15.829000
12.000000
11.525000
14.431000
12.781000
12.063000
13.858000
9.079000
17.328000
13.681000
10.232000
9.069000
10.401000
12.316000
11.958000
12.308000
14.956000
15.086000
17.277000
17.009000
14.668000
9.647000
9.451000
17.116000
9.856000
11.989000
12.084000
10.414000
9.132000
10.419000
13.057000
19.555000
10.616000
11.899000
13.198000
13.677000
18.415000
15.170000
20.298000
10.357000
11.870000
22.308000
5.628000
12.197000
9.523000
10.211000
14.015000
11.723000
16.381000
18.749000
20.157000
14.463000
17.817000
10.655000
12.959000
11.174000
11.749000
13.387000
12.272000
16.492000
5.859000
18.314000
11.034000
16.981000
21.326000
11.393000
12.887000
8.297000
9.466000
11.064000
8.075000
14.641000
16.351000
12.138000
13.303000
14.572000
13.585000
12.571000
10.788000
5.880000
10.939000
14.392000
10.670000
14.736000
18.329000
13.353000
10.989000
11.964000
16.280000
11.145000
20.088000
17.634000
10.603000
12.794000
12.987000
13.620000
16.566000
10.181000
12.184000
17.529000
11.843000
19.047000
10.754000
0.993000
14.755000
11.396000
9.041000
14.427000
3.286000
7.681000
12.489000
13.371000
14.900000
22.279000
17.740000
6.402000
11.649000
19.149000
16.713000
17.126000
12.036000
20.704000
18.008000
14.231000
15.047000
9.924000
12.870000
14.124000
14.558000
9.992000
7.435000
10.839000
7.404000
12.034000
10.873000
12.177000
13.005000
13.776000
5.484000
16.759000
9.606000
5.602000
9.415000
12.440000
0.448000
9.246000
11.688000
6.617000
7.744000
14.958000
11.414000
14.584000
12.233000
5.052000
13.716000
10.395000
14.180000
13.270000
13.718000
14.036000
15.035000
16.784000
8.405000
22.500000
8.001000
11.483000
13.287000
7.518000
12.700000
13.494000
15.810000
9.604000
3.683000
13.297000
15.953000
14.385000
5.971000
1.947000
5.106000
16.696000
6.127000
10.170000
7.850000
8.959000
0.668000
14.542000
15.141000
9.423000
20.903000
8.493000
13.197000
12.079000
12.752000
3.885000
11.601000
10.779000
9.462000
8.947000
8.592000
11.665000
13.665000
11.076000
15.631000
14.683000
17.191000
15.288000
12.644000
10.462000
14.941000
14.699000
14.236000
8.496000
7.208000
5.267000
10.146000
2.278000
9.456000
12.223000
13.304000
14.430000
8.560000
0.000000
12.321000
15.126000
15.194000
5.228000
9.980000
14.148000
8.959000
8.512000
5.216000
12.736000
8.993000
3.689000
13.000000
0.718000
12.969000
13.622000
12.335000
13.003000
14.499000
16.521000
13.384000
8.015000
6.375000
12.250000
13.537000
0.000000
10.460000
4.834000
11.357000
12.579000
1.493000
18.273000
12.810000
15.991000
3.313000
11.479000
10.283000
15.134000
10.813000
16.609000
22.552000
14.607000
15.335000
12.429000
14.612000
9.030000
13.567000
3.347000
20.436000
11.386000
9.708000
1.939000
15.577000
2.232000
10.583000
2.829000
3.353000
9.128000
10.392000
7.650000
13.933000
4.846000
0.000000
2.797000
8.290000
1.609000
7.223000
12.362000
3.985000
2.424000
3.336000
4.098000
1.556000
10.498000
7.408000
5.793000
0.000000
10.310000
11.939000
2.511000
4.589000
13.670000
8.546000
10.808000
4.827000
8.344000
13.964000
0.000000
5.393000
4.336000
9.795000
17.991000
9.207000
8.276000
8.401000
7.146000
1.897000
5.355000
11.222000
3.667000
5.964000
0.947000
4.736000
14.052000
10.601000
1.338000
9.619000
7.674000
14.330000
11.778000
16.285000
2.578000
8.356000
14.090000
6.797000
3.863000
9.345000
0.000000
2.101000
0.000000
6.006000
5.791000
1.812000
0.551000
8.354000
20.291000
0.000000
5.596000
9.607000
0.982000
1.216000
14.790000
12.410000
15.191000
9.584000
3.926000
13.487000
0.000000
8.492000
1.755000
12.691000
11.338000
6.047000
0.805000
17.144000
19.495000
13.724000
8.861000
0.000000
4.875000
8.816000
8.205000
9.781000
16.049000
4.923000
13.970000
5.014000
16.232000
13.272000
14.548000
4.356000
10.511000
3.313000
11.405000
5.163000
17.455000
17.775000
2.841000
5.470000
11.831000
4.490000
10.078000
11.684000
9.427000
6.997000
6.178000
5.363000
20.002000
21.757000
16.809000
4.997000
17.258000
0.000000
10.605000
7.710000
10.083000
15.115000
12.207000
7.046000
12.142000
15.154000
2.229000
0.474000
12.405000
0.000000
12.855000
13.474000
13.148000
6.402000
19.086000
16.805000
10.788000
12.112000
20.002000
16.574000
10.333000
5.095000
10.147000
15.146000
6.358000
8.225000
7.488000
12.828000
19.674000
12.522000
12.584000
10.713000
9.178000
4.376000
22.221000
13.492000
1.103000
8.708000
4.742000
14.165000
10.689000
11.240000
13.668000
0.913000
3.872000
10.301000
7.374000
0.000000
14.176000
6.188000
1.429000
7.175000
11.343000
9.907000
3.846000
9.023000
11.102000
17.084000
10.920000
10.630000
7.590000
15.860000
16.132000
8.963000
11.716000
25.961000
14.852000
6.047000
7.101000
15.606000
11.010000
9.065000
5.522000
11.119000
12.470000
0.955000
9.233000
9.167000
11.952000
14.875000
4.295000
13.305000
7.234000
11.386000
13.167000
10.038000
3.259000
14.808000
18.657000
15.168000
8.004000
5.842000
10.656000
8.421000
22.413000
17.229000
12.025000
7.452000
8.651000
6.432000
14.607000
8.509000
8.700000
5.089000
6.742000
17.614000
10.421000
12.813000
0.000000
16.858000
7.333000
13.342000
10.211000
11.097000
8.853000
11.775000
15.919000
14.329000
8.982000
12.446000
10.304000
17.547000
16.092000
21.064000
11.103000
10.588000
14.066000
15.259000
7.113000
10.455000
7.756000
15.536000
13.468000
9.054000
6.307000
11.891000
9.538000
10.400000
8.704000
9.728000
2.332000
15.939000
16.876000
10.232000
9.544000
6.416000
17.759000
15.298000
10.868000
14.435000
6.361000
9.576000
10.713000
12.375000
14.601000
22.504000
11.087000
14.488000
13.000000
15.018000
9.020000
10.728000
7.208000
12.228000
8.367000
14.652000
18.633000
13.399000
6.817000
12.819000
15.478000
13.092000
11.325000
7.496000
1.454000
1.590000
12.936000
19.910000
17.395000
4.896000
11.979000
12.796000
10.101000
13.527000
17.447000
7.169000
13.949000
6.518000
11.349000
15.931000
20.037000
10.902000
14.916000
13.749000
16.586000
10.603000
8.729000
10.111000
11.777000
10.427000
12.206000
14.241000
5.419000
17.582000
6.968000
10.412000
7.764000
14.962000
10.856000
14.850000
11.513000
11.776000
12.888000
9.712000
9.816000
12.977000
15.422000
16.725000
7.292000
19.180000
0.000000
5.359000
6.914000
21.241000
13.387000
10.015000
17.165000
7.316000
12.048000
14.754000
16.266000
8.420000
8.584000
12.332000
12.442000
13.260000
16.522000
12.348000
10.683000
14.077000
15.653000
14.612000
9.947000
9.194000
5.841000
6.433000
0.000000
9.549000
16.013000
12.769000
19.877000
11.945000
3.597000
14.545000
11.561000
11.778000
13.865000
8.832000
12.073000
12.986000
13.004000
9.803000
6.339000
15.131000
20.098000
12.913000
15.837000
13.578000
7.628000
21.406000
16.500000
5.494000
7.503000
7.468000
13.132000
7.480000
15.406000
17.663000
7.288000
10.311000
17.765000
9.250000
14.313000
9.228000
13.981000
14.025000
7.614000
15.756000
7.370000
8.218000
14.939000
9.047000
3.257000
6.879000
5.576000
7.442000
11.547000
17.028000
9.739000
10.616000
15.411000
13.729000
9.458000
9.427000
13.149000
8.432000
12.509000
14.778000
2.796000
4.909000
15.763000
6.130000
12.150000
10.191000
3.023000
22.061000
11.903000
8.505000
16.282000
14.496000
12.233000
14.632000
15.182000
7.678000
5.896000
11.999000
12.961000
14.782000
10.165000
11.819000
12.030000
11.645000
13.753000
13.713000
4.327000
6.311000
4.633000
9.355000
15.982000
9.763000
3.818000
8.874000
8.316000
15.755000
9.717000
11.070000
16.425000
10.637000
9.483000
7.291000
13.766000
9.984000
11.947000
12.484000
24.091000
8.984000
12.176000
15.433000
8.101000
5.754000
13.581000
15.911000
14.445000
15.488000
14.730000
11.043000
10.133000
7.750000
6.584000
8.355000
8.793000
12.494000
9.897000
9.087000
10.908000
9.871000
16.186000
8.935000
11.237000
9.735000
16.093000
15.397000
5.747000
8.140000
12.924000
7.106000
5.363000
10.868000
5.591000
19.956000
12.907000
10.907000
16.693000
0.000000
11.775000
13.160000
6.328000
13.485000
11.378000
11.021000
6.387000
5.918000
13.317000
1.821000
9.464000
20.614000
10.101000
9.074000
16.943000
8.248000
7.067000
12.188000
12.904000
7.265000
15.287000
13.873000
11.096000
4.286000
8.069000
17.259000
14.674000
12.705000
7.787000
10.314000
11.756000
13.152000
17.443000
8.509000
19.696000
8.493000
10.865000
12.485000
18.356000
17.399000
16.438000
14.439000
11.481000
7.691000
12.472000
6.663000
14.060000
12.100000
2.632000
10.173000
5.920000
6.061000
15.485000
14.723000
14.241000
10.236000
9.952000
7.396000
18.442000
11.021000
17.505000
4.093000
1.651000
13.548000
19.961000
14.552000
16.505000
16.831000
6.515000
6.882000
18.023000
13.692000
9.377000
12.935000
9.590000
10.808000
12.594000
8.786000
5.611000
14.304000
11.204000
6.727000
14.014000
16.075000
13.377000
14.585000
8.858000
19.782000
13.132000
4.481000
14.799000
12.004000
16.060000
8.397000
12.622000
7.172000
14.116000
10.174000
5.054000
10.866000
14.265000
19.151000
13.286000
14.368000
17.937000
12.381000
7.275000
11.905000
14.241000
8.125000
7.728000
13.258000
16.191000
12.876000
19.667000
17.266000
10.415000
16.783000
11.731000
6.637000
15.094000
5.210000
6.358000
20.842000
10.941000
15.620000
16.262000
15.357000
18.023000
24.820000
11.798000
12.052000
9.938000
25.800000
10.451000
11.017000
13.754000
14.262000
12.406000
15.095000
14.739000
19.001000
10.330000
18.986000
10.189000
13.957000
8.582000
13.169000
14.772000
17.707000
9.707000
14.803000
13.311000
12.907000
11.829000
14.969000
17.535000
1.911000
6.294000
16.279000
1.369000
14.040000
12.678000
14.517000
6.051000
11.965000
19.788000
11.462000
17.045000
12.697000
8.331000
11.569000
14.267000
3.486000
9.388000
15.690000
9.753000
12.769000
15.132000
6.109000
15.869000
8.941000
8.868000
1.967000
3.683000
2.390000
6.155000
10.941000
3.153000
15.433000
11.724000
16.155000
5.682000
11.150000
6.879000
14.312000
16.582000
11.737000
1.449000
5.715000
13.064000
12.622000
4.296000
13.353000
20.635000
6.769000
14.414000
2.363000
1.515000
18.026000
19.934000
19.804000
19.364000
10.208000
11.192000
9.067000
8.352000
16.983000
1.179000
3.794000
11.451000
11.322000
14.927000
11.329000
16.212000
12.177000
2.593000
5.578000
6.154000
11.705000
7.247000
4.399000
17.022000
19.156000
15.296000
16.138000
16.173000
14.516000
9.497000
15.914000
14.552000
19.761000
9.131000
7.971000
8.092000
1.610000
16.635000
8.606000
2.447000
9.928000
9.108000
14.383000
3.079000
10.014000
11.560000
16.853000
4.807000
12.299000
3.414000
7.248000
12.163000
5.810000
9.512000
12.054000
0.895000
12.658000
15.807000
7.798000
2.729000
9.168000
9.741000
15.292000
0.743000
9.242000
0.000000
11.845000
6.640000
11.866000
17.749000
13.097000
3.983000
15.925000
0.548000
0.692000
7.228000
12.722000
15.267000
14.589000
7.513000
19.414000
5.925000
15.016000
4.172000
1.934000
14.063000
6.134000
6.514000
17.433000
14.793000
22.137000
13.351000
10.653000
5.055000
7.102000
17.751000
2.713000
9.429000
3.847000
12.935000
17.420000
11.929000
12.232000
0.000000
6.822000
0.000000
14.153000
11.555000
16.238000
16.948000
0.140000
15.901000
4.232000
14.179000
12.003000
15.384000
16.500000
9.594000
8.123000
15.310000
6.200000
15.685000
21.306000
6.839000
24.727000
5.891000
10.487000
17.469000
15.006000
5.808000
22.240000
20.821000
0.000000
0.602000
20.513000
9.967000
12.041000
11.629000
5.180000
22.330000
9.164000
14.681000
10.887000
13.479000
7.752000
14.948000
15.296000
17.504000
15.675000
20.582000
17.898000
16.176000
6.674000
5.801000
8.025000
13.056000
15.836000
12.518000
18.936000
16.479000
14.466000
9.277000
12.214000
16.191000
11.090000
17.398000
12.637000
18.269000
6.342000
15.128000
12.411000
19.649000
15.227000
18.687000
5.521000
15.783000
1.038000
1.797000
17.862000
20.244000
15.945000
9.255000
12.592000
16.267000
10.158000
0.000000
5.596000
19.919000
20.107000
15.449000
14.076000
5.941000
7.568000
8.097000
8.031000
17.738000
8.943000
5.875000
17.956000
4.547000
9.754000
13.244000
13.461000
15.785000
20.144000
18.296000
12.007000
13.223000
12.591000
14.058000
10.713000
23.403000
10.031000
6.030000
3.652000
12.836000
15.429000
8.362000
13.958000
14.721000
5.148000
10.982000
16.348000
15.841000
3.437000
4.588000
10.667000
16.689000
10.401000
3.791000
13.689000
15.948000
10.751000
12.200000
16.883000
3.497000
17.554000
11.969000
12.377000
12.448000
13.854000
10.353000
12.943000
13.698000
21.315000
21.818000
16.289000
10.254000
15.549000
4.534000
17.045000
7.237000
14.973000
20.634000
15.701000
4.249000
8.547000
7.898000
3.320000
15.907000
14.925000
16.689000
22.649000
10.974000
12.080000
13.490000
7.583000
14.132000
13.805000
18.669000
15.689000
3.002000
17.938000
15.781000
0.000000
17.426000
17.213000
11.515000
10.354000
10.509000
19.163000
14.858000
14.845000
4.340000
12.235000
15.993000
15.110000
10.689000
10.727000
15.276000
15.138000
14.122000
8.887000
17.995000
16.193000
13.320000
19.882000
5.511000
16.383000
5.532000
17.456000
4.455000
7.570000
16.964000
5.806000
10.090000
10.905000
18.373000
14.982000
14.974000
16.383000
6.854000
17.337000
20.548000
12.048000
17.105000
6.671000
10.176000
17.096000
12.115000
6.578000
7.872000
13.019000
12.705000
20.124000
11.990000
12.926000
12.558000
21.765000
10.115000
16.515000
14.883000
20.765000
13.733000
9.690000
0.000000
14.390000
13.058000
16.732000
10.781000
11.629000
13.932000
12.536000
19.645000
15.728000
16.520000
12.462000
18.496000
18.165000
11.773000
14.978000
19.637000
12.409000
15.583000
16.916000
9.698000
13.275000
15.220000
12.262000
10.010000
12.703000
4.203000
11.708000
12.308000
14.471000
7.840000
11.142000
10.669000
9.521000
12.678000
13.918000
9.921000
15.131000
11.709000
15.589000
11.160000
14.064000
11.875000
7.751000
19.991000
16.194000
17.190000
14.736000
9.586000
10.752000
17.003000
10.152000
3.241000
15.138000
15.682000
19.612000
13.866000
13.358000
12.139000
10.358000
13.899000
13.353000
16.277000
20.715000
8.119000
4.932000
12.624000
12.394000
16.120000
18.386000
8.776000
10.981000
5.779000
18.295000
18.708000
15.226000
24.233000
13.615000
19.768000
6.188000
16.383000
16.641000
15.223000
8.163000
17.232000
13.595000
6.601000
12.065000
19.500000
10.397000
9.582000
15.910000
6.434000
6.177000
13.043000
23.281000
9.387000
8.032000
16.941000
14.997000
26.123000
14.002000
5.437000
15.069000
15.826000
5.493000
18.680000
13.465000
9.493000
4.199000
9.039000
17.211000
14.302000
6.690000
11.787000
13.465000
8.823000
10.177000
12.240000
9.828000
6.191000
11.563000
7.520000
8.125000
4.734000
12.444000
7.458000
8.798000
3.100000
3.429000
18.192000
5.546000
1.704000
15.366000
9.137000
4.654000
11.420000
4.729000
6.932000
6.188000
17.738000
5.095000
6.461000
11.723000
4.410000
4.364000
14.307000
11.406000
5.664000
6.058000
7.822000
9.314000
8.372000
17.564000
7.425000
6.780000
5.902000
17.608000
19.236000
6.862000
12.879000
3.750000
7.985000
17.624000
8.825000
13.508000
8.081000
12.903000
18.189000
7.415000
15.456000
5.040000
13.240000
13.311000
8.854000
5.680000
9.865000
8.961000
5.763000
21.122000
17.685000
6.102000
23.598000
16.547000
14.745000
10.091000
17.669000
9.064000
11.977000
4.105000
15.503000
8.823000
16.122000
10.065000
21.247000
14.635000
17.419000
16.732000
3.841000
15.994000
5.138000
20.882000
14.811000
1.982000
17.546000
14.290000
15.289000
4.361000
17.844000
19.769000
14.400000
12.038000
10.554000
2.505000
12.354000
15.057000
10.068000
13.754000
14.722000
0.703000
13.290000
3.509000
14.759000
14.002000
10.523000
20.806000
11.239000
10.012000
3.266000
7.472000
16.315000
4.082000
19.081000
11.857000
13.723000
7.825000
9.322000
12.918000
16.172000
8.783000
11.839000
17.592000
15.145000
19.557000
13.654000
15.597000
18.077000
6.355000
17.907000
17.108000
13.834000
7.568000
4.433000
16.829000
15.076000
18.281000
17.664000
8.682000
14.105000
16.105000
20.291000
15.473000
14.936000
10.956000
9.959000
15.599000
7.798000
13.597000
14.990000
4.279000
17.021000
14.543000
13.317000
12.364000
13.731000
6.477000
9.917000
12.123000
7.018000
17.844000
8.113000
7.831000
16.895000
15.843000
15.747000
3.718000
18.316000
12.371000
14.105000
9.050000
7.723000
10.140000
13.164000
7.401000
7.109000
16.079000
19.375000
17.009000
16.008000
20.794000
18.046000
11.706000
7.249000
16.498000
10.711000
14.095000
12.138000
16.912000
10.202000
20.329000
14.317000
17.561000
11.925000
15.322000
12.391000
10.919000
6.193000
12.320000
17.937000
12.417000
18.028000
6.753000
15.252000
8.963000
8.965000
16.415000
9.919000
7.490000
12.339000
15.395000
10.607000
14.682000
12.464000
18.180000
8.132000
11.472000
19.550000
14.522000
15.455000
4.585000
15.107000
9.607000
15.022000
15.126000
16.985000
12.098000
14.864000
17.151000
10.793000
16.974000
12.946000
9.727000
17.399000
16.186000
15.152000
10.881000
9.626000
12.285000
18.473000
8.032000
16.243000
18.836000
14.836000
8.901000
16.321000
11.680000
10.517000
10.267000
15.092000
11.126000
16.500000
10.756000
15.625000
14.337000
10.400000
12.205000
13.124000
7.580000
19.078000
17.064000
15.729000
19.102000
16.900000
12.599000
9.067000
8.271000
13.762000
11.299000
8.987000
14.626000
10.533000
28.270000
12.294000
8.789000
9.493000
8.107000
13.973000
4.930000
11.703000
7.954000
16.848000
15.335000
12.527000
17.938000
16.038000
8.573000
16.515000
14.670000
15.468000
14.651000
18.538000
13.442000
15.801000
15.099000
10.448000
10.229000
16.138000
7.383000
15.779000
11.416000
18.584000
14.312000
10.879000
11.781000
10.484000
8.253000
10.825000
15.911000
19.031000
10.736000
10.428000
11.704000
15.785000
11.541000
15.644000
19.420000
12.157000
12.112000
8.571000
17.745000
12.837000
17.856000
15.575000
6.683000
15.983000
11.127000
5.984000
11.915000
14.175000
11.886000
10.188000
14.424000
6.571000
7.352000
13.555000
9.116000
9.578000
12.754000
12.782000
8.815000
13.434000
13.721000
9.052000
10.295000
8.600000
15.183000
14.936000
17.142000
6.337000
8.249000
13.628000
9.152000
4.627000
16.138000
10.385000
12.514000
19.089000
11.539000
10.453000
14.270000
11.625000
11.569000
12.611000
11.401000
15.149000
19.755000
13.144000
11.376000
12.413000
12.707000
14.170000
12.541000
17.970000
6.746000
9.808000
10.204000
11.763000
13.072000
13.899000
10.056000
13.883000
12.596000
15.961000
13.639000
13.215000
14.346000
10.867000
20.033000
14.625000
13.929000
12.377000
10.413000
13.948000
16.182000
15.826000
11.010000
15.915000
18.457000
16.375000
16.747000
11.232000
19.071000
13.264000
6.954000
5.584000
17.281000
14.272000
21.386000
16.014000
11.477000
16.277000
8.645000
11.865000
13.056000
8.214000
11.103000
8.621000
5.844000
16.073000
15.300000
10.270000
15.622000
7.453000
10.702000
19.134000
15.102000
11.232000
23.531000
11.535000
13.143000
12.301000
14.586000
15.885000
16.889000
8.601000
10.168000
7.103000
6.092000
5.540000
14.889000
12.706000
19.568000
12.013000
15.763000
11.930000
16.841000
14.242000
7.119000
11.658000
9.909000
19.318000
11.852000
14.318000
7.738000
12.906000
18.857000
16.197000
10.536000
12.949000
9.414000
11.985000
14.932000
14.271000
8.783000
10.094000
12.318000
10.569000
14.578000
14.835000
10.778000
14.096000
15.973000
13.050000
7.830000
12.000000
17.256000
17.606000
10.825000
13.835000
21.549000
4.928000
14.553000
11.617000
10.746000
15.365000
7.804000
6.595000
9.423000
15.270000
16.348000
15.812000
12.814000
11.540000
6.024000
19.426000
14.524000
18.743000
7.024000
16.211000
8.624000
10.696000
18.431000
13.372000
7.191000
15.220000
13.035000
14.268000
17.770000
11.976000
8.051000
5.221000
11.871000
12.192000
3.870000
15.634000
13.035000
9.351000
3.676000
14.740000
11.617000
18.982000
16.696000
8.243000
8.272000
13.576000
13.689000
12.025000
11.981000
15.970000
9.205000
16.399000
19.895000
11.368000
7.853000
17.947000
8.365000
11.448000
6.477000
12.053000
14.300000
13.971000
17.294000
7.888000
12.116000
15.528000
14.753000
15.965000
11.497000
15.120000
11.188000
14.384000
13.102000
13.232000
14.477000
8.626000
20.663000
7.937000
12.900000
15.525000
11.497000
16.286000
16.590000
7.642000
12.151000
17.367000
17.199000
9.037000
8.917000
16.355000
8.790000
13.999000
20.736000
8.624000
18.527000
14.365000
8.832000
10.400000
14.460000
15.019000
13.593000
10.804000
7.961000
12.164000
9.781000
14.659000
8.812000
15.967000
12.832000
13.355000
11.702000
14.367000
12.551000
7.205000
12.683000
17.927000
14.469000
13.623000
20.765000
21.282000
7.010000
11.164000
13.616000
17.053000
14.900000
19.132000
16.056000
11.489000
6.669000
10.273000
13.443000
11.627000
16.025000
4.193000
14.860000
13.329000
16.777000
11.302000
15.038000
0.282000
21.628000
16.624000
9.783000
10.497000
6.070000
11.693000
11.117000
11.158000
7.262000
8.973000
13.073000
16.238000
10.960000
4.978000
11.713000
11.398000
14.626000
8.527000
14.623000
14.246000
11.519000
9.890000
6.809000
10.404000
8.071000
14.275000
12.324000
13.677000
11.884000
11.810000
14.146000
10.277000
15.370000
15.078000
10.165000
13.297000
12.207000
13.643000
15.831000
17.717000
14.839000
15.210000
17.261000
16.696000
16.534000
5.395000
10.882000
9.452000
8.595000
13.306000
16.188000
9.971000
15.425000
9.692000
6.033000
10.902000
8.140000
8.360000
13.774000
11.577000
11.903000
21.082000
14.592000
14.221000
15.704000
14.959000
22.377000
16.425000
13.209000
8.682000
14.157000
20.072000
11.305000
11.244000
13.920000
16.820000
15.191000
14.842000
15.181000
19.773000
16.416000
5.878000
8.915000
20.538000
14.560000
8.041000
11.419000
11.801000
13.598000
22.482000
7.861000
11.820000
11.651000
7.912000
13.660000
15.278000
9.310000
7.792000
18.047000
10.023000
6.400000
13.373000
9.505000
11.654000
8.592000
13.434000
9.328000
12.744000
14.673000
7.632000
0.000000
12.502000
7.927000
8.321000
13.244000
8.783000
15.223000
13.227000
13.381000
18.347000
4.641000
9.177000
0.223000
5.360000
9.014000
21.038000
7.239000
19.934000
14.162000
12.246000
19.390000
10.573000
9.913000
11.184000
1.611000
8.284000
8.033000
21.079000
6.137000
11.982000
7.759000
11.296000
14.704000
11.662000
17.034000
12.412000
8.804000
10.775000
15.279000
24.556000
7.512000
9.743000
11.081000
16.858000
18.963000
18.367000
10.893000
15.809000
11.355000
14.855000
14.155000
16.294000
9.606000
8.727000
5.925000
6.541000
11.335000
4.739000
12.926000
9.352000
19.565000
15.088000
12.582000
12.468000
9.658000
7.940000
10.037000
17.214000
10.379000
12.840000
10.093000
11.318000
14.174000
13.354000
12.271000
9.151000
13.186000
10.460000
14.309000
18.521000
14.400000
8.699000
15.073000
8.901000
13.716000
17.272000
7.388000
16.772000
8.424000
13.843000
16.100000
12.590000
14.490000
6.016000
20.758000
11.480000
21.928000
10.618000
14.848000
0.620000
9.887000
7.461000
18.009000
8.547000
8.213000
16.741000
0.000000
8.666000
10.802000
18.401000
4.862000
6.189000
9.743000
8.360000
17.175000
21.371000
14.613000
10.482000
14.710000
4.886000
12.172000
5.650000
8.609000
25.430000
0.000000
4.537000
9.928000
14.270000
10.725000
8.461000
13.554000
10.628000
18.547000
9.956000
15.267000
0.000000
13.205000
12.657000
11.761000
11.602000
15.401000
13.357000
10.691000
20.003000
15.478000
10.103000
0.000000
17.949000
13.357000
12.413000
19.456000
17.360000
13.079000
12.001000
11.209000
15.504000
19.113000
12.763000
7.881000
0.000000
11.954000
0.000000
9.351000
14.870000
14.188000
9.884000
16.348000
0.000000
7.396000
0.000000
13.238000
10.752000
8.465000
7.512000
8.639000
16.974000
0.000000
11.771000
9.317000
11.256000
16.309000
8.473000
8.550000
9.560000
11.095000
8.288000
10.402000
22.993000
20.529000
16.947000
8.625000
0.506000
0.000000
0.000000
3.246000
14.181000
10.657000
12.549000
0.000000
4.915000
9.393000
11.785000
12.721000
14.033000
11.583000
11.928000
13.726000
0.304000
9.133000
11.689000
0.000000
10.267000
14.571000
10.633000
0.000000
3.984000
10.896000
0.000000
7.395000
16.484000
0.000000
0.158000
0.000000
3.795000
9.122000
0.990000
0.000000
0.161000
8.456000
0.000000
0.000000
0.000000
0.000000
3.403000
12.476000
1.197000
12.201000
4.368000
0.000000
0.000000
15.657000
0.000000
0.000000
0.000000
0.508000
9.373000
0.000000
0.000000
0.000000
0.000000
0.000000
4.240000
5.502000
18.699000
0.000000
6.562000
0.761000
8.772000
4.335000
7.072000
0.000000
7.607000
0.000000
0.470000
9.309000
0.000000
0.000000
0.000000
5.721000
3.233000
0.000000
7.709000
0.000000
10.026000
0.000000
7.373000
12.205000
5.117000
0.000000
0.000000
7.078000
0.000000
4.784000
0.000000
0.000000
9.627000
0.000000
7.610000
5.392000
8.363000
0.000000
1.544000
0.000000
3.697000
11.375000
8.999000
5.507000
9.068000
3.082000
8.436000
7.537000
6.110000
6.465000
3.438000
0.000000
7.112000
11.105000
9.045000
7.449000
0.000000
7.224000
0.952000
7.323000
0.000000
8.507000
0.139000
7.067000
7.307000
2.160000
3.010000
0.000000
10.476000
4.013000
11.118000
0.000000
3.336000
2.010000
7.598000
1.155000
5.333000
10.991000
0.000000
16.507000
7.998000
14.574000
6.387000
5.764000
0.000000
8.727000
9.481000
19.226000
7.900000
6.321000
6.883000
0.000000
6.608000
8.254000
18.913000
1.944000
9.075000
0.000000
1.339000
19.114000
0.000000
0.000000
10.616000
12.656000
13.548000
7.290000
9.178000
12.098000
5.376000
9.108000
10.891000
5.372000
10.375000
10.467000
7.268000
5.635000
5.289000
13.819000
7.191000
18.648000
15.259000
1.699000
7.751000
7.065000
0.000000
2.526000
2.161000
7.375000
0.000000
9.023000
5.274000
1.215000
0.000000
11.816000
5.214000
12.374000
7.294000
17.471000
6.582000
14.291000
8.918000
8.553000
0.000000
11.605000
17.200000
14.014000
9.008000
8.653000
14.608000
8.325000
6.846000
12.508000
9.154000
6.776000
7.867000
10.211000
15.240000
8.546000
12.132000
6.899000
4.431000
9.742000
13.892000
5.820000
3.946000
8.693000
7.775000
0.000000
12.442000
3.012000
0.000000
8.195000
4.801000
1.949000
5.251000
4.272000
8.101000
6.330000
4.467000
8.642000
2.915000
4.669000
8.541000
3.623000
9.970000
0.000000
16.547000
8.149000
6.340000
8.399000
11.779000
6.252000
0.000000
11.474000
5.195000
0.000000
8.934000
9.232000
11.125000
5.422000
1.330000
4.616000
9.152000
0.000000
0.000000
0.000000
3.884000
2.458000
6.503000
8.318000
5.885000
5.213000
6.155000
7.536000
2.361000
6.574000
13.696000
10.265000
7.815000
12.026000
0.648000
2.936000
9.101000
7.095000
9.122000
8.051000
15.815000
0.000000
10.313000
8.312000
9.384000
2.779000
9.891000
0.202000
8.654000
1.596000
11.429000
5.629000
6.096000
7.701000
3.567000
6.373000
12.154000
6.821000
12.107000
20.392000
1.862000
11.648000
4.759000
0.814000
10.802000
2.302000
3.862000
2.590000
2.826000
8.743000
3.835000
6.206000
4.195000
9.031000
8.657000
6.968000
13.560000
7.487000
6.965000
5.716000
11.733000
10.732000
6.597000
12.635000
15.289000
12.272000
7.526000
6.300000
4.990000
9.935000
7.695000
13.225000
10.992000
13.659000
10.460000
6.328000
0.000000
8.304000
9.934000
3.978000
5.232000
9.800000
6.390000
5.314000
15.375000
4.616000
10.935000
7.607000
2.384000
8.687000
7.533000
14.941000
11.701000
4.791000
5.140000
9.011000
7.538000
13.024000
8.457000
2.836000
7.332000
6.409000
0.000000
7.838000
10.998000
16.891000
7.285000
14.936000
5.558000
9.790000
4.581000
0.071000
9.419000
12.194000
1.386000
6.480000
9.850000
9.255000
7.380000
6.964000
11.681000
13.897000
6.568000
9.776000
9.416000
7.875000
9.374000
13.409000
9.667000
1.410000
7.929000
2.033000
4.464000
2.007000
0.410000
9.861000
7.380000
8.926000
16.793000
13.449000
14.261000
11.953000
6.065000
0.000000
3.525000
1.307000
4.654000
7.785000
0.483000
10.368000
3.468000
16.210000
0.299000
9.725000
8.671000
10.666000
8.941000
2.014000
12.300000
9.421000
0.000000
5.449000
2.022000
6.687000
8.326000
5.640000
4.803000
2.217000
14.710000
1.559000
1.780000
8.163000
1.044000
6.620000
12.594000
5.243000
11.789000
0.000000
9.046000
5.822000
11.725000
0.122000
20.782000
15.852000
5.937000
5.454000
0.010000
7.816000
18.555000
1.798000
8.850000
6.543000
8.519000
6.782000
0.000000
11.611000
10.654000
3.210000
1.132000
5.625000
0.137000
15.543000
10.839000
11.127000
13.342000
2.156000
10.018000
9.401000
7.297000
0.000000
0.935000
0.000000
1.806000
0.900000
0.000000
4.377000
13.960000
3.972000
5.542000
2.926000
0.000000
1.636000
0.000000
2.812000
0.000000
14.589000
7.348000
1.918000
11.405000
11.015000
7.860000
10.961000
4.123000
6.396000
3.551000
13.575000
7.348000
1.236000
1.834000
2.710000
3.948000
3.023000
0.000000
2.701000
0.000000
0.000000
13.495000
8.516000
0.000000
16.075000
5.165000
19.442000
0.000000
4.588000
5.220000
0.000000
7.870000
0.378000
4.216000
3.176000
1.893000
0.172000
1.405000
0.000000
6.606000
3.679000
7.377000
5.018000
0.000000
11.054000
2.304000
2.648000
11.624000
9.799000
1.605000
3.573000
4.408000
6.104000
3.826000
0.078000
5.236000
5.469000
4.243000
0.000000
12.854000
7.711000
7.235000
14.517000
2.306000
0.000000
6.996000
2.507000
7.609000
8.976000
8.428000
0.000000
4.268000
5.785000
2.509000
5.273000
0.955000
0.000000
4.631000
12.519000
11.139000
0.973000
17.207000
6.018000
3.380000
4.012000
5.728000
9.037000
7.937000
5.740000
2.173000
13.135000
5.671000
7.178000
13.761000
6.828000
6.588000
8.723000
12.783000
5.253000
13.301000
10.313000
1.721000
3.153000
5.371000
0.000000
14.441000
4.938000
0.902000
13.512000
9.765000
6.878000
14.527000
10.414000
7.716000
5.735000
13.228000
0.000000
4.218000
4.158000
4.033000
8.296000
11.975000
1.789000
8.284000
6.231000
2.436000
9.200000
7.271000
6.500000
1.431000
0.000000
3.588000
3.596000
15.478000
1.211000
10.182000
11.783000
2.378000
14.484000
7.035000
10.054000
8.654000
12.134000
14.935000
2.875000
5.973000
0.000000
12.817000
3.282000
0.409000
1.269000
0.000000
2.589000
8.386000
0.006000
10.225000
2.528000
3.613000
0.566000
3.027000
3.172000
4.773000
6.464000
7.802000
15.144000
11.298000
1.929000
4.873000
11.878000
14.609000
1.294000
2.687000
11.134000
15.972000
0.866000
1.378000
9.782000
10.590000
4.058000
3.188000
0.000000
8.588000
6.301000
5.165000
14.584000
8.086000
11.200000
11.498000
6.552000
4.654000
13.809000
2.912000
0.000000
3.103000
9.548000
7.135000
5.442000
9.394000
4.721000
7.707000
6.134000
9.091000
3.584000
10.370000
12.701000
11.623000
2.604000
4.290000
4.682000
16.828000
8.879000
4.358000
0.287000
15.382000
6.584000
5.257000
0.772000
4.724000
12.081000
11.672000
5.836000
8.458000
3.054000
1.122000
2.175000
21.103000
17.186000
4.093000
0.386000
6.472000
1.525000
1.187000
6.281000
15.796000
1.249000
10.751000
6.689000
4.216000
2.197000
21.217000
1.414000
2.913000
6.933000
10.950000
1.453000
4.730000
5.429000
5.214000
0.638000
2.948000
1.488000
5.375000
2.336000
5.675000
7.494000
8.307000
3.872000
2.169000
17.531000
2.598000
3.069000
7.020000
3.254000
2.263000
11.391000
5.167000
5.860000
3.924000
3.396000
0.841000
4.623000
21.004000
0.207000
6.162000
13.321000
1.955000
19.955000
18.477000
10.584000
1.318000
1.027000
1.155000
9.470000
2.733000
2.076000
1.172000
3.804000
4.151000
1.403000
2.025000
12.671000
7.081000
13.887000
4.646000
5.232000
6.625000
15.202000
5.602000
1.417000
0.032000
4.968000
9.169000
4.195000
15.436000
2.795000
6.859000
1.981000
14.615000
7.115000
0.000000
1.471000
4.500000
4.264000
11.219000
6.934000
6.431000
4.042000
7.809000
11.066000
6.584000
13.789000
5.617000
8.030000
3.176000
2.974000
10.960000
5.552000
16.038000
1.508000
9.307000
18.344000
2.654000
1.182000
15.198000
1.150000
2.696000
9.317000
2.357000
14.464000
9.561000
9.760000
13.476000
12.231000
0.000000
13.096000
10.012000
6.531000
2.501000
7.123000
2.826000
2.103000
5.184000
6.574000
7.364000
7.658000
0.953000
4.236000
5.026000
17.656000
4.660000
13.455000
5.010000
0.000000
4.927000
3.353000
21.165000
6.882000
14.390000
4.374000
2.164000
12.610000
9.334000
8.555000
3.639000
9.583000
4.134000
6.544000
10.028000
17.027000
10.514000
13.596000
17.749000
12.697000
1.574000
6.552000
13.674000
4.005000
0.000000
7.122000
14.126000
2.655000
4.236000
16.072000
5.683000
16.262000
4.272000
4.883000
1.045000
5.152000
6.699000
6.367000
5.920000
4.409000
4.566000
3.207000
5.108000
3.920000
2.249000
4.723000
3.775000
9.637000
2.542000
1.471000
17.860000
6.150000
6.016000
7.397000
7.442000
8.899000
0.000000
6.071000
10.017000
3.834000
0.101000
6.519000
16.437000
10.737000
5.075000
3.314000
9.560000
17.808000
8.106000
4.324000
8.169000
1.496000
2.156000
0.560000
5.537000
10.800000
9.971000
10.609000
8.158000
11.616000
5.018000
4.575000
17.587000
8.244000
7.003000
5.601000
6.284000
7.416000
5.006000
6.683000
14.530000
1.944000
8.514000
1.873000
10.057000
6.876000
7.169000
14.112000
7.114000
1.370000
11.900000
2.832000
12.348000
7.382000
5.445000
1.077000
13.670000
7.992000
5.576000
0.000000
13.513000
3.977000
5.393000
3.089000
12.187000
0.016000
0.000000
11.863000
4.839000
9.006000
4.551000
16.401000
11.439000
10.347000
6.415000
5.083000
8.034000
7.235000
0.000000
5.046000
6.615000
1.734000
7.663000
10.616000
17.829000
8.615000
0.185000
7.462000
2.800000
7.217000
7.666000
8.175000
12.815000
3.962000
5.795000
5.823000
3.575000
8.613000
16.006000
1.833000
7.929000
1.778000
0.000000
0.000000
8.410000
2.369000
3.939000
3.313000
1.707000
10.190000
15.582000
6.299000
0.389000
10.185000
5.222000
1.805000
10.862000
0.000000
0.995000
4.347000
4.375000
9.269000
2.130000
15.306000
6.477000
1.193000
4.702000
11.647000
6.926000
0.000000
2.376000
12.700000
7.533000
11.399000
7.609000
9.600000
10.486000
5.776000
4.196000
11.917000
5.445000
18.316000
0.938000
16.201000
8.398000
2.237000
2.758000
8.467000
18.698000
11.695000
1.012000
7.806000
8.033000
4.193000
12.491000
11.578000
0.000000
9.744000
3.343000
1.205000
2.960000
5.917000
1.992000
11.754000
0.000000
2.440000
12.161000
9.450000
0.870000
18.140000
8.476000
7.128000
0.816000
3.843000
5.886000
0.000000
8.397000
11.664000
16.644000
0.000000
5.294000
9.098000
3.315000
3.877000
7.434000
13.263000
12.805000
8.193000
3.324000
0.000000
5.922000
14.151000
11.549000
7.664000
9.045000
2.997000
7.395000
9.907000
11.273000
7.541000
14.809000
5.686000
15.561000
10.572000
7.581000
0.000000
10.271000
11.391000
13.487000
8.530000
3.721000
0.000000
2.999000
5.085000
4.397000
8.145000
19.388000
0.000000
14.071000
9.987000
10.015000
17.602000
1.938000
8.671000
0.084000
2.810000
8.960000
7.266000
1.115000
6.364000
3.893000
4.706000
13.692000
10.914000
5.418000
11.770000
5.305000
8.610000
4.818000
10.388000
4.271000
11.217000
10.539000
6.516000
8.012000
8.105000
12.352000
0.437000
2.007000
6.168000
8.338000
2.019000
4.207000
5.880000
17.477000
6.239000
2.808000
10.859000
8.531000
9.718000
3.909000
15.316000
0.000000
7.996000
7.018000
6.706000
12.210000
3.576000
9.561000
12.261000
15.797000
8.623000
7.853000
8.470000
9.747000
12.798000
9.286000
16.731000
7.240000
0.170000
13.672000
7.681000
7.982000
7.500000
3.940000
9.712000
3.198000
8.286000
9.964000
8.675000
11.100000
7.068000
0.000000
11.789000
1.959000
5.521000
4.471000
11.939000
8.420000
11.752000
3.408000
9.164000
10.798000
3.099000
2.264000
6.266000
11.047000
9.128000
5.608000
6.067000
5.035000
9.369000
11.216000
7.439000
0.000000
10.650000
2.256000
4.196000
4.622000
9.842000
1.221000
4.507000
2.185000
12.304000
6.100000
6.298000
5.353000
6.690000
9.532000
5.780000
0.000000
6.985000
12.312000
2.216000
4.257000
12.785000
3.422000
4.909000
0.000000
10.440000
13.124000
4.296000
0.000000
16.353000
7.683000
4.011000
0.886000
0.000000
7.287000
12.266000
3.345000
6.845000
7.551000
3.323000
4.469000
10.788000
9.403000
9.790000
1.051000
4.830000
11.073000
12.848000
4.215000
3.678000
7.020000
11.443000
6.481000
0.269000
1.848000
3.089000
7.354000
16.502000
5.249000
5.080000
8.991000
11.037000
7.838000
4.159000
3.712000
7.676000
6.195000
0.000000
2.126000
4.793000
1.476000
8.849000
10.604000
13.487000
10.480000
5.899000
6.073000
3.661000
4.428000
14.336000
6.245000
7.673000
6.717000
5.025000
7.564000
10.924000
4.765000
8.806000
11.510000
6.196000
12.115000
4.199000
11.417000
9.740000
4.609000
6.399000
6.205000
1.162000
4.499000
4.079000
3.555000
5.625000
6.245000
1.424000
4.097000
9.997000
7.975000
5.351000
3.902000
5.873000
3.124000
7.301000
7.685000
4.345000
7.044000
9.425000
5.856000
5.800000
4.321000
7.547000
2.727000
5.955000
6.408000
8.754000
12.232000
5.131000
3.309000
12.604000
9.752000
16.644000
4.405000
4.795000
10.196000
2.872000
4.626000
6.012000
11.002000
9.280000
4.028000
9.092000
12.569000
4.302000
13.128000
3.052000
0.000000
5.013000
2.395000
6.398000
4.116000
6.940000
3.016000
11.437000
8.885000
0.000000
6.804000
5.648000
8.103000
8.404000
4.608000
2.215000
3.269000
17.123000
0.346000
5.509000
5.691000
6.253000
2.249000
5.370000
6.695000
7.439000
6.550000
5.051000
5.866000
9.514000
0.000000
5.023000
6.162000
6.335000
12.736000
10.167000
5.945000
9.451000
6.588000
11.662000
5.543000
12.646000
6.307000
10.333000
10.251000
9.121000
11.705000
5.640000
11.302000
0.000000
5.483000
5.275000
2.944000
16.855000
6.844000
13.081000
4.546000
10.417000
9.723000
11.263000
2.826000
4.387000
9.262000
10.096000
12.474000
0.469000
7.749000
6.879000
10.738000
3.391000
14.154000
0.486000
4.475000
10.041000
8.488000
6.842000
4.642000
9.711000
8.484000
10.758000
4.158000
7.362000
2.753000
12.933000
7.860000
8.304000
9.864000
5.285000
8.920000
12.942000
8.474000
18.421000
5.190000
4.134000
8.815000
6.095000
13.705000
7.891000
6.763000
6.848000
6.322000
2.038000
3.167000
10.218000
2.763000
1.079000
8.316000
7.948000
0.000000
2.570000
2.947000
6.939000
2.604000
7.549000
11.376000
7.939000
8.356000
10.009000
13.071000
13.993000
13.970000
12.937000
4.023000
6.206000
9.755000
0.772000
0.000000
6.361000
7.480000
8.482000
8.785000
8.792000
4.343000
3.148000
4.084000
7.535000
10.073000
14.525000
5.594000
6.189000
3.315000
6.240000
5.264000
0.000000
12.752000
11.971000
2.956000
7.632000
4.290000
6.579000
0.000000
0.000000
8.695000
1.727000
10.406000
2.514000
14.504000
10.907000
8.277000
8.658000
2.879000
4.222000
2.684000
0.000000
5.584000
15.131000
7.146000
14.070000
9.013000
6.911000
0.000000
9.470000
8.877000
18.601000
7.679000
6.785000
6.244000
1.636000
8.380000
8.713000
5.816000
2.842000
1.938000
2.681000
5.739000
4.837000
11.303000
5.223000
4.828000
5.588000
9.475000
13.896000
5.446000
9.636000
12.363000
7.895000
0.000000
4.082000
14.524000
8.259000
2.589000
7.138000
9.259000
10.460000
12.515000
10.770000
6.974000
8.996000
7.426000
5.487000
6.463000
10.450000
1.811000
5.956000
11.833000
5.189000
10.301000
10.349000
9.133000
10.183000
2.304000
7.942000
12.632000
10.084000
12.225000
7.406000
10.599000
2.989000
7.281000
6.560000
11.331000
9.340000
9.255000
12.867000
5.814000
13.448000
7.218000
8.075000
7.599000
0.000000
11.115000
12.163000
15.736000
8.972000
4.638000
4.943000
1.755000
14.284000
11.239000
12.406000
4.070000
6.511000
14.047000
10.165000
7.348000
1.904000
6.288000
11.217000
5.807000
0.000000
9.991000
9.452000
4.845000
15.679000
9.934000
9.102000
9.786000
15.039000
14.478000
11.051000
6.914000
1.648000
5.016000
12.703000
0.000000
8.281000
8.198000
1.801000
12.650000
4.617000
6.285000
6.968000
11.076000
5.303000
10.082000
0.000000
5.882000
4.604000
10.390000
0.000000
5.450000
5.146000
1.892000
0.000000
9.389000
5.694000
0.000000
8.666000
5.305000
5.283000
9.645000
5.628000
5.951000
5.896000
0.401000
6.396000
9.217000
4.596000
11.060000
11.121000
5.503000
0.165000
7.655000
7.429000
15.400000
9.340000
7.070000
11.229000
11.538000
3.141000
0.000000
6.280000
8.140000
0.000000
1.295000
0.000000
8.090000
9.059000
11.989000
1.804000
11.730000
7.526000
9.691000
7.704000
0.000000
10.572000
9.655000
4.810000
0.000000
1.704000
0.000000
11.041000
0.000000
0.000000
0.000000
1.373000
0.000000
7.841000
5.823000
0.000000
12.077000
5.884000
2.198000
10.769000
0.000000
10.477000
0.000000
6.343000
0.000000
0.000000
0.000000
0.000000
0.000000
6.466000
0.000000
0.000000
0.000000
10.784000
6.141000
0.000000
0.000000
4.947000
4.577000
0.000000
0.000000
0.000000
0.000000
0.000000
6.150000
5.534000
1.925000
1.863000
6.972000
0.000000
4.643000
0.000000
10.856000
5.624000
4.123000
0.276000
6.716000
0.000000
0.586000
11.108000
8.714000
0.000000
0.000000
0.000000
0.000000
5.150000
4.966000
1.868000
3.863000
0.000000
4.003000
0.000000
4.592000
6.099000
9.540000
3.468000
4.723000
1.962000
0.000000
0.000000
7.811000
0.000000
2.912000
10.818000
2.253000
3.456000
0.000000
0.000000
0.000000
0.000000
5.044000
8.787000
1.457000
0.000000
6.396000
5.187000
0.000000
3.106000
10.642000
0.000000
3.843000
0.000000
0.000000
5.872000
9.676000
8.659000
0.493000
12.501000
3.110000
0.000000
0.000000
4.002000
1.850000
7.239000
0.000000
11.577000
0.000000
14.482000
7.144000
8.265000
0.000000
4.476000
11.293000
2.361000
0.000000
0.000000
4.672000
5.585000
0.000000
6.801000
5.270000
4.065000
0.046000
13.949000
6.463000
7.149000
4.717000
9.170000
3.628000
0.961000
0.736000
0.000000
3.747000
7.959000
5.156000
3.542000
4.958000
7.527000
5.859000
4.756000
0.000000
9.027000
5.352000
0.000000
6.780000
2.499000
9.366000
2.645000
3.907000
6.884000
4.014000
3.507000
5.657000
3.217000
2.031000
5.721000
2.861000
1.238000
0.000000
3.782000
1.341000
3.305000
3.560000
0.000000
12.069000
4.904000
5.445000
0.000000
6.337000
5.864000
4.916000
2.128000
9.139000
0.000000
1.301000
3.943000
5.991000
0.000000
13.491000
1.923000
5.415000
8.961000
1.681000
7.256000
0.969000
14.171000
3.793000
6.364000
4.909000
4.739000
2.881000
2.097000
5.416000
11.516000
9.853000
4.394000
5.943000
12.546000
10.020000
14.336000
18.222000
8.450000
4.538000
8.280000
5.714000
1.474000
3.731000
9.493000
3.986000
0.267000
0.000000
2.505000
4.342000
1.498000
6.375000
2.756000
2.193000
0.000000
5.664000
0.000000
0.000000
5.701000
8.590000
14.668000
6.200000
7.501000
6.123000
1.999000
1.886000
5.457000
0.000000
4.238000
7.500000
6.242000
0.000000
5.882000
0.000000
0.000000
6.726000
8.160000
8.171000
12.870000
3.549000
0.475000
3.753000
9.898000
11.765000
6.955000
2.877000
13.474000
0.000000
0.000000
2.222000
7.121000
0.000000
5.442000
6.701000
0.000000
0.748000
2.578000
3.067000
5.637000
4.888000
2.327000
0.406000
7.165000
9.368000
3.657000
0.178000
0.000000
5.590000
3.113000
4.912000
4.007000
5.995000
6.207000
1.560000
11.892000
6.040000
1.378000
8.054000
8.271000
4.685000
2.062000
2.930000
3.218000
4.125000
7.496000
8.004000
6.896000
0.000000
9.720000
6.476000
10.894000
6.677000
3.546000
7.598000
7.834000
3.163000
7.492000
5.081000
6.064000
4.570000
8.963000
8.866000
0.000000
0.417000
1.899000
6.035000
5.349000
4.212000
5.559000
4.921000
7.503000
2.110000
5.515000
0.000000
10.089000
0.000000
4.460000
1.513000
1.790000
4.408000
5.704000
9.765000
0.281000
8.257000
5.194000
9.460000
9.213000
8.443000
1.513000
0.000000
0.406000
5.862000
5.761000
7.849000
5.072000
5.667000
13.661000
4.003000
7.841000
3.420000
4.525000
5.573000
1.036000
9.298000
13.505000
2.655000
5.594000
11.352000
4.578000
14.682000
4.413000
9.508000
0.000000
5.211000
15.075000
15.424000
6.293000
6.765000
5.835000
3.517000
10.354000
5.203000
6.063000
1.225000
8.174000
6.495000
5.268000
4.555000
6.202000
0.805000
7.352000
4.951000
6.227000
7.785000
13.140000
0.000000
7.828000
5.588000
1.952000
5.077000
4.698000
6.570000
8.941000
9.401000
7.686000
5.777000
8.326000
3.850000
7.114000
2.785000
10.584000
5.333000
6.528000
6.543000
3.963000
4.963000
1.043000
4.994000
1.737000
6.748000
9.302000
7.941000
7.327000
5.441000
2.978000
2.024000
4.721000
0.000000
5.566000
5.025000
2.966000
6.934000
10.606000
7.461000
4.564000
0.641000
1.874000
4.558000
9.412000
11.652000
1.502000
5.494000
9.572000
1.712000
4.849000
6.546000
6.517000
4.424000
5.723000
7.270000
4.791000
10.905000
0.976000
6.924000
3.363000
6.323000
7.414000
3.062000
2.570000
4.743000
6.316000
4.434000
7.430000
6.664000
6.738000
7.733000
0.018000
12.888000
3.930000
3.561000
8.146000
7.901000
0.000000
4.079000
10.402000
4.820000
6.211000
10.715000
4.530000
4.215000
12.077000
0.000000
10.188000
1.603000
8.374000
0.000000
0.281000
8.359000
3.455000
8.364000
11.841000
7.919000
6.182000
3.200000
2.129000
13.890000
0.160000
15.501000
6.487000
7.835000
7.193000
5.072000
4.225000
8.143000
2.938000
3.393000
7.811000
5.074000
3.238000
3.510000
4.405000
5.742000
6.357000
7.206000
0.000000
0.445000
6.247000
1.259000
0.000000
8.399000
2.807000
6.584000
6.385000
3.164000
1.354000
3.649000
6.100000
4.120000
5.637000
4.342000
7.130000
6.778000
7.495000
8.142000
8.578000
6.323000
0.146000
6.538000
10.899000
4.222000
2.133000
4.804000
11.772000
5.990000
1.812000
1.597000
4.039000
0.000000
1.069000
0.000000
8.120000
4.170000
1.468000
5.658000
8.158000
3.119000
6.172000
4.259000
4.922000
0.270000
5.389000
5.784000
8.298000
6.855000
10.124000
8.903000
6.147000
3.930000
4.483000
5.653000
0.539000
0.000000
0.000000
2.677000
5.721000
6.840000
7.136000
0.000000
0.000000
0.629000
5.889000
2.628000
0.000000
6.162000
6.973000
4.313000
7.623000
3.424000
8.114000
4.199000
6.460000
8.499000
4.349000
6.185000
4.619000
0.563000
5.932000
8.107000
4.798000
7.647000
3.831000
5.615000
2.384000
2.411000
3.411000
0.363000
1.341000
9.178000
0.000000
1.004000
11.665000
1.489000
1.207000
0.781000
0.516000
6.488000
4.013000
5.406000
3.891000
0.000000
8.244000
3.728000
9.252000
6.133000
7.686000
3.805000
10.005000
3.474000
2.204000
5.622000
3.422000
2.980000
7.007000
3.741000
7.129000
7.571000
4.356000
2.987000
2.743000
2.771000
7.665000
7.491000
5.654000
1.903000
3.980000
7.558000
0.000000
4.583000
7.261000
4.008000
5.572000
3.120000
5.529000
2.260000
0.000000
3.136000
7.709000
2.855000
4.890000
7.425000
0.516000
6.544000
4.369000
4.987000
5.533000
6.532000
6.516000
8.409000
4.105000
3.859000
8.125000
6.093000
6.064000
6.029000
8.201000
4.872000
7.140000
3.611000
4.106000
0.000000
6.765000
0.537000
9.037000
8.206000
1.452000
6.241000
4.620000
3.937000
6.614000
9.459000
5.179000
5.577000
3.969000
3.997000
3.695000
1.109000
3.909000
7.813000
0.616000
0.946000
2.273000
1.729000
7.199000
11.044000
2.803000
6.054000
3.467000
6.297000
7.090000
0.000000
0.000000
3.805000
3.476000
0.810000
0.000000
0.257000
4.904000
2.372000
5.783000
7.787000
10.859000
1.875000
0.596000
4.486000
4.462000
2.947000
7.077000
1.837000
6.066000
7.354000
6.565000
11.483000
1.938000
7.887000
5.370000
1.604000
3.846000
7.416000
6.554000
5.896000
2.490000
0.567000
11.973000
6.799000
11.633000
2.444000
4.495000
5.088000
3.282000
0.536000
0.836000
0.604000
13.647000
5.217000
4.771000
2.222000
10.968000
3.280000
4.383000
4.275000
7.241000
5.122000
7.077000
2.933000
0.351000
5.646000
8.821000
10.635000
2.497000
5.711000
4.168000
2.129000
0.594000
1.733000
5.124000
0.000000
6.157000
3.501000
0.000000
11.563000
1.142000
3.847000
7.227000
2.389000
6.077000
7.281000
4.982000
6.791000
4.722000
3.641000
2.682000
2.898000
9.419000
8.519000
6.762000
5.167000
4.886000
2.850000
1.758000
2.172000
5.645000
3.321000
7.228000
4.622000
3.501000
4.910000
2.075000
0.000000
8.514000
5.426000
6.742000
7.617000
4.541000
4.372000
4.282000
2.792000
9.964000
7.252000
0.000000
4.913000
6.669000
2.451000
8.152000
2.598000
5.173000
3.108000
4.817000
7.833000
0.000000
4.408000
1.589000
6.424000
3.763000
0.000000
7.044000
1.175000
4.304000
1.785000
6.366000
8.532000
8.738000
2.689000
1.539000
7.067000
2.589000
5.596000
3.549000
6.089000
1.400000
1.845000
1.608000
3.960000
10.044000
6.342000
4.199000
6.411000
2.119000
0.000000
6.579000
6.160000
2.557000
1.459000
5.638000
10.646000
2.608000
0.000000
5.101000
2.593000
0.270000
3.582000
2.528000
10.509000
4.918000
7.068000
10.071000
1.978000
11.995000
0.000000
7.143000
2.084000
1.091000
7.636000
12.188000
5.537000
5.987000
4.879000
4.247000
3.897000
3.470000
7.282000
0.000000
7.794000
6.699000
1.172000
6.586000
5.323000
9.873000
7.000000
0.220000
6.984000
5.071000
1.522000
3.605000
7.097000
0.915000
9.920000
2.795000
2.637000
4.456000
0.946000
7.323000
6.324000
6.459000
7.053000
5.524000
2.014000
3.439000
0.000000
8.304000
10.509000
5.587000
1.623000
2.813000
4.244000
10.665000
2.947000
3.587000
0.000000
0.026000
5.193000
0.000000
5.812000
2.449000
5.400000
8.532000
0.484000
0.794000
1.173000
0.601000
2.829000
0.000000
0.000000
5.543000
6.740000
8.927000
0.000000
4.940000
7.696000
2.478000
0.946000
2.474000
5.075000
2.700000
0.000000
6.006000
1.998000
7.936000
3.251000
0.336000
0.000000
5.922000
9.697000
0.115000
5.877000
6.590000
0.000000
3.400000
6.229000
0.090000
6.209000
7.754000
4.083000
4.926000
5.983000
3.671000
2.593000
2.515000
4.100000
7.638000
0.000000
6.622000
7.953000
5.781000
5.877000
3.040000
2.797000
0.182000
6.511000
3.501000
9.513000
0.515000
3.922000
1.729000
0.000000
0.000000
6.201000
0.000000
0.578000
4.269000
5.850000
7.617000
3.688000
4.945000
3.366000
6.641000
0.000000
5.036000
2.380000
3.928000
7.280000
4.754000
0.000000
6.487000
6.025000
6.026000
1.474000
0.000000
7.307000
0.000000
4.545000
0.214000
2.833000
0.000000
0.000000
1.168000
4.739000
1.781000
0.000000
2.977000
3.230000
2.239000
4.047000
4.689000
5.772000
4.918000
2.313000
3.279000
0.000000
0.000000
6.682000
6.668000
5.661000
1.189000
6.132000
2.302000
0.433000
2.445000
6.120000
8.128000
1.799000
8.650000
7.653000
2.993000
0.000000
0.000000
9.695000
0.000000
5.048000
0.201000
1.158000
3.325000
2.333000
4.381000
8.223000
0.724000
7.278000
0.000000
0.000000
3.643000
0.435000
2.398000
0.000000
0.000000
3.196000
0.000000
3.007000
7.037000
5.502000
4.635000
4.006000
4.222000
0.000000
2.670000
5.337000
0.000000
3.598000
6.641000
3.286000
3.245000
0.000000
2.500000
8.848000
3.462000
0.000000
0.000000
5.755000
0.000000
3.450000
1.988000
0.000000
0.000000
4.154000
1.554000
4.403000
0.000000
0.909000
0.000000
1.252000
0.000000
1.712000
6.929000
9.044000
0.000000
6.903000
0.420000
5.631000
0.000000
6.170000
4.512000
1.469000
0.000000
1.319000
0.000000
0.159000
0.000000
0.000000
2.168000
0.000000
0.000000
4.737000
4.881000
2.783000
2.626000
0.135000
2.848000
10.451000
1.220000
0.000000
0.000000
0.697000
6.794000
0.000000
12.357000
1.209000
7.217000
2.701000
0.000000
0.000000
1.115000
9.807000
0.000000
2.127000
0.128000
0.000000
0.000000
0.000000
0.000000
3.270000
6.299000
0.000000
0.000000
3.741000
0.000000
0.180000
3.435000
3.121000
2.184000
2.471000
0.766000
1.245000
0.000000
0.000000
0.000000
0.000000
0.000000
0.000000
0.000000
0.000000
0.000000
0.253000
2.042000
0.000000
0.195000
0.000000
2.176000
0.172000
0.724000
0.825000
0.000000
0.000000
2.235000
1.271000
0.000000
0.000000
0.000000
6.696000
0.000000
4.624000
0.000000
0.000000
0.000000
2.534000
0.000000
6.228000
2.442000
0.869000
0.000000
0.000000
2.660000
2.317000
2.996000
0.000000
0.000000
0.000000
0.584000
0.000000
0.456000
0.000000
0.000000
1.941000
3.091000
2.595000
2.491000
0.000000
3.498000
0.000000
0.000000
2.496000
3.239000
2.077000
0.000000
4.359000
6.709000
2.578000
1.487000
2.065000
0.000000
0.000000
1.438000
0.000000
0.000000
1.582000
0.934000
0.641000
0.000000
0.000000
0.000000
4.485000
0.000000
1.743000
4.591000
2.972000
2.705000
4.215000
3.215000
0.000000
5.163000
0.094000
4.845000
6.734000
0.000000
0.000000
1.312000
0.000000
0.000000
5.516000
3.242000
2.928000
7.120000
2.218000
0.440000
5.802000
3.217000
0.329000
0.000000
7.131000
0.929000
3.916000
0.000000
0.000000
0.000000
0.000000
1.335000
12.883000
8.071000
0.000000
3.033000
0.279000
1.570000
0.000000
8.217000
1.247000
0.000000
0.604000
0.000000
0.000000
6.314000
0.769000
1.107000
1.390000
0.000000
0.000000
5.491000
0.812000
1.737000
0.000000
3.575000
5.308000
4.783000
6.546000
0.000000
0.000000
4.808000
0.000000
2.052000
4.766000
1.642000
0.000000
0.000000
4.345000
0.000000
4.126000
1.512000
3.245000
3.688000
3.888000
0.000000
0.000000
5.408000
2.799000
0.000000
5.290000
1.952000
0.000000
2.684000
0.000000
0.000000
6.757000
0.000000
0.000000
3.413000
0.687000
0.000000
0.000000
2.186000
0.000000
4.125000
0.000000
0.000000
0.000000
2.529000
0.000000
0.000000
0.000000
2.926000
5.880000
0.699000
0.000000
4.475000
3.078000
0.000000
0.677000
0.341000
1.766000
0.000000
4.668000
0.000000
0.000000
1.276000
1.657000
0.000000
1.821000
0.000000
0.000000
0.165000
3.290000
0.676000
1.948000
3.641000
3.276000
5.880000
0.000000
0.000000
3.983000
7.177000
3.779000
4.057000
0.439000
5.062000
0.000000
0.000000
1.370000
2.074000
0.000000
3.477000
3.854000
4.573000
0.558000
3.149000
4.446000
0.805000
1.060000
0.000000
0.000000
0.000000
0.000000
0.000000
1.254000
0.000000
0.000000
2.132000
0.000000
0.000000
2.414000
4.034000
0.939000
0.715000
4.874000
0.000000
0.938000
0.000000
3.788000
0.000000
0.000000
0.000000
1.558000
5.632000
1.444000
0.000000
1.503000
3.747000
5.902000
1.512000
0.000000
1.815000
0.000000
0.000000
4.319000
0.000000
0.000000
4.545000
5.427000
3.942000
0.471000
2.427000
5.208000
1.248000
1.297000
1.812000
5.622000
2.037000
0.000000
2.812000
7.233000
3.259000
2.084000
6.170000
1.385000
2.092000
0.410000
3.675000
0.000000
2.064000
0.000000
0.000000
0.000000
1.495000
0.000000
0.000000
0.000000
0.000000
7.347000
1.213000
0.000000
1.102000
4.869000
2.427000
1.558000
0.000000
0.781000
0.000000
0.760000
4.320000
4.723000
0.000000
2.808000
5.275000
0.000000
0.000000
0.846000
5.896000
0.000000
3.782000
3.674000
2.061000
0.000000
0.762000
1.021000
3.030000
2.766000
0.000000
0.000000
4.122000
0.753000
5.513000
4.535000
0.000000
1.665000
3.685000
0.000000
0.000000
0.000000
0.962000
0.000000
0.000000
2.493000
4.197000
3.301000
2.569000
2.214000
2.393000
9.202000
4.815000
0.110000
0.959000
6.801000
0.000000
4.999000
6.373000
3.272000
4.871000
0.000000
0.000000
0.000000
0.000000
5.101000
0.000000
3.343000
1.189000
4.901000
0.000000
0.762000
0.000000
4.157000
0.000000
0.000000
0.000000
0.000000
0.000000
0.935000
0.000000
0.000000
0.000000
3.168000
5.198000
1.037000
0.000000
0.000000
1.498000
3.905000
2.719000
2.712000
0.000000
0.000000
0.000000
1.540000
0.502000
3.119000
1.094000
3.138000
0.000000
0.000000
0.000000
3.329000
0.435000
1.289000
0.000000
1.250000
0.313000
4.370000
4.763000
0.000000
5.347000
3.291000
0.000000
0.000000
0.000000
6.961000
5.710000
0.000000
1.480000
0.693000
1.208000
0.000000
0.000000
3.206000
1.012000
0.000000
0.000000
0.000000
0.167000
0.000000
3.721000
2.004000
0.000000
0.000000
0.414000
0.000000
0.000000
0.257000
0.000000
0.000000
1.071000
0.000000
1.190000
0.000000
2.227000
0.000000
0.614000
6.888000
0.000000
7.272000
0.000000
0.164000
1.153000
0.000000
0.000000
0.000000
0.000000
5.989000
0.000000
0.000000
0.000000
6.922000
0.000000
3.003000
0.000000
4.964000
0.113000
3.014000
9.422000
4.029000
0.000000
0.000000
0.000000
2.890000
1.477000
0.000000
0.000000
6.104000
0.000000
0.000000
2.794000
2.484000
0.000000
3.138000
0.135000
0.000000
0.000000
3.554000
2.432000
1.204000
0.000000
0.000000
0.000000
0.000000
2.831000
3.650000
0.000000
3.915000
0.000000
3.739000
3.921000
0.829000
0.000000
0.000000
3.779000
3.220000
3.207000
3.869000
0.000000
0.000000
0.693000
1.048000
2.855000
0.000000
0.000000
0.000000
1.015000
0.000000
0.000000
0.000000
0.000000
2.768000
2.804000
0.000000
0.000000
0.390000
0.000000
0.902000
4.223000
0.000000
0.000000
0.000000
1.747000
7.059000
0.000000
1.661000
0.000000
0.000000
0.079000
0.826000
0.000000
0.000000
0.000000
3.468000
1.159000
0.000000
0.611000
0.000000
0.000000
0.000000
0.000000
0.821000
0.000000
0.000000
8.267000
0.000000
0.000000
0.000000
0.088000
0.584000
0.879000
1.117000
0.000000
0.200000
0.000000
0.040000
0.000000
0.000000
0.373000
0.640000
0.000000
0.000000
0.873000
1.117000
0.219000
0.000000
0.000000
0.111000
3.015000
0.000000
0.000000
0.246000
0.361000
2.198000
1.882000
4.573000
0.000000
1.469000
0.000000
0.000000
0.000000
1.887000
1.934000
0.000000
0.926000
2.925000
0.000000
3.270000
0.443000
0.557000
3.602000
4.599000
1.105000
2.165000
0.000000
0.000000
0.000000
1.800000
3.604000
5.462000
0.000000
0.781000
0.000000
0.318000
0.000000
0.000000
0.000000
2.337000
0.000000
1.109000
2.337000
2.064000
0.957000
0.000000
1.727000
0.000000
3.040000
2.375000
0.000000
2.152000
0.000000
1.972000
3.658000
0.077000
0.000000
0.000000
0.000000
0.205000
0.000000
0.000000
0.000000
0.000000
2.357000
0.850000
4.244000
0.000000
3.140000
0.000000
3.294000
0.000000
1.222000
0.000000
2.049000
0.000000
0.000000
2.382000
0.800000
1.969000
5.368000
0.000000
1.856000
1.426000
0.000000
2.972000
0.000000
0.927000
0.928000
2.137000
0.546000
0.000000
0.000000
0.000000
0.000000
2.746000
1.451000
0.136000
1.520000
0.836000
2.243000
0.000000
1.919000
2.905000
0.000000
0.000000
6.138000
0.737000
0.000000
2.263000
3.525000
1.693000
0.000000
1.362000
0.063000
5.913000
0.568000
0.000000
0.000000
0.000000
4.268000
1.591000
2.027000
2.948000
0.000000
4.109000
1.768000
0.113000
0.000000
0.000000
0.000000
0.000000
0.000000
4.399000
0.000000
0.000000
0.000000
0.000000
0.000000
1.638000
0.677000
0.765000
0.000000
0.000000
2.580000
0.000000
0.000000
0.000000
1.609000
5.701000
0.000000
0.251000
0.294000
2.026000
0.000000
0.000000
0.332000
2.872000
0.000000
0.000000
0.000000
0.000000
1.644000
0.294000
0.000000
0.784000
0.000000
0.457000
1.177000
1.235000
0.000000
0.000000
0.000000
0.000000
2.336000
0.000000
0.000000
2.626000
0.000000
1.221000
1.687000
0.000000
0.852000
0.015000
4.785000
1.789000
0.000000
0.000000
0.000000
9.861000
0.000000
0.000000
0.000000
1.389000
3.983000
1.146000
4.408000
0.000000
1.152000
0.402000
0.880000
0.850000
0.000000
1.236000
1.102000
0.000000
0.000000
0.000000
0.000000
0.000000
0.000000
0.000000
1.644000
0.951000
4.012000
0.000000
0.446000
3.606000
2.992000
0.000000
2.523000
0.952000
0.000000
0.833000
0.000000
0.721000
0.000000
0.465000
1.695000
0.000000
1.017000
1.928000
4.074000
2.183000
0.598000
1.254000
0.000000
0.784000
1.414000
1.534000
1.088000
0.789000
0.000000
0.000000
0.000000
0.000000
1.562000
0.000000
1.844000
0.000000
1.546000
4.750000
1.145000
0.000000
0.155000
0.000000
1.161000
0.000000
1.493000
0.000000
0.000000
0.336000
0.288000
0.497000
0.000000
0.804000
2.826000
0.238000
2.000000
0.000000
0.335000
1.941000
0.036000
0.374000
2.871000
0.000000
0.000000
0.489000
1.298000
0.243000
0.000000
1.593000
0.982000
0.039000
2.043000
1.253000
0.000000
2.986000
0.000000
0.000000
4.505000
0.000000
4.595000
2.067000
1.675000
1.649000
0.000000
1.518000
0.000000
0.111000
0.293000
0.000000
0.000000
0.000000
2.019000
4.701000
0.000000
0.000000
0.000000
1.199000
0.000000
0.000000
0.000000
0.000000
0.000000
1.033000
0.000000
1.723000
0.000000
1.480000
0.325000
0.000000
0.789000
0.000000
0.000000
0.000000
4.364000
0.000000
0.000000
0.000000
1.934000
0.746000
0.000000
0.000000
2.014000
0.000000
2.540000
0.363000
0.637000
1.805000
0.000000
0.100000
1.541000
0.870000
0.000000
1.652000
1.248000
2.060000
0.000000
2.379000
2.071000
0.216000
0.000000
0.000000
1.369000
0.000000
0.000000
1.067000
0.000000
2.128000
0.598000
0.330000
0.000000
0.000000
2.151000
0.000000
1.204000
0.031000
0.418000
0.000000
1.582000
0.000000
2.250000
0.000000
0.000000
2.372000
0.016000
0.000000
0.000000
1.962000
0.000000
0.000000
0.000000
0.000000
1.979000
0.217000
0.000000
0.003000
0.935000
2.891000
0.000000
0.000000
2.954000
1.315000
0.000000
0.000000
2.079000
0.000000
0.790000
0.000000
0.000000
0.000000
0.000000
0.000000
2.215000
1.856000
3.467000
0.369000
0.000000
0.000000
1.404000
0.000000
0.177000
0.000000
0.000000
0.000000
1.705000
0.879000
0.000000
0.000000
0.164000
0.390000
1.442000
1.162000
0.000000
0.000000
1.137000
1.085000
0.000000
0.000000
1.544000
0.000000
1.298000
0.000000
0.000000
1.035000
0.000000
0.975000
0.409000
2.220000
0.000000
3.706000
3.439000
0.000000
0.155000
0.000000
0.161000
0.000000
0.640000
0.000000
0.000000
0.783000
1.563000
0.955000
0.000000
1.383000
0.567000
0.000000
0.867000
0.000000
0.267000
2.463000
0.013000
0.334000
0.000000
0.000000
0.000000
0.000000
0.000000
0.000000
0.000000
0.000000
4.500000
2.552000
0.995000
1.268000
0.449000
0.575000
0.685000
1.584000
0.688000
0.000000
0.000000
0.000000
2.792000
0.290000
2.563000
0.000000
1.687000
0.000000
0.000000
0.000000
0.000000
0.920000
0.000000
0.738000
0.913000
0.000000
0.000000
2.403000
0.000000
0.000000
0.000000
3.391000
0.319000
0.000000
1.834000
1.034000
0.000000
2.760000
0.000000
0.519000
0.000000
0.000000
2.271000
0.498000
1.064000
0.000000
0.000000
3.868000
1.512000
0.000000
0.000000
0.000000
0.000000
1.527000
0.281000
0.000000
1.541000
0.000000
0.704000
0.000000
0.916000
0.583000
0.572000
5.053000
0.000000
0.911000
0.000000
0.567000
1.280000
0.688000
4.189000
0.000000
2.402000
0.000000
0.000000
0.000000
2.359000
1.336000
0.000000
1.638000
0.000000
0.000000
0.000000
2.954000
0.000000
0.000000
0.558000
0.000000
0.000000
1.739000
0.000000
2.136000
0.000000
0.000000
0.648000
0.599000
0.000000
0.000000
0.374000
2.842000
0.000000
1.138000
2.561000
0.000000
0.000000
1.849000
4.608000
0.000000
1.135000
0.000000
2.216000
3.381000
0.000000
1.817000
2.217000
0.585000
0.989000
0.000000
1.036000
2.847000
3.267000
0.135000
0.000000
3.834000
2.340000
0.640000
0.000000
0.000000
0.000000
0.000000
0.000000
0.000000
0.356000
0.000000
0.992000
1.295000
0.000000
0.000000
0.507000
0.000000
0.000000
0.000000
0.000000
0.000000
0.000000
0.000000
0.716000
0.000000
0.000000
0.000000
0.000000
0.463000
0.350000
1.386000
0.000000
0.000000
3.142000
0.000000
2.696000
0.519000
0.000000
0.452000
0.000000
0.000000
0.823000
0.354000
0.000000
0.965000
1.620000
0.000000
0.054000
4.029000
1.606000
0.000000
0.000000
0.000000
1.948000
1.509000
0.000000
0.000000
0.727000
0.000000
3.607000
0.000000
3.777000
0.534000
0.000000
0.000000
2.214000
0.547000
0.000000
1.618000
0.000000
0.000000
0.000000
3.185000
0.294000
0.941000
0.984000
0.138000
0.000000
1.232000
0.000000
0.000000
2.194000
0.000000
0.181000
0.138000
0.686000
0.422000
1.032000
0.000000
0.000000
0.000000
2.259000
3.241000
0.092000
1.517000
0.000000
0.111000
1.451000
0.498000
0.000000
0.931000
0.347000
0.000000
0.000000
0.559000
0.000000
0.045000
0.000000
0.000000
0.000000
0.000000
1.401000
1.181000
0.000000
0.000000
0.000000
0.158000
0.000000
1.247000
1.931000
2.153000
0.000000
0.000000
0.263000
0.000000
3.242000
0.742000
3.141000
0.610000
0.000000
0.891000
1.240000
1.111000
0.000000
0.468000
2.237000
2.438000
0.221000
0.000000
1.332000
0.000000
0.000000
1.049000
2.593000
0.000000
0.606000
0.000000
2.980000
0.000000
0.000000
0.000000
0.000000
0.202000
0.000000
0.000000
0.415000
0.000000
0.000000
0.038000
0.000000
4.902000
0.000000
3.992000
0.000000
0.000000
0.077000
0.296000
1.604000
0.000000
0.484000
6.084000
1.374000
0.428000
0.000000
0.000000
0.000000
0.273000
0.000000
0.000000
0.000000
0.295000
2.337000
0.000000
0.686000
3.338000
0.000000
0.000000
0.000000
0.000000
0.000000
2.172000
0.000000
0.000000
0.192000
0.000000
1.953000
0.708000
0.000000
0.030000
0.693000
0.000000
0.017000
1.787000
0.000000
0.000000
0.000000
0.000000
0.000000
2.158000
0.000000
0.661000
0.059000
0.000000
2.239000
0.820000
0.000000
1.362000
0.000000
0.171000
0.000000
0.664000
1.688000
0.256000
1.078000
0.000000
0.000000
0.482000
0.000000
0.000000
0.000000
3.304000
0.564000
0.060000
0.891000
0.974000
2.590000
0.000000
0.000000
0.278000
0.229000
0.000000
3.837000
0.632000
0.000000
0.664000
0.842000
0.192000
0.152000
0.384000
0.000000
0.971000
0.419000
0.028000
3.042000
0.243000
0.000000
0.000000
0.000000
0.000000
3.771000
4.399000
0.000000
0.000000
0.849000
0.631000
0.657000
0.541000
0.111000
3.271000
0.045000
0.000000
0.000000
0.465000
0.000000
0.000000
0.404000
1.734000
0.000000
0.501000
0.000000
0.000000
0.482000
0.598000
0.000000
1.758000
0.000000
2.059000
0.489000
1.535000
0.000000
5.898000
0.000000
0.000000
0.000000
0.000000
0.000000
5.052000
1.391000
0.000000
0.000000
0.000000
0.681000
0.000000
1.697000
0.268000
7.252000
0.000000
1.443000
2.679000
0.683000
0.091000
1.313000
0.388000
0.000000
0.000000
0.000000
1.298000
0.000000
0.047000
0.000000
0.000000
1.591000
0.708000
0.270000
0.399000
0.000000
0.000000
0.000000
0.000000
0.000000
1.305000
0.000000
0.000000
1.070000
0.278000
0.000000
0.169000
2.072000
0.000000
0.023000
0.878000
0.000000
0.000000
2.095000
2.613000
1.007000
0.000000
0.502000
0.000000
0.000000
0.000000
1.178000
0.410000
0.846000
1.035000
0.000000
2.857000
0.000000
0.683000
0.000000
0.000000
0.861000
0.000000
0.878000
0.000000
0.000000
2.744000
4.073000
0.119000
0.217000
0.390000
0.000000
0.000000
0.000000
0.000000
0.000000
0.000000
0.000000
0.000000
1.359000
2.702000
1.648000
0.000000
1.743000
0.186000
2.603000
0.000000
4.203000
0.000000
0.312000
0.000000
0.000000
0.000000
0.632000
3.766000
0.507000
1.319000
0.220000
0.000000
1.357000
0.000000
2.166000
0.000000
0.480000
0.000000
0.399000
0.000000
0.000000
0.000000
0.000000
1.117000
0.689000
2.019000
0.000000
0.000000
0.168000
0.000000
2.580000
0.000000
0.000000
0.357000
0.000000
0.000000
0.000000
3.356000
0.060000
0.000000
0.000000
1.588000
0.000000
0.000000
0.000000
0.478000
2.809000
0.000000
0.000000
0.000000
0.000000
1.431000
0.000000
0.620000
0.000000
0.000000
0.861000
1.463000
0.000000
2.597000
1.371000
3.753000
1.039000
0.483000
0.000000
3.647000
0.000000
2.272000
1.266000
1.658000
2.078000
1.618000
0.000000
0.000000
3.312000
2.901000
0.000000
0.000000
0.233000
0.000000
0.000000
0.979000
3.264000
0.000000
0.000000
1.034000
0.000000
0.000000
0.000000
4.741000
0.000000
0.000000
0.000000
0.485000
1.913000
0.000000
0.000000
0.000000
0.616000
0.664000
0.000000
0.000000
0.000000
1.880000
0.167000
0.000000
0.000000
0.086000
3.961000
1.213000
0.000000
0.000000
3.426000
0.000000
0.137000
0.201000
0.000000
0.000000
0.000000
1.014000
0.000000
0.277000
0.774000
0.000000
0.000000
0.550000
0.813000
0.000000
0.000000
1.503000
2.448000
2.586000
0.000000
0.000000
0.000000
0.000000
0.000000
0.000000
0.000000
0.000000
2.179000
0.000000
0.000000
0.000000
0.000000
0.000000
0.142000
0.000000
1.698000
2.074000
0.378000
0.000000
0.000000
0.000000
0.000000
0.000000
2.579000
3.661000
0.000000
1.463000
0.000000
2.156000
2.245000
0.000000
0.000000
0.367000
0.368000
0.000000
1.017000
0.000000
0.000000
0.000000
0.000000
2.488000
0.000000
2.845000
0.000000
0.000000
0.000000
0.536000
0.000000
2.015000
0.519000
1.031000
0.357000
0.000000
0.000000
0.000000
3.473000
0.000000
0.423000
0.000000
0.000000
0.000000
0.818000
0.000000
1.030000
0.000000
0.000000
1.599000
0.000000
0.895000
1.956000
0.000000
0.000000
0.000000
0.000000
0.000000
1.363000
0.000000
0.013000
0.000000
0.000000
0.000000
0.000000
0.000000
3.053000
0.000000
1.140000
3.020000
0.000000
0.000000
0.000000
0.916000
0.000000
0.287000
1.854000
1.825000
3.619000
0.000000
0.000000
0.000000
1.291000
0.000000
0.000000
2.090000
3.705000
4.409000
0.000000
0.000000
0.000000
1.167000
0.217000
1.203000
0.000000
0.000000
0.228000
0.000000
1.454000
0.000000
0.000000
0.000000
0.033000
1.085000
2.133000
0.000000
0.000000
0.000000
0.000000
0.000000
0.000000
0.564000
2.494000
0.000000
0.000000
1.498000
0.000000
0.711000
0.000000
2.665000
0.000000
0.000000
0.000000
0.000000
0.000000
0.000000
0.000000
0.000000
0.000000
0.000000
1.554000
2.935000
0.000000
0.740000
1.205000
0.637000
0.000000
0.000000
0.000000
0.000000
0.000000
0.390000
0.000000
0.616000
0.000000
0.000000
0.000000
0.160000
0.000000
0.111000
0.276000
0.000000
0.000000
0.000000
0.910000
0.000000
0.000000
0.000000
0.000000
2.080000
0.426000
0.829000
0.000000
2.277000
0.000000
0.000000
0.000000
0.000000
0.000000
0.000000
1.917000
0.000000
0.000000
1.488000
0.000000
0.624000
0.000000
0.000000
0.000000
2.475000
1.437000
2.490000
1.023000
1.705000
0.000000
3.661000
2.706000
1.214000
4.560000
3.972000
6.104000
3.539000
0.484000
5.361000
0.000000
0.000000
0.081000
6.889000
1.615000
0.851000
0.000000
0.000000
0.000000
6.639000
0.000000
1.187000
0.000000
0.000000
0.000000
0.159000
0.000000
0.477000
0.502000
0.889000
0.000000
0.000000
0.175000
1.189000
0.000000
0.000000
0.000000
0.048000
0.000000
0.000000
0.580000
0.000000
0.000000
