13.027000
12.082000
10.214000
8.689000
11.576000
6.014000
9.436000
11.817000
8.790000
10.406000
12.565000
7.748000
12.043000
14.126000
4.095000
8.193000
0.524000
10.045000
9.567000
9.558000
10.944000
11.018000
14.305000
12.246000
12.059000
3.452000
13.554000
10.535000
12.189000
4.921000
2.476000
15.720000
16.578000
1.787000
11.279000
9.606000
11.555000
6.919000
10.213000
7.161000
4.976000
2.795000
5.829000
3.271000
7.581000
5.437000
5.557000
3.016000
4.129000
2.126000
14.210000
3.773000
5.375000
2.955000
5.377000
22.966000
5.822000
0.000000
3.375000
5.577000
5.589000
7.683000
3.924000
3.227000
4.733000
3.408000
4.699000
6.196000
4.016000
5.289000
4.928000
12.218000
3.629000
3.391000
12.673000
1.486000
9.462000
4.373000
5.030000
3.176000
17.214000
5.512000
2.299000
5.018000
7.431000
16.294000
3.492000
2.582000
8.495000
6.154000
2.681000
8.853000
6.460000
1.577000
11.757000
8.050000
1.438000
4.283000
4.298000
9.205000
4.095000
4.517000
4.185000
9.251000
10.355000
4.401000
3.841000
1.858000
19.761000
11.157000
3.747000
5.422000
6.076000
6.599000
2.972000
14.156000
5.956000
12.577000
8.517000
10.460000
2.460000
11.484000
10.708000
5.863000
4.053000
7.695000
7.433000
11.577000
6.545000
12.620000
22.234000
5.540000
13.205000
11.453000
5.720000
7.559000
1.117000
22.146000
18.852000
11.165000
11.244000
16.870000
7.659000
5.300000
15.370000
10.658000
1.085000
8.360000
9.658000
6.899000
10.300000
11.298000
17.256000
6.059000
17.547000
11.952000
10.420000
5.640000
13.447000
14.772000
17.314000
11.167000
6.189000
9.352000
23.729000
10.186000
27.199000
5.398000
4.713000
9.730000
8.684000
0.933000
20.413000
3.842000
13.506000
14.733000
9.505000
17.266000
18.974000
14.804000
14.848000
8.385000
9.605000
16.888000
3.902000
6.436000
1.464000
12.549000
13.354000
7.679000
7.775000
14.542000
12.468000
10.160000
3.353000
17.034000
22.870000
12.657000
18.288000
14.138000
5.124000
0.970000
13.949000
8.513000
20.895000
14.607000
0.000000
10.313000
8.891000
16.566000
22.482000
15.134000
13.003000
8.041000
10.421000
12.590000
10.804000
14.014000
12.711000
15.025000
7.239000
10.883000
11.402000
3.995000
2.987000
16.574000
17.890000
14.560000
10.618000
0.411000
10.107000
13.567000
10.168000
2.904000
0.000000
12.412000
14.699000
6.895000
8.624000
13.352000
8.027000
9.123000
9.705000
13.384000
10.822000
11.643000
15.223000
12.582000
8.357000
8.032000
8.641000
12.437000
16.119000
14.174000
6.589000
15.088000
8.625000
2.290000
11.903000
18.329000
11.184000
11.579000
14.501000
15.415000
8.727000
8.849000
11.725000
5.502000
10.147000
15.052000
11.982000
12.201000
5.144000
6.820000
18.521000
18.273000
14.808000
7.411000
11.191000
8.626000
4.105000
6.366000
14.181000
17.692000
7.580000
14.430000
11.296000
12.763000
12.202000
11.235000
11.335000
12.580000
11.008000
18.254000
13.252000
11.344000
15.810000
10.477000
14.585000
11.531000
10.732000
15.288000
12.536000
7.927000
10.410000
14.198000
8.995000
11.654000
5.360000
11.939000
11.873000
12.271000
4.971000
7.461000
13.923000
10.516000
12.841000
11.498000
3.300000
16.083000
12.491000
14.993000
10.685000
14.654000
9.733000
16.943000
10.099000
16.609000
8.248000
11.105000
9.852000
9.813000
9.697000
11.949000
9.052000
10.939000
19.540000
9.352000
8.838000
16.673000
14.929000
8.791000
10.375000
3.967000
5.455000
8.507000
11.355000
9.573000
19.478000
12.188000
10.775000
15.126000
15.631000
12.288000
11.519000
9.796000
16.772000
13.663000
8.259000
16.404000
13.726000
5.510000
13.030000
11.088000
15.577000
12.011000
10.645000
6.489000
17.360000
13.319000
20.551000
16.070000
15.910000
6.069000
8.832000
10.125000
13.394000
12.555000
12.632000
11.084000
9.454000
19.411000
13.175000
5.329000
10.797000
16.210000
17.119000
9.687000
10.035000
9.037000
15.492000
12.721000
10.679000
12.052000
16.014000
12.936000
7.653000
8.581000
5.628000
15.396000
16.277000
16.191000
4.408000
17.328000
2.495000
10.150000
7.488000
6.606000
10.146000
17.045000
6.531000
13.462000
8.033000
10.630000
16.148000
10.556000
6.254000
15.170000
14.400000
12.429000
8.068000
15.335000
12.154000
13.381000
14.855000
11.158000
17.624000
14.583000
11.966000
8.442000
10.902000
11.037000
14.614000
15.195000
11.515000
19.086000
16.736000
12.204000
7.632000
13.289000
15.704000
7.781000
12.413000
11.357000
7.366000
14.545000
9.440000
15.880000
14.508000
7.891000
13.112000
15.944000
13.148000
12.478000
11.890000
14.463000
13.670000
10.763000
15.445000
8.592000
9.786000
9.135000
12.320000
6.569000
14.116000
17.461000
18.875000
11.826000
23.394000
11.776000
12.414000
8.654000
8.468000
10.169000
9.861000
16.563000
10.982000
16.489000
13.381000
10.482000
12.218000
16.197000
19.353000
11.263000
9.924000
15.377000
15.332000
12.935000
14.781000
10.996000
16.505000
11.740000
8.915000
16.083000
8.697000
13.848000
10.550000
7.534000
15.716000
21.274000
18.752000
11.740000
8.147000
11.791000
12.489000
10.275000
17.067000
15.613000
15.830000
12.251000
12.495000
11.924000
13.421000
13.875000
15.436000
5.344000
18.189000
15.273000
14.286000
8.459000
6.657000
15.578000
15.384000
5.395000
8.297000
11.056000
9.255000
14.361000
6.941000
7.977000
16.023000
7.696000
14.330000
7.372000
10.176000
11.961000
11.518000
10.380000
10.888000
12.843000
11.633000
12.090000
10.144000
4.082000
14.154000
17.803000
8.547000
12.829000
9.980000
12.869000
12.936000
15.035000
9.457000
9.785000
9.266000
11.817000
9.752000
14.803000
10.273000
11.926000
9.085000
9.713000
12.399000
15.520000
14.975000
16.104000
12.230000
10.289000
11.877000
13.917000
11.137000
10.333000
14.075000
17.611000
16.606000
12.689000
8.987000
13.611000
12.010000
19.680000
7.483000
8.218000
11.961000
12.212000
12.810000
13.026000
11.925000
16.519000
5.746000
12.011000
11.497000
8.361000
12.690000
12.262000
11.522000
9.049000
14.323000
12.264000
12.759000
19.676000
9.041000
14.003000
10.624000
11.943000
12.784000
15.041000
5.821000
10.766000
13.025000
9.039000
10.868000
10.011000
9.861000
3.517000
9.895000
7.364000
13.793000
11.771000
11.981000
14.446000
8.834000
7.825000
7.034000
7.564000
15.606000
8.065000
13.776000
10.664000
9.998000
15.222000
12.142000
11.671000
9.801000
14.220000
4.410000
5.555000
11.411000
17.625000
1.113000
16.013000
10.250000
12.513000
5.596000
15.303000
11.211000
9.271000
20.593000
0.995000
10.742000
10.789000
13.899000
6.845000
4.060000
7.014000
5.925000
6.854000
15.998000
11.965000
10.993000
0.000000
5.123000
25.525000
14.201000
7.735000
1.328000
5.300000
5.477000
3.841000
14.639000
5.305000
5.576000
11.007000
15.926000
9.183000
3.521000
7.172000
8.862000
2.732000
13.313000
1.044000
17.688000
4.992000
1.954000
14.941000
11.697000
7.306000
3.103000
7.801000
10.854000
2.713000
4.687000
4.032000
3.822000
4.702000
0.000000
11.173000
9.881000
11.327000
5.238000
19.047000
1.849000
10.048000
21.280000
7.565000
10.112000
0.456000
10.515000
10.889000
14.808000
5.606000
15.149000
9.843000
10.526000
10.664000
4.472000
13.542000
8.675000
3.842000
13.131000
6.031000
15.584000
10.589000
11.298000
3.888000
11.546000
13.303000
11.301000
4.773000
8.538000
13.049000
13.836000
4.091000
10.914000
5.727000
12.596000
15.644000
10.861000
11.905000
16.205000
11.414000
10.558000
15.376000
6.306000
2.586000
4.410000
9.723000
11.019000
9.867000
18.503000
8.601000
0.814000
10.812000
0.570000
11.420000
19.126000
2.394000
17.165000
12.494000
9.438000
10.452000
5.934000
15.841000
17.810000
13.668000
8.446000
11.679000
0.774000
9.699000
12.477000
13.075000
8.458000
14.233000
11.086000
15.549000
4.707000
9.355000
10.349000
8.592000
10.704000
11.952000
9.587000
3.118000
11.958000
4.121000
8.404000
2.054000
11.860000
14.765000
11.986000
9.260000
9.954000
6.758000
17.749000
5.173000
7.466000
5.495000
10.560000
1.635000
10.383000
18.526000
7.024000
8.809000
4.907000
7.797000
15.706000
11.532000
9.923000
8.359000
8.834000
10.897000
2.436000
12.323000
9.200000
10.154000
3.718000
19.795000
15.310000
10.841000
13.032000
7.848000
5.222000
2.261000
12.854000
18.259000
5.453000
11.192000
10.949000
2.683000
13.142000
10.407000
4.190000
7.531000
11.487000
12.271000
7.829000
11.224000
11.511000
12.362000
10.020000
9.402000
8.328000
9.749000
11.170000
10.704000
17.853000
6.370000
10.678000
1.813000
12.722000
16.586000
12.138000
6.713000
12.482000
7.394000
9.843000
6.227000
14.480000
3.236000
11.520000
10.503000
8.802000
22.613000
8.633000
9.483000
15.194000
8.954000
10.896000
16.977000
11.404000
8.385000
8.506000
11.731000
11.834000
8.871000
1.750000
11.190000
8.169000
15.478000
10.245000
10.898000
8.432000
5.102000
15.359000
7.367000
10.239000
15.816000
21.540000
12.332000
9.572000
12.596000
13.450000
14.548000
14.368000
7.266000
10.293000
9.249000
11.525000
11.202000
6.843000
8.858000
1.772000
9.065000
10.658000
8.183000
8.401000
12.996000
11.134000
8.661000
11.915000
8.514000
8.460000
13.018000
7.189000
15.670000
8.654000
8.326000
11.196000
15.759000
9.894000
11.673000
7.737000
19.845000
14.496000
9.869000
11.674000
7.875000
7.911000
15.861000
10.764000
12.392000
11.876000
13.135000
14.512000
12.314000
18.423000
12.447000
10.132000
8.764000
9.797000
18.868000
10.705000
18.562000
11.045000
11.528000
5.194000
14.034000
9.672000
17.592000
8.282000
23.032000
10.228000
7.192000
14.124000
6.649000
23.403000
14.592000
14.956000
12.609000
14.021000
4.308000
12.315000
10.350000
9.266000
12.377000
12.316000
10.113000
8.480000
12.512000
11.749000
17.214000
11.386000
9.691000
17.419000
17.740000
10.693000
10.606000
18.245000
13.217000
15.282000
5.753000
11.089000
9.956000
14.085000
13.247000
14.595000
14.148000
13.615000
8.681000
4.800000
9.054000
3.468000
7.566000
7.257000
5.615000
20.170000
6.945000
20.180000
12.686000
10.676000
11.359000
14.898000
5.859000
13.287000
13.964000
7.996000
5.024000
3.004000
17.449000
13.468000
2.793000
16.696000
10.254000
8.793000
13.057000
12.346000
7.314000
10.139000
21.782000
9.845000
12.834000
19.026000
7.920000
9.539000
22.552000
16.211000
15.780000
14.650000
11.461000
12.048000
17.455000
7.935000
7.731000
12.794000
9.530000
6.835000
9.863000
4.513000
10.611000
6.156000
11.367000
11.697000
17.298000
19.769000
6.510000
11.373000
9.959000
10.670000
14.430000
12.793000
14.639000
6.791000
10.603000
13.159000
7.234000
10.714000
9.272000
19.050000
12.126000
13.887000
4.319000
15.857000
9.122000
16.651000
2.927000
11.572000
8.045000
7.937000
13.167000
13.380000
7.494000
7.000000
6.570000
9.174000
6.845000
18.680000
9.119000
3.872000
8.701000
12.712000
14.375000
11.336000
6.629000
15.488000
14.549000
7.616000
10.696000
10.353000
10.558000
13.799000
10.583000
14.062000
6.719000
9.483000
10.391000
16.689000
9.068000
12.921000
7.991000
15.415000
6.479000
5.431000
9.901000
10.779000
15.481000
11.475000
14.889000
11.181000
14.330000
10.561000
16.122000
8.436000
11.750000
9.435000
10.044000
13.218000
14.392000
10.697000
11.220000
12.748000
14.559000
12.192000
11.001000
12.189000
14.427000
5.066000
15.073000
9.973000
9.830000
10.296000
11.211000
12.115000
21.931000
11.973000
7.406000
10.734000
24.093000
14.088000
3.184000
10.240000
5.826000
14.607000
12.877000
6.635000
16.041000
13.617000
10.718000
15.088000
7.202000
16.947000
6.510000
7.124000
20.816000
6.544000
12.627000
6.615000
12.794000
19.125000
6.828000
13.070000
5.571000
11.743000
15.893000
6.929000
10.983000
16.535000
9.704000
9.163000
7.564000
9.404000
14.930000
15.492000
15.027000
20.072000
7.636000
8.760000
7.950000
5.783000
9.536000
13.177000
11.856000
5.526000
7.124000
11.420000
12.048000
17.373000
10.216000
14.770000
19.029000
9.273000
22.062000
13.199000
17.087000
9.140000
12.113000
8.394000
13.636000
12.941000
11.978000
8.374000
13.282000
7.617000
15.004000
11.242000
13.973000
10.487000
13.883000
18.832000
9.582000
10.714000
14.963000
7.957000
10.399000
14.224000
16.280000
15.168000
9.904000
9.860000
4.800000
11.547000
18.173000
11.428000
14.721000
17.678000
13.451000
8.743000
11.568000
10.393000
16.917000
17.634000
12.938000
4.578000
3.522000
11.473000
16.623000
16.713000
14.965000
6.291000
6.058000
13.257000
8.772000
17.066000
20.597000
8.999000
15.018000
11.186000
11.629000
10.770000
7.805000
12.000000
20.366000
13.626000
11.394000
14.522000
9.016000
14.214000
13.600000
12.489000
14.755000
15.445000
14.686000
8.901000
13.156000
11.660000
9.934000
10.911000
11.413000
18.541000
9.593000
14.036000
10.655000
14.400000
10.512000
14.330000
8.241000
11.371000
13.620000
17.184000
7.870000
12.444000
8.146000
8.939000
13.301000
11.785000
7.325000
4.515000
14.900000
13.353000
4.082000
13.868000
5.543000
11.807000
8.325000
10.563000
12.753000
11.140000
10.809000
7.135000
13.885000
15.350000
13.466000
7.550000
11.261000
15.604000
9.856000
12.607000
5.663000
21.082000
17.492000
9.250000
11.366000
8.786000
4.322000
12.484000
0.106000
10.165000
9.414000
14.038000
12.013000
9.842000
17.232000
3.038000
13.298000
14.483000
12.353000
10.037000
10.167000
8.387000
19.705000
13.583000
17.623000
10.788000
8.466000
8.318000
6.715000
3.798000
16.101000
14.036000
14.058000
12.100000
6.575000
7.131000
8.418000
10.985000
12.397000
5.737000
11.489000
13.293000
7.699000
6.390000
3.215000
3.347000
9.418000
14.606000
12.450000
10.713000
6.284000
15.115000
4.904000
11.937000
14.000000
13.495000
12.830000
15.191000
5.902000
4.245000
12.802000
15.276000
6.104000
14.844000
9.117000
10.856000
4.496000
8.441000
12.851000
16.805000
3.460000
14.578000
20.645000
9.158000
10.063000
8.780000
11.196000
7.932000
11.154000
5.468000
9.896000
17.826000
7.403000
12.551000
5.817000
7.731000
17.395000
6.553000
6.958000
15.876000
8.598000
9.351000
16.366000
11.341000
10.414000
8.921000
7.829000
10.242000
15.770000
9.152000
8.560000
16.049000
5.680000
8.968000
16.821000
5.037000
6.617000
7.295000
13.092000
5.283000
8.124000
3.218000
15.044000
13.604000
11.810000
11.863000
15.747000
11.334000
11.673000
11.748000
20.267000
13.453000
8.092000
12.137000
8.162000
11.961000
12.714000
16.448000
4.862000
5.913000
12.930000
14.147000
14.780000
10.323000
6.263000
17.610000
12.511000
5.275000
5.438000
14.313000
7.588000
5.468000
17.377000
4.859000
9.965000
9.761000
12.409000
1.103000
6.953000
13.224000
14.276000
10.863000
7.995000
5.145000
13.778000
14.231000
5.520000
10.711000
16.784000
12.373000
9.579000
16.741000
11.723000
15.269000
9.995000
9.401000
10.728000
11.208000
9.512000
11.308000
12.426000
10.075000
10.149000
5.779000
8.854000
11.781000
14.258000
4.734000
10.884000
12.961000
8.075000
14.766000
12.240000
7.825000
11.735000
10.256000
8.829000
13.924000
9.664000
7.677000
7.425000
12.962000
10.517000
5.591000
13.716000
8.573000
7.898000
3.100000
15.878000
5.574000
6.355000
5.138000
9.627000
10.993000
11.112000
6.380000
7.545000
8.961000
4.861000
11.806000
4.878000
4.751000
9.236000
4.705000
5.763000
5.746000
10.759000
4.410000
11.077000
7.841000
2.517000
10.548000
6.640000
4.098000
5.093000
7.109000
8.307000
6.671000
3.079000
3.683000
6.839000
11.420000
6.571000
0.448000
1.216000
4.199000
10.581000
7.568000
13.561000
12.754000
3.847000
9.314000
5.505000
8.031000
9.827000
8.825000
7.520000
3.437000
5.546000
4.444000
6.461000
11.330000
9.130000
9.583000
11.925000
15.910000
6.932000
9.322000
10.091000
13.526000
10.409000
0.718000
14.331000
13.387000
7.146000
2.578000
13.974000
1.609000
3.885000
5.040000
15.265000
9.391000
5.428000
4.274000
2.288000
0.773000
1.939000
5.791000
6.787000
8.097000
3.313000
1.729000
14.969000
10.981000
6.518000
7.249000
7.145000
6.862000
14.286000
5.671000
4.726000
0.000000
4.490000
5.493000
0.000000
2.829000
7.223000
3.353000
0.930000
0.000000
1.493000
9.545000
0.000000
12.278000
7.742000
5.470000
4.589000
0.000000
0.000000
10.390000
8.963000
0.993000
7.822000
6.643000
10.623000
4.875000
9.399000
7.715000
4.923000
8.829000
9.098000
0.805000
6.307000
4.742000
12.244000
0.947000
0.000000
3.336000
6.531000
12.891000
4.827000
8.249000
3.881000
4.908000
10.913000
5.471000
2.928000
4.364000
1.755000
3.926000
2.841000
4.356000
5.228000
0.668000
0.520000
7.053000
6.047000
17.641000
0.000000
10.904000
9.473000
3.313000
12.968000
6.434000
8.798000
10.294000
0.000000
4.376000
10.065000
12.782000
15.868000
8.401000
12.164000
10.176000
4.336000
14.646000
15.041000
6.736000
8.081000
4.821000
2.332000
2.797000
9.959000
2.246000
1.897000
7.208000
8.464000
11.010000
0.000000
8.271000
5.596000
1.441000
3.481000
3.846000
7.333000
8.798000
11.043000
17.204000
13.668000
11.763000
7.942000
11.325000
16.143000
2.424000
14.305000
8.276000
4.932000
0.000000
16.656000
6.498000
9.717000
15.119000
12.204000
5.749000
15.940000
10.038000
8.290000
0.955000
9.434000
0.603000
13.268000
9.928000
7.319000
12.423000
9.493000
5.664000
14.157000
13.221000
6.855000
5.461000
7.384000
2.145000
5.055000
1.353000
6.295000
14.395000
8.377000
8.125000
11.059000
0.000000
1.567000
5.355000
9.437000
5.949000
16.154000
9.846000
1.454000
0.982000
10.124000
1.338000
2.101000
7.590000
6.797000
4.033000
18.401000
6.270000
4.997000
10.277000
3.509000
10.079000
9.137000
9.300000
2.696000
6.178000
9.001000
2.232000
4.203000
7.401000
16.141000
7.282000
7.956000
10.226000
12.172000
7.456000
2.229000
6.746000
7.528000
7.650000
4.930000
6.260000
10.173000
4.846000
5.841000
6.532000
15.113000
11.991000
4.735000
2.617000
6.193000
2.634000
2.728000
6.359000
2.835000
4.433000
5.217000
11.113000
10.067000
11.674000
7.658000
4.481000
7.408000
12.597000
8.412000
11.861000
10.167000
6.890000
9.123000
8.271000
8.322000
5.837000
9.178000
9.549000
8.070000
11.829000
6.707000
7.942000
6.756000
6.962000
6.056000
8.454000
16.019000
15.120000
11.835000
17.259000
13.697000
8.756000
10.284000
14.763000
3.667000
14.668000
7.574000
7.119000
6.196000
6.554000
17.467000
12.235000
9.164000
12.868000
7.429000
8.959000
11.852000
6.386000
14.185000
14.176000
13.929000
5.770000
13.971000
15.754000
10.867000
12.908000
20.951000
0.000000
3.019000
9.233000
3.790000
6.499000
12.907000
9.712000
17.602000
5.735000
4.712000
10.704000
0.442000
12.663000
15.149000
9.506000
11.470000
17.674000
9.909000
10.412000
14.889000
5.977000
11.015000
7.572000
11.857000
8.448000
15.395000
7.030000
13.269000
16.534000
6.307000
7.841000
8.163000
13.831000
8.089000
16.855000
0.000000
10.906000
1.647000
11.019000
3.985000
10.194000
11.145000
13.600000
10.176000
8.660000
6.188000
6.828000
10.825000
4.166000
18.471000
14.268000
12.379000
14.096000
17.995000
10.413000
11.185000
12.703000
7.837000
7.973000
6.601000
10.275000
10.596000
11.998000
5.363000
9.533000
4.038000
9.452000
6.188000
8.869000
6.017000
8.362000
5.502000
17.249000
8.783000
5.053000
10.081000
12.909000
11.751000
8.594000
6.887000
11.195000
5.881000
6.534000
3.987000
8.947000
17.933000
13.199000
11.905000
13.186000
3.829000
13.974000
15.411000
16.498000
10.047000
10.763000
11.286000
4.441000
12.890000
9.039000
14.246000
13.456000
10.612000
9.104000
7.985000
11.227000
12.248000
13.899000
12.413000
8.255000
14.317000
6.716000
9.799000
8.382000
13.043000
6.621000
12.422000
15.534000
11.563000
11.492000
13.631000
4.434000
7.723000
13.045000
12.340000
9.052000
9.406000
3.813000
10.950000
11.472000
15.638000
9.924000
11.406000
8.068000
10.295000
10.746000
11.541000
8.872000
4.765000
10.517000
15.787000
8.800000
9.828000
16.606000
7.008000
8.558000
12.377000
14.932000
6.340000
15.627000
15.024000
8.640000
8.854000
11.253000
9.431000
12.514000
8.567000
4.368000
15.455000
10.535000
4.794000
0.000000
13.085000
12.870000
16.073000
4.393000
17.918000
12.040000
9.280000
9.170000
4.292000
10.460000
11.976000
11.569000
6.798000
10.983000
15.136000
5.006000
7.001000
11.103000
17.561000
7.833000
16.586000
8.982000
15.097000
5.898000
20.361000
9.479000
16.948000
7.584000
11.614000
7.478000
7.803000
14.216000
5.684000
4.431000
3.983000
9.973000
13.753000
10.312000
10.198000
11.916000
8.374000
13.617000
8.517000
14.429000
14.170000
14.874000
14.773000
16.214000
7.383000
16.339000
12.773000
12.318000
16.892000
8.955000
10.164000
7.954000
4.269000
7.985000
5.684000
11.547000
14.315000
17.674000
4.452000
8.605000
16.395000
11.088000
12.811000
6.910000
7.288000
6.790000
10.359000
7.713000
13.510000
14.175000
13.555000
13.426000
5.518000
10.717000
12.021000
14.716000
8.563000
8.909000
15.110000
7.583000
11.774000
10.553000
14.330000
1.600000
7.083000
11.892000
9.922000
11.376000
6.030000
8.741000
5.509000
13.243000
16.092000
13.016000
9.236000
11.238000
12.183000
4.928000
5.210000
15.060000
10.954000
7.240000
9.373000
18.898000
8.151000
7.018000
12.806000
12.216000
12.832000
6.618000
12.800000
10.441000
5.009000
10.657000
11.134000
18.125000
4.678000
3.905000
12.030000
7.681000
11.486000
11.616000
15.763000
17.142000
18.043000
15.575000
11.857000
12.839000
10.806000
8.366000
11.177000
13.043000
1.888000
15.384000
2.794000
11.558000
11.760000
11.120000
7.572000
14.604000
14.570000
12.136000
15.124000
7.941000
7.192000
11.475000
16.465000
17.589000
9.319000
15.733000
11.238000
16.780000
9.986000
9.860000
4.508000
10.713000
14.153000
14.908000
9.090000
9.442000
22.326000
0.000000
20.798000
11.863000
16.747000
12.000000
16.215000
19.132000
9.616000
8.595000
17.529000
14.476000
8.064000
16.111000
10.411000
7.780000
14.148000
8.116000
13.474000
14.516000
15.867000
14.329000
11.649000
7.521000
5.639000
8.264000
7.355000
14.137000
15.501000
10.756000
13.981000
10.799000
11.792000
27.303000
12.000000
18.979000
10.176000
9.783000
15.202000
5.329000
9.578000
19.489000
12.265000
2.029000
9.175000
17.316000
17.153000
7.102000
6.477000
14.312000
14.162000
10.906000
12.717000
8.527000
16.974000
16.024000
11.979000
8.957000
9.804000
16.416000
10.233000
11.032000
18.815000
7.733000
7.109000
11.746000
8.702000
20.958000
10.934000
10.687000
11.212000
21.823000
20.542000
8.652000
17.394000
12.051000
5.648000
8.761000
8.214000
4.940000
5.945000
20.389000
17.844000
7.298000
12.581000
11.994000
8.815000
10.440000
12.232000
3.722000
14.553000
12.926000
12.043000
9.398000
9.685000
13.502000
8.127000
12.923000
9.069000
17.518000
21.158000
11.963000
14.261000
10.107000
10.272000
14.443000
11.929000
13.952000
9.311000
11.124000
9.329000
13.630000
11.177000
5.816000
11.625000
9.467000
11.264000
12.255000
8.823000
8.556000
13.304000
15.073000
7.540000
1.672000
10.392000
14.179000
14.027000
13.005000
14.290000
15.131000
8.687000
18.203000
9.688000
15.818000
17.927000
15.120000
8.944000
4.372000
8.768000
6.047000
14.272000
11.625000
17.214000
7.098000
13.047000
14.332000
11.660000
8.621000
10.759000
7.695000
8.372000
5.694000
9.963000
12.649000
10.570000
9.361000
13.064000
15.527000
10.702000
16.714000
12.596000
3.354000
13.081000
10.753000
17.819000
13.595000
6.981000
9.081000
11.918000
11.761000
7.352000
6.092000
12.321000
14.344000
10.447000
13.813000
17.305000
12.227000
17.141000
12.734000
12.987000
11.350000
8.703000
9.116000
9.226000
10.778000
12.041000
16.528000
9.724000
16.348000
15.891000
8.360000
11.944000
5.926000
7.503000
13.035000
12.059000
12.837000
7.292000
13.843000
15.220000
10.703000
12.282000
10.981000
15.809000
15.569000
10.329000
16.289000
9.287000
15.454000
15.778000
11.932000
4.632000
11.374000
10.554000
10.049000
12.045000
12.885000
5.793000
12.134000
8.420000
11.110000
10.035000
16.182000
10.517000
10.204000
14.019000
11.746000
16.209000
18.595000
11.722000
16.418000
11.809000
9.983000
11.341000
11.783000
12.991000
7.982000
10.268000
9.829000
5.437000
6.606000
4.627000
9.949000
17.264000
11.530000
6.785000
7.690000
9.387000
13.008000
10.729000
8.892000
9.215000
12.385000
12.536000
9.280000
12.725000
16.484000
19.444000
8.434000
11.230000
17.960000
12.855000
8.941000
8.391000
12.258000
10.664000
7.314000
6.823000
11.564000
10.877000
12.515000
12.957000
14.449000
20.739000
14.152000
9.992000
12.630000
11.748000
10.699000
9.278000
2.505000
13.561000
19.896000
12.658000
12.020000
8.499000
11.221000
10.466000
14.162000
11.398000
12.176000
7.598000
8.631000
6.450000
15.300000
12.703000
14.144000
9.914000
11.693000
10.491000
8.604000
9.493000
12.076000
5.898000
10.442000
10.616000
9.406000
11.941000
13.493000
13.529000
10.298000
6.923000
6.752000
10.237000
17.167000
14.204000
12.125000
4.139000
6.033000
20.934000
16.286000
10.444000
3.317000
8.284000
5.228000
13.091000
15.790000
10.538000
9.596000
8.655000
7.647000
10.569000
10.428000
10.165000
11.135000
14.918000
14.300000
5.422000
13.107000
16.359000
17.450000
10.809000
7.292000
12.408000
9.000000
7.336000
8.144000
4.123000
12.234000
6.580000
10.698000
11.627000
12.700000
9.967000
10.261000
4.791000
1.575000
11.381000
6.528000
6.194000
2.322000
3.902000
6.089000
14.860000
12.964000
2.900000
7.451000
9.127000
13.227000
9.233000
8.381000
9.665000
15.806000
8.536000
2.879000
16.853000
12.876000
9.537000
3.053000
4.382000
7.731000
8.878000
11.415000
7.572000
4.978000
12.232000
6.940000
6.859000
11.723000
13.133000
4.321000
6.254000
10.756000
4.358000
7.534000
8.659000
13.731000
14.196000
11.574000
4.568000
10.789000
8.965000
4.297000
5.106000
3.840000
10.252000
11.709000
4.952000
16.147000
1.966000
19.292000
5.682000
5.929000
12.643000
14.049000
3.944000
9.966000
12.310000
8.354000
6.297000
11.533000
6.114000
14.319000
8.651000
8.980000
13.215000
12.010000
6.684000
11.016000
13.709000
8.347000
13.056000
11.026000
6.206000
12.193000
19.709000
5.160000
6.633000
4.311000
10.714000
7.589000
14.195000
12.405000
11.462000
6.481000
4.754000
7.968000
7.359000
11.572000
9.499000
14.065000
15.278000
13.028000
7.043000
4.789000
11.435000
14.179000
6.620000
11.090000
14.310000
8.295000
15.004000
14.471000
12.343000
7.474000
9.605000
9.039000
7.747000
8.613000
7.025000
11.329000
7.507000
12.462000
12.196000
9.150000
9.077000
6.492000
10.974000
8.145000
8.846000
10.479000
4.931000
9.384000
10.436000
7.534000
4.928000
7.224000
12.398000
3.570000
3.257000
11.293000
12.245000
5.080000
7.052000
9.629000
11.484000
7.301000
7.698000
10.669000
9.001000
16.566000
12.550000
9.041000
3.549000
14.025000
10.158000
6.798000
6.964000
10.022000
4.271000
11.040000
5.547000
11.787000
9.966000
7.528000
6.332000
10.281000
6.760000
10.502000
12.962000
10.076000
7.344000
11.910000
8.680000
13.789000
3.940000
12.177000
16.315000
7.650000
4.010000
9.369000
7.698000
8.932000
5.934000
6.776000
14.545000
10.793000
18.650000
13.198000
9.687000
10.340000
7.610000
8.990000
12.691000
6.396000
7.073000
8.335000
6.492000
5.184000
2.347000
12.065000
10.423000
10.768000
7.701000
11.098000
7.256000
15.836000
5.981000
14.892000
13.918000
4.426000
13.639000
12.000000
9.992000
4.378000
8.635000
15.376000
8.335000
7.029000
15.783000
9.049000
9.189000
3.109000
19.032000
9.324000
16.212000
8.285000
20.007000
9.325000
11.682000
23.281000
10.216000
12.563000
6.136000
5.222000
8.923000
6.512000
10.439000
16.520000
14.302000
9.966000
16.238000
2.573000
7.219000
6.000000
12.936000
14.824000
10.536000
15.583000
19.071000
3.482000
6.901000
3.030000
20.006000
4.974000
13.169000
12.042000
15.417000
7.846000
10.020000
8.570000
8.072000
7.901000
8.625000
8.952000
8.645000
5.588000
6.418000
11.637000
6.869000
7.481000
12.166000
3.997000
11.553000
14.535000
7.115000
14.080000
4.198000
3.320000
8.417000
7.225000
12.262000
8.373000
18.505000
7.028000
10.416000
4.933000
5.947000
4.440000
10.694000
20.046000
3.362000
6.952000
5.453000
10.124000
17.728000
9.860000
5.311000
5.964000
6.360000
8.264000
7.191000
9.186000
8.806000
4.975000
10.541000
4.674000
12.889000
6.611000
5.155000
5.276000
7.622000
9.587000
13.855000
7.563000
4.500000
4.167000
6.856000
13.564000
10.385000
5.012000
8.444000
8.060000
6.737000
7.522000
9.279000
1.708000
15.130000
10.552000
6.478000
7.991000
6.488000
18.356000
15.884000
5.027000
12.296000
6.583000
2.649000
10.767000
7.266000
15.528000
7.072000
17.367000
15.973000
25.267000
6.377000
2.810000
7.543000
9.397000
12.536000
21.661000
13.376000
12.524000
18.500000
7.612000
19.675000
11.710000
10.574000
14.270000
9.492000
13.975000
9.697000
4.793000
8.695000
3.570000
4.662000
7.354000
15.914000
10.196000
6.196000
7.859000
5.143000
8.467000
6.171000
9.497000
9.485000
8.850000
6.348000
15.366000
9.961000
3.784000
6.404000
9.651000
9.036000
11.798000
8.496000
11.164000
9.091000
6.972000
7.888000
2.586000
17.045000
10.488000
16.383000
6.797000
13.970000
12.964000
9.150000
11.515000
7.329000
7.444000
6.966000
6.422000
17.543000
9.136000
11.129000
12.782000
8.365000
7.495000
9.997000
5.519000
11.689000
4.375000
8.939000
5.333000
4.399000
16.912000
7.902000
8.821000
16.383000
8.990000
12.124000
13.620000
5.484000
2.490000
9.514000
16.831000
8.532000
14.135000
8.181000
9.916000
10.918000
6.986000
10.445000
11.108000
7.100000
11.969000
16.948000
10.787000
15.566000
6.338000
17.544000
15.322000
7.480000
5.793000
8.083000
11.839000
13.948000
16.191000
8.100000
9.512000
8.683000
13.715000
8.808000
7.626000
11.964000
11.624000
7.911000
12.781000
11.899000
13.353000
13.887000
3.645000
8.727000
10.229000
13.392000
7.523000
11.402000
4.736000
4.604000
4.867000
13.217000
14.002000
3.484000
13.616000
11.865000
9.088000
8.776000
8.414000
6.874000
4.712000
5.648000
8.329000
11.461000
10.726000
11.138000
9.741000
10.806000
7.443000
7.494000
12.460000
6.928000
11.150000
24.786000
12.678000
10.863000
14.553000
2.736000
8.716000
11.879000
9.885000
8.105000
15.124000
13.134000
12.705000
5.013000
14.793000
7.037000
22.344000
18.680000
8.616000
6.934000
6.276000
12.415000
12.521000
12.132000
11.454000
8.206000
13.451000
14.626000
19.432000
7.983000
8.907000
10.884000
10.003000
16.848000
11.985000
14.864000
11.465000
8.467000
9.143000
14.736000
8.509000
11.201000
14.395000
16.630000
13.786000
10.607000
18.316000
2.625000
8.281000
10.010000
6.540000
11.978000
12.911000
4.861000
7.910000
16.790000
16.515000
13.831000
4.952000
12.757000
12.022000
12.765000
2.371000
17.480000
8.420000
11.127000
7.739000
13.311000
15.194000
15.249000
16.348000
11.139000
13.138000
15.100000
6.797000
11.931000
17.505000
12.112000
9.375000
6.364000
13.721000
7.682000
10.874000
13.005000
15.478000
16.238000
8.062000
6.676000
12.454000
9.159000
15.252000
24.866000
4.104000
12.813000
12.123000
5.877000
5.162000
10.473000
18.028000
11.071000
16.948000
8.402000
8.179000
11.362000
9.937000
10.301000
5.943000
7.432000
10.267000
10.053000
9.050000
14.064000
7.680000
9.207000
9.998000
11.023000
13.454000
10.901000
8.407000
10.941000
10.905000
13.958000
9.061000
4.148000
7.839000
15.589000
12.139000
10.706000
13.434000
16.765000
20.082000
7.230000
8.656000
12.471000
8.862000
12.988000
6.968000
9.288000
15.785000
13.953000
11.318000
12.501000
9.818000
9.875000
9.104000
7.224000
5.773000
7.696000
10.696000
5.652000
14.691000
6.009000
17.052000
10.235000
3.860000
12.949000
10.155000
10.795000
7.506000
13.692000
13.143000
14.066000
13.168000
17.296000
2.327000
8.066000
8.182000
5.369000
10.743000
10.990000
4.350000
7.819000
15.357000
11.343000
8.758000
6.574000
11.128000
6.612000
10.866000
13.226000
13.155000
6.475000
6.691000
8.317000
8.489000
8.204000
7.349000
11.322000
10.314000
11.682000
9.410000
8.997000
8.460000
15.056000
6.447000
10.958000
8.370000
14.734000
9.331000
7.247000
10.964000
5.273000
16.321000
11.570000
10.474000
7.927000
6.653000
12.232000
14.058000
10.226000
11.545000
13.906000
8.828000
24.646000
11.227000
17.636000
9.054000
12.898000
10.438000
11.654000
12.205000
7.530000
15.126000
11.981000
8.227000
11.686000
17.488000
12.138000
13.118000
4.846000
5.536000
13.243000
15.925000
9.012000
9.245000
20.329000
13.595000
8.209000
17.433000
13.214000
6.683000
13.863000
6.680000
10.184000
1.794000
15.603000
14.346000
9.053000
9.739000
9.200000
10.250000
10.073000
1.395000
7.963000
12.417000
9.726000
9.940000
3.934000
16.079000
10.701000
9.120000
8.136000
8.575000
7.640000
15.409000
8.256000
16.173000
13.023000
12.526000
11.539000
6.433000
6.470000
5.054000
12.219000
12.586000
14.459000
8.259000
10.819000
7.518000
10.176000
7.707000
7.751000
12.918000
0.000000
12.930000
6.337000
12.478000
14.179000
14.424000
3.562000
9.453000
10.296000
9.185000
4.412000
8.718000
4.234000
10.548000
6.509000
13.373000
12.638000
7.956000
8.763000
11.374000
9.631000
12.426000
14.215000
7.579000
8.193000
12.094000
4.278000
6.451000
10.941000
10.229000
7.123000
10.538000
8.485000
5.716000
11.205000
13.358000
2.979000
19.015000
11.842000
10.641000
6.696000
9.477000
5.764000
1.491000
11.391000
14.168000
10.784000
11.745000
3.600000
9.426000
6.233000
1.005000
8.350000
2.656000
8.406000
5.735000
2.899000
4.793000
6.645000
6.401000
7.940000
13.170000
2.398000
8.941000
9.005000
4.752000
12.464000
14.982000
8.502000
12.320000
9.178000
0.000000
5.138000
3.119000
17.072000
15.958000
11.513000
6.853000
10.266000
4.925000
10.363000
6.373000
11.142000
13.896000
13.581000
9.357000
11.626000
7.784000
17.021000
14.625000
15.069000
3.130000
3.891000
4.827000
7.247000
4.662000
3.959000
15.038000
9.748000
13.145000
11.569000
2.596000
4.950000
1.435000
11.237000
5.475000
8.032000
10.533000
12.256000
7.208000
5.065000
3.377000
8.414000
8.099000
11.731000
5.873000
19.456000
11.365000
8.086000
11.483000
12.827000
11.679000
4.551000
9.626000
17.231000
6.143000
8.072000
16.896000
8.512000
7.240000
13.262000
12.216000
0.000000
17.738000
7.056000
13.488000
8.813000
17.211000
6.308000
13.918000
6.393000
11.706000
9.792000
12.399000
13.598000
3.403000
3.604000
15.675000
16.559000
3.538000
9.574000
25.844000
5.356000
21.532000
8.145000
7.070000
7.004000
9.875000
6.265000
8.082000
4.872000
12.869000
16.138000
8.745000
4.763000
11.963000
5.219000
11.232000
0.000000
15.593000
10.881000
1.411000
4.135000
5.069000
5.496000
5.803000
4.564000
8.998000
8.685000
5.806000
6.146000
6.219000
10.516000
8.915000
11.034000
8.602000
13.710000
4.628000
11.592000
4.853000
18.180000
9.580000
7.594000
2.149000
9.388000
15.801000
9.670000
6.346000
10.798000
10.667000
3.470000
11.161000
5.586000
4.115000
5.415000
18.071000
7.863000
8.863000
5.977000
19.090000
4.015000
6.350000
7.132000
12.518000
8.352000
7.580000
12.011000
10.331000
11.781000
9.025000
5.776000
10.392000
15.228000
12.937000
16.427000
7.205000
8.948000
10.682000
7.809000
3.427000
10.091000
14.451000
5.442000
15.490000
8.098000
4.647000
8.104000
7.853000
15.130000
6.880000
11.892000
8.663000
8.940000
12.027000
12.906000
14.606000
15.782000
14.749000
9.555000
7.455000
9.344000
10.615000
12.098000
9.876000
12.562000
4.769000
14.435000
4.333000
15.729000
16.756000
16.068000
11.020000
5.711000
12.434000
9.178000
5.924000
6.489000
9.743000
1.062000
7.003000
13.837000
13.033000
5.007000
4.615000
8.642000
6.548000
8.986000
0.000000
9.265000
15.036000
2.621000
12.053000
6.612000
12.975000
9.485000
17.751000
10.631000
11.173000
3.956000
6.941000
13.299000
5.957000
11.032000
10.727000
9.295000
15.076000
9.067000
12.302000
11.633000
8.007000
16.361000
5.736000
16.822000
17.399000
10.621000
5.744000
6.683000
8.491000
13.044000
9.066000
9.760000
7.981000
3.929000
12.210000
8.930000
9.856000
9.053000
8.855000
0.643000
12.968000
8.136000
13.949000
4.674000
7.621000
14.090000
4.080000
4.190000
11.034000
7.472000
6.972000
16.398000
8.707000
13.333000
4.759000
7.544000
12.056000
6.526000
13.731000
7.682000
15.953000
13.999000
4.762000
7.497000
2.268000
10.449000
19.118000
8.404000
5.252000
10.396000
7.980000
10.812000
7.227000
3.934000
7.331000
6.983000
10.351000
5.262000
10.324000
20.096000
13.396000
9.744000
13.951000
7.257000
5.830000
9.064000
4.982000
5.865000
7.526000
8.482000
7.197000
15.022000
6.246000
13.357000
14.977000
7.130000
7.902000
18.367000
12.089000
11.918000
8.614000
7.857000
14.347000
5.725000
6.222000
9.925000
10.176000
18.771000
6.318000
11.568000
8.331000
6.760000
6.951000
6.751000
10.239000
8.267000
21.329000
9.268000
10.242000
7.845000
11.746000
8.817000
16.950000
10.614000
19.094000
3.353000
8.959000
13.708000
3.577000
8.375000
9.382000
9.841000
6.694000
20.663000
15.047000
8.907000
11.361000
8.294000
17.015000
11.885000
6.666000
12.736000
11.083000
6.558000
11.232000
15.152000
11.239000
14.548000
5.478000
6.598000
11.975000
5.792000
10.440000
17.053000
3.218000
11.477000
7.002000
12.578000
12.228000
12.308000
9.627000
15.289000
12.157000
9.023000
8.541000
19.637000
15.605000
4.736000
10.311000
13.521000
15.449000
14.710000
16.309000
8.763000
12.843000
12.935000
8.882000
12.446000
10.601000
5.300000
9.020000
9.351000
14.431000
16.769000
12.409000
8.128000
10.313000
16.888000
15.179000
13.622000
13.399000
16.382000
7.447000
9.783000
16.811000
11.890000
9.920000
3.137000
8.698000
14.188000
9.852000
11.344000
11.402000
10.014000
14.137000
11.930000
6.977000
8.266000
8.838000
8.546000
10.105000
10.689000
17.191000
3.527000
6.414000
18.584000
12.073000
24.727000
7.173000
11.654000
13.729000
14.880000
7.363000
10.076000
9.576000
7.101000
12.086000
17.835000
5.445000
16.828000
15.980000
7.316000
16.186000
5.803000
9.853000
8.752000
11.097000
17.555000
14.614000
6.950000
9.878000
19.355000
14.545000
11.426000
5.146000
13.382000
8.937000
23.307000
7.046000
8.806000
8.272000
16.383000
10.115000
7.763000
8.630000
8.397000
6.130000
11.981000
7.558000
9.645000
8.706000
10.647000
13.628000
8.932000
7.679000
10.032000
5.416000
12.879000
14.778000
6.978000
19.882000
9.712000
14.834000
12.391000
17.272000
15.285000
19.910000
16.448000
6.959000
11.724000
9.556000
10.400000
10.033000
10.301000
11.778000
7.406000
13.443000
7.804000
12.123000
10.133000
16.858000
10.536000
16.515000
9.439000
11.033000
16.820000
19.833000
16.500000
13.144000
8.183000
13.399000
15.478000
16.725000
18.281000
9.655000
10.724000
9.069000
10.327000
23.488000
15.843000
5.511000
7.328000
14.753000
9.065000
8.457000
12.777000
11.406000
11.736000
15.860000
13.949000
13.422000
4.291000
7.169000
11.844000
8.176000
7.318000
12.868000
7.698000
7.046000
13.299000
11.094000
7.430000
7.900000
3.990000
5.794000
18.529000
4.575000
4.741000
6.215000
8.281000
6.801000
13.821000
8.625000
7.880000
17.769000
12.516000
6.342000
12.086000
10.236000
8.778000
6.012000
3.987000
7.004000
12.206000
7.151000
11.839000
6.123000
11.264000
4.312000
6.939000
5.492000
17.294000
11.174000
10.410000
10.852000
8.383000
6.416000
14.146000
4.624000
8.277000
6.626000
10.679000
7.895000
11.892000
11.617000
9.788000
13.643000
10.211000
12.110000
17.318000
8.624000
11.071000
4.789000
8.510000
6.557000
9.840000
8.964000
7.845000
5.608000
6.161000
6.084000
9.494000
15.525000
9.864000
25.992000
9.783000
13.861000
7.470000
5.819000
13.949000
10.083000
8.987000
23.601000
15.198000
11.295000
14.541000
9.680000
14.064000
11.775000
9.965000
12.421000
8.766000
10.079000
9.031000
7.420000
5.650000
7.217000
15.638000
9.852000
9.031000
10.740000
7.304000
11.744000
13.555000
17.519000
12.813000
11.264000
9.087000
10.897000
14.956000
6.335000
10.516000
9.705000
6.541000
8.877000
11.244000
8.129000
19.414000
15.812000
9.999000
7.418000
16.579000
1.856000
7.738000
11.702000
15.019000
14.836000
7.294000
11.731000
4.469000
11.338000
17.066000
7.682000
17.862000
12.721000
11.662000
9.061000
8.775000
13.232000
5.672000
12.314000
18.876000
17.782000
13.956000
10.742000
14.271000
5.657000
3.821000
18.314000
15.634000
9.991000
4.816000
6.958000
16.550000
7.449000
4.595000
9.423000
9.691000
13.260000
14.488000
13.835000
12.796000
10.567000
6.780000
9.122000
16.346000
14.740000
2.923000
7.379000
10.458000
10.677000
19.134000
5.729000
6.657000
6.267000
16.521000
10.093000
13.086000
10.554000
17.096000
11.705000
11.480000
13.689000
10.616000
12.246000
14.939000
13.038000
18.817000
8.447000
3.472000
7.888000
6.219000
14.064000
14.091000
12.700000
11.540000
6.809000
22.801000
8.174000
6.498000
9.335000
10.208000
11.178000
8.988000
8.092000
14.753000
9.959000
6.503000
10.428000
9.388000
7.872000
7.286000
9.866000
4.168000
13.224000
11.684000
10.760000
10.858000
9.125000
10.425000
7.829000
6.580000
12.814000
10.172000
5.084000
17.614000
15.742000
16.617000
10.551000
15.146000
16.858000
7.935000
8.162000
16.165000
8.438000
7.060000
5.784000
19.454000
13.181000
7.016000
6.072000
10.377000
5.016000
13.956000
12.599000
9.600000
14.850000
7.396000
7.711000
9.455000
6.262000
10.463000
10.015000
13.105000
9.754000
12.061000
14.589000
12.862000
9.666000
9.808000
7.292000
4.849000
12.141000
18.991000
15.499000
11.945000
7.922000
10.059000
15.220000
11.091000
11.219000
6.642000
6.928000
12.490000
7.999000
12.310000
20.017000
5.043000
13.749000
5.081000
11.398000
19.082000
17.759000
9.802000
13.907000
15.401000
7.495000
8.772000
11.582000
23.274000
9.921000
7.823000
8.083000
5.769000
5.795000
4.057000
6.101000
12.532000
20.299000
12.045000
12.785000
11.092000
15.288000
7.650000
11.865000
12.782000
12.951000
9.893000
3.143000
12.304000
8.727000
12.744000
10.610000
8.840000
15.188000
8.283000
20.283000
13.355000
7.859000
8.465000
7.850000
18.624000
19.781000
10.792000
11.357000
11.416000
7.092000
8.666000
13.428000
11.617000
14.941000
9.930000
17.271000
10.359000
3.598000
14.318000
9.122000
11.945000
14.241000
8.051000
9.159000
10.982000
10.364000
11.185000
7.601000
15.983000
14.458000
11.552000
18.972000
9.340000
16.138000
16.121000
7.914000
17.036000
11.429000
12.134000
9.763000
9.188000
9.803000
10.603000
18.876000
10.185000
11.119000
9.442000
8.318000
12.377000
9.607000
9.328000
12.706000
12.639000
6.576000
6.579000
16.892000
12.000000
9.992000
7.024000
10.738000
10.634000
8.457000
7.867000
11.367000
9.306000
12.301000
2.874000
14.313000
4.192000
13.029000
13.548000
11.639000
12.285000
17.947000
2.943000
15.106000
11.616000
13.372000
15.255000
9.191000
9.230000
18.774000
15.826000
0.000000
15.857000
15.503000
19.089000
10.378000
10.594000
19.514000
6.706000
16.041000
20.896000
7.288000
12.104000
13.874000
8.071000
12.424000
11.224000
8.699000
7.179000
12.470000
10.422000
12.291000
20.157000
6.694000
5.843000
7.472000
9.776000
5.237000
9.164000
7.613000
9.921000
15.420000
15.039000
12.522000
4.280000
14.751000
8.913000
12.318000
11.871000
5.154000
12.396000
12.302000
4.655000
19.701000
12.188000
15.960000
13.085000
12.073000
14.477000
16.974000
9.392000
17.469000
5.006000
10.867000
9.118000
12.911000
7.205000
17.079000
6.552000
13.027000
12.136000
13.978000
9.870000
17.064000
13.536000
17.913000
14.356000
4.845000
2.494000
8.935000
12.541000
11.152000
8.828000
6.437000
3.326000
11.989000
7.024000
9.015000
19.717000
11.334000
17.636000
15.314000
14.426000
6.453000
16.194000
1.566000
5.622000
5.716000
11.419000
17.486000
14.320000
13.060000
10.600000
4.011000
9.604000
15.042000
16.665000
11.976000
13.616000
13.452000
10.778000
7.178000
7.366000
9.264000
15.470000
7.232000
12.842000
12.308000
12.900000
11.777000
6.264000
15.760000
4.895000
14.936000
19.991000
7.435000
7.809000
12.806000
9.566000
6.822000
17.434000
13.398000
14.635000
19.210000
9.409000
15.406000
24.591000
10.296000
14.997000
11.541000
15.086000
13.762000
4.129000
1.579000
12.642000
20.424000
13.854000
0.000000
11.006000
12.752000
15.837000
6.257000
3.953000
14.683000
10.976000
9.924000
16.492000
8.937000
4.480000
12.217000
9.579000
10.876000
7.358000
11.536000
10.188000
3.970000
12.777000
12.112000
17.108000
12.868000
15.037000
5.054000
11.693000
9.513000
0.187000
7.809000
11.103000
11.549000
7.983000
3.633000
6.949000
5.228000
3.963000
5.197000
7.464000
3.904000
11.044000
10.214000
7.272000
7.471000
5.050000
7.975000
9.310000
1.763000
9.349000
3.248000
3.646000
10.275000
4.482000
5.464000
1.790000
11.481000
5.674000
6.119000
3.556000
9.804000
4.790000
11.186000
7.946000
6.079000
11.448000
10.572000
1.475000
2.230000
4.990000
15.017000
1.697000
9.647000
8.340000
3.977000
7.788000
11.713000
3.235000
11.010000
9.733000
9.039000
4.715000
7.559000
18.535000
5.802000
6.499000
0.000000
15.270000
22.885000
4.448000
13.632000
9.040000
3.921000
2.547000
3.955000
2.397000
8.139000
3.609000
1.934000
3.709000
5.786000
6.752000
0.050000
7.733000
3.518000
8.965000
10.135000
7.056000
3.193000
11.897000
9.900000
5.848000
6.705000
0.228000
2.780000
2.700000
3.889000
5.415000
4.080000
5.270000
2.753000
6.054000
5.497000
3.558000
0.542000
5.809000
4.777000
4.504000
4.455000
2.308000
0.000000
7.888000
1.376000
5.135000
8.048000
4.726000
5.036000
0.000000
2.488000
6.059000
11.051000
14.367000
9.669000
8.346000
6.226000
1.672000
0.000000
4.916000
2.786000
5.461000
9.413000
8.512000
11.333000
6.998000
5.539000
2.615000
3.557000
7.616000
3.930000
3.369000
1.038000
0.574000
2.472000
1.529000
4.541000
15.183000
4.585000
4.136000
3.205000
1.985000
1.740000
1.356000
16.558000
7.761000
0.687000
20.908000
7.388000
17.713000
0.414000
10.988000
10.402000
2.663000
25.581000
2.113000
7.531000
1.559000
4.576000
12.332000
7.361000
4.245000
10.287000
7.549000
3.945000
0.000000
0.000000
7.713000
3.122000
2.918000
4.270000
11.674000
2.017000
5.110000
1.423000
4.637000
3.634000
10.361000
0.660000
10.621000
13.270000
5.913000
5.270000
5.273000
0.985000
13.488000
18.632000
9.149000
10.563000
0.269000
5.412000
8.681000
16.193000
3.833000
13.654000
3.505000
6.295000
1.297000
1.736000
5.110000
4.426000
1.279000
12.436000
7.209000
1.949000
11.422000
10.291000
13.828000
6.026000
21.381000
16.277000
4.126000
2.073000
5.990000
7.896000
11.899000
0.000000
10.469000
2.294000
11.644000
0.054000
10.555000
1.371000
12.025000
10.880000
11.284000
5.428000
18.701000
12.285000
5.371000
2.712000
5.522000
0.715000
4.184000
9.245000
3.514000
0.000000
4.545000
14.210000
1.111000
11.922000
9.258000
12.444000
2.854000
14.791000
12.816000
12.004000
7.180000
5.773000
19.209000
17.650000
2.508000
3.075000
7.775000
13.306000
7.758000
5.550000
15.813000
6.829000
7.544000
0.181000
5.979000
12.294000
3.017000
5.040000
7.626000
4.924000
7.075000
13.296000
5.939000
15.659000
11.163000
3.553000
10.873000
4.755000
7.944000
15.267000
1.200000
11.146000
2.463000
9.506000
15.791000
11.441000
11.622000
12.786000
3.670000
6.499000
7.911000
5.657000
14.241000
15.931000
6.598000
6.234000
10.486000
17.938000
9.922000
4.221000
2.211000
4.177000
3.219000
26.242000
19.733000
7.066000
2.373000
18.368000
0.446000
3.774000
7.419000
9.683000
19.031000
10.947000
2.901000
13.666000
5.244000
24.916000
4.395000
8.592000
2.448000
7.778000
5.587000
19.780000
10.342000
0.000000
9.246000
7.169000
6.496000
14.378000
9.282000
3.205000
0.000000
5.813000
13.770000
7.149000
2.874000
5.762000
10.274000
10.297000
15.078000
9.249000
1.902000
4.337000
4.921000
13.505000
13.829000
18.166000
4.910000
16.501000
7.787000
9.703000
10.549000
11.727000
5.700000
10.317000
19.136000
11.651000
17.775000
11.928000
1.826000
6.872000
0.744000
9.889000
12.664000
8.754000
5.555000
1.550000
4.702000
10.695000
3.780000
7.628000
9.352000
7.167000
10.725000
10.601000
13.233000
6.272000
8.797000
9.681000
15.679000
16.941000
9.394000
8.858000
8.038000
12.187000
8.288000
11.782000
5.951000
5.536000
13.040000
3.307000
2.964000
6.506000
12.013000
13.623000
10.127000
1.448000
10.354000
9.216000
8.901000
4.908000
22.377000
10.262000
11.343000
13.844000
7.784000
10.513000
19.134000
11.748000
10.385000
7.568000
5.244000
6.380000
16.433000
6.299000
11.368000
8.236000
6.477000
13.290000
10.429000
5.326000
14.080000
16.500000
10.397000
6.339000
20.794000
9.293000
7.318000
15.852000
24.234000
12.796000
8.905000
2.629000
5.564000
12.325000
12.245000
13.345000
7.564000
5.886000
11.401000
14.962000
14.149000
1.979000
9.170000
10.941000
8.686000
16.798000
7.332000
18.077000
11.954000
15.092000
17.765000
16.696000
3.218000
11.026000
4.306000
7.254000
21.157000
14.337000
8.805000
11.771000
6.528000
10.547000
4.854000
8.117000
7.592000
4.025000
8.953000
17.856000
11.313000
12.151000
8.880000
8.536000
9.812000
10.083000
0.918000
11.080000
10.238000
8.329000
4.370000
18.509000
16.270000
13.036000
15.530000
6.258000
14.272000
1.994000
9.588000
7.486000
7.560000
6.980000
18.713000
3.765000
13.711000
24.601000
10.655000
5.721000
17.685000
15.156000
12.571000
13.584000
3.842000
3.493000
9.095000
11.026000
5.359000
13.217000
12.905000
10.083000
10.612000
8.914000
8.233000
20.863000
9.217000
6.899000
16.533000
11.761000
5.450000
7.428000
10.134000
11.642000
10.140000
9.750000
13.244000
9.928000
21.905000
7.261000
14.645000
9.997000
7.517000
14.186000
17.587000
11.979000
24.959000
22.345000
13.164000
8.285000
10.398000
17.394000
6.646000
12.165000
16.657000
9.979000
13.086000
13.305000
15.442000
16.732000
13.267000
15.547000
10.872000
12.112000
11.724000
3.948000
20.136000
15.095000
12.289000
13.698000
9.607000
9.707000
12.004000
13.240000
15.763000
5.413000
16.759000
11.475000
19.035000
13.615000
10.537000
10.379000
19.560000
5.626000
9.386000
2.101000
16.203000
19.961000
10.737000
6.000000
9.806000
10.100000
21.841000
13.379000
11.953000
10.380000
12.200000
11.093000
8.023000
17.616000
9.722000
6.510000
12.622000
7.804000
15.967000
11.307000
3.623000
10.801000
16.504000
20.814000
7.937000
8.580000
15.092000
18.431000
16.252000
9.017000
9.341000
18.964000
9.556000
9.544000
10.526000
14.948000
10.157000
20.516000
23.445000
11.634000
8.181000
7.286000
7.550000
12.869000
13.729000
17.582000
12.540000
9.512000
13.264000
11.035000
11.280000
15.868000
10.754000
15.795000
13.275000
20.808000
11.464000
19.025000
17.837000
12.556000
12.132000
10.286000
15.807000
9.890000
13.723000
8.405000
12.145000
19.647000
6.924000
6.961000
19.062000
8.936000
13.431000
15.296000
8.121000
10.456000
15.174000
18.156000
9.364000
8.835000
11.629000
9.716000
8.314000
11.706000
14.299000
14.805000
12.152000
19.079000
6.886000
15.176000
10.770000
22.088000
7.379000
10.657000
13.065000
8.783000
12.745000
16.668000
15.751000
9.743000
8.720000
14.250000
11.198000
5.428000
3.596000
11.363000
11.269000
13.503000
18.349000
16.621000
11.845000
11.344000
7.608000
14.739000
10.985000
13.442000
12.153000
16.534000
12.180000
12.941000
11.248000
11.836000
11.552000
16.218000
4.448000
21.539000
11.824000
17.478000
9.178000
22.500000
13.689000
18.303000
6.056000
12.834000
17.405000
11.031000
14.888000
8.633000
8.068000
15.815000
12.085000
9.180000
15.026000
12.926000
10.509000
12.799000
0.000000
13.497000
11.030000
12.003000
13.654000
12.092000
8.548000
4.530000
0.000000
12.116000
14.988000
13.019000
13.435000
13.737000
15.181000
16.822000
13.470000
11.884000
7.716000
11.592000
10.103000
5.337000
8.860000
9.040000
11.788000
13.379000
14.241000
12.563000
18.072000
9.801000
13.160000
13.102000
12.192000
6.356000
18.109000
8.584000
9.858000
16.179000
10.082000
5.994000
17.527000
11.573000
7.553000
14.474000
10.117000
11.676000
17.373000
11.502000
6.748000
9.532000
14.165000
16.783000
11.904000
4.797000
9.664000
13.913000
12.979000
14.050000
12.678000
2.897000
13.803000
7.120000
12.518000
13.900000
11.261000
9.760000
10.908000
11.579000
6.739000
8.524000
9.941000
12.254000
11.568000
16.645000
9.500000
10.693000
16.252000
13.537000
17.554000
10.270000
12.100000
7.940000
11.471000
8.956000
9.162000
12.172000
14.722000
12.862000
11.164000
17.184000
10.101000
7.507000
9.990000
4.386000
9.936000
12.989000
9.909000
13.844000
10.220000
8.736000
4.835000
10.246000
11.263000
19.244000
11.662000
14.681000
9.840000
10.095000
10.699000
15.521000
10.272000
10.053000
13.445000
11.378000
15.160000
6.271000
16.038000
17.164000
9.306000
20.124000
14.030000
15.088000
11.324000
12.682000
5.553000
7.540000
14.309000
12.881000
12.007000
12.558000
9.343000
15.826000
13.680000
20.034000
12.553000
6.139000
8.028000
9.162000
11.329000
11.023000
16.071000
12.811000
4.330000
9.478000
9.639000
6.501000
5.410000
11.171000
11.686000
11.647000
9.323000
7.287000
12.346000
9.394000
17.155000
13.889000
15.345000
15.218000
15.016000
8.332000
9.851000
17.268000
10.842000
10.228000
20.634000
9.064000
10.080000
8.039000
16.060000
20.070000
17.586000
11.563000
15.193000
7.822000
6.195000
12.784000
10.831000
11.329000
12.759000
21.516000
10.437000
9.429000
4.495000
6.255000
8.790000
10.632000
7.165000
12.811000
13.788000
11.940000
4.537000
5.256000
3.806000
7.094000
17.207000
8.039000
2.405000
11.690000
10.030000
8.389000
7.703000
5.922000
11.095000
8.428000
9.267000
6.814000
7.097000
4.373000
7.020000
10.377000
8.086000
17.343000
7.934000
3.424000
8.550000
7.022000
13.118000
19.334000
10.490000
17.258000
8.812000
5.678000
6.960000
14.499000
8.973000
7.176000
14.303000
11.453000
4.021000
7.695000
19.113000
8.441000
16.596000
14.275000
7.364000
10.027000
6.337000
12.903000
23.827000
3.700000
16.278000
13.767000
19.004000
11.156000
0.613000
10.440000
13.469000
0.005000
7.120000
7.404000
11.943000
0.000000
4.405000
7.777000
2.866000
9.785000
21.590000
9.483000
15.987000
9.433000
9.063000
7.555000
11.574000
16.073000
6.732000
23.322000
4.009000
7.503000
11.443000
0.184000
5.677000
10.089000
11.150000
7.639000
13.353000
11.474000
3.932000
5.274000
9.179000
7.995000
13.461000
1.981000
21.619000
6.378000
9.529000
9.905000
0.000000
11.055000
7.362000
18.627000
15.579000
9.829000
14.317000
19.401000
8.954000
5.377000
6.749000
24.755000
22.282000
8.977000
11.512000
21.757000
10.842000
15.993000
1.870000
10.727000
4.247000
20.545000
13.334000
1.495000
17.582000
10.484000
10.830000
9.296000
19.971000
21.372000
6.111000
9.456000
17.764000
12.046000
18.112000
15.504000
4.741000
15.455000
14.755000
17.957000
17.816000
15.753000
4.364000
0.000000
10.332000
15.850000
13.628000
23.754000
16.624000
3.791000
4.011000
13.215000
5.371000
19.150000
23.642000
4.042000
12.812000
6.902000
15.371000
24.408000
4.687000
0.673000
5.392000
12.596000
2.329000
9.321000
15.223000
6.015000
22.597000
4.821000
10.354000
15.045000
14.651000
19.963000
14.613000
16.022000
6.284000
17.680000
18.715000
8.751000
18.026000
17.995000
21.420000
5.748000
5.039000
16.226000
11.110000
11.274000
5.359000
1.464000
11.323000
8.567000
8.565000
14.002000
11.438000
20.787000
5.243000
20.559000
13.602000
17.009000
11.045000
15.368000
10.225000
23.892000
7.705000
7.921000
7.941000
5.474000
8.965000
7.621000
21.643000
10.594000
10.527000
20.792000
6.988000
12.147000
5.255000
21.179000
13.933000
17.397000
12.736000
4.733000
10.962000
19.934000
10.487000
8.953000
20.784000
16.794000
18.719000
9.871000
15.341000
13.950000
11.540000
0.000000
17.952000
5.402000
17.426000
16.051000
8.824000
16.471000
10.338000
14.220000
16.285000
11.551000
12.769000
4.145000
9.743000
18.906000
3.704000
17.428000
10.331000
13.613000
12.471000
12.707000
14.974000
14.927000
12.919000
5.993000
14.081000
20.948000
12.502000
14.792000
10.060000
15.818000
1.807000
13.304000
4.367000
11.587000
9.947000
13.191000
14.871000
3.994000
16.163000
2.400000
16.876000
10.413000
15.091000
16.009000
10.194000
11.753000
17.065000
17.592000
10.266000
15.513000
18.009000
5.733000
17.054000
9.472000
9.105000
18.633000
14.046000
16.100000
10.974000
6.521000
16.922000
5.522000
20.973000
12.828000
14.768000
12.935000
4.567000
15.807000
17.212000
13.047000
16.050000
5.509000
14.101000
12.909000
0.986000
11.932000
5.705000
11.068000
18.549000
16.747000
12.339000
11.708000
12.550000
11.158000
5.063000
12.541000
15.678000
12.266000
10.523000
19.768000
17.337000
11.704000
4.188000
4.754000
10.823000
10.878000
19.612000
15.624000
15.123000
18.165000
6.644000
8.719000
5.790000
16.574000
16.283000
14.673000
9.423000
13.311000
10.895000
23.971000
9.570000
7.899000
10.152000
14.114000
5.979000
15.107000
20.037000
14.015000
11.411000
8.654000
3.575000
21.927000
15.325000
9.680000
10.674000
10.895000
18.963000
21.476000
10.996000
15.809000
11.667000
9.504000
21.938000
9.753000
16.056000
19.395000
13.102000
11.197000
19.568000
17.834000
17.367000
18.403000
18.182000
11.299000
15.189000
15.728000
3.414000
13.223000
20.401000
15.626000
8.355000
7.100000
23.390000
9.599000
17.103000
12.173000
9.106000
13.649000
9.204000
15.653000
21.629000
11.139000
19.760000
17.803000
18.126000
21.473000
13.585000
21.162000
14.312000
10.459000
21.797000
18.783000
12.884000
7.496000
17.144000
5.333000
18.843000
16.551000
14.588000
17.204000
12.891000
11.335000
15.812000
11.664000
15.965000
11.825000
15.680000
12.485000
14.886000
10.948000
10.510000
19.053000
23.362000
16.829000
10.149000
11.487000
11.856000
5.359000
9.359000
7.764000
11.864000
5.444000
14.767000
14.077000
12.420000
9.765000
12.969000
15.961000
17.105000
12.624000
12.956000
9.804000
12.172000
7.223000
16.735000
15.048000
13.238000
8.240000
10.583000
11.843000
13.277000
1.550000
6.893000
14.978000
7.088000
11.688000
6.623000
14.162000
10.614000
12.820000
14.499000
16.267000
10.541000
5.350000
12.622000
11.579000
5.991000
12.643000
8.204000
8.852000
14.074000
7.550000
15.921000
9.132000
8.054000
10.034000
15.106000
13.961000
9.463000
11.680000
8.854000
14.104000
9.806000
6.914000
2.858000
8.935000
4.898000
9.256000
13.925000
13.474000
5.946000
15.081000
14.692000
20.982000
10.395000
19.602000
7.738000
13.576000
6.875000
14.330000
12.332000
10.856000
2.700000
8.062000
10.140000
19.956000
12.299000
11.665000
18.625000
4.307000
14.058000
11.957000
14.289000
20.215000
14.236000
15.365000
11.004000
16.725000
19.327000
12.321000
15.632000
10.530000
17.403000
13.609000
12.381000
6.228000
8.343000
6.966000
15.141000
12.036000
13.422000
15.259000
8.795000
15.553000
13.050000
13.035000
10.449000
18.836000
9.231000
9.300000
7.301000
10.108000
10.619000
11.462000
8.367000
9.128000
4.926000
12.443000
12.256000
11.483000
12.714000
6.034000
16.696000
10.781000
14.790000
14.811000
12.584000
18.473000
9.693000
12.034000
9.343000
12.477000
15.855000
4.481000
8.065000
7.817000
15.076000
5.322000
12.335000
13.000000
14.928000
16.445000
11.129000
11.101000
5.106000
13.865000
6.981000
12.670000
10.583000
11.302000
4.933000
10.121000
13.371000
8.807000
17.420000
8.496000
12.838000
8.699000
9.665000
11.948000
13.495000
13.297000
10.181000
6.962000
9.441000
14.803000
11.105000
9.573000
14.842000
13.030000
14.805000
15.259000
14.572000
4.624000
16.298000
11.745000
4.378000
12.390000
11.412000
9.374000
12.299000
11.186000
10.730000
2.136000
15.138000
12.596000
10.401000
12.254000
2.196000
13.963000
5.817000
13.466000
13.043000
13.547000
17.203000
10.416000
9.375000
11.375000
11.414000
5.335000
16.297000
10.109000
12.728000
13.712000
18.276000
7.435000
6.886000
10.754000
11.666000
12.550000
14.871000
14.588000
22.155000
1.721000
12.216000
10.770000
13.864000
9.888000
9.207000
16.117000
6.147000
8.101000
14.626000
2.767000
7.234000
5.428000
11.997000
14.683000
8.550000
9.851000
6.969000
17.259000
6.120000
1.590000
10.477000
11.678000
15.115000
14.343000
10.462000
17.565000
6.674000
16.991000
8.560000
14.042000
5.086000
12.379000
5.888000
12.929000
16.583000
6.728000
8.420000
16.550000
8.589000
14.809000
12.736000
10.174000
12.472000
9.466000
13.197000
0.331000
15.214000
15.442000
17.553000
8.806000
14.828000
6.355000
14.047000
9.668000
11.623000
11.060000
0.000000
17.126000
6.769000
13.482000
17.428000
10.954000
16.340000
8.420000
11.561000
12.705000
11.460000
10.843000
10.520000
12.184000
12.571000
21.701000
13.598000
6.312000
13.887000
12.922000
12.485000
16.243000
7.570000
13.718000
18.003000
11.737000
11.831000
10.839000
11.370000
13.537000
12.819000
13.637000
17.107000
7.588000
4.909000
9.377000
8.523000
15.460000
1.821000
14.780000
12.247000
8.376000
7.787000
12.108000
9.228000
10.415000
8.752000
14.293000
8.537000
11.999000
12.631000
16.562000
10.966000
12.054000
15.536000
2.796000
10.236000
9.315000
14.015000
5.240000
11.560000
14.641000
14.591000
13.192000
13.376000
9.947000
8.823000
2.705000
6.154000
8.874000
8.582000
4.495000
6.521000
3.583000
4.475000
7.516000
0.000000
8.423000
9.952000
7.407000
5.920000
12.720000
12.888000
9.925000
7.738000
7.750000
8.558000
15.151000
5.553000
0.000000
20.602000
1.369000
6.584000
5.465000
7.513000
13.644000
17.865000
14.332000
11.576000
9.065000
5.154000
11.503000
0.377000
9.464000
9.897000
7.396000
8.505000
6.232000
12.678000
1.998000
7.620000
14.350000
5.307000
6.846000
8.316000
9.875000
11.597000
5.095000
16.913000
16.766000
13.873000
19.001000
7.364000
2.363000
6.155000
0.963000
10.101000
1.651000
13.286000
5.611000
10.340000
9.067000
12.808000
10.191000
11.379000
4.633000
5.625000
9.938000
8.348000
12.272000
6.565000
8.173000
15.395000
5.715000
5.032000
14.967000
6.328000
12.961000
13.169000
8.653000
17.920000
6.727000
11.010000
13.136000
10.031000
11.356000
9.167000
12.769000
13.258000
14.612000
8.784000
7.103000
8.355000
9.242000
5.448000
2.489000
1.873000
3.711000
3.871000
8.243000
10.374000
4.441000
13.602000
11.866000
5.801000
10.314000
11.481000
5.438000
11.743000
3.206000
7.587000
16.078000
6.294000
11.677000
11.951000
8.033000
9.521000
3.320000
5.148000
9.108000
11.563000
1.911000
6.578000
10.831000
3.497000
5.810000
11.921000
3.791000
6.624000
8.610000
4.073000
10.068000
0.000000
12.128000
11.192000
4.093000
6.890000
9.633000
17.850000
21.005000
7.228000
6.155000
7.110000
5.875000
17.046000
7.971000
4.415000
0.187000
20.324000
2.336000
0.000000
0.737000
4.588000
13.899000
9.497000
6.515000
3.315000
0.000000
7.102000
5.180000
17.003000
0.000000
2.825000
3.002000
7.752000
10.879000
15.871000
6.514000
22.201000
6.387000
7.247000
4.547000
6.637000
8.025000
6.134000
3.983000
2.729000
9.164000
10.515000
5.470000
2.474000
6.185000
4.807000
6.941000
7.237000
11.074000
11.845000
11.322000
8.431000
9.168000
20.098000
20.690000
15.919000
9.429000
15.099000
6.640000
14.900000
5.907000
18.833000
17.199000
11.564000
0.743000
1.254000
0.602000
10.907000
2.447000
5.521000
8.984000
0.000000
6.920000
3.863000
0.000000
6.200000
15.480000
11.181000
10.865000
12.451000
15.763000
4.893000
18.426000
3.319000
6.105000
1.428000
18.103000
14.741000
14.132000
4.164000
8.209000
4.659000
14.183000
0.000000
2.713000
22.585000
7.507000
17.271000
8.025000
18.034000
5.431000
6.316000
0.255000
12.975000
13.266000
11.098000
2.627000
8.733000
16.839000
15.067000
9.735000
8.027000
11.344000
8.140000
8.509000
14.307000
5.086000
11.725000
6.813000
14.559000
9.064000
13.072000
10.247000
18.257000
7.408000
7.052000
9.699000
11.460000
0.000000
5.055000
13.132000
7.930000
14.656000
14.481000
7.674000
1.610000
19.526000
1.179000
7.265000
16.025000
10.841000
10.165000
5.007000
0.000000
9.188000
11.467000
12.740000
3.724000
0.000000
16.990000
7.058000
13.238000
9.078000
4.712000
14.221000
11.542000
1.515000
7.518000
7.248000
0.000000
16.759000
3.794000
10.394000
13.665000
0.000000
10.288000
6.669000
0.548000
11.385000
16.730000
9.421000
15.396000
12.227000
6.109000
14.778000
10.608000
9.739000
0.000000
17.254000
11.289000
14.612000
4.340000
10.653000
5.933000
14.738000
6.199000
15.146000
7.035000
8.432000
3.225000
10.433000
4.732000
12.901000
19.338000
5.941000
10.412000
1.449000
10.531000
12.261000
9.913000
8.786000
8.606000
5.494000
18.463000
11.052000
5.033000
11.965000
9.737000
9.549000
8.292000
1.658000
14.164000
0.000000
15.459000
12.495000
5.881000
8.331000
14.612000
12.579000
7.764000
10.460000
1.220000
17.444000
10.751000
11.192000
0.000000
4.327000
7.370000
12.411000
7.049000
7.369000
15.076000
9.594000
6.946000
10.455000
0.000000
12.739000
10.804000
7.468000
6.879000
11.160000
0.000000
11.649000
12.853000
12.644000
11.574000
17.022000
13.149000
5.738000
6.330000
11.043000
10.683000
2.463000
4.172000
8.520000
5.925000
11.348000
0.000000
9.047000
8.125000
0.000000
6.163000
0.000000
0.000000
14.201000
18.373000
11.070000
10.378000
9.355000
15.307000
5.888000
13.656000
11.903000
11.031000
0.000000
11.194000
10.908000
4.399000
0.047000
0.000000
3.240000
0.000000
10.436000
10.232000
12.911000
9.074000
11.649000
12.977000
14.552000
13.224000
8.263000
9.862000
0.000000
0.000000
12.150000
2.390000
11.645000
11.819000
15.756000
0.000000
10.036000
9.309000
0.000000
9.967000
9.427000
0.000000
0.000000
12.030000
5.853000
8.654000
0.000000
13.004000
0.000000
8.123000
12.233000
6.047000
6.822000
14.860000
0.000000
4.663000
0.000000
0.000000
0.000000
0.000000
9.207000
5.418000
0.000000
0.000000
0.000000
15.189000
0.000000
4.601000
1.768000
0.000000
7.912000
0.000000
0.000000
3.045000
0.000000
9.517000
0.000000
2.912000
0.000000
6.724000
1.277000
12.324000
6.009000
3.382000
0.000000
0.000000
0.000000
0.000000
0.000000
3.198000
0.607000
6.371000
6.509000
5.669000
0.000000
0.324000
5.833000
0.000000
0.000000
0.000000
0.000000
11.793000
0.000000
0.000000
0.000000
7.426000
0.000000
1.595000
7.195000
5.980000
5.888000
8.758000
0.000000
0.000000
9.710000
0.000000
2.994000
0.000000
0.000000
9.674000
5.682000
15.019000
0.000000
0.000000
2.185000
10.112000
3.282000
8.731000
12.231000
2.412000
7.437000
4.670000
7.735000
13.014000
8.344000
0.000000
5.325000
2.925000
5.208000
0.000000
0.000000
0.000000
7.652000
0.000000
0.000000
4.095000
2.712000
7.073000
4.571000
4.438000
11.467000
12.808000
7.798000
0.000000
0.000000
5.482000
3.737000
0.000000
5.603000
10.760000
0.000000
3.192000
5.253000
8.841000
4.972000
10.499000
2.779000
0.000000
5.499000
4.343000
0.000000
8.216000
5.254000
0.000000
7.773000
9.496000
0.000000
0.000000
0.000000
0.000000
4.205000
6.701000
9.153000
6.206000
7.579000
2.499000
0.000000
0.000000
2.930000
8.206000
0.000000
12.927000
0.000000
5.613000
11.144000
0.000000
0.000000
5.902000
7.762000
0.000000
0.000000
7.026000
10.470000
5.938000
0.892000
0.000000
13.873000
8.963000
0.000000
8.373000
6.937000
0.000000
8.995000
3.639000
0.000000
6.587000
0.000000
3.980000
3.528000
6.081000
7.047000
4.019000
3.811000
11.137000
0.000000
8.540000
7.016000
9.655000
2.035000
5.027000
0.000000
1.830000
0.000000
9.519000
0.071000
8.087000
0.000000
6.249000
0.502000
6.536000
6.572000
2.299000
1.670000
1.854000
0.000000
3.266000
8.600000
0.000000
0.000000
0.000000
0.000000
0.000000
0.000000
5.226000
1.068000
2.794000
5.303000
0.000000
1.977000
0.000000
0.000000
4.359000
0.000000
5.468000
14.479000
0.000000
8.471000
3.173000
11.929000
8.846000
9.252000
4.120000
8.194000
8.124000
0.000000
5.914000
0.000000
0.000000
7.779000
0.000000
0.000000
2.093000
4.467000
0.000000
0.000000
0.000000
12.820000
1.016000
1.448000
10.296000
0.000000
8.241000
5.389000
2.597000
8.214000
9.803000
13.020000
5.739000
13.637000
9.899000
0.000000
0.000000
12.750000
11.662000
0.289000
0.000000
8.416000
0.000000
8.682000
0.000000
0.000000
13.958000
8.459000
0.000000
0.000000
0.000000
0.000000
4.379000
13.428000
0.000000
0.000000
9.937000
0.000000
1.563000
10.422000
12.564000
5.641000
0.000000
14.057000
0.000000
0.000000
10.961000
10.142000
0.000000
0.000000
1.361000
0.000000
9.769000
15.135000
0.000000
0.000000
0.000000
13.587000
9.778000
8.264000
0.000000
8.021000
0.000000
5.191000
0.000000
4.401000
0.884000
4.334000
0.000000
0.000000
0.000000
4.646000
2.854000
3.291000
10.954000
2.442000
12.558000
14.030000
9.919000
0.596000
4.366000
1.252000
12.775000
6.760000
1.039000
0.000000
12.796000
0.000000
0.000000
11.150000
1.627000
11.245000
7.103000
8.810000
8.626000
9.701000
9.944000
4.348000
8.373000
8.885000
10.382000
0.000000
1.057000
0.816000
4.700000
4.418000
1.329000
1.497000
7.482000
4.803000
8.414000
8.349000
0.239000
4.682000
2.354000
6.801000
3.033000
10.001000
3.863000
0.000000
0.000000
15.489000
11.469000
0.669000
3.366000
11.679000
0.000000
6.853000
13.228000
6.799000
3.098000
7.161000
0.158000
5.596000
8.440000
9.864000
2.206000
15.500000
3.591000
8.665000
0.000000
7.046000
6.419000
7.657000
10.411000
0.000000
1.783000
10.379000
0.000000
8.175000
5.809000
0.000000
0.000000
8.075000
1.340000
3.402000
4.822000
8.550000
6.816000
0.000000
4.480000
2.513000
3.611000
6.528000
1.911000
6.284000
0.000000
9.882000
0.708000
3.685000
7.315000
10.583000
9.155000
6.661000
12.714000
8.718000
0.914000
8.492000
7.307000
0.769000
3.660000
1.948000
0.000000
0.000000
0.177000
6.490000
2.127000
0.540000
6.648000
1.464000
0.000000
11.752000
0.000000
8.045000
0.000000
8.543000
1.829000
0.000000
0.000000
0.564000
0.000000
1.436000
0.000000
2.700000
0.062000
0.000000
2.263000
0.062000
0.747000
7.637000
3.021000
0.000000
1.591000
0.000000
6.260000
0.000000
0.000000
12.840000
4.208000
6.375000
0.872000
0.000000
0.000000
0.000000
0.522000
8.127000
0.000000
3.188000
0.359000
5.743000
11.049000
6.721000
11.753000
16.063000
3.284000
0.000000
7.443000
0.000000
4.347000
6.409000
0.000000
8.209000
4.075000
16.147000
5.357000
7.683000
1.958000
0.000000
10.726000
11.379000
1.835000
3.071000
10.393000
0.000000
0.000000
6.226000
0.000000
7.053000
1.666000
6.651000
1.501000
3.071000
4.002000
8.324000
13.277000
9.724000
16.711000
0.000000
0.000000
9.639000
0.000000
2.674000
7.460000
3.850000
0.000000
4.171000
1.511000
5.372000
1.994000
5.423000
5.826000
4.178000
13.411000
0.000000
3.815000
12.796000
3.661000
14.248000
1.630000
13.691000
0.000000
0.568000
0.443000
0.000000
8.526000
3.603000
2.461000
2.940000
10.506000
0.546000
0.000000
0.000000
6.346000
1.935000
4.921000
10.286000
3.344000
3.822000
0.946000
0.000000
0.648000
2.718000
4.659000
6.564000
7.873000
2.225000
8.283000
6.305000
0.000000
5.120000
0.143000
1.441000
4.676000
12.435000
5.184000
3.926000
6.337000
6.220000
9.391000
9.743000
2.032000
9.618000
11.076000
2.879000
6.935000
5.625000
2.404000
0.000000
6.318000
6.102000
13.719000
6.104000
10.123000
6.016000
5.354000
0.000000
4.311000
9.364000
7.216000
3.827000
3.305000
2.345000
5.879000
12.453000
9.838000
1.764000
9.031000
8.564000
15.447000
3.977000
4.993000
1.900000
5.495000
9.775000
11.046000
0.346000
3.196000
12.229000
0.595000
3.198000
4.129000
0.196000
3.843000
4.180000
0.000000
7.250000
3.623000
4.577000
6.551000
0.000000
4.890000
8.146000
5.384000
11.761000
7.080000
0.363000
0.000000
5.874000
9.360000
10.217000
1.619000
3.258000
10.972000
4.114000
6.518000
11.091000
8.113000
9.666000
4.791000
6.056000
0.000000
0.000000
8.810000
6.325000
10.833000
6.843000
5.813000
5.625000
8.948000
5.427000
8.520000
8.080000
10.762000
0.000000
10.258000
3.150000
10.811000
2.567000
0.000000
0.000000
3.187000
5.779000
0.925000
3.963000
0.000000
0.568000
2.971000
6.781000
6.434000
3.180000
4.386000
9.325000
8.624000
9.770000
4.764000
14.478000
8.116000
8.773000
9.152000
9.896000
6.243000
10.487000
3.607000
6.084000
6.919000
5.879000
4.713000
6.927000
16.074000
1.270000
10.517000
4.200000
0.000000
4.967000
15.615000
3.710000
12.261000
1.493000
8.049000
3.849000
4.813000
5.723000
4.805000
4.184000
5.436000
2.824000
8.430000
10.737000
4.463000
7.335000
1.390000
3.214000
7.644000
0.474000
9.864000
2.389000
3.113000
5.161000
6.239000
2.625000
8.662000
6.442000
5.932000
10.768000
3.548000
2.081000
8.140000
2.414000
10.734000
8.705000
4.434000
0.000000
9.974000
7.830000
7.190000
5.653000
4.780000
3.574000
8.130000
6.429000
0.000000
0.000000
5.409000
3.124000
0.945000
5.920000
8.310000
2.333000
11.179000
0.851000
0.000000
2.031000
9.718000
10.680000
7.816000
13.592000
3.110000
3.101000
3.891000
6.752000
2.651000
1.857000
5.549000
8.642000
2.970000
8.305000
11.566000
1.357000
2.854000
9.859000
1.405000
3.453000
0.642000
5.616000
6.209000
9.829000
3.743000
7.424000
0.192000
5.740000
3.713000
0.000000
5.093000
7.088000
7.066000
0.000000
0.834000
2.690000
0.713000
9.682000
4.670000
9.534000
2.318000
0.000000
0.401000
6.156000
0.808000
6.169000
7.221000
7.087000
4.456000
0.383000
0.000000
8.324000
7.345000
6.310000
1.472000
13.759000
10.393000
6.074000
0.000000
6.840000
2.263000
6.478000
4.997000
9.466000
4.213000
1.948000
6.250000
9.719000
1.525000
3.521000
1.658000
5.578000
9.245000
0.989000
1.661000
2.530000
0.000000
6.518000
0.739000
2.531000
8.966000
0.245000
5.761000
0.000000
12.037000
5.379000
6.114000
0.000000
5.937000
5.062000
10.048000
5.529000
4.843000
6.019000
3.452000
8.833000
0.340000
8.501000
8.118000
5.076000
3.442000
0.742000
7.118000
5.902000
5.908000
4.161000
5.510000
6.881000
10.348000
5.927000
8.007000
0.814000
3.831000
2.219000
8.219000
9.988000
3.958000
4.947000
12.416000
3.047000
7.184000
4.677000
0.000000
0.000000
0.571000
5.484000
2.901000
9.172000
2.627000
1.914000
1.266000
0.548000
1.448000
0.000000
4.143000
0.000000
4.464000
7.479000
4.236000
0.000000
3.552000
0.000000
8.098000
3.728000
0.809000
9.711000
0.214000
1.438000
4.236000
4.730000
12.479000
5.096000
5.146000
2.313000
7.797000
0.000000
2.784000
9.571000
0.446000
4.615000
0.702000
0.457000
8.894000
0.000000
0.000000
2.945000
8.161000
2.177000
5.564000
1.771000
2.621000
6.287000
11.762000
1.032000
4.125000
0.000000
4.920000
4.905000
3.843000
2.844000
2.624000
3.748000
4.634000
4.260000
0.000000
3.051000
7.165000
6.740000
2.548000
2.082000
8.056000
2.323000
6.477000
2.430000
7.981000
5.854000
5.319000
1.378000
0.000000
11.779000
4.063000
0.000000
2.924000
4.253000
0.487000
0.000000
8.405000
0.663000
3.864000
11.057000
12.380000
2.355000
4.233000
8.617000
4.109000
4.659000
2.572000
1.315000
0.865000
1.884000
5.159000
6.394000
0.000000
0.000000
0.980000
5.847000
12.946000
2.530000
0.298000
3.615000
2.408000
8.955000
1.682000
7.898000
10.280000
5.067000
4.160000
8.194000
2.798000
3.153000
8.574000
3.700000
1.694000
9.314000
0.171000
4.581000
8.853000
0.250000
4.172000
6.698000
5.944000
3.335000
0.962000
0.000000
8.676000
0.000000
6.313000
5.384000
5.362000
3.266000
0.000000
5.151000
1.630000
8.209000
3.580000
7.362000
1.816000
1.639000
11.907000
3.913000
4.585000
5.769000
4.833000
1.576000
8.026000
4.248000
3.423000
3.480000
4.188000
5.982000
3.803000
0.000000
4.793000
1.691000
2.939000
5.647000
2.689000
6.478000
9.522000
2.955000
0.000000
5.446000
4.975000
7.275000
4.377000
8.560000
2.082000
7.309000
0.000000
2.637000
2.545000
3.825000
5.376000
0.000000
3.982000
0.226000
6.316000
0.000000
5.313000
7.889000
2.394000
5.722000
2.562000
8.304000
0.000000
1.207000
8.122000
7.239000
6.632000
4.984000
2.961000
3.030000
10.363000
6.531000
0.447000
2.672000
4.844000
9.112000
3.915000
1.452000
5.720000
5.244000
4.286000
5.243000
4.916000
2.845000
5.454000
4.199000
0.000000
8.561000
3.748000
1.440000
6.425000
1.358000
2.115000
0.485000
7.076000
3.836000
3.761000
1.679000
1.647000
6.654000
4.723000
3.746000
0.000000
5.265000
0.000000
11.045000
0.677000
6.927000
0.554000
5.351000
6.846000
0.422000
2.022000
7.695000
0.000000
0.760000
0.000000
3.498000
2.111000
0.000000
0.941000
0.000000
4.459000
6.922000
6.987000
3.306000
9.194000
0.000000
4.124000
2.584000
4.674000
7.093000
4.128000
0.275000
4.350000
0.618000
2.393000
3.507000
0.633000
1.216000
4.032000
4.194000
4.456000
5.486000
3.197000
15.651000
0.000000
0.000000
0.000000
1.239000
0.000000
3.050000
1.975000
0.412000
0.000000
1.538000
2.077000
2.470000
5.612000
0.214000
7.064000
7.972000
0.000000
5.817000
8.562000
0.000000
4.726000
3.345000
9.274000
3.731000
2.654000
4.127000
0.504000
4.687000
5.947000
0.000000
2.558000
5.353000
0.000000
4.552000
0.907000
8.903000
0.000000
6.300000
3.033000
7.819000
5.447000
2.641000
4.994000
4.243000
8.153000
0.000000
0.000000
4.287000
0.051000
0.000000
0.411000
13.275000
0.000000
0.827000
4.049000
0.359000
0.000000
4.132000
0.000000
0.338000
0.466000
0.000000
5.859000
1.542000
4.034000
3.076000
2.863000
7.178000
0.000000
9.651000
4.587000
7.247000
0.000000
12.346000
0.000000
1.037000
14.457000
2.256000
7.172000
0.000000
0.000000
5.856000
1.263000
0.000000
3.211000
0.000000
5.010000
0.000000
5.143000
6.060000
0.000000
0.000000
0.000000
0.920000
2.117000
0.000000
0.016000
1.480000
0.000000
7.419000
0.000000
0.000000
0.958000
2.722000
9.088000
8.192000
7.210000
2.941000
6.326000
2.377000
3.839000
2.917000
6.087000
0.000000
1.217000
6.674000
4.831000
0.000000
8.887000
5.746000
2.299000
2.809000
0.000000
0.000000
2.402000
1.149000
0.000000
5.767000
5.585000
12.175000
0.000000
3.452000
7.433000
0.000000
6.370000
8.407000
2.849000
0.000000
0.000000
5.137000
4.063000
0.000000
0.000000
0.000000
0.000000
9.393000
6.711000
0.000000
6.344000
0.000000
4.782000
0.000000
0.106000
0.529000
9.895000
1.333000
4.842000
5.318000
0.000000
0.582000
5.573000
3.636000
0.205000
1.551000
0.000000
7.529000
1.714000
0.000000
1.206000
0.665000
2.733000
0.000000
2.002000
0.032000
2.382000
3.235000
1.623000
0.000000
5.683000
6.510000
4.820000
12.711000
1.242000
4.424000
7.834000
0.000000
4.166000
4.207000
7.119000
0.000000
0.000000
2.275000
0.000000
1.822000
6.038000
0.000000
0.831000
1.694000
2.882000
0.740000
5.179000
10.246000
0.176000
0.186000
5.321000
8.983000
9.762000
9.071000
5.602000
1.907000
0.000000
3.343000
1.255000
0.000000
0.000000
5.990000
0.913000
5.060000
5.544000
2.016000
11.088000
0.000000
5.285000
7.238000
3.475000
0.000000
5.064000
6.174000
0.000000
0.000000
6.781000
0.000000
0.000000
0.983000
0.000000
0.000000
0.000000
5.783000
0.000000
0.850000
0.701000
0.000000
1.084000
5.968000
0.000000
4.589000
7.017000
1.621000
4.628000
0.591000
6.890000
0.000000
4.166000
1.887000
0.000000
0.905000
4.913000
3.081000
3.766000
4.027000
7.100000
2.282000
2.529000
9.980000
3.727000
0.397000
1.412000
1.748000
0.000000
3.111000
2.323000
2.473000
1.596000
3.933000
2.295000
0.000000
0.080000
0.000000
0.000000
11.913000
0.000000
5.438000
2.311000
3.028000
6.722000
0.000000
2.911000
0.000000
0.000000
1.390000
0.000000
0.161000
14.947000
8.438000
4.348000
8.358000
0.107000
3.577000
3.041000
0.522000
0.000000
7.846000
0.000000
6.849000
5.281000
1.997000
0.000000
6.962000
0.547000
1.872000
8.744000
8.606000
0.000000
3.950000
0.000000
8.661000
5.086000
3.400000
8.469000
0.000000
0.296000
0.000000
0.000000
0.000000
6.186000
3.874000
5.004000
6.458000
0.149000
5.763000
0.223000
5.181000
3.097000
2.086000
8.948000
0.000000
11.478000
0.000000
6.270000
1.892000
1.193000
5.131000
0.289000
0.000000
0.000000
4.395000
3.792000
4.286000
0.000000
0.000000
0.000000
5.787000
0.000000
0.772000
2.636000
5.472000
7.173000
0.000000
4.754000
7.529000
0.154000
0.000000
0.000000
0.873000
3.978000
3.920000
11.712000
2.303000
0.000000
1.225000
0.000000
0.507000
0.000000
0.000000
1.192000
2.264000
2.117000
5.732000
4.797000
1.914000
2.542000
0.000000
0.000000
0.000000
3.037000
4.762000
0.000000
0.324000
0.000000
6.137000
5.243000
3.962000
0.000000
0.000000
2.661000
0.000000
2.057000
5.608000
0.000000
1.613000
0.338000
3.842000
2.288000
4.685000
11.376000
0.000000
0.000000
5.482000
4.400000
2.614000
0.875000
0.000000
0.000000
0.042000
1.281000
4.953000
0.000000
9.424000
1.172000
0.000000
4.456000
0.000000
4.682000
4.018000
0.000000
0.000000
4.393000
9.279000
0.000000
1.603000
2.505000
0.830000
9.123000
3.464000
7.457000
0.000000
0.000000
3.408000
0.281000
7.500000
0.000000
1.099000
0.319000
2.228000
2.658000
1.864000
0.000000
9.223000
0.000000
8.224000
0.000000
9.389000
0.000000
3.510000
0.000000
0.000000
3.956000
2.122000
0.000000
0.000000
5.294000
0.000000
2.804000
0.000000
3.918000
11.476000
12.312000
0.000000
0.298000
0.000000
0.840000
9.156000
0.000000
6.167000
0.000000
5.610000
0.573000
2.831000
0.000000
0.000000
2.368000
1.656000
0.000000
0.000000
2.772000
2.277000
3.198000
1.619000
5.121000
9.876000
4.471000
0.023000
2.899000
0.000000
7.639000
1.706000
9.149000
0.000000
2.205000
2.113000
0.086000
0.000000
0.000000
1.726000
5.920000
5.937000
0.922000
1.539000
6.667000
0.856000
10.659000
1.579000
0.000000
7.242000
3.093000
5.247000
4.585000
4.837000
0.000000
1.475000
6.699000
6.223000
0.000000
3.731000
0.000000
6.047000
0.784000
0.223000
2.585000
0.000000
8.875000
0.408000
4.296000
5.433000
0.000000
2.814000
0.000000
3.904000
0.000000
0.039000
2.640000
0.000000
0.000000
0.000000
0.000000
5.355000
0.000000
7.284000
3.822000
5.063000
0.916000
1.790000
0.000000
0.000000
1.253000
1.602000
4.146000
0.000000
2.167000
4.204000
5.806000
1.009000
1.994000
0.000000
0.000000
4.038000
2.581000
0.048000
6.755000
0.513000
3.135000
0.000000
0.221000
0.976000
2.245000
2.648000
0.000000
3.216000
5.757000
0.000000
5.014000
0.000000
0.548000
0.865000
0.000000
0.000000
0.000000
0.000000
0.000000
0.000000
2.580000
1.990000
1.967000
0.000000
6.005000
0.000000
0.000000
0.000000
6.496000
4.595000
0.494000
0.000000
6.725000
0.000000
0.000000
0.000000
0.000000
0.000000
0.000000
0.000000
0.000000
7.482000
0.000000
0.000000
6.265000
4.080000
2.927000
2.195000
0.000000
0.000000
1.281000
0.000000
2.197000
4.281000
0.000000
0.000000
0.000000
0.000000
0.000000
0.000000
0.000000
0.000000
0.000000
0.000000
0.000000
0.000000
0.000000
4.296000
0.000000
0.000000
0.000000
0.000000
0.000000
0.714000
2.770000
4.823000
0.000000
0.312000
0.000000
0.240000
0.961000
1.207000
0.000000
0.000000
1.276000
0.830000
0.066000
1.463000
0.746000
1.737000
2.922000
0.000000
1.779000
0.000000
5.166000
0.000000
0.000000
0.000000
0.000000
0.000000
0.000000
6.187000
0.000000
0.000000
0.000000
0.000000
2.268000
5.640000
1.042000
1.853000
0.000000
0.000000
0.000000
0.000000
0.771000
0.233000
0.000000
2.537000
0.000000
0.000000
0.000000
1.888000
0.000000
2.735000
0.000000
0.000000
4.559000
0.487000
4.689000
0.000000
0.000000
0.373000
0.000000
0.000000
0.000000
0.000000
0.654000
0.272000
0.000000
4.374000
0.000000
2.084000
0.000000
0.000000
1.210000
0.000000
0.636000
0.000000
0.000000
2.296000
4.478000
0.000000
0.000000
1.241000
4.741000
0.000000
2.598000
0.000000
0.000000
0.000000
0.000000
0.000000
4.539000
0.000000
0.355000
0.110000
0.000000
0.000000
0.000000
2.094000
0.000000
0.850000
0.000000
0.000000
2.401000
0.000000
0.931000
0.550000
0.000000
0.000000
0.000000
0.859000
0.000000
5.484000
1.706000
0.345000
0.000000
0.000000
0.000000
1.548000
1.065000
1.343000
0.000000
0.000000
0.174000
0.075000
0.521000
0.868000
0.000000
0.000000
0.505000
0.000000
0.000000
0.000000
0.000000
0.926000
0.000000
0.000000
0.000000
1.472000
0.000000
0.000000
0.656000
0.000000
0.000000
2.056000
0.000000
0.000000
0.000000
4.633000
0.000000
2.420000
0.107000
0.522000
0.000000
0.000000
1.829000
0.000000
0.000000
2.070000
0.000000
0.000000
2.455000
0.473000
2.761000
0.000000
1.991000
2.119000
1.069000
0.000000
0.000000
0.000000
0.000000
0.000000
0.000000
0.000000
0.000000
3.200000
2.183000
3.916000
1.917000
5.767000
0.000000
0.000000
3.003000
0.000000
0.000000
0.000000
0.061000
0.374000
0.000000
1.393000
1.976000
0.000000
0.000000
0.000000
0.320000
0.684000
0.947000
0.000000
0.000000
0.000000
4.297000
3.356000
1.301000
0.000000
1.819000
0.000000
2.746000
0.000000
0.000000
0.214000
0.000000
0.000000
0.000000
0.000000
0.701000
1.466000
0.000000
0.837000
3.953000
0.000000
0.108000
0.000000
0.000000
0.000000
1.969000
2.610000
0.274000
0.000000
0.000000
0.811000
3.257000
0.826000
0.000000
0.000000
0.133000
0.959000
0.000000
0.000000
0.037000
0.000000
0.000000
0.984000
0.000000
0.000000
0.000000
0.275000
0.000000
0.000000
0.000000
0.000000
2.217000
0.072000
0.686000
0.000000
0.407000
0.000000
1.305000
1.893000
0.000000
1.465000
1.632000
0.000000
0.000000
2.284000
2.085000
0.000000
0.000000
2.752000
1.065000
1.115000
0.000000
0.000000
0.000000
0.000000
0.000000
0.000000
0.428000
0.000000
0.000000
0.277000
0.000000
0.000000
0.335000
0.000000
0.000000
0.000000
0.351000
0.000000
0.000000
0.000000
0.000000
2.265000
1.530000
0.000000
0.000000
0.293000
0.000000
0.697000
1.055000
0.000000
0.000000
0.000000
0.000000
0.000000
2.893000
0.142000
0.000000
0.000000
1.389000
0.000000
0.896000
0.000000
0.000000
1.503000
0.000000
1.055000
1.806000
0.800000
0.445000
0.387000
0.000000
0.000000
0.204000
0.000000
0.000000
0.000000
0.306000
0.000000
0.000000
0.819000
0.000000
2.204000
0.000000
0.000000
0.303000
0.526000
0.000000
0.870000
0.000000
1.120000
2.040000
0.550000
0.000000
0.000000
0.596000
0.240000
1.355000
0.670000
1.087000
0.619000
0.334000
0.417000
2.084000
0.000000
1.560000
0.000000
0.000000
0.072000
3.073000
0.000000
2.625000
0.535000
0.266000
0.000000
0.000000
2.973000
0.000000
0.000000
0.000000
0.000000
1.531000
0.570000
0.000000
0.361000
2.405000
0.000000
0.000000
0.000000
0.596000
0.000000
0.000000
0.000000
0.000000
0.000000
0.569000
0.693000
0.000000
2.259000
0.000000
0.000000
0.484000
0.000000
0.632000
2.493000
0.000000
1.260000
0.556000
0.000000
1.423000
0.428000
0.929000
0.279000
0.004000
1.889000
0.149000
0.000000
0.751000
0.604000
0.000000
0.013000
0.073000
0.000000
0.512000
2.252000
0.000000
0.000000
0.000000
0.696000
0.000000
1.825000
0.000000
1.011000
0.553000
0.000000
0.000000
2.308000
0.511000
0.000000
0.000000
0.778000
0.000000
2.841000
0.000000
0.000000
0.000000
1.062000
0.000000
0.000000
1.762000
0.000000
0.596000
0.968000
1.265000
0.000000
1.797000
0.000000
0.000000
2.604000
0.024000
0.000000
0.207000
2.109000
0.000000
0.000000
0.473000
0.000000
1.954000
0.280000
1.193000
2.244000
0.000000
0.000000
1.644000
0.000000
0.300000
0.209000
0.000000
0.294000
1.562000
1.039000
2.730000
0.000000
0.000000
0.635000
1.402000
0.923000
0.000000
0.330000
0.000000
1.127000
2.208000
0.414000
0.120000
0.000000
0.000000
0.000000
0.000000
0.328000
0.000000
1.840000
0.000000
0.376000
0.000000
0.000000
0.000000
0.799000
0.000000
0.000000
0.624000
1.419000
0.000000
0.000000
0.000000
1.242000
0.000000
0.442000
0.000000
0.434000
0.000000
0.000000
1.491000
0.000000
0.412000
2.368000
2.372000
0.733000
1.102000
0.000000
0.000000
0.381000
2.094000
0.028000
0.000000
0.212000
0.000000
1.143000
0.000000
0.318000
0.000000
1.152000
0.000000
1.071000
0.000000
0.423000
0.257000
1.128000
0.000000
2.014000
0.580000
0.732000
1.306000
0.000000
0.000000
0.000000
2.153000
0.000000
1.687000
0.000000
0.000000
0.057000
0.439000
1.015000
0.000000
0.382000
0.000000
0.913000
0.000000
0.000000
0.000000
1.385000
0.000000
0.309000
0.893000
1.313000
1.295000
0.725000
1.085000
0.000000
0.000000
0.567000
0.000000
3.341000
2.074000
0.522000
0.129000
0.548000
0.647000
1.943000
1.935000
0.000000
1.201000
1.541000
0.000000
0.000000
0.831000
0.000000
0.000000
0.000000
0.000000
1.199000
0.000000
0.015000
1.606000
0.000000
0.000000
1.244000
0.185000
0.371000
1.035000
1.963000
0.000000
0.000000
0.000000
0.000000
0.492000
0.000000
0.000000
0.000000
0.152000
0.486000
0.867000
0.000000
2.062000
0.000000
0.000000
0.000000
0.000000
0.787000
1.969000
0.105000
1.090000
0.167000
0.789000
1.735000
0.000000
0.153000
0.000000
0.000000
0.643000
0.667000
1.643000
1.754000
0.000000
1.597000
0.000000
0.000000
0.510000
0.038000
0.507000
0.000000
1.180000
0.000000
0.179000
0.498000
0.005000
0.000000
0.520000
0.000000
0.000000
0.077000
0.000000
0.000000
0.764000
0.000000
1.707000
0.000000
1.028000
1.018000
0.000000
0.255000
0.178000
0.000000
0.000000
0.000000
0.000000
1.017000
0.091000
0.000000
0.000000
0.000000
0.000000
0.000000
1.821000
0.986000
1.853000
0.000000
0.000000
0.099000
0.000000
0.000000
0.000000
1.161000
0.389000
0.982000
0.044000
0.000000
0.000000
0.000000
0.000000
0.000000
0.690000
2.171000
0.000000
0.000000
0.000000
0.000000
0.000000
0.000000
1.114000
0.000000
0.000000
1.730000
0.000000
1.919000
0.350000
0.884000
0.000000
0.000000
1.040000
1.907000
0.000000
2.629000
1.051000
0.000000
0.352000
2.246000
1.777000
0.000000
0.000000
0.294000
0.217000
0.000000
0.000000
0.000000
0.000000
0.761000
2.032000
0.828000
0.000000
0.000000
0.000000
0.000000
0.760000
0.000000
0.000000
1.170000
0.600000
0.271000
0.000000
0.000000
2.095000
1.286000
0.000000
0.173000
1.695000
0.471000
0.122000
0.904000
0.000000
0.000000
0.000000
1.175000
0.075000
0.000000
0.000000
0.000000
0.000000
1.135000
0.098000
0.485000
2.535000
0.613000
1.158000
2.705000
1.095000
0.000000
0.000000
0.556000
0.000000
1.034000
0.000000
0.000000
1.124000
0.000000
0.000000
0.000000
0.000000
0.577000
0.000000
1.208000
0.000000
0.000000
0.607000
0.433000
0.000000
1.383000
0.379000
0.000000
1.584000
1.456000
2.106000
1.470000
0.000000
0.269000
0.000000
0.000000
0.000000
0.935000
0.354000
0.000000
1.151000
0.000000
2.739000
0.162000
0.000000
0.000000
0.076000
2.471000
0.973000
0.723000
1.091000
0.000000
0.000000
1.222000
0.000000
0.000000
1.433000
0.261000
0.911000
0.000000
0.288000
1.167000
1.613000
0.840000
0.000000
1.114000
1.327000
0.000000
0.000000
1.426000
0.019000
1.499000
0.000000
0.000000
0.000000
0.000000
0.000000
0.000000
0.000000
0.000000
0.000000
0.000000
0.800000
0.383000
0.962000
0.000000
0.000000
0.000000
0.768000
0.522000
0.000000
1.636000
0.679000
0.000000
0.218000
0.606000
1.812000
1.349000
0.000000
0.000000
1.762000
0.000000
0.144000
0.000000
0.939000
0.000000
0.000000
0.000000
0.000000
0.000000
0.372000
1.087000
0.000000
0.284000
0.000000
0.000000
1.747000
0.000000
0.000000
0.000000
0.000000
2.137000
0.000000
1.606000
0.820000
0.000000
0.000000
0.831000
2.501000
0.000000
0.000000
0.000000
0.000000
0.063000
0.000000
0.000000
0.000000
0.045000
0.000000
1.143000
0.107000
0.000000
0.249000
0.201000
0.000000
1.218000
0.444000
0.224000
1.386000
0.000000
0.298000
0.634000
0.000000
0.000000
2.286000
0.000000
0.951000
2.423000
2.201000
0.000000
0.000000
0.000000
0.000000
0.451000
0.000000
1.374000
0.000000
0.000000
0.436000
0.590000
1.067000
0.000000
0.000000
0.000000
0.000000
1.248000
0.000000
1.919000
0.000000
0.000000
0.000000
0.000000
0.876000
0.547000
0.000000
0.000000
0.000000
0.096000
0.591000
0.000000
0.000000
0.000000
0.000000
0.097000
2.728000
0.435000
0.000000
1.035000
0.000000
0.331000
0.000000
0.000000
0.000000
0.000000
0.000000
0.000000
0.000000
1.195000
0.000000
1.223000
0.268000
0.429000
0.750000
0.754000
0.551000
0.595000
0.000000
0.000000
0.000000
0.000000
1.794000
0.000000
1.221000
0.000000
0.480000
0.000000
0.000000
0.000000
0.000000
0.000000
0.598000
2.998000
0.282000
0.000000
0.243000
0.000000
0.029000
1.587000
0.000000
0.000000
0.000000
0.000000
0.000000
0.000000
0.541000
0.000000
1.516000
0.000000
1.370000
0.000000
3.112000
0.000000
0.000000
0.000000
0.000000
0.000000
0.303000
0.375000
0.000000
0.000000
0.000000
0.000000
0.000000
0.170000
0.000000
0.000000
0.000000
0.533000
0.000000
0.000000
0.578000
3.264000
1.251000
0.101000
0.106000
0.000000
0.239000
0.000000
0.273000
0.000000
0.000000
0.000000
0.000000
0.939000
1.536000
0.000000
0.507000
1.854000
0.000000
0.181000
0.000000
0.000000
0.000000
0.000000
1.261000
1.238000
0.261000
1.738000
1.880000
0.756000
0.000000
0.000000
0.000000
0.000000
0.000000
0.808000
2.027000
1.200000
0.095000
1.013000
0.000000
0.000000
0.000000
0.000000
0.000000
0.369000
2.493000
0.000000
0.000000
0.000000
0.000000
0.000000
0.000000
0.000000
0.000000
0.000000
0.124000
0.000000
0.493000
0.000000
0.000000
0.708000
0.766000
0.000000
0.000000
0.000000
1.900000
0.912000
0.000000
0.000000
0.000000
0.190000
0.759000
1.369000
0.000000
0.000000
0.220000
1.362000
0.000000
0.000000
0.000000
0.000000
1.541000
0.637000
0.245000
0.000000
0.973000
0.278000
0.000000
0.000000
0.000000
1.362000
0.000000
0.730000
0.000000
0.057000
0.547000
0.964000
0.300000
1.994000
1.638000
0.000000
0.000000
1.109000
0.000000
0.000000
0.000000
0.671000
0.452000
0.753000
0.000000
0.154000
0.146000
0.689000
0.000000
0.057000
0.285000
0.000000
2.150000
0.614000
0.312000
0.000000
0.843000
0.000000
0.000000
0.000000
1.150000
0.000000
0.178000
0.740000
0.000000
0.000000
0.523000
0.000000
0.573000
0.000000
0.000000
0.000000
0.000000
0.126000
0.309000
0.000000
0.000000
1.311000
0.076000
0.000000
0.000000
0.000000
0.382000
0.502000
0.000000
0.542000
0.000000
0.000000
1.318000
0.000000
0.036000
1.139000
0.000000
0.637000
0.000000
0.843000
0.000000
0.000000
0.000000
1.703000
0.000000
0.000000
0.000000
0.000000
0.000000
1.497000
1.059000
0.349000
4.139000
2.202000
0.230000
0.000000
0.000000
0.767000
0.379000
0.000000
0.000000
0.000000
0.000000
0.873000
1.089000
0.000000
2.521000
0.421000
0.000000
0.620000
1.466000
0.000000
0.000000
0.903000
0.383000
0.628000
0.000000
0.000000
0.309000
0.111000
0.536000
0.279000
0.160000
0.000000
0.000000
0.000000
0.000000
0.397000
0.675000
0.000000
0.000000
0.000000
0.027000
0.000000
1.211000
0.000000
0.692000
0.000000
0.586000
0.000000
0.446000
0.000000
0.231000
1.110000
0.104000
0.000000
0.000000
0.000000
0.549000
1.998000
0.000000
0.270000
0.000000
1.012000
0.743000
0.000000
0.000000
0.000000
0.406000
0.000000
0.006000
0.000000
0.673000
0.000000
0.718000
0.134000
0.000000
0.000000
1.349000
0.000000
0.000000
0.000000
0.000000
0.000000
0.000000
0.000000
0.000000
0.000000
0.000000
0.000000
0.625000
1.938000
0.000000
0.000000
0.000000
0.028000
0.000000
0.000000
0.000000
0.000000
0.000000
1.598000
0.000000
0.000000
0.640000
0.000000
0.000000
0.000000
0.000000
0.000000
0.000000
0.727000
0.000000
0.644000
0.000000
0.000000
0.000000
0.910000
2.157000
0.631000
0.000000
1.797000
0.856000
0.000000
0.898000
0.022000
3.021000
1.426000
1.101000
0.829000
0.000000
0.000000
1.032000
0.000000
0.000000
0.000000
0.000000
0.000000
0.891000
0.000000
0.000000
0.265000
0.000000
1.219000
0.714000
0.000000
0.000000
0.000000
0.000000
0.000000
0.000000
0.000000
0.000000
0.000000
2.010000
0.000000
0.000000
0.000000
0.155000
2.032000
0.319000
0.939000
0.000000
0.000000
0.000000
1.237000
0.436000
0.000000
2.374000
0.823000
0.125000
0.000000
0.000000
0.000000
0.332000
0.000000
0.648000
0.220000
0.690000
1.417000
2.257000
0.000000
0.000000
0.000000
0.000000
0.000000
0.074000
0.000000
0.283000
0.000000
2.725000
0.080000
0.000000
0.000000
0.000000
0.000000
0.000000
0.000000
1.805000
0.000000
0.639000
0.000000
0.000000
0.000000
0.901000
0.584000
0.763000
0.403000
0.000000
0.000000
0.000000
0.575000
0.000000
0.766000
0.000000
0.000000
2.325000
0.000000
0.000000
0.000000
0.075000
0.000000
0.000000
2.100000
0.306000
0.000000
0.000000
0.000000
0.000000
0.638000
0.000000
0.051000
1.088000
0.000000
1.939000
0.000000
0.000000
0.055000
0.000000
1.572000
0.108000
0.000000
0.662000
0.000000
0.000000
0.000000
0.000000
0.000000
0.000000
0.000000
0.278000
0.000000
0.000000
0.979000
0.000000
0.222000
2.059000
0.000000
0.534000
0.000000
0.000000
0.000000
0.000000
0.000000
0.000000
0.000000
0.000000
0.300000
0.000000
0.000000
0.000000
0.076000
0.550000
0.000000
3.850000
0.000000
0.509000
1.387000
0.000000
0.000000
0.000000
0.000000
1.298000
0.430000
0.000000
0.190000
1.913000
0.000000
2.370000
0.792000
0.000000
1.087000
0.168000
1.142000
0.000000
0.000000
0.000000
0.000000
0.000000
0.000000
0.000000
0.016000
0.000000
0.432000
0.519000
0.000000
0.000000
0.390000
0.000000
0.000000
1.054000
0.000000
0.023000
0.000000
0.000000
0.000000
0.613000
0.101000
0.000000
0.000000
0.635000
0.906000
0.000000
0.000000
0.952000
1.466000
0.616000
0.000000
1.233000
0.000000
0.000000
0.000000
0.000000
0.000000
0.000000
0.000000
0.000000
0.372000
0.234000
0.000000
0.000000
0.157000
0.000000
0.000000
0.000000
0.000000
2.070000
0.000000
1.276000
0.000000
0.000000
0.000000
0.239000
0.081000
0.000000
0.000000
0.000000
0.000000
0.000000
0.029000
0.000000
0.000000
0.564000
0.000000
2.277000
1.203000
0.711000
0.000000
2.390000
0.968000
0.103000
0.434000
1.130000
0.683000
0.764000
1.956000
2.494000
0.000000
0.000000
0.507000
0.601000
0.000000
1.454000
2.475000
1.917000
0.000000
0.910000
0.000000
0.596000
0.000000
0.818000
0.415000
2.490000
1.214000
1.187000
1.030000
0.000000
2.706000
0.000000
0.345000
1.313000
0.000000
0.122000
0.433000
1.021000
2.565000
0.477000
1.534000
1.618000
0.000000
0.000000
0.000000
1.269000
1.110000
0.048000
1.528000
1.999000
0.000000
0.000000
0.000000
0.000000
0.000000
0.580000
0.000000
0.000000
