10.756000
4.754000
6.316000
6.684000
7.256000
8.335000
4.384000
8.354000
7.572000
8.295000
6.859000
6.000000
4.378000
9.056000
9.001000
5.822000
7.052000
7.968000
1.954000
11.124000
6.803000
6.206000
8.980000
5.576000
11.709000
4.243000
6.403000
9.949000
10.165000
5.384000
12.643000
11.016000
7.043000
3.718000
7.306000
6.602000
8.651000
11.511000
8.675000
8.145000
6.528000
12.196000
5.263000
9.629000
7.534000
6.620000
10.436000
1.575000
3.822000
5.606000
9.864000
7.172000
7.036000
8.575000
12.580000
11.293000
4.410000
5.422000
7.528000
15.716000
6.583000
1.849000
2.436000
5.727000
6.481000
2.559000
10.479000
8.862000
7.359000
5.934000
11.110000
10.789000
5.925000
0.000000
9.596000
8.147000
4.190000
2.732000
9.150000
12.320000
8.458000
0.456000
6.422000
0.000000
6.306000
3.841000
2.683000
15.119000
15.025000
10.902000
10.974000
5.596000
11.673000
14.941000
3.004000
11.905000
7.394000
7.797000
10.349000
4.702000
7.034000
9.785000
9.077000
6.845000
7.014000
9.733000
8.653000
13.381000
4.472000
17.535000
6.758000
15.445000
4.687000
5.305000
16.793000
7.466000
9.402000
2.261000
4.321000
16.089000
14.626000
10.914000
4.121000
5.238000
12.010000
4.992000
14.656000
5.495000
17.792000
9.796000
0.570000
5.981000
14.201000
0.774000
21.152000
13.313000
16.490000
12.905000
9.000000
17.607000
9.697000
11.191000
6.843000
12.555000
12.477000
4.271000
7.483000
1.750000
16.096000
1.113000
11.137000
1.635000
7.292000
4.840000
5.300000
11.084000
5.821000
11.579000
16.530000
4.978000
5.555000
9.183000
11.572000
16.263000
4.423000
14.887000
3.103000
16.673000
3.118000
19.698000
17.025000
4.319000
3.521000
12.011000
5.329000
1.772000
8.381000
4.889000
11.402000
16.432000
5.266000
7.565000
4.032000
2.394000
14.803000
3.842000
11.725000
12.596000
6.945000
12.717000
7.589000
8.659000
6.353000
11.924000
3.354000
12.478000
11.211000
6.760000
5.898000
6.835000
7.731000
16.337000
8.417000
15.810000
8.849000
6.771000
7.488000
12.711000
6.940000
3.317000
17.897000
10.358000
17.692000
17.899000
23.932000
5.604000
19.657000
16.070000
4.092000
9.852000
18.080000
6.752000
12.721000
7.691000
12.415000
7.200000
10.889000
12.046000
4.410000
22.987000
11.952000
7.479000
15.396000
5.453000
12.847000
17.519000
16.191000
11.965000
6.955000
12.154000
8.770000
8.570000
7.085000
7.598000
8.654000
10.195000
8.563000
9.352000
11.531000
11.582000
1.328000
3.092000
21.723000
11.263000
9.752000
14.977000
8.581000
9.945000
8.392000
4.596000
7.025000
10.998000
10.732000
10.856000
4.707000
7.262000
8.627000
5.572000
2.787000
16.931000
12.135000
8.172000
5.673000
10.664000
17.745000
5.777000
15.130000
4.773000
5.811000
2.713000
10.854000
7.036000
23.342000
5.929000
20.291000
6.580000
8.347000
15.829000
11.661000
5.040000
7.190000
6.458000
0.814000
3.517000
8.146000
11.017000
15.332000
11.949000
5.068000
8.714000
7.789000
8.868000
15.174000
17.832000
2.130000
9.809000
3.802000
5.419000
7.015000
14.989000
13.029000
10.261000
9.699000
19.963000
16.418000
16.479000
8.341000
21.089000
11.114000
5.583000
10.942000
16.535000
6.888000
10.410000
13.485000
10.023000
7.713000
11.178000
19.209000
5.532000
6.370000
5.246000
15.866000
19.967000
8.943000
7.109000
8.536000
10.391000
18.268000
8.366000
4.800000
12.747000
6.670000
6.069000
1.044000
8.653000
12.073000
13.252000
5.672000
7.848000
8.836000
15.294000
8.438000
16.103000
8.336000
14.595000
13.631000
18.845000
18.349000
5.183000
12.153000
9.597000
3.391000
19.054000
7.286000
19.082000
15.867000
16.725000
6.262000
18.045000
11.413000
11.344000
2.054000
0.000000
8.306000
7.016000
10.649000
13.659000
10.309000
10.029000
9.799000
3.784000
10.306000
7.364000
14.993000
18.541000
7.999000
12.027000
6.489000
19.444000
19.050000
12.700000
3.500000
20.739000
13.398000
6.194000
7.900000
7.602000
6.647000
10.428000
6.801000
22.147000
12.674000
19.236000
21.788000
14.753000
4.060000
16.689000
3.940000
17.254000
7.900000
10.275000
15.280000
18.843000
8.945000
17.165000
9.713000
12.532000
10.610000
18.689000
21.652000
8.212000
8.693000
5.229000
15.420000
10.375000
10.738000
15.991000
4.091000
5.604000
18.936000
6.886000
7.825000
7.944000
9.959000
11.178000
9.455000
9.384000
6.254000
4.093000
15.725000
14.892000
5.160000
18.311000
12.262000
5.843000
18.228000
10.515000
9.388000
7.653000
10.289000
17.664000
14.589000
18.510000
8.775000
12.421000
6.657000
21.346000
8.305000
7.396000
8.935000
5.477000
4.329000
12.049000
7.872000
12.898000
10.340000
4.816000
7.920000
11.367000
9.627000
11.860000
6.576000
21.589000
11.552000
11.219000
10.484000
4.355000
17.714000
15.225000
4.563000
17.652000
5.086000
1.858000
10.864000
12.862000
18.815000
12.632000
2.194000
10.059000
10.742000
20.593000
9.930000
5.509000
3.652000
19.168000
8.562000
8.937000
15.470000
6.552000
9.802000
9.861000
9.306000
5.769000
21.474000
15.948000
4.082000
6.914000
15.255000
15.435000
17.680000
15.048000
12.603000
15.027000
3.995000
3.375000
6.806000
11.945000
12.310000
11.740000
6.780000
13.423000
9.118000
18.786000
9.315000
7.534000
13.611000
13.109000
5.066000
14.492000
16.539000
7.753000
9.771000
12.705000
14.579000
15.980000
7.811000
7.859000
7.290000
12.506000
5.080000
10.897000
14.754000
13.644000
9.078000
7.823000
10.196000
15.876000
14.279000
17.165000
10.677000
16.651000
9.866000
5.647000
5.512000
4.401000
16.769000
3.353000
8.219000
6.633000
6.348000
15.742000
15.667000
15.927000
3.906000
12.688000
14.448000
16.141000
7.905000
15.963000
7.993000
16.243000
14.320000
5.794000
4.308000
15.518000
16.821000
19.910000
11.508000
5.124000
6.460000
18.689000
1.438000
0.411000
11.502000
9.152000
6.308000
20.276000
11.088000
10.797000
10.937000
12.057000
3.747000
2.495000
13.030000
4.283000
6.919000
4.095000
25.072000
6.167000
10.033000
13.133000
4.928000
12.829000
3.662000
4.794000
12.495000
13.663000
5.956000
5.030000
10.883000
18.071000
9.417000
5.829000
2.299000
0.000000
6.164000
4.053000
4.663000
10.520000
9.821000
10.463000
2.987000
5.822000
3.967000
7.738000
3.773000
1.464000
9.133000
11.836000
13.511000
14.182000
3.227000
17.594000
9.014000
13.457000
14.313000
6.366000
0.995000
18.125000
4.713000
4.105000
4.699000
6.899000
5.395000
7.505000
3.452000
16.703000
22.112000
2.681000
2.290000
14.700000
16.411000
15.785000
3.492000
0.000000
19.940000
2.972000
10.619000
15.460000
14.039000
3.842000
9.351000
3.924000
5.557000
8.423000
1.085000
7.581000
11.034000
6.599000
13.333000
7.548000
12.887000
13.783000
8.947000
5.589000
7.683000
10.021000
2.955000
10.225000
5.577000
3.271000
7.287000
6.589000
14.596000
5.422000
5.502000
0.970000
11.896000
7.161000
1.787000
2.126000
9.928000
7.781000
4.016000
15.146000
3.176000
3.902000
12.707000
1.486000
11.725000
2.460000
3.408000
9.015000
13.506000
13.069000
7.431000
11.379000
13.215000
17.307000
9.875000
7.752000
4.517000
17.437000
11.239000
8.083000
5.759000
2.476000
11.648000
12.769000
10.419000
3.522000
6.196000
7.069000
19.821000
2.795000
15.094000
5.289000
16.375000
14.772000
0.933000
15.124000
4.976000
8.322000
13.302000
6.826000
8.797000
5.437000
5.650000
12.297000
5.144000
13.215000
19.934000
16.760000
17.299000
15.675000
2.385000
11.203000
3.841000
4.373000
3.016000
4.408000
10.006000
12.526000
9.188000
11.623000
19.717000
9.135000
8.348000
5.818000
13.296000
2.904000
10.551000
11.158000
11.821000
9.462000
12.254000
5.863000
11.487000
10.645000
6.199000
15.345000
4.921000
7.711000
17.009000
6.076000
12.084000
5.729000
13.080000
10.574000
1.577000
7.571000
2.582000
12.011000
7.620000
4.185000
12.495000
9.618000
15.902000
9.092000
3.902000
12.104000
15.913000
13.037000
4.731000
3.629000
8.157000
9.421000
8.589000
10.211000
6.941000
16.657000
3.574000
14.743000
7.178000
12.256000
5.018000
11.116000
13.136000
11.181000
15.304000
12.808000
11.677000
13.354000
11.339000
15.151000
16.916000
5.924000
7.433000
10.763000
7.410000
6.521000
12.048000
11.348000
17.046000
10.296000
6.855000
14.381000
18.493000
8.240000
7.247000
5.956000
1.013000
1.179000
5.377000
10.453000
13.956000
13.192000
11.192000
9.153000
8.444000
13.925000
10.374000
13.907000
21.123000
15.869000
12.714000
8.713000
12.550000
6.436000
14.583000
9.600000
16.203000
19.781000
15.081000
21.319000
18.463000
1.721000
8.054000
15.637000
11.948000
7.465000
7.914000
16.130000
4.317000
6.180000
6.154000
10.391000
10.185000
9.947000
7.035000
11.909000
11.666000
11.356000
19.560000
13.203000
12.465000
5.375000
10.302000
6.565000
7.049000
16.396000
8.027000
13.382000
8.784000
11.579000
11.897000
11.743000
11.429000
10.242000
9.563000
6.531000
10.770000
13.277000
9.699000
9.922000
12.107000
11.498000
16.083000
11.291000
5.063000
15.912000
11.467000
2.398000
11.101000
11.855000
14.741000
4.441000
9.391000
4.567000
10.653000
6.232000
10.066000
15.755000
17.212000
2.410000
14.077000
17.716000
17.531000
13.280000
11.010000
10.774000
10.148000
12.451000
10.730000
13.317000
10.583000
6.234000
8.339000
11.095000
12.266000
10.340000
16.665000
11.493000
13.585000
19.094000
9.435000
10.962000
0.000000
15.178000
15.578000
13.961000
7.301000
10.563000
0.000000
10.614000
9.789000
12.884000
1.117000
18.555000
8.253000
13.284000
9.256000
20.070000
22.655000
17.337000
14.353000
8.033000
6.121000
10.550000
10.099000
4.259000
11.318000
11.743000
14.612000
19.327000
7.575000
14.289000
5.335000
13.336000
8.684000
18.260000
17.608000
11.951000
20.951000
9.627000
11.874000
5.465000
21.170000
6.962000
14.005000
20.191000
11.129000
8.654000
8.343000
14.328000
19.309000
13.899000
21.136000
8.255000
14.431000
11.684000
19.060000
11.576000
16.726000
15.097000
8.367000
20.903000
0.000000
7.223000
20.157000
9.888000
19.373000
13.292000
7.228000
11.947000
10.887000
11.105000
7.365000
17.956000
8.691000
3.484000
9.594000
2.416000
6.822000
8.752000
6.435000
13.238000
15.837000
5.350000
13.126000
0.000000
4.547000
12.754000
7.510000
7.847000
1.515000
18.282000
1.610000
11.845000
0.743000
2.713000
6.545000
8.002000
0.543000
12.720000
8.025000
15.395000
7.840000
12.420000
12.030000
19.701000
11.186000
11.031000
5.925000
8.123000
14.692000
1.428000
5.055000
5.801000
11.691000
16.689000
9.497000
4.378000
2.447000
9.167000
15.106000
2.611000
20.244000
18.548000
4.807000
2.627000
3.983000
2.363000
17.738000
4.209000
5.145000
20.958000
11.450000
12.378000
9.064000
11.198000
6.550000
6.280000
3.821000
15.734000
6.674000
8.606000
6.012000
0.000000
9.992000
14.313000
3.794000
3.486000
4.159000
3.847000
6.637000
11.756000
12.110000
7.513000
1.419000
10.211000
16.513000
0.548000
9.513000
15.960000
1.210000
11.263000
9.429000
6.640000
0.000000
12.731000
16.641000
6.200000
1.911000
10.571000
19.021000
4.296000
13.573000
2.390000
10.679000
13.480000
4.399000
12.003000
10.530000
2.705000
9.108000
12.565000
17.167000
4.485000
12.272000
9.573000
3.791000
17.223000
5.810000
15.776000
13.751000
14.998000
14.755000
12.777000
4.216000
4.588000
18.535000
5.920000
5.875000
14.252000
11.374000
8.795000
12.963000
12.752000
21.009000
18.783000
2.537000
9.409000
10.247000
16.009000
15.037000
12.000000
17.938000
21.472000
0.622000
11.128000
9.523000
6.514000
12.396000
13.281000
7.809000
7.384000
0.299000
15.943000
11.886000
0.000000
11.931000
11.558000
15.090000
10.488000
18.945000
15.259000
9.242000
7.436000
10.781000
2.278000
16.990000
11.518000
10.031000
19.649000
15.123000
7.971000
17.960000
19.053000
12.265000
15.970000
5.148000
8.077000
4.340000
7.949000
16.811000
10.486000
12.558000
12.317000
21.869000
10.823000
8.204000
15.092000
11.616000
14.452000
11.678000
13.815000
12.870000
5.308000
6.134000
16.492000
5.596000
9.168000
18.013000
17.138000
9.521000
12.891000
21.358000
6.109000
9.164000
5.578000
15.086000
13.681000
16.158000
7.179000
11.772000
13.105000
16.351000
12.777000
21.768000
15.791000
16.160000
14.105000
18.023000
18.046000
6.051000
12.868000
13.085000
9.425000
12.541000
16.777000
16.203000
16.022000
22.221000
13.999000
19.961000
14.907000
16.031000
4.788000
15.809000
8.988000
8.033000
3.597000
12.596000
23.827000
24.727000
18.963000
3.563000
12.055000
12.443000
11.477000
6.578000
12.716000
19.733000
23.565000
10.197000
18.496000
18.296000
10.746000
6.451000
10.852000
8.558000
7.102000
11.594000
5.806000
12.100000
11.060000
6.142000
17.844000
11.647000
8.282000
9.870000
11.844000
5.033000
15.017000
11.515000
2.729000
8.181000
8.510000
10.416000
14.517000
10.052000
21.818000
10.236000
5.521000
13.494000
7.420000
10.316000
18.050000
10.740000
18.964000
8.162000
11.240000
6.626000
3.652000
7.845000
20.334000
16.193000
19.668000
17.277000
3.988000
10.083000
12.989000
9.471000
6.017000
12.588000
15.720000
5.016000
7.430000
16.348000
11.863000
17.077000
11.761000
17.430000
11.335000
13.224000
7.551000
10.211000
13.577000
9.487000
18.319000
5.006000
7.540000
10.715000
6.580000
8.965000
17.308000
9.730000
10.616000
7.935000
12.424000
8.736000
15.945000
5.729000
10.081000
8.277000
19.634000
4.055000
6.335000
5.941000
17.155000
6.802000
12.314000
14.623000
5.627000
8.877000
2.928000
8.281000
9.030000
6.401000
11.497000
9.053000
3.987000
13.394000
13.371000
5.733000
12.806000
16.902000
8.680000
6.939000
8.034000
6.215000
8.128000
4.978000
6.557000
14.543000
11.185000
6.219000
12.371000
6.064000
9.322000
6.084000
4.312000
16.533000
7.151000
8.117000
0.000000
12.656000
16.073000
13.617000
20.475000
9.442000
12.291000
5.156000
8.524000
18.180000
19.541000
13.804000
0.000000
10.079000
5.608000
8.664000
9.328000
2.419000
7.613000
20.518000
7.245000
18.233000
10.910000
8.283000
20.549000
7.435000
9.061000
5.972000
10.654000
8.162000
17.161000
15.176000
14.745000
17.368000
7.880000
9.965000
11.322000
8.383000
9.691000
7.486000
6.958000
10.410000
7.900000
16.841000
20.582000
7.232000
10.378000
12.253000
19.071000
15.521000
21.031000
19.017000
7.698000
17.518000
16.277000
15.640000
16.826000
18.256000
21.122000
0.563000
11.334000
13.767000
8.867000
9.059000
6.879000
10.394000
20.098000
6.731000
10.760000
10.516000
4.291000
5.859000
10.489000
17.131000
8.458000
9.233000
11.091000
18.416000
7.046000
17.212000
7.418000
13.445000
6.797000
10.737000
12.112000
9.396000
14.277000
7.587000
13.299000
14.074000
20.619000
14.929000
14.451000
12.136000
12.682000
8.836000
14.513000
9.840000
11.833000
5.880000
7.237000
20.949000
9.680000
24.233000
14.982000
11.164000
0.000000
9.941000
6.966000
15.700000
13.060000
13.442000
3.885000
8.183000
2.578000
7.120000
7.481000
7.800000
11.957000
6.052000
15.045000
7.217000
12.197000
9.893000
18.883000
11.363000
13.497000
15.787000
8.766000
12.584000
15.181000
11.274000
16.888000
14.091000
8.736000
5.791000
10.080000
6.012000
2.841000
18.252000
12.518000
17.527000
3.985000
8.118000
12.716000
9.069000
15.689000
17.958000
11.932000
13.110000
9.856000
5.841000
20.374000
4.356000
11.453000
8.937000
8.457000
7.731000
15.322000
10.396000
11.248000
12.698000
13.874000
8.981000
12.782000
9.788000
15.004000
16.623000
1.338000
9.947000
9.079000
0.000000
12.869000
16.840000
12.134000
10.272000
9.231000
0.000000
10.038000
14.543000
9.705000
10.693000
9.670000
15.891000
10.908000
11.261000
12.769000
18.769000
17.239000
5.228000
16.270000
1.216000
12.678000
1.939000
9.840000
21.406000
8.401000
10.528000
20.973000
6.146000
11.023000
14.426000
9.098000
2.829000
1.755000
4.336000
23.238000
17.821000
5.138000
0.000000
12.722000
11.412000
0.000000
3.667000
10.510000
0.000000
1.609000
2.353000
7.408000
0.000000
1.353000
5.355000
16.829000
9.340000
3.481000
4.589000
1.441000
2.229000
3.527000
1.897000
0.000000
19.044000
5.363000
15.946000
3.881000
6.307000
0.609000
1.729000
1.103000
11.637000
0.718000
5.433000
2.288000
19.674000
8.405000
3.130000
10.826000
3.846000
13.553000
4.846000
14.900000
4.742000
6.178000
10.634000
13.537000
2.797000
17.564000
4.098000
17.341000
0.993000
4.827000
7.650000
11.045000
5.470000
11.131000
5.496000
5.596000
17.066000
8.205000
9.920000
8.492000
20.010000
3.762000
3.683000
0.000000
3.347000
0.982000
3.313000
0.000000
7.146000
4.875000
5.163000
21.643000
12.881000
8.027000
17.472000
4.584000
0.000000
15.299000
0.805000
1.411000
17.003000
13.379000
5.764000
3.810000
18.898000
9.005000
11.428000
9.888000
20.794000
4.923000
9.442000
3.313000
6.047000
7.056000
11.744000
0.448000
4.376000
8.350000
18.295000
16.033000
2.232000
5.402000
11.503000
8.602000
16.732000
5.505000
11.030000
6.437000
8.086000
14.050000
0.643000
10.895000
2.332000
9.477000
9.739000
6.308000
13.659000
0.947000
9.178000
4.190000
0.520000
14.164000
19.523000
11.930000
10.270000
4.234000
7.476000
9.875000
0.955000
20.124000
6.414000
16.559000
10.101000
4.755000
4.666000
16.050000
8.932000
9.633000
5.716000
11.931000
2.596000
10.324000
7.247000
12.200000
11.676000
17.854000
6.000000
11.892000
0.000000
9.357000
19.334000
11.873000
3.562000
2.348000
8.290000
15.682000
10.548000
14.384000
10.425000
3.353000
0.000000
0.000000
4.350000
18.787000
6.188000
6.972000
4.950000
0.000000
20.381000
8.502000
22.017000
3.145000
18.977000
4.490000
17.164000
8.276000
19.355000
6.346000
4.752000
4.135000
9.453000
11.704000
3.119000
17.246000
16.498000
13.616000
3.336000
13.707000
9.178000
1.454000
16.484000
8.267000
4.662000
7.784000
5.735000
1.435000
13.682000
19.933000
7.223000
12.082000
4.564000
0.000000
4.793000
15.826000
6.233000
5.786000
10.964000
3.427000
19.195000
8.099000
14.516000
10.819000
7.927000
12.470000
5.873000
12.426000
1.491000
15.395000
17.394000
15.915000
7.092000
9.178000
14.397000
5.979000
6.853000
5.180000
8.783000
9.941000
8.414000
19.174000
8.577000
8.492000
7.763000
8.072000
5.564000
5.865000
16.969000
11.724000
6.009000
14.931000
15.307000
9.185000
2.398000
0.000000
15.460000
9.426000
10.682000
3.700000
11.976000
16.105000
14.272000
0.000000
8.406000
7.594000
17.698000
10.990000
4.475000
2.145000
10.155000
6.696000
1.395000
5.787000
17.728000
7.696000
11.072000
13.854000
10.958000
7.518000
11.474000
7.956000
13.731000
20.064000
10.798000
9.940000
4.104000
6.072000
2.735000
7.940000
6.188000
14.303000
17.652000
13.680000
11.006000
17.650000
3.577000
0.000000
16.896000
12.827000
6.518000
18.982000
11.757000
8.256000
7.695000
9.207000
0.184000
16.404000
5.273000
7.529000
3.600000
10.966000
12.112000
13.189000
15.310000
21.594000
12.765000
13.637000
6.680000
12.944000
13.086000
6.337000
7.580000
6.666000
13.145000
17.231000
7.640000
17.443000
0.106000
6.246000
24.755000
15.499000
11.654000
20.816000
15.314000
9.036000
9.200000
14.352000
8.930000
5.210000
9.863000
2.979000
13.394000
9.295000
15.131000
3.926000
2.327000
13.620000
9.705000
5.536000
12.189000
8.040000
8.822000
3.470000
11.427000
18.925000
8.828000
17.927000
9.012000
18.616000
23.366000
4.606000
21.931000
12.578000
8.813000
8.204000
13.342000
0.000000
15.632000
7.189000
7.819000
12.147000
10.070000
15.138000
19.052000
11.391000
16.870000
18.833000
11.402000
16.758000
8.193000
15.138000
12.478000
11.651000
15.357000
14.804000
9.331000
12.094000
9.375000
17.259000
12.638000
11.052000
11.227000
15.214000
14.967000
13.396000
13.583000
11.963000
10.160000
0.668000
9.267000
13.287000
8.182000
16.340000
17.187000
18.431000
14.809000
6.434000
8.489000
4.551000
13.950000
12.041000
8.854000
11.448000
3.934000
14.157000
17.175000
10.172000
10.108000
10.806000
7.579000
21.182000
12.046000
13.864000
6.968000
12.219000
15.276000
10.839000
14.933000
10.944000
13.134000
10.314000
12.246000
8.963000
4.872000
21.005000
23.659000
24.408000
14.572000
13.064000
14.198000
13.712000
4.845000
9.340000
14.046000
10.941000
16.645000
7.642000
3.403000
5.308000
12.390000
8.193000
17.204000
12.782000
11.545000
17.565000
14.237000
21.023000
11.298000
14.188000
16.267000
15.056000
7.659000
11.008000
9.584000
15.680000
9.605000
13.598000
3.424000
7.132000
15.189000
17.399000
15.115000
9.580000
21.473000
13.716000
16.353000
2.476000
2.424000
6.645000
14.305000
17.771000
15.898000
6.111000
18.023000
10.769000
14.805000
11.945000
17.952000
15.073000
18.538000
3.891000
8.061000
13.506000
13.601000
10.784000
15.880000
14.234000
15.024000
17.634000
17.428000
13.913000
6.927000
7.775000
2.625000
12.596000
6.470000
10.101000
8.209000
16.117000
8.527000
11.817000
6.216000
6.854000
7.833000
4.733000
15.614000
3.932000
0.086000
11.453000
12.591000
9.551000
7.888000
17.105000
12.763000
10.842000
8.460000
9.567000
8.973000
16.983000
2.985000
10.736000
9.429000
6.569000
11.167000
4.733000
9.052000
5.475000
11.158000
10.526000
8.422000
14.215000
13.554000
6.612000
10.641000
12.232000
11.573000
17.663000
15.720000
5.333000
12.678000
12.577000
7.415000
15.371000
10.477000
4.370000
11.443000
3.614000
14.839000
17.434000
7.525000
8.517000
7.621000
4.009000
4.734000
7.364000
3.999000
15.066000
3.994000
5.255000
15.018000
6.606000
0.000000
11.786000
10.286000
14.126000
9.179000
6.139000
13.334000
10.708000
12.188000
13.027000
6.653000
11.499000
11.405000
2.405000
10.538000
4.669000
2.494000
8.954000
14.210000
3.704000
15.228000
16.578000
14.703000
0.000000
11.462000
8.791000
6.521000
7.231000
0.726000
10.186000
7.503000
13.304000
11.220000
8.441000
4.808000
19.919000
4.872000
14.613000
8.974000
6.875000
16.060000
7.555000
10.830000
17.107000
6.284000
9.300000
13.125000
13.613000
14.541000
10.332000
0.000000
1.352000
4.373000
9.296000
13.353000
5.748000
10.594000
7.528000
19.116000
8.641000
22.209000
12.440000
23.681000
10.354000
16.876000
1.161000
14.036000
4.804000
18.865000
20.184000
15.779000
4.846000
5.402000
15.791000
9.705000
9.321000
0.986000
19.062000
15.252000
0.000000
23.274000
23.039000
9.801000
6.988000
18.140000
10.842000
6.273000
4.434000
7.507000
0.000000
17.990000
2.400000
3.131000
16.278000
0.000000
17.781000
3.538000
6.378000
16.051000
5.392000
5.371000
11.380000
11.018000
5.705000
14.607000
10.416000
15.218000
10.147000
10.089000
18.269000
16.682000
8.567000
20.863000
9.728000
14.191000
10.484000
7.530000
0.714000
8.066000
9.776000
10.901000
4.537000
18.884000
20.516000
16.353000
9.619000
16.391000
14.723000
20.401000
5.810000
19.341000
14.973000
14.424000
10.593000
18.719000
3.791000
18.648000
7.182000
7.679000
9.607000
5.964000
22.489000
17.145000
13.000000
16.067000
15.868000
9.345000
21.157000
7.362000
7.899000
10.184000
7.404000
12.218000
12.584000
7.606000
11.997000
14.481000
19.861000
0.000000
9.574000
21.086000
2.866000
5.447000
14.639000
12.202000
20.927000
11.796000
18.845000
13.464000
13.649000
10.535000
10.053000
12.904000
4.405000
11.237000
5.273000
0.613000
21.933000
4.833000
16.696000
10.045000
11.945000
12.216000
8.888000
17.599000
7.779000
12.491000
19.071000
14.863000
11.897000
7.442000
17.491000
14.422000
10.250000
7.022000
12.673000
14.063000
11.899000
16.500000
8.982000
5.050000
12.235000
10.664000
5.359000
11.946000
4.895000
15.168000
6.401000
5.639000
8.493000
17.360000
13.970000
13.615000
14.042000
10.392000
11.952000
7.690000
7.766000
7.488000
13.169000
16.693000
9.974000
15.066000
14.287000
9.720000
8.682000
5.829000
12.874000
10.069000
9.230000
13.296000
5.601000
12.410000
3.449000
7.094000
21.476000
7.674000
11.849000
10.655000
14.052000
10.670000
10.333000
6.475000
7.014000
5.274000
7.756000
13.602000
8.861000
10.902000
11.110000
9.759000
10.078000
6.509000
10.920000
13.724000
11.074000
12.217000
8.344000
13.270000
10.603000
8.816000
10.689000
0.005000
9.298000
12.188000
14.241000
7.678000
8.790000
10.498000
7.458000
6.719000
16.176000
13.666000
11.482000
5.616000
3.300000
6.742000
10.605000
14.231000
11.601000
24.234000
8.718000
11.096000
8.492000
11.817000
10.047000
6.432000
16.297000
16.651000
12.075000
4.021000
4.741000
12.722000
7.559000
18.549000
2.555000
15.323000
8.081000
3.772000
14.488000
17.835000
8.004000
23.795000
9.436000
9.079000
8.442000
7.053000
12.565000
6.809000
6.127000
11.386000
1.077000
14.828000
15.685000
13.023000
5.267000
13.125000
8.708000
8.823000
7.777000
5.303000
9.172000
11.096000
8.977000
7.748000
9.273000
11.778000
9.905000
15.956000
4.912000
20.719000
7.744000
10.310000
4.834000
23.733000
5.788000
12.748000
11.989000
10.601000
13.620000
13.353000
13.668000
9.807000
5.393000
6.475000
11.114000
8.853000
7.825000
7.175000
6.187000
14.299000
12.943000
11.484000
12.025000
12.885000
9.250000
8.961000
13.508000
16.619000
8.438000
3.273000
12.866000
4.095000
13.198000
4.896000
8.825000
14.332000
7.823000
13.917000
16.831000
19.658000
21.880000
16.890000
13.883000
11.708000
4.692000
6.997000
7.401000
7.982000
7.913000
9.498000
13.721000
14.674000
10.989000
11.626000
14.260000
10.147000
11.461000
14.738000
17.365000
15.244000
6.799000
15.770000
19.024000
7.327000
11.222000
16.035000
6.637000
13.964000
11.145000
17.232000
11.756000
16.848000
10.728000
5.471000
14.104000
10.521000
14.956000
16.805000
19.993000
12.362000
8.010000
7.408000
0.000000
12.794000
6.721000
9.141000
5.529000
3.102000
11.540000
6.823000
15.953000
7.670000
13.819000
12.460000
9.483000
7.452000
3.680000
6.570000
6.111000
3.623000
8.980000
7.425000
11.040000
7.420000
12.624000
6.671000
8.834000
5.720000
8.615000
6.329000
8.195000
7.269000
5.282000
5.401000
1.804000
6.668000
9.314000
5.927000
6.756000
6.102000
5.872000
7.922000
5.508000
6.809000
6.052000
11.103000
13.035000
5.696000
11.871000
16.134000
14.220000
5.632000
3.100000
4.364000
12.855000
7.627000
16.550000
4.444000
5.095000
7.751000
7.947000
15.131000
8.419000
7.300000
7.619000
7.213000
7.164000
9.264000
14.366000
11.420000
8.778000
8.413000
9.007000
8.026000
6.322000
6.016000
12.138000
20.345000
12.405000
7.628000
6.006000
8.551000
7.097000
6.882000
3.307000
8.137000
7.595000
3.322000
1.704000
11.723000
15.939000
9.791000
6.043000
12.900000
6.363000
3.056000
5.902000
10.850000
6.188000
7.898000
5.040000
6.977000
10.361000
6.173000
5.623000
9.054000
7.822000
12.240000
12.489000
6.442000
8.125000
5.943000
5.756000
6.726000
9.137000
5.779000
8.367000
10.091000
3.306000
7.860000
11.829000
17.545000
1.445000
7.568000
16.583000
5.204000
8.062000
8.823000
14.290000
14.434000
5.110000
5.138000
19.236000
5.328000
6.899000
9.919000
11.343000
8.082000
14.262000
7.205000
6.956000
4.245000
15.818000
6.839000
7.723000
7.549000
2.731000
6.828000
5.104000
7.806000
12.038000
15.397000
9.493000
16.847000
4.082000
4.702000
9.795000
6.862000
13.053000
4.410000
1.025000
11.857000
1.507000
14.392000
8.295000
8.190000
2.617000
12.522000
3.439000
10.717000
7.520000
8.060000
12.842000
3.539000
12.924000
4.734000
5.546000
6.223000
8.654000
5.698000
19.782000
8.296000
5.763000
10.168000
15.160000
12.404000
6.355000
22.413000
7.916000
11.211000
4.625000
18.442000
13.046000
10.392000
9.638000
14.571000
6.601000
14.998000
12.862000
10.611000
4.203000
6.932000
17.829000
12.498000
14.873000
20.519000
9.031000
16.522000
14.670000
13.355000
11.865000
7.109000
10.981000
6.746000
4.919000
11.723000
5.664000
12.318000
13.482000
11.279000
13.063000
4.420000
14.427000
3.829000
13.912000
20.513000
16.282000
5.773000
9.050000
13.043000
7.967000
8.793000
14.900000
3.437000
14.192000
12.962000
7.472000
0.929000
11.977000
10.768000
4.930000
7.745000
4.790000
8.854000
6.079000
9.809000
14.755000
9.693000
3.592000
13.154000
8.789000
16.534000
15.157000
14.156000
18.748000
12.391000
13.120000
6.253000
4.433000
15.406000
14.834000
10.390000
10.170000
12.754000
4.199000
15.911000
17.561000
16.858000
14.753000
10.536000
9.604000
8.902000
17.765000
6.058000
13.057000
7.803000
6.191000
10.988000
14.574000
9.351000
15.415000
11.930000
10.065000
8.754000
7.944000
13.290000
10.778000
12.700000
13.443000
12.781000
4.480000
12.151000
10.406000
8.272000
3.955000
12.025000
7.780000
15.919000
12.278000
15.525000
12.116000
12.706000
3.429000
6.476000
8.840000
14.459000
4.678000
10.359000
5.680000
6.461000
8.163000
7.857000
13.689000
11.010000
5.089000
9.322000
15.270000
7.292000
8.340000
12.784000
4.541000
5.671000
19.134000
8.624000
15.910000
12.624000
17.634000
5.493000
7.937000
5.837000
7.867000
6.553000
13.260000
9.277000
11.702000
8.134000
4.448000
2.370000
7.676000
4.245000
16.666000
7.178000
12.246000
4.054000
4.917000
20.263000
17.258000
20.798000
5.134000
17.294000
10.711000
16.859000
9.959000
7.791000
13.580000
10.032000
4.306000
11.617000
8.097000
13.602000
7.738000
8.573000
7.559000
14.318000
15.634000
22.688000
19.647000
7.957000
13.372000
5.657000
13.835000
10.135000
17.731000
7.167000
13.561000
3.731000
1.111000
13.487000
5.420000
7.750000
6.337000
3.308000
5.040000
12.908000
13.821000
4.192000
11.692000
5.721000
1.262000
6.571000
7.018000
11.587000
17.314000
7.117000
14.058000
20.011000
7.249000
11.319000
9.506000
15.019000
10.402000
13.469000
7.075000
2.043000
16.624000
4.910000
19.244000
8.457000
4.426000
4.259000
14.739000
13.447000
14.477000
15.265000
15.812000
6.706000
5.244000
7.713000
20.806000
7.722000
6.477000
9.588000
4.937000
4.165000
10.478000
14.528000
6.407000
1.697000
11.419000
6.829000
18.538000
3.948000
22.504000
15.701000
6.598000
0.574000
8.006000
5.907000
22.109000
10.093000
16.617000
13.799000
5.762000
16.049000
13.754000
7.361000
7.761000
7.771000
2.598000
18.099000
11.749000
20.424000
3.509000
7.731000
17.641000
17.211000
13.643000
8.537000
9.622000
14.918000
14.090000
14.265000
11.925000
15.411000
8.712000
2.263000
12.796000
9.669000
8.464000
8.686000
10.634000
12.410000
2.373000
18.544000
11.879000
7.568000
11.427000
4.585000
7.580000
8.001000
10.535000
5.623000
10.948000
16.008000
12.744000
7.332000
5.428000
16.120000
11.587000
9.347000
13.995000
13.990000
14.064000
17.947000
16.194000
9.845000
15.807000
13.092000
17.455000
11.905000
7.937000
16.014000
6.685000
13.887000
10.511000
4.811000
12.399000
13.578000
11.553000
3.079000
11.186000
11.211000
9.292000
15.329000
7.234000
13.623000
6.453000
10.440000
10.374000
8.126000
10.468000
13.737000
12.485000
12.911000
5.319000
5.913000
5.391000
17.556000
8.233000
10.538000
2.956000
12.687000
10.767000
12.192000
7.084000
13.341000
13.576000
8.297000
12.639000
11.092000
8.238000
3.842000
12.607000
5.040000
6.732000
9.707000
8.815000
11.885000
7.531000
5.635000
7.893000
3.553000
14.889000
8.630000
15.266000
6.257000
7.521000
15.851000
20.367000
18.909000
10.369000
12.436000
11.059000
15.426000
8.051000
10.706000
11.425000
7.024000
14.276000
10.567000
14.612000
14.305000
13.555000
15.878000
7.951000
9.683000
10.235000
3.172000
8.325000
10.563000
14.058000
11.085000
8.917000
10.588000
17.970000
10.591000
16.383000
18.269000
5.110000
18.267000
6.998000
6.022000
10.268000
8.162000
12.194000
11.976000
10.294000
6.496000
9.735000
9.136000
10.096000
7.766000
5.979000
14.315000
7.942000
14.148000
15.689000
16.138000
13.484000
12.909000
13.668000
15.146000
19.072000
18.314000
11.146000
6.498000
9.584000
12.811000
12.259000
18.403000
15.957000
13.974000
14.435000
7.026000
4.324000
15.860000
8.495000
7.803000
10.409000
14.553000
11.040000
9.579000
15.052000
11.103000
9.196000
17.582000
9.023000
7.403000
9.623000
13.837000
4.011000
9.976000
9.924000
13.699000
5.769000
12.406000
1.607000
18.314000
7.804000
14.466000
15.478000
8.464000
13.268000
3.939000
19.788000
5.522000
3.706000
13.192000
11.347000
12.426000
12.480000
11.249000
19.163000
11.649000
16.155000
5.013000
9.164000
11.023000
11.942000
10.785000
9.781000
15.095000
12.969000
4.990000
10.889000
12.655000
16.332000
8.630000
8.960000
13.765000
8.997000
5.918000
6.115000
16.500000
12.192000
12.911000
9.040000
7.839000
10.127000
14.736000
14.064000
13.233000
13.197000
6.890000
13.180000
13.622000
6.621000
11.026000
10.904000
14.179000
8.681000
10.976000
16.551000
10.226000
12.446000
22.061000
11.617000
12.975000
3.484000
13.238000
8.509000
16.395000
11.761000
11.751000
18.738000
9.718000
7.911000
10.167000
12.597000
7.859000
12.206000
14.535000
8.798000
6.358000
15.761000
7.097000
14.287000
12.936000
21.797000
9.936000
10.574000
8.725000
8.541000
9.020000
11.228000
15.220000
5.314000
7.991000
16.209000
13.315000
15.965000
5.484000
8.585000
9.876000
13.434000
3.246000
14.395000
6.478000
9.808000
8.716000
16.558000
12.306000
12.247000
9.651000
8.370000
12.051000
14.916000
8.310000
10.720000
12.782000
9.406000
14.778000
9.818000
11.119000
12.241000
8.939000
10.222000
6.937000
6.505000
12.228000
13.243000
6.986000
11.264000
10.338000
9.924000
9.362000
12.524000
14.646000
17.680000
9.136000
17.249000
5.986000
14.195000
12.256000
12.786000
7.429000
7.077000
18.836000
16.656000
9.159000
6.194000
13.217000
10.863000
15.120000
9.875000
3.783000
8.496000
5.427000
9.690000
12.426000
13.564000
10.759000
7.275000
8.378000
8.264000
13.836000
7.975000
7.354000
16.191000
11.779000
9.324000
16.214000
11.322000
15.130000
19.760000
9.803000
14.545000
20.690000
11.019000
7.895000
8.083000
8.071000
15.940000
12.011000
8.292000
8.121000
12.225000
13.510000
4.859000
9.788000
8.485000
11.492000
10.603000
9.087000
7.133000
12.563000
9.770000
13.305000
4.867000
7.902000
4.468000
5.650000
11.710000
7.046000
7.734000
8.601000
13.311000
11.530000
16.024000
15.376000
16.798000
3.570000
12.415000
12.296000
9.998000
16.989000
23.531000
8.060000
11.515000
15.194000
10.133000
6.835000
14.271000
7.911000
12.040000
12.964000
18.876000
8.105000
8.281000
10.612000
13.887000
12.086000
7.052000
11.295000
14.293000
17.586000
8.026000
17.084000
9.067000
13.547000
21.701000
12.132000
9.120000
10.982000
4.593000
19.432000
7.621000
13.871000
10.954000
4.952000
17.636000
10.105000
10.189000
6.276000
7.995000
13.155000
11.865000
5.913000
13.376000
9.423000
16.562000
11.374000
19.985000
7.230000
15.659000
9.158000
8.279000
12.073000
6.909000
0.676000
15.100000
13.974000
14.465000
19.004000
12.571000
18.401000
4.736000
15.288000
11.775000
21.326000
18.473000
6.593000
11.174000
18.774000
12.301000
4.791000
11.497000
13.005000
2.353000
10.471000
4.375000
27.198000
7.444000
2.680000
14.852000
9.065000
10.296000
7.506000
5.793000
19.670000
7.626000
12.066000
13.114000
9.329000
12.782000
5.621000
18.347000
18.303000
2.505000
8.783000
13.396000
12.936000
13.392000
12.470000
13.636000
17.456000
4.682000
17.492000
10.227000
16.858000
9.712000
15.982000
11.529000
7.443000
16.372000
9.571000
11.343000
10.208000
11.071000
3.377000
20.170000
13.753000
9.956000
10.400000
9.583000
26.153000
10.689000
16.621000
13.855000
10.517000
19.190000
26.747000
5.978000
7.110000
8.881000
6.416000
3.131000
10.772000
10.788000
17.021000
4.823000
2.810000
10.311000
8.665000
9.671000
9.187000
13.038000
7.350000
12.172000
12.779000
15.016000
8.437000
18.214000
12.000000
8.335000
18.625000
11.330000
11.251000
6.540000
17.072000
13.387000
21.532000
11.103000
8.173000
5.145000
16.630000
18.356000
6.963000
12.482000
15.480000
9.576000
13.536000
6.043000
11.647000
15.653000
11.465000
5.975000
10.301000
11.679000
8.700000
16.382000
8.959000
8.168000
11.964000
9.860000
14.638000
6.962000
11.138000
14.508000
14.740000
6.364000
16.948000
12.986000
13.616000
6.934000
17.305000
14.606000
15.249000
21.780000
10.784000
7.717000
10.473000
12.813000
16.725000
12.586000
8.402000
5.210000
12.889000
11.978000
13.277000
12.316000
13.427000
10.183000
16.448000
14.939000
13.118000
4.366000
5.830000
13.266000
5.819000
21.556000
19.773000
13.955000
10.541000
8.448000
14.565000
9.713000
9.191000
15.679000
9.645000
6.920000
8.420000
13.495000
16.068000
14.400000
10.140000
11.250000
10.301000
11.848000
10.993000
9.881000
11.062000
10.015000
11.085000
11.546000
15.839000
11.771000
14.162000
9.781000
9.064000
14.350000
6.811000
13.600000
8.435000
13.729000
9.991000
8.660000
7.101000
6.243000
14.331000
4.971000
16.573000
15.267000
2.020000
8.033000
7.850000
6.983000
10.445000
10.755000
12.087000
11.097000
15.146000
17.614000
11.827000
5.146000
8.686000
13.254000
11.979000
11.724000
12.328000
13.331000
11.240000
11.401000
9.762000
12.911000
11.891000
3.596000
11.335000
11.323000
10.897000
5.751000
5.806000
11.240000
10.623000
8.553000
2.785000
16.578000
9.427000
11.358000
3.649000
13.549000
5.233000
21.162000
13.099000
6.523000
11.393000
12.523000
14.751000
11.839000
18.053000
12.377000
9.049000
6.168000
7.138000
14.141000
12.249000
15.931000
15.163000
5.202000
10.644000
14.135000
18.234000
15.704000
10.071000
11.622000
11.105000
13.273000
13.293000
14.947000
9.495000
14.844000
13.414000
15.337000
17.271000
8.682000
13.010000
12.077000
3.860000
12.485000
17.582000
16.414000
10.515000
3.099000
10.390000
13.574000
18.071000
14.424000
17.377000
12.874000
14.628000
10.164000
22.300000
10.559000
8.376000
18.806000
10.488000
11.344000
15.124000
9.867000
11.154000
17.782000
15.396000
19.740000
10.330000
8.139000
12.832000
11.031000
12.453000
15.911000
7.748000
15.768000
9.143000
21.568000
14.710000
12.864000
9.712000
8.293000
14.503000
12.128000
13.221000
19.078000
12.056000
5.869000
17.850000
9.937000
13.548000
17.190000
14.944000
10.556000
8.734000
16.735000
10.436000
21.524000
20.602000
8.248000
6.501000
19.047000
6.230000
15.191000
8.151000
11.703000
7.735000
8.478000
11.651000
17.054000
7.150000
21.419000
4.370000
6.873000
15.101000
18.725000
6.409000
5.300000
17.853000
15.982000
9.843000
11.178000
16.298000
9.953000
18.509000
14.128000
7.507000
10.165000
4.917000
15.754000
20.527000
14.893000
22.490000
5.776000
11.686000
16.714000
12.814000
8.179000
13.732000
5.195000
16.288000
9.265000
6.222000
9.107000
7.486000
12.728000
8.669000
10.183000
5.216000
12.988000
18.276000
10.888000
7.022000
14.334000
6.107000
15.179000
18.749000
8.529000
9.061000
12.651000
17.144000
11.461000
16.238000
17.742000
13.480000
13.159000
12.951000
6.691000
13.689000
10.789000
19.013000
8.888000
12.251000
19.645000
14.626000
20.058000
16.651000
17.816000
11.152000
17.893000
15.815000
12.631000
13.953000
11.566000
13.019000
18.203000
15.857000
20.389000
19.667000
19.652000
18.027000
10.923000
13.058000
14.040000
8.631000
17.229000
19.458000
20.072000
12.330000
9.852000
16.879000
10.275000
7.733000
10.996000
7.366000
10.313000
9.744000
11.618000
9.069000
14.570000
10.621000
17.296000
8.018000
15.047000
4.158000
12.594000
19.896000
17.574000
11.942000
10.664000
17.266000
13.373000
4.762000
8.934000
10.140000
15.603000
14.400000
11.991000
16.839000
20.792000
6.751000
13.282000
11.545000
10.531000
8.263000
17.519000
8.259000
9.039000
7.707000
14.450000
20.836000
8.546000
9.959000
12.484000
15.855000
7.316000
15.376000
10.861000
15.076000
10.614000
18.500000
14.460000
7.233000
8.810000
9.783000
13.545000
8.826000
13.713000
20.676000
10.858000
17.399000
16.639000
8.397000
9.180000
14.808000
6.076000
10.364000
11.532000
8.915000
12.723000
14.323000
6.123000
10.476000
9.963000
7.224000
13.616000
14.021000
10.164000
16.766000
9.344000
8.129000
10.473000
11.308000
10.778000
10.812000
3.995000
10.440000
14.672000
8.073000
14.241000
11.384000
5.379000
14.176000
7.002000
13.628000
10.422000
9.469000
8.763000
8.698000
9.587000
8.375000
8.294000
9.704000
11.722000
14.686000
8.674000
7.227000
4.907000
11.727000
11.777000
5.445000
11.785000
7.497000
14.183000
14.635000
11.901000
10.874000
10.764000
19.118000
9.457000
14.850000
8.625000
13.193000
12.759000
13.567000
9.921000
12.977000
12.907000
8.374000
7.584000
9.613000
9.246000
14.356000
12.030000
11.001000
5.957000
8.928000
11.778000
9.783000
15.310000
3.516000
19.675000
20.136000
7.845000
6.612000
14.984000
13.863000
8.913000
9.268000
8.964000
12.721000
10.351000
10.438000
13.303000
21.539000
11.070000
8.266000
10.589000
14.639000
10.944000
9.925000
7.544000
12.926000
9.895000
7.197000
7.120000
3.238000
9.761000
13.660000
9.942000
10.396000
5.743000
12.515000
12.723000
11.244000
9.047000
8.482000
20.490000
6.489000
12.323000
7.173000
13.112000
11.986000
7.526000
8.998000
21.433000
6.526000
4.385000
11.731000
7.558000
19.011000
15.520000
15.963000
14.146000
5.744000
10.076000
15.273000
5.416000
9.555000
7.447000
14.286000
10.229000
13.666000
7.406000
8.834000
9.923000
6.978000
13.186000
12.869000
2.627000
9.760000
3.934000
19.132000
10.176000
8.432000
6.760000
2.684000
4.528000
10.664000
7.379000
14.151000
7.567000
22.500000
3.432000
5.947000
13.047000
9.066000
5.888000
16.489000
5.711000
16.025000
12.030000
12.342000
14.446000
15.193000
13.731000
12.100000
8.136000
10.176000
7.977000
4.080000
4.759000
13.379000
12.855000
6.154000
15.644000
14.313000
3.816000
9.512000
13.932000
8.614000
15.067000
14.311000
11.048000
13.118000
11.023000
10.327000
22.080000
11.981000
14.681000
17.395000
9.271000
1.881000
11.761000
12.142000
14.559000
5.746000
12.536000
14.233000
8.404000
19.125000
7.621000
10.011000
14.626000
10.242000
10.578000
9.058000
20.634000
10.103000
10.144000
9.985000
11.943000
9.256000
9.743000
10.125000
11.083000
10.664000
11.102000
21.247000
9.085000
15.038000
13.839000
9.549000
11.633000
8.627000
21.038000
13.957000
11.961000
19.390000
6.031000
9.620000
11.746000
12.114000
15.831000
10.985000
11.378000
18.234000
15.223000
12.582000
5.725000
6.598000
7.761000
11.549000
13.542000
13.003000
3.454000
11.414000
11.094000
20.645000
5.792000
16.805000
12.484000
16.696000
8.241000
10.696000
8.446000
14.997000
10.452000
5.007000
13.387000
6.781000
11.522000
16.981000
9.440000
10.558000
13.949000
10.254000
10.142000
17.592000
14.153000
8.328000
11.580000
5.909000
7.112000
18.758000
17.913000
6.972000
7.352000
12.690000
7.144000
11.671000
20.187000
16.165000
11.776000
10.149000
17.397000
11.411000
12.233000
8.995000
15.210000
9.954000
11.569000
7.580000
10.804000
9.916000
12.230000
15.577000
6.373000
17.480000
17.461000
14.875000
9.266000
14.808000
7.478000
17.625000
12.218000
13.887000
15.604000
13.769000
16.609000
14.513000
9.685000
6.727000
14.317000
4.182000
11.086000
14.384000
11.961000
13.865000
17.920000
10.563000
11.828000
8.882000
12.409000
9.998000
15.590000
11.744000
13.026000
13.948000
7.208000
17.636000
11.746000
8.007000
14.569000
16.566000
12.936000
9.687000
15.079000
11.341000
8.176000
19.435000
15.134000
8.977000
8.877000
16.030000
8.248000
16.827000
11.826000
15.907000
17.611000
10.595000
13.032000
17.337000
10.897000
7.823000
11.341000
6.990000
8.871000
18.201000
5.701000
17.043000
8.892000
9.995000
14.378000
15.106000
9.734000
6.845000
13.826000
12.001000
8.443000
9.786000
13.899000
13.670000
10.728000
4.878000
8.218000
15.841000
13.561000
8.058000
12.212000
9.262000
13.521000
8.008000
14.891000
13.875000
13.272000
13.766000
6.312000
14.877000
11.237000
14.221000
8.193000
13.476000
9.064000
14.542000
9.387000
10.752000
17.129000
6.331000
9.438000
11.064000
10.637000
7.747000
10.973000
13.191000
6.879000
18.329000
11.406000
16.138000
15.549000
15.613000
8.460000
11.783000
16.232000
2.845000
15.377000
16.947000
8.468000
11.592000
13.915000
9.861000
11.192000
6.959000
9.969000
7.474000
14.821000
23.773000
8.329000
14.124000
11.941000
22.346000
9.326000
5.803000
13.074000
8.844000
2.589000
7.523000
13.896000
13.854000
6.420000
7.282000
11.336000
6.759000
11.932000
10.690000
10.526000
11.146000
12.090000
24.081000
10.429000
9.226000
10.693000
13.917000
10.550000
12.768000
15.288000
8.479000
14.089000
15.842000
13.214000
7.172000
11.954000
10.679000
7.715000
7.054000
8.459000
13.384000
7.764000
11.056000
9.058000
16.320000
14.471000
13.232000
11.564000
13.031000
6.537000
11.168000
11.394000
9.829000
14.248000
16.724000
10.656000
10.288000
10.235000
10.989000
10.272000
10.078000
12.828000
6.108000
14.316000
4.166000
12.365000
8.877000
11.324000
13.988000
10.250000
11.863000
11.484000
14.300000
6.407000
10.546000
13.972000
8.545000
11.627000
10.729000
11.374000
9.080000
8.768000
7.059000
19.565000
12.232000
13.625000
10.010000
10.380000
13.304000
8.806000
12.052000
11.538000
17.860000
13.970000
10.232000
16.621000
7.125000
10.179000
16.943000
12.739000
9.217000
11.154000
7.248000
14.449000
11.404000
13.793000
12.977000
10.267000
8.102000
13.530000
18.991000
11.026000
7.003000
12.957000
9.127000
14.686000
14.196000
12.348000
8.451000
11.979000
16.579000
10.434000
10.778000
7.480000
9.361000
9.119000
12.740000
13.008000
17.022000
11.013000
4.447000
9.287000
11.892000
12.163000
14.632000
12.209000
7.291000
10.729000
13.044000
11.801000
14.186000
12.658000
12.630000
18.093000
12.045000
15.411000
4.940000
11.221000
4.822000
13.656000
11.043000
17.097000
14.181000
12.689000
13.149000
14.371000
11.998000
17.045000
8.941000
9.750000
15.300000
11.150000
8.065000
16.054000
8.345000
8.140000
16.566000
14.060000
11.660000
11.563000
13.851000
11.150000
13.595000
7.253000
10.233000
6.577000
16.660000
8.032000
8.687000
9.792000
11.307000
7.468000
12.429000
11.357000
8.007000
15.447000
13.675000
13.692000
11.748000
12.734000
6.819000
18.657000
10.907000
11.645000
19.086000
21.372000
11.032000
10.020000
11.903000
15.579000
15.679000
13.227000
12.383000
12.393000
7.387000
11.017000
7.614000
16.747000
13.357000
11.127000
5.842000
16.596000
9.913000
6.451000
15.643000
11.235000
9.875000
9.985000
8.984000
1.600000
8.125000
22.585000
10.107000
5.891000
14.903000
13.579000
7.540000
12.622000
13.153000
12.843000
14.936000
22.227000
12.411000
6.308000
7.990000
14.019000
15.094000
12.245000
11.166000
16.912000
17.739000
10.165000
8.382000
13.816000
13.238000
10.679000
21.309000
5.576000
6.188000
10.868000
15.073000
9.967000
11.489000
21.064000
12.606000
16.056000
7.590000
15.756000
11.499000
7.369000
24.634000
21.082000
11.475000
8.362000
16.197000
9.280000
15.965000
8.728000
16.266000
12.683000
12.150000
12.158000
14.835000
5.686000
13.482000
13.529000
3.004000
12.048000
8.321000
11.649000
17.770000
9.106000
16.696000
8.567000
4.337000
12.752000
14.065000
12.725000
8.493000
10.455000
11.600000
9.871000
5.949000
10.615000
10.539000
8.901000
14.613000
13.733000
13.244000
11.375000
13.238000
14.330000
15.663000
21.306000
10.825000
8.998000
5.738000
8.434000
11.289000
6.929000
13.973000
8.806000
10.699000
8.914000
12.494000
10.630000
12.946000
9.050000
14.886000
11.636000
10.653000
18.173000
9.194000
7.903000
13.421000
12.059000
11.160000
11.574000
14.936000
7.120000
9.717000
15.666000
10.195000
15.632000
7.617000
16.309000
14.162000
11.820000
11.689000
13.769000
16.315000
14.330000
5.014000
7.370000
12.840000
13.364000
13.073000
6.047000
5.131000
22.201000
9.081000
19.082000
11.296000
21.329000
9.728000
14.721000
8.838000
10.751000
7.896000
12.130000
15.882000
7.503000
8.273000
6.339000
15.278000
11.521000
18.316000
9.739000
14.871000
4.909000
12.721000
5.634000
10.111000
11.302000
9.184000
19.612000
9.458000
7.752000
12.173000
8.744000
8.756000
8.512000
16.471000
11.819000
11.386000
20.144000
9.735000
16.563000
13.004000
10.960000
14.549000
10.077000
9.984000
8.140000
15.631000
11.398000
11.706000
11.864000
10.427000
14.870000
24.296000
9.808000
10.691000
16.842000
8.127000
14.002000
8.592000
13.749000
5.225000
6.056000
11.087000
12.508000
9.992000
10.766000
16.157000
10.683000
9.494000
5.494000
16.590000
8.566000
15.704000
11.299000
14.560000
10.014000
17.087000
17.151000
13.047000
6.251000
8.531000
8.910000
14.080000
10.678000
13.776000
11.164000
14.304000
12.201000
13.079000
14.085000
9.209000
20.405000
4.148000
10.412000
8.958000
14.033000
11.965000
10.023000
13.468000
9.047000
13.491000
7.830000
11.939000
6.981000
7.083000
9.427000
14.932000
20.529000
15.518000
20.765000
13.503000
13.552000
9.258000
12.728000
13.825000
7.169000
11.776000
6.823000
10.484000
8.271000
15.485000
8.366000
6.852000
12.285000
13.050000
13.199000
9.756000
8.915000
21.420000
16.122000
4.292000
19.001000
10.100000
13.593000
13.005000
11.943000
8.068000
10.116000
10.165000
6.968000
15.335000
17.272000
9.956000
9.886000
10.146000
10.520000
17.949000
7.394000
9.865000
16.092000
13.415000
15.145000
9.039000
17.759000
17.253000
15.809000
13.868000
16.941000
6.213000
10.939000
9.684000
9.914000
9.827000
12.409000
11.325000
2.966000
16.350000
5.050000
7.840000
10.759000
10.044000
13.156000
11.928000
14.365000
15.752000
9.971000
21.629000
11.868000
13.613000
15.126000
15.781000
12.498000
2.878000
10.173000
17.678000
15.088000
13.297000
18.281000
15.331000
14.469000
3.826000
13.442000
10.868000
9.273000
6.839000
11.370000
20.329000
11.629000
12.840000
13.786000
17.992000
9.458000
6.874000
12.257000
9.355000
15.099000
7.355000
9.854000
14.772000
15.276000
4.720000
0.442000
12.125000
10.438000
11.602000
6.196000
10.624000
9.122000
15.459000
18.085000
18.003000
5.652000
11.647000
23.281000
8.956000
8.804000
12.768000
12.437000
8.947000
11.004000
12.191000
12.877000
16.448000
12.471000
16.252000
8.465000
8.697000
16.728000
6.685000
11.473000
0.000000
14.286000
9.083000
1.647000
18.367000
13.709000
9.842000
12.786000
5.977000
12.234000
14.434000
7.841000
7.889000
3.362000
6.544000
9.250000
11.261000
16.689000
19.910000
10.513000
15.606000
11.195000
11.043000
2.634000
8.512000
4.886000
11.140000
5.837000
13.035000
11.342000
11.547000
12.868000
10.704000
17.837000
8.374000
6.499000
19.375000
8.536000
4.908000
9.139000
5.461000
8.869000
6.307000
4.678000
7.030000
7.429000
7.428000
12.343000
2.728000
13.583000
14.522000
10.809000
11.616000
6.855000
11.991000
16.139000
4.367000
6.962000
14.864000
8.838000
4.765000
2.632000
13.124000
9.434000
5.597000
1.567000
8.412000
15.366000
6.260000
7.225000
9.140000
2.696000
6.756000
7.657000
14.584000
5.881000
16.667000
11.099000
10.190000
8.756000
4.481000
7.333000
14.860000
14.668000
9.545000
16.448000
2.193000
14.553000
11.019000
4.794000
8.854000
5.335000
8.271000
3.723000
11.753000
14.888000
8.377000
9.155000
15.226000
10.124000
4.861000
11.542000
5.053000
12.468000
7.282000
17.148000
9.956000
11.553000
13.617000
13.279000
5.749000
10.793000
19.079000
5.522000
11.456000
13.778000
7.261000
18.026000
6.123000
5.055000
19.629000
10.291000
15.503000
3.863000
8.688000
4.932000
12.327000
5.217000
13.396000
4.821000
14.499000
10.537000
12.929000
4.532000
16.037000
13.726000
18.386000
7.572000
3.214000
7.384000
19.882000
16.226000
11.113000
12.040000
11.978000
10.985000
13.267000
4.434000
10.974000
17.021000
3.468000
8.604000
9.414000
10.689000
15.425000
5.385000
15.345000
8.625000
9.963000
1.519000
11.080000
3.987000
5.931000
7.802000
3.410000
8.322000
9.001000
14.430000
13.920000
8.898000
11.265000
6.131000
3.790000
11.413000
17.685000
15.925000
7.562000
12.691000
14.789000
7.456000
15.088000
10.355000
14.354000
14.143000
13.711000
1.290000
11.160000
0.603000
9.840000
15.192000
10.216000
4.304000
4.652000
14.734000
10.296000
10.081000
9.547000
5.628000
15.384000
9.090000
8.182000
11.727000
9.717000
17.547000
12.308000
12.421000
6.590000
14.058000
3.080000
11.763000
11.790000
13.556000
15.569000
15.583000
12.020000
7.286000
16.013000
10.245000
13.177000
15.937000
7.067000
6.393000
12.004000
15.026000
9.282000
9.614000
12.112000
11.519000
6.803000
6.615000
14.554000
3.184000
9.852000
11.621000
6.663000
15.445000
12.836000
7.211000
16.416000
8.199000
9.933000
4.034000
11.549000
11.547000
5.197000
11.501000
9.239000
11.300000
4.981000
9.931000
7.515000
15.183000
6.931000
4.740000
13.435000
11.982000
10.583000
10.561000
10.652000
2.766000
4.420000
9.245000
11.515000
10.589000
10.554000
15.445000
7.574000
15.149000
13.217000
4.952000
8.810000
13.657000
15.481000
3.072000
7.791000
9.500000
6.910000
17.184000
5.468000
4.893000
7.785000
3.727000
12.763000
8.387000
15.223000
18.106000
20.319000
9.195000
22.240000
10.873000
5.197000
14.378000
12.612000
7.563000
6.534000
14.047000
15.893000
13.354000
9.163000
4.516000
4.578000
7.817000
3.903000
7.730000
8.983000
8.892000
20.366000
9.452000
12.930000
15.370000
9.068000
14.963000
11.916000
10.787000
4.496000
17.624000
10.734000
4.150000
9.287000
17.034000
10.226000
3.520000
9.178000
10.983000
12.302000
11.727000
9.616000
9.385000
7.044000
5.728000
11.134000
3.190000
4.506000
11.944000
10.107000
7.703000
9.301000
7.942000
11.831000
1.735000
11.899000
9.315000
13.431000
8.905000
17.298000
5.431000
17.587000
11.637000
7.944000
8.624000
9.225000
5.571000
8.626000
18.081000
4.712000
9.281000
13.301000
6.950000
12.811000
10.440000
5.360000
7.591000
7.379000
12.522000
17.360000
7.281000
12.083000
1.761000
8.952000
12.712000
8.983000
8.561000
8.033000
0.627000
14.941000
10.100000
13.306000
16.772000
11.479000
11.088000
9.223000
10.872000
3.077000
10.978000
6.071000
10.758000
14.474000
9.658000
19.693000
7.881000
14.246000
14.330000
11.220000
8.999000
8.385000
13.505000
9.358000
15.335000
9.151000
3.075000
7.517000
3.683000
6.089000
16.520000
11.127000
9.901000
6.632000
6.359000
6.594000
12.549000
2.746000
10.287000
11.573000
10.921000
11.428000
5.650000
3.508000
4.155000
10.078000
8.760000
10.353000
9.594000
3.952000
7.610000
11.628000
4.033000
7.106000
21.158000
6.404000
10.966000
9.037000
8.592000
7.636000
10.714000
12.627000
6.033000
1.392000
14.770000
4.190000
13.831000
4.368000
11.181000
7.972000
8.119000
5.833000
9.233000
11.844000
7.787000
4.216000
6.510000
12.620000
5.270000
5.674000
11.322000
6.998000
17.838000
14.224000
7.471000
19.156000
1.181000
7.341000
10.718000
19.877000
8.547000
9.536000
0.000000
3.039000
9.014000
2.024000
7.420000
10.240000
17.504000
6.479000
1.135000
17.612000
14.062000
3.272000
4.634000
6.570000
5.860000
7.458000
1.205000
8.190000
3.280000
9.493000
16.472000
5.841000
7.677000
1.150000
4.291000
12.412000
5.596000
7.650000
0.000000
2.443000
19.029000
16.272000
8.563000
7.512000
2.944000
5.128000
2.997000
11.782000
14.226000
15.073000
7.180000
5.405000
7.778000
4.013000
13.381000
7.153000
14.157000
8.692000
17.367000
7.817000
20.082000
9.532000
11.284000
3.038000
16.790000
7.592000
6.856000
4.481000
10.463000
10.317000
11.411000
11.441000
4.318000
13.017000
1.873000
4.377000
3.216000
2.835000
12.366000
8.360000
12.448000
17.734000
5.510000
12.271000
4.978000
11.262000
5.052000
10.448000
4.312000
0.437000
16.277000
10.775000
6.758000
7.612000
2.112000
19.705000
10.695000
4.633000
13.584000
5.190000
13.217000
13.376000
6.527000
3.567000
11.231000
10.287000
3.525000
9.150000
4.250000
6.499000
4.352000
11.903000
11.824000
6.338000
20.538000
5.281000
5.795000
14.570000
18.521000
6.511000
7.701000
7.983000
6.247000
8.749000
3.961000
21.811000
11.333000
8.444000
7.564000
3.775000
7.358000
5.990000
6.119000
11.654000
16.977000
6.189000
7.495000
9.189000
12.413000
12.325000
15.904000
7.308000
16.457000
8.115000
2.841000
13.335000
6.574000
11.227000
0.020000
11.788000
9.754000
21.102000
3.784000
7.324000
5.174000
9.928000
10.947000
14.483000
8.414000
11.558000
21.661000
7.180000
20.046000
7.262000
6.689000
11.706000
8.601000
10.357000
10.358000
6.136000
11.239000
11.577000
18.156000
5.891000
4.486000
11.953000
7.657000
11.804000
6.038000
9.579000
7.927000
8.436000
4.286000
10.768000
6.299000
4.440000
8.812000
12.089000
16.895000
6.540000
4.883000
15.747000
10.618000
10.429000
6.682000
7.816000
8.783000
17.844000
13.345000
1.915000
9.722000
10.563000
7.480000
5.348000
9.860000
3.157000
11.626000
4.533000
9.606000
10.158000
7.778000
12.397000
7.366000
10.482000
5.012000
8.817000
7.115000
10.273000
9.174000
10.612000
12.540000
16.144000
11.311000
6.447000
16.138000
10.754000
6.499000
9.716000
9.963000
5.469000
4.497000
6.733000
11.574000
5.376000
15.868000
13.654000
0.000000
10.124000
10.516000
9.164000
8.365000
0.617000
7.464000
17.214000
12.657000
12.832000
5.809000
3.768000
7.024000
9.170000
7.940000
8.467000
8.253000
13.488000
20.934000
6.261000
7.149000
12.553000
7.239000
9.317000
21.765000
5.233000
4.399000
3.161000
2.729000
3.556000
11.667000
8.923000
13.834000
5.259000
2.736000
6.488000
6.791000
6.510000
3.030000
5.311000
1.891000
9.924000
11.472000
9.697000
9.733000
16.864000
19.637000
6.530000
18.485000
8.373000
9.543000
13.434000
3.440000
9.049000
18.743000
11.280000
5.182000
3.482000
5.036000
6.016000
10.460000
15.575000
11.475000
16.122000
4.771000
9.149000
11.674000
13.351000
15.022000
9.205000
8.140000
3.320000
15.408000
8.850000
7.469000
6.952000
11.693000
11.583000
8.695000
10.176000
7.037000
12.909000
5.836000
4.500000
11.568000
19.031000
14.855000
12.139000
12.541000
16.465000
2.566000
2.347000
12.837000
17.357000
5.276000
16.813000
14.221000
17.053000
8.805000
3.668000
1.708000
9.677000
5.143000
5.168000
11.569000
5.410000
13.511000
6.869000
8.666000
7.072000
9.091000
1.866000
10.469000
2.758000
9.900000
7.004000
14.264000
2.649000
4.975000
8.806000
11.232000
19.025000
6.569000
13.205000
21.841000
10.569000
5.027000
5.872000
3.645000
8.631000
21.452000
9.967000
6.418000
3.997000
4.399000
6.360000
13.214000
8.829000
12.262000
9.499000
11.597000
6.394000
5.783000
15.069000
4.621000
3.007000
12.310000
15.861000
10.583000
6.776000
0.687000
7.940000
6.964000
20.406000
12.820000
6.396000
4.645000
5.587000
7.523000
16.073000
6.752000
5.783000
17.826000
11.481000
8.227000
12.705000
7.461000
6.901000
6.272000
10.428000
16.732000
19.397000
16.262000
9.279000
13.615000
14.390000
0.983000
7.622000
11.644000
18.699000
7.329000
5.155000
3.895000
11.355000
10.385000
2.625000
11.279000
4.655000
13.581000
10.423000
18.526000
15.589000
8.318000
2.547000
19.414000
3.310000
6.506000
7.543000
14.302000
11.454000
14.112000
9.556000
12.444000
7.266000
16.668000
8.346000
2.354000
14.948000
6.054000
7.733000
15.690000
10.022000
2.371000
16.794000
2.586000
2.397000
19.991000
4.712000
11.451000
9.413000
2.946000
22.377000
11.625000
8.831000
12.123000
9.790000
13.329000
14.892000
9.397000
4.129000
11.845000
12.703000
13.030000
7.352000
2.292000
3.474000
12.590000
12.392000
11.040000
6.033000
7.131000
13.240000
7.888000
8.990000
4.715000
6.796000
13.269000
5.626000
2.442000
4.410000
13.342000
17.511000
9.349000
18.496000
5.051000
5.802000
15.564000
2.308000
18.749000
6.949000
10.214000
9.492000
9.088000
3.514000
11.366000
0.000000
8.048000
7.911000
14.272000
8.045000
9.435000
17.488000
10.014000
8.965000
11.897000
4.933000
7.388000
8.465000
7.985000
9.607000
5.054000
2.874000
5.464000
11.716000
8.815000
4.674000
3.558000
11.541000
21.274000
4.545000
6.822000
8.955000
2.211000
12.703000
8.072000
16.186000
6.092000
9.040000
6.356000
12.165000
5.237000
6.872000
1.475000
3.953000
8.249000
6.611000
0.000000
10.549000
4.337000
1.934000
11.422000
19.680000
12.299000
6.134000
15.973000
10.746000
7.419000
7.809000
11.184000
3.629000
5.497000
9.375000
10.152000
19.343000
3.235000
3.616000
4.990000
14.268000
12.890000
5.270000
0.050000
7.119000
13.923000
7.957000
8.116000
14.969000
22.822000
17.103000
12.662000
4.482000
11.001000
5.939000
12.514000
9.828000
4.726000
14.096000
7.214000
15.513000
10.756000
13.451000
14.105000
20.208000
7.000000
11.686000
10.432000
5.897000
3.970000
10.825000
5.786000
6.595000
13.153000
12.935000
3.493000
20.548000
9.152000
7.955000
12.412000
14.549000
7.534000
4.621000
14.035000
7.912000
11.958000
11.416000
10.413000
16.182000
10.867000
18.827000
12.401000
13.227000
13.496000
16.759000
8.516000
14.571000
9.341000
14.848000
6.380000
3.424000
7.401000
0.884000
8.230000
11.295000
9.170000
16.294000
7.698000
7.303000
7.191000
2.419000
9.039000
7.946000
4.358000
3.977000
14.489000
11.335000
12.352000
13.899000
20.037000
8.727000
16.188000
13.707000
8.990000
14.242000
14.659000
8.613000
4.627000
27.189000
14.932000
13.215000
7.616000
10.871000
7.976000
17.142000
10.252000
8.815000
14.545000
10.542000
2.943000
8.704000
5.551000
10.698000
8.065000
7.901000
10.089000
14.170000
7.056000
12.008000
12.926000
15.728000
10.628000
26.009000
19.489000
15.022000
10.295000
4.198000
22.326000
8.041000
16.111000
7.383000
11.579000
8.635000
8.783000
10.877000
8.698000
7.123000
14.175000
12.007000
14.671000
9.578000
17.839000
17.045000
8.139000
13.840000
10.216000
15.501000
21.369000
3.870000
15.547000
12.124000
12.398000
7.224000
11.748000
12.285000
2.101000
9.909000
18.243000
4.426000
9.996000
11.401000
10.813000
11.682000
9.116000
14.307000
11.763000
8.470000
7.029000
6.193000
12.743000
10.979000
14.858000
22.799000
15.187000
12.917000
6.452000
7.507000
14.312000
12.034000
9.324000
10.173000
1.633000
5.947000
4.845000
11.552000
13.604000
15.442000
12.092000
7.028000
14.025000
1.187000
11.688000
20.784000
8.821000
10.204000
14.363000
13.918000
16.233000
9.039000
10.229000
12.115000
12.335000
7.989000
9.966000
9.452000
7.934000
9.966000
9.325000
21.384000
6.798000
8.878000
12.511000
14.127000
14.458000
17.623000
12.405000
14.077000
21.106000
20.007000
10.253000
9.229000
13.718000
7.073000
19.495000
9.073000
3.257000
4.010000
15.070000
19.335000
7.481000
12.447000
19.833000
7.954000
14.584000
12.991000
11.547000
13.353000
5.547000
22.237000
8.360000
7.225000
16.574000
11.329000
15.645000
9.041000
7.388000
11.551000
27.303000
8.532000
19.514000
4.908000
8.565000
17.848000
10.896000
10.517000
7.522000
5.519000
16.552000
12.000000
17.403000
11.435000
9.726000
17.259000
10.416000
13.609000
15.041000
10.709000
13.783000
18.708000
1.756000
13.554000
8.621000
9.885000
14.337000
15.885000
8.560000
14.607000
7.474000
13.213000
10.795000
11.910000
14.310000
17.009000
12.180000
6.477000
17.991000
19.081000
11.682000
18.468000
13.929000
10.983000
2.619000
20.267000
13.475000
14.727000
8.285000
12.036000
16.086000
11.256000
14.930000
15.206000
5.540000
19.238000
12.015000
12.930000
12.556000
8.639000
20.850000
15.092000
11.098000
15.841000
19.526000
6.492000
11.985000
19.591000
12.258000
16.387000
10.154000
10.552000
14.541000
13.858000
12.013000
14.112000
10.544000
12.942000
12.550000
10.881000
8.571000
21.250000
7.219000
12.536000
15.076000
13.586000
15.845000
8.959000
7.066000
8.259000
12.891000
11.164000
21.582000
9.330000
17.066000
10.669000
18.077000
12.207000
9.687000
8.776000
5.844000
8.625000
15.370000
17.295000
7.058000
12.065000
14.500000
9.653000
10.701000
13.028000
4.403000
3.688000
8.449000
13.716000
7.695000
15.753000
13.317000
13.938000
9.836000
12.579000
18.680000
11.142000
13.677000
12.962000
12.210000
5.222000
12.642000
7.292000
11.563000
10.377000
10.225000
12.643000
10.179000
19.692000
11.217000
6.368000
13.357000
13.948000
6.452000
15.217000
8.015000
10.667000
8.284000
11.753000
15.205000
16.977000
8.481000
11.428000
16.038000
10.516000
10.647000
12.041000
14.656000
14.791000
15.763000
15.614000
10.502000
9.711000
11.031000
13.083000
8.965000
12.624000
14.174000
13.297000
11.081000
9.843000
22.644000
7.761000
9.532000
12.487000
9.384000
15.619000
13.963000
15.910000
9.505000
13.774000
9.388000
12.207000
6.691000
9.052000
20.393000
12.678000
14.845000
7.583000
11.713000
8.624000
9.976000
12.245000
7.869000
15.311000
11.981000
11.105000
18.555000
13.971000
12.861000
7.432000
10.395000
15.785000
11.103000
9.021000
8.704000
9.485000
10.702000
15.365000
7.099000
15.583000
12.057000
10.397000
9.387000
23.099000
14.471000
10.229000
15.456000
6.348000
10.196000
8.496000
11.746000
11.665000
8.995000
8.352000
12.941000
8.362000
20.787000
8.732000
17.190000
12.672000
10.439000
9.801000
18.322000
10.115000
20.011000
11.302000
16.283000
6.817000
14.055000
11.654000
15.478000
7.236000
15.296000
14.028000
10.421000
17.688000
11.781000
15.107000
13.045000
10.126000
12.622000
12.769000
6.934000
6.063000
15.901000
12.678000
21.863000
20.173000
3.286000
14.592000
6.639000
7.129000
13.465000
11.109000
20.715000
5.437000
12.901000
14.317000
9.230000
8.000000
13.728000
9.495000
15.850000
19.895000
12.756000
12.140000
9.369000
15.454000
12.812000
10.523000
17.915000
16.415000
11.160000
11.774000
7.713000
8.706000
20.821000
10.053000
12.172000
13.456000
16.959000
12.321000
13.235000
9.202000
7.202000
5.685000
8.849000
12.119000
15.597000
8.428000
11.045000
19.768000
12.024000
12.881000
14.927000
17.419000
8.248000
9.533000
15.057000
6.286000
14.040000
8.973000
10.555000
19.709000
17.426000
11.480000
10.430000
13.302000
12.134000
5.049000
9.288000
8.984000
14.510000
9.862000
9.639000
13.244000
7.570000
13.983000
11.697000
16.765000
10.270000
9.462000
4.805000
4.632000
12.145000
19.970000
6.516000
8.531000
14.722000
7.301000
6.386000
12.706000
10.919000
11.244000
7.454000
2.223000
11.264000
1.340000
11.070000
10.509000
9.177000
14.612000
14.330000
5.607000
9.132000
13.371000
13.729000
12.093000
16.726000
6.685000
5.985000
8.079000
8.040000
3.427000
20.542000
9.038000
11.806000
20.761000
11.787000
9.466000
4.079000
13.959000
12.076000
7.594000
14.885000
8.062000
13.789000
8.761000
20.006000
5.106000
12.596000
7.448000
8.253000
7.435000
12.563000
9.207000
9.992000
2.469000
12.220000
9.433000
13.698000
12.377000
9.374000
7.561000
15.967000
12.736000
10.856000
5.648000
11.460000
10.401000
6.034000
9.890000
9.402000
4.926000
9.625000
6.402000
16.359000
10.012000
5.469000
6.419000
19.907000
9.966000
12.777000
9.924000
16.822000
8.214000
12.981000
14.790000
14.746000
9.080000
10.444000
11.479000
10.090000
13.358000
4.233000
15.183000
12.819000
7.271000
12.828000
10.686000
12.481000
10.150000
13.091000
7.995000
8.047000
13.906000
12.010000
7.117000
9.605000
17.717000
14.179000
11.940000
13.952000
9.907000
7.124000
17.256000
10.694000
13.537000
16.689000
16.794000
7.525000
11.664000
15.044000
11.414000
10.237000
5.322000
16.490000
10.905000
10.000000
15.816000
12.813000
14.657000
4.270000
4.568000
14.443000
17.607000
21.981000
11.376000
8.394000
10.121000
5.694000
7.972000
9.885000
12.042000
20.002000
14.080000
5.555000
12.004000
19.717000
15.902000
14.343000
2.589000
18.650000
15.409000
8.965000
6.160000
3.664000
12.328000
7.868000
14.591000
13.000000
10.584000
8.243000
3.591000
12.670000
4.481000
13.318000
12.923000
12.644000
7.336000
9.157000
8.499000
13.169000
15.504000
6.015000
14.300000
17.658000
3.212000
10.226000
10.460000
9.390000
14.090000
10.667000
9.435000
16.759000
9.306000
3.881000
10.323000
11.077000
21.349000
7.635000
8.680000
7.135000
17.528000
12.960000
7.604000
3.109000
8.357000
6.356000
5.603000
19.032000
10.101000
8.729000
8.011000
10.810000
14.205000
9.128000
5.184000
14.414000
14.683000
11.700000
14.641000
10.664000
15.141000
7.102000
13.662000
7.518000
5.041000
7.959000
9.041000
4.797000
12.332000
8.939000
10.835000
12.571000
12.964000
10.878000
6.676000
15.536000
10.857000
9.146000
9.647000
13.148000
11.870000
7.933000
16.114000
14.860000
8.953000
9.900000
8.934000
8.332000
5.684000
7.822000
5.481000
15.208000
10.678000
19.934000
7.354000
17.402000
6.089000
9.749000
10.725000
14.387000
10.111000
10.329000
13.170000
15.948000
10.027000
8.660000
13.894000
8.355000
4.123000
9.280000
15.350000
12.562000
16.114000
7.647000
11.781000
19.596000
11.462000
8.786000
10.704000
5.959000
10.490000
1.960000
21.649000
20.366000
19.134000
10.632000
14.030000
17.937000
8.086000
13.102000
9.332000
9.194000
7.470000
11.055000
8.505000
10.462000
13.788000
11.173000
10.049000
13.107000
11.580000
6.814000
15.473000
25.992000
14.889000
14.588000
12.811000
13.918000
16.527000
11.414000
16.147000
6.255000
29.075000
15.259000
11.857000
5.673000
9.035000
7.601000
10.795000
9.867000
13.958000
4.985000
25.267000
16.283000
13.891000
7.695000
3.020000
9.463000
13.247000
12.197000
11.707000
8.838000
16.370000
11.943000
11.750000
7.189000
17.834000
12.282000
5.410000
11.563000
13.209000
10.949000
1.828000
28.457000
14.103000
13.003000
12.294000
6.227000
7.973000
13.474000
15.751000
11.006000
10.133000
11.093000
6.799000
5.859000
5.215000
14.133000
8.588000
6.902000
6.960000
10.914000
7.500000
13.932000
9.022000
18.972000
14.116000
11.068000
7.921000
5.279000
11.520000
10.239000
8.529000
11.690000
6.732000
10.487000
5.256000
11.139000
5.858000
9.456000
6.358000
9.028000
10.239000
14.941000
6.271000
5.976000
8.605000
11.159000
10.020000
17.532000
11.512000
12.346000
9.863000
1.813000
16.309000
15.368000
10.754000
25.800000
14.049000
13.647000
29.917000
12.502000
13.501000
7.919000
10.280000
20.256000
8.039000
6.069000
8.862000
8.633000
8.372000
9.981000
8.355000
18.643000
8.760000
9.343000
11.747000
19.665000
9.864000
6.715000
10.377000
18.549000
8.039000
7.364000
6.015000
8.863000
8.028000
13.311000
16.459000
10.697000
8.177000
5.278000
8.432000
18.165000
15.218000
12.680000
19.798000
9.530000
11.825000
8.389000
11.731000
19.249000
7.020000
8.719000
8.944000
10.354000
9.162000
7.024000
15.534000
12.784000
9.200000
7.931000
10.383000
9.394000
14.137000
14.299000
15.918000
11.404000
3.205000
11.952000
3.806000
7.165000
11.748000
8.538000
4.231000
11.170000
6.909000
10.831000
10.658000
10.048000
12.974000
14.037000
8.915000
7.639000
14.673000
8.858000
10.181000
10.727000
12.115000
14.512000
11.150000
10.377000
9.851000
8.931000
10.157000
6.312000
9.845000
7.192000
11.771000
9.042000
16.756000
14.011000
19.420000
2.796000
10.034000
7.266000
7.289000
12.193000
9.074000
10.202000
7.888000
19.983000
16.119000
11.464000
14.765000
3.762000
17.898000
13.384000
17.895000
8.954000
6.600000
8.550000
9.635000
10.450000
10.068000
12.569000
8.506000
9.178000
7.077000
1.982000
9.430000
10.331000
9.327000
11.173000
12.707000
16.285000
8.068000
12.509000
15.202000
15.715000
14.002000
8.880000
21.022000
15.785000
10.060000
8.331000
16.100000
12.235000
5.173000
8.963000
12.184000
8.285000
9.638000
12.793000
5.564000
10.437000
10.546000
10.841000
8.356000
0.000000
12.299000
12.377000
15.303000
5.547000
8.032000
6.713000
5.145000
8.592000
11.662000
9.260000
16.351000
11.343000
22.822000
11.301000
15.806000
12.832000
18.009000
6.512000
15.088000
7.531000
11.089000
17.749000
10.295000
18.024000
16.029000
8.582000
14.038000
19.478000
11.649000
20.757000
10.705000
5.224000
12.034000
14.699000
13.799000
7.935000
5.222000
12.551000
13.502000
18.459000
10.583000
13.243000
9.890000
8.199000
10.293000
15.268000
7.024000
5.678000
7.338000
15.442000
3.795000
9.489000
5.513000
12.332000
10.705000
9.665000
18.843000
10.770000
10.526000
15.576000
3.072000
8.001000
4.835000
19.605000
7.349000
12.212000
3.023000
21.614000
14.842000
8.169000
13.866000
11.564000
15.359000
19.769000
12.281000
13.232000
5.748000
8.404000
9.512000
9.013000
0.000000
8.547000
14.236000
13.311000
8.195000
19.035000
8.605000
19.318000
15.756000
15.429000
10.083000
4.672000
13.197000
14.874000
11.032000
7.396000
11.929000
20.773000
9.844000
17.199000
1.821000
10.441000
10.839000
5.591000
10.174000
12.908000
12.146000
12.408000
1.590000
9.753000
9.249000
8.899000
7.584000
6.154000
7.333000
11.520000
13.526000
12.705000
12.472000
14.552000
7.479000
4.915000
13.595000
11.737000
5.522000
7.758000
16.383000
14.480000
8.546000
7.870000
14.276000
16.696000
13.451000
9.065000
17.203000
13.226000
4.771000
9.867000
4.093000
4.415000
18.627000
2.545000
22.282000
14.127000
8.643000
9.825000
14.589000
2.245000
11.049000
7.750000
8.858000
15.763000
6.294000
9.067000
12.485000
12.385000
3.313000
11.560000
8.793000
5.438000
8.654000
5.611000
10.770000
9.260000
11.634000
3.872000
16.741000
11.999000
6.528000
6.727000
11.481000
12.085000
11.308000
10.094000
4.262000
10.191000
8.957000
13.665000
8.935000
2.474000
13.290000
8.038000
7.512000
8.648000
16.343000
10.497000
10.911000
9.249000
9.480000
17.855000
12.664000
10.415000
7.424000
16.519000
10.801000
9.536000
7.985000
12.378000
20.046000
9.464000
14.056000
10.035000
10.608000
12.678000
16.807000
10.314000
15.795000
2.275000
11.866000
9.952000
1.369000
4.340000
17.126000
12.521000
13.304000
6.155000
10.456000
8.104000
6.328000
13.886000
3.414000
7.787000
4.990000
10.487000
11.981000
14.746000
16.366000
12.054000
7.705000
6.886000
10.538000
7.067000
4.177000
15.944000
4.633000
19.540000
7.265000
13.873000
13.072000
6.339000
10.843000
15.763000
13.132000
7.609000
8.846000
5.211000
5.922000
9.408000
11.026000
9.743000
9.947000
8.806000
9.228000
15.534000
6.924000
14.811000
10.098000
2.098000
10.555000
12.926000
3.153000
10.380000
14.311000
22.649000
9.973000
10.650000
9.990000
1.651000
8.901000
0.000000
8.933000
12.860000
6.501000
5.220000
9.591000
8.509000
17.271000
7.690000
5.511000
9.169000
19.231000
12.961000
12.471000
12.745000
10.397000
16.196000
2.290000
9.264000
7.538000
10.239000
12.796000
12.925000
6.061000
20.135000
20.056000
10.532000
14.261000
17.366000
10.606000
14.036000
10.012000
0.000000
9.236000
18.529000
10.763000
6.450000
6.056000
8.736000
7.496000
13.175000
8.316000
16.747000
12.662000
15.492000
16.815000
10.856000
5.536000
16.974000
11.212000
10.268000
11.368000
9.959000
24.069000
9.897000
6.584000
13.456000
8.914000
11.402000
8.175000
11.313000
7.564000
9.868000
20.426000
9.979000
5.328000
13.529000
12.663000
15.821000
13.258000
0.839000
11.486000
5.415000
8.558000
20.836000
14.330000
9.858000
8.287000
11.460000
14.763000
12.569000
11.164000
16.976000
0.000000
15.503000
11.824000
17.196000
12.918000
17.463000
13.685000
9.372000
9.377000
8.394000
8.647000
10.461000
10.117000
16.528000
11.642000
13.499000
6.515000
5.303000
11.979000
10.238000
7.254000
0.000000
10.173000
6.646000
14.659000
14.204000
9.178000
17.261000
11.860000
10.083000
17.316000
6.432000
6.054000
1.206000
9.102000
13.763000
8.999000
15.455000
17.100000
10.236000
10.082000
0.000000
8.675000
7.318000
10.719000
11.853000
12.610000
13.000000
2.794000
5.783000
17.531000
10.398000
8.420000
0.000000
18.426000
14.351000
11.561000
8.101000
8.236000
15.760000
9.394000
6.246000
13.136000
10.525000
6.618000
10.908000
9.734000
14.159000
11.365000
5.228000
8.220000
15.601000
7.503000
15.355000
6.742000
9.260000
10.657000
7.299000
9.393000
10.149000
16.582000
7.553000
11.852000
5.910000
9.854000
0.000000
13.548000
9.352000
2.775000
13.770000
9.406000
17.262000
12.090000
0.000000
8.284000
20.951000
15.240000
11.741000
13.895000
10.297000
17.177000
8.616000
13.043000
10.176000
15.733000
17.339000
6.147000
8.600000
8.741000
9.180000
9.095000
15.227000
17.167000
14.162000
14.170000
13.997000
9.933000
9.616000
8.353000
4.654000
6.312000
11.536000
8.909000
13.704000
14.730000
17.794000
11.821000
8.490000
13.036000
5.682000
12.945000
9.157000
10.950000
15.016000
17.413000
7.100000
8.391000
22.681000
8.424000
17.153000
11.479000
12.300000
13.016000
6.387000
17.406000
12.248000
20.809000
13.620000
5.982000
7.327000
17.096000
10.176000
17.630000
10.898000
18.940000
13.470000
12.031000
10.703000
16.988000
12.314000
11.093000
4.368000
5.006000
3.749000
23.721000
12.069000
13.342000
12.471000
10.865000
5.886000
9.938000
8.605000
12.227000
9.724000
0.000000
5.700000
9.806000
10.175000
12.442000
12.043000
4.775000
8.451000
10.547000
16.150000
12.683000
20.113000
15.042000
12.706000
10.554000
13.474000
11.417000
22.155000
10.104000
10.554000
12.750000
10.312000
8.728000
7.801000
7.098000
8.372000
10.655000
10.411000
10.984000
6.683000
11.662000
12.318000
22.115000
9.799000
11.574000
9.236000
12.391000
10.726000
9.319000
6.613000
0.000000
14.292000
10.893000
23.394000
18.050000
16.353000
14.470000
20.901000
0.000000
4.088000
13.199000
22.613000
7.713000
16.715000
12.048000
9.884000
4.452000
4.928000
12.000000
9.582000
5.898000
8.790000
4.947000
5.684000
10.954000
14.027000
1.699000
10.379000
13.897000
8.382000
13.872000
8.563000
18.815000
3.673000
9.783000
7.833000
11.939000
17.405000
5.891000
10.385000
22.753000
10.957000
13.175000
8.107000
12.265000
18.687000
11.623000
14.733000
11.321000
9.473000
7.638000
18.586000
11.320000
7.001000
14.925000
12.530000
8.652000
11.360000
12.164000
10.753000
7.572000
1.672000
9.849000
11.721000
15.599000
15.384000
3.829000
10.981000
0.000000
7.681000
7.314000
11.120000
12.210000
7.020000
7.758000
14.558000
17.674000
8.703000
0.000000
9.833000
4.619000
10.806000
13.631000
24.091000
8.448000
12.806000
21.075000
16.168000
0.000000
19.881000
6.454000
21.836000
0.000000
9.803000
9.096000
13.233000
14.908000
0.000000
9.175000
20.111000
9.818000
8.069000
11.614000
15.422000
11.042000
8.981000
18.423000
9.479000
11.792000
13.466000
22.134000
21.646000
16.892000
8.268000
4.201000
17.995000
0.000000
0.000000
11.350000
3.941000
22.808000
18.763000
17.064000
23.218000
8.872000
7.240000
0.223000
11.031000
0.000000
0.000000
11.671000
11.134000
15.156000
2.915000
2.575000
9.373000
15.679000
0.000000
8.295000
1.197000
16.014000
14.874000
0.000000
15.110000
9.922000
0.679000
5.639000
14.871000
14.162000
12.142000
0.000000
12.422000
10.535000
17.233000
14.522000
17.510000
4.038000
16.780000
8.982000
0.000000
13.083000
3.670000
11.286000
3.722000
6.934000
4.592000
13.426000
15.223000
15.136000
0.000000
10.100000
19.696000
12.649000
10.072000
13.483000
11.464000
7.664000
11.240000
6.106000
14.241000
0.000000
11.547000
12.232000
6.945000
9.986000
0.000000
10.787000
13.127000
0.000000
7.484000
16.737000
13.474000
2.029000
13.065000
0.000000
10.850000
5.251000
0.000000
0.000000
12.454000
13.713000
11.140000
0.000000
0.000000
11.846000
0.000000
3.905000
0.000000
13.276000
0.000000
0.000000
6.922000
12.136000
8.068000
0.000000
5.594000
10.803000
14.332000
8.727000
0.000000
9.445000
1.155000
0.000000
0.000000
6.632000
0.000000
5.403000
0.000000
0.000000
0.000000
0.000000
6.311000
17.283000
8.397000
0.000000
14.748000
0.000000
0.000000
7.416000
7.878000
0.000000
8.687000
0.000000
12.075000
0.000000
12.421000
11.219000
15.225000
0.000000
11.510000
11.500000
0.000000
10.502000
16.441000
17.303000
13.357000
5.118000
0.000000
1.330000
7.894000
12.153000
9.780000
0.000000
0.000000
15.625000
0.000000
5.601000
0.000000
12.392000
8.295000
0.000000
0.000000
3.210000
7.354000
0.000000
0.000000
3.576000
10.854000
6.340000
7.815000
14.871000
15.070000
0.000000
3.948000
3.262000
0.282000
8.420000
18.064000
1.407000
14.080000
0.000000
12.619000
6.337000
4.452000
0.000000
0.000000
0.990000
0.000000
0.000000
5.106000
12.256000
10.832000
0.000000
14.288000
13.703000
14.195000
0.000000
17.523000
1.187000
13.675000
18.872000
11.196000
19.328000
0.000000
12.701000
8.805000
6.888000
4.195000
8.059000
0.761000
8.262000
4.203000
9.399000
18.891000
9.819000
6.168000
7.885000
6.595000
2.217000
7.695000
6.547000
12.335000
0.000000
0.000000
0.000000
5.885000
6.482000
2.719000
11.526000
9.252000
10.782000
4.706000
7.608000
2.161000
7.867000
0.000000
16.852000
13.178000
0.508000
0.620000
0.000000
11.563000
13.876000
0.952000
15.104000
12.801000
5.123000
12.852000
10.974000
9.428000
0.000000
5.065000
4.862000
10.046000
0.000000
9.351000
17.022000
12.374000
1.675000
14.155000
8.822000
0.727000
10.609000
7.208000
2.103000
14.320000
11.918000
11.810000
11.179000
14.615000
7.536000
6.114000
13.513000
10.454000
2.014000
0.000000
7.511000
19.265000
0.000000
8.918000
7.029000
0.000000
0.000000
7.380000
0.000000
9.907000
8.941000
7.178000
0.000000
1.529000
0.000000
9.813000
5.454000
14.351000
0.000000
0.000000
1.318000
4.194000
0.000000
19.133000
5.629000
0.000000
4.223000
13.232000
5.730000
4.124000
5.483000
0.000000
16.961000
6.620000
11.102000
0.000000
18.160000
0.000000
8.097000
0.000000
4.582000
8.686000
5.749000
11.571000
9.416000
6.585000
5.090000
8.699000
7.201000
5.644000
4.098000
11.273000
16.882000
0.000000
0.000000
4.800000
17.377000
6.016000
0.000000
13.143000
5.152000
0.000000
2.960000
3.879000
11.681000
15.029000
8.128000
3.681000
12.497000
10.262000
8.304000
0.551000
3.468000
2.342000
6.630000
0.893000
1.893000
16.519000
9.152000
11.013000
12.752000
7.838000
0.000000
9.470000
4.686000
16.280000
0.000000
4.608000
23.619000
18.405000
5.772000
13.752000
0.000000
6.480000
5.333000
4.523000
10.896000
3.883000
8.743000
6.094000
12.795000
4.608000
11.151000
0.000000
10.527000
7.483000
14.598000
3.940000
9.420000
6.252000
4.737000
8.339000
11.108000
3.026000
9.510000
10.982000
8.642000
11.449000
8.035000
3.106000
6.603000
0.000000
8.671000
6.422000
13.024000
16.716000
13.540000
0.000000
9.465000
6.608000
5.561000
0.000000
0.000000
11.423000
11.589000
9.792000
8.743000
15.186000
8.118000
8.159000
10.802000
12.801000
5.751000
5.937000
19.817000
7.248000
3.946000
2.922000
10.028000
8.887000
6.328000
6.302000
3.480000
10.689000
13.692000
10.378000
11.952000
11.562000
2.982000
10.017000
0.000000
18.806000
9.825000
15.452000
15.478000
11.662000
8.018000
10.265000
10.605000
7.672000
5.845000
0.711000
8.457000
0.000000
11.263000
10.974000
18.023000
8.864000
9.133000
9.723000
12.978000
18.104000
10.588000
0.000000
18.530000
12.652000
6.985000
3.474000
15.531000
11.300000
5.782000
0.000000
5.243000
13.006000
14.011000
5.232000
13.908000
10.460000
5.449000
3.236000
3.840000
9.776000
10.862000
8.780000
5.630000
9.098000
14.071000
7.384000
12.815000
9.871000
4.393000
8.034000
12.804000
10.253000
11.869000
13.535000
0.000000
11.431000
10.604000
7.377000
15.049000
11.791000
2.352000
7.416000
9.860000
1.759000
10.741000
0.000000
11.127000
10.441000
12.088000
3.089000
0.000000
2.010000
5.986000
9.434000
16.466000
10.630000
11.679000
12.624000
12.434000
12.194000
18.112000
13.283000
4.793000
16.644000
14.829000
7.332000
8.066000
11.071000
4.475000
13.620000
5.796000
8.774000
12.470000
7.289000
13.846000
3.465000
14.440000
6.728000
11.037000
6.850000
9.083000
7.676000
16.731000
9.572000
13.807000
8.948000
4.205000
10.599000
5.735000
11.554000
9.179000
3.564000
0.000000
2.689000
3.994000
10.314000
10.155000
5.602000
10.745000
8.658000
13.654000
2.590000
7.641000
6.180000
14.693000
0.000000
13.487000
12.376000
0.000000
5.926000
12.970000
12.445000
7.169000
6.994000
11.047000
8.815000
3.792000
12.312000
9.561000
5.541000
13.347000
8.029000
14.819000
15.517000
5.704000
10.945000
7.288000
2.537000
5.831000
0.000000
9.885000
4.979000
9.981000
5.069000
11.890000
10.245000
7.564000
7.751000
3.902000
6.865000
2.114000
10.194000
4.808000
8.286000
1.062000
0.000000
14.934000
9.195000
8.012000
14.625000
8.576000
0.000000
7.132000
16.912000
13.121000
10.190000
13.909000
0.000000
2.904000
10.790000
12.143000
15.967000
6.461000
6.390000
11.956000
10.825000
11.648000
10.063000
2.675000
3.787000
6.887000
13.224000
15.622000
0.091000
2.711000
1.876000
4.618000
4.806000
11.640000
5.106000
12.515000
0.000000
9.495000
5.987000
3.904000
1.218000
0.000000
6.572000
8.262000
3.272000
0.000000
7.070000
4.224000
9.521000
5.134000
9.006000
1.620000
8.281000
0.000000
6.161000
1.968000
2.588000
8.599000
1.445000
3.697000
4.985000
0.000000
0.000000
13.481000
10.015000
0.000000
6.003000
7.901000
8.510000
6.450000
5.621000
3.964000
0.000000
5.928000
7.721000
3.846000
9.160000
8.830000
0.000000
0.000000
0.000000
0.000000
0.000000
4.356000
9.036000
4.942000
0.000000
0.000000
0.000000
5.101000
7.682000
7.047000
3.726000
5.153000
5.128000
0.000000
10.145000
9.611000
6.668000
4.658000
0.000000
0.000000
0.000000
0.000000
0.000000
0.000000
0.000000
0.000000
3.926000
0.000000
0.000000
0.000000
0.000000
5.603000
0.000000
6.921000
2.638000
0.000000
0.000000
0.000000
1.753000
5.586000
1.661000
10.374000
3.717000
2.397000
0.144000
5.335000
5.784000
0.000000
3.596000
4.628000
11.724000
7.288000
0.000000
6.656000
4.386000
8.004000
0.000000
0.000000
5.970000
0.000000
0.000000
0.000000
0.000000
0.000000
0.420000
0.000000
2.634000
0.000000
3.129000
0.000000
4.174000
3.979000
5.508000
0.000000
3.169000
0.000000
0.000000
0.000000
0.000000
13.309000
0.975000
0.000000
2.540000
1.975000
5.152000
5.972000
0.000000
7.361000
1.613000
0.000000
5.184000
0.000000
0.000000
0.000000
0.000000
0.000000
0.000000
0.471000
6.430000
0.000000
8.050000
0.044000
0.000000
0.000000
0.000000
0.000000
0.000000
4.902000
0.000000
10.214000
4.892000
6.115000
3.794000
8.138000
4.768000
2.579000
0.000000
0.000000
3.122000
3.025000
3.537000
9.664000
0.000000
6.600000
0.000000
0.000000
1.116000
3.892000
2.991000
0.000000
5.362000
4.830000
4.906000
0.000000
0.000000
0.000000
0.000000
0.000000
4.509000
9.144000
4.412000
0.000000
0.000000
0.000000
0.000000
9.307000
0.000000
6.629000
4.014000
0.472000
5.222000
3.939000
0.000000
0.000000
0.000000
0.000000
9.621000
12.113000
2.171000
0.825000
0.000000
7.696000
0.000000
1.532000
0.000000
0.619000
0.000000
5.478000
0.000000
0.000000
4.486000
0.000000
12.826000
6.801000
1.218000
2.828000
4.395000
0.000000
5.792000
0.000000
3.482000
0.000000
0.000000
5.180000
4.945000
6.088000
0.000000
0.000000
13.194000
0.000000
3.381000
0.000000
4.712000
1.321000
0.000000
6.342000
1.073000
0.000000
9.431000
0.000000
4.836000
8.395000
0.000000
8.610000
2.863000
5.156000
12.111000
9.144000
5.107000
5.483000
8.174000
7.525000
0.703000
0.000000
8.119000
8.393000
0.000000
0.000000
0.361000
6.926000
12.349000
0.000000
3.376000
8.915000
0.000000
10.591000
0.378000
0.000000
2.821000
8.789000
6.194000
8.126000
6.466000
4.400000
1.593000
6.734000
5.297000
8.574000
0.000000
9.331000
9.305000
0.000000
0.000000
8.876000
0.000000
9.433000
3.716000
0.841000
0.000000
2.059000
0.000000
0.000000
0.000000
9.441000
5.191000
0.000000
12.664000
0.438000
0.000000
8.841000
0.000000
7.529000
6.444000
7.594000
6.524000
0.000000
4.873000
13.486000
10.894000
0.000000
3.766000
1.224000
4.569000
1.583000
3.072000
0.269000
0.649000
0.324000
0.000000
0.000000
0.000000
5.686000
0.300000
0.000000
2.793000
0.000000
5.869000
0.000000
2.419000
2.701000
4.087000
5.854000
4.506000
6.466000
5.239000
0.000000
5.282000
0.000000
0.000000
9.902000
3.953000
0.000000
0.155000
4.523000
0.000000
1.210000
4.317000
0.000000
7.201000
2.057000
2.605000
0.000000
0.000000
4.496000
7.174000
0.000000
6.417000
0.000000
1.686000
2.146000
1.921000
1.317000
4.991000
2.775000
11.741000
7.748000
4.126000
0.000000
0.000000
3.683000
4.858000
0.000000
7.786000
0.818000
1.494000
7.418000
0.000000
8.979000
7.508000
0.000000
5.377000
3.941000
5.961000
8.849000
8.260000
3.501000
6.349000
4.266000
0.000000
6.646000
6.078000
3.442000
10.555000
1.518000
14.033000
0.000000
5.048000
3.062000
0.000000
1.254000
1.815000
0.214000
0.000000
0.000000
3.949000
1.673000
6.154000
11.477000
4.097000
6.769000
0.000000
2.486000
1.761000
9.719000
5.043000
5.248000
4.385000
7.067000
9.644000
3.929000
0.000000
3.752000
2.777000
2.764000
2.900000
2.745000
4.165000
1.562000
12.888000
0.000000
4.559000
6.369000
0.000000
6.326000
1.164000
4.626000
5.383000
9.624000
7.973000
0.439000
0.000000
0.000000
0.000000
2.556000
7.655000
4.746000
3.658000
1.719000
0.000000
7.119000
8.656000
9.908000
2.481000
4.169000
6.364000
2.513000
5.263000
7.617000
0.000000
1.366000
5.002000
14.689000
0.000000
4.049000
4.756000
1.309000
0.000000
0.000000
8.914000
7.037000
6.444000
4.585000
0.000000
0.000000
0.000000
4.791000
6.718000
0.770000
4.528000
2.483000
0.000000
0.000000
0.000000
5.835000
0.000000
0.000000
0.000000
3.836000
1.437000
0.000000
3.665000
0.000000
5.221000
0.000000
4.352000
5.766000
0.000000
0.000000
0.000000
0.000000
8.644000
0.388000
6.141000
9.425000
2.810000
4.553000
5.499000
1.993000
0.000000
3.111000
0.000000
1.927000
0.000000
0.000000
0.076000
0.508000
2.759000
0.000000
0.000000
0.000000
6.201000
0.000000
3.125000
1.011000
5.497000
3.009000
8.397000
3.057000
4.328000
0.000000
1.791000
0.000000
0.000000
0.000000
2.323000
3.765000
3.295000
1.415000
5.726000
0.723000
1.086000
0.000000
5.172000
4.258000
2.370000
7.765000
0.000000
1.068000
0.000000
0.000000
0.000000
7.142000
0.324000
0.000000
4.285000
1.021000
1.066000
0.954000
0.000000
0.000000
6.776000
0.000000
10.812000
0.323000
0.000000
3.746000
1.102000
0.000000
0.000000
5.065000
2.335000
0.000000
0.000000
3.785000
0.000000
0.000000
4.354000
5.142000
0.000000
9.512000
0.000000
1.212000
5.392000
0.000000
5.262000
0.000000
0.000000
1.865000
0.000000
0.664000
1.707000
0.000000
0.000000
0.000000
0.000000
0.000000
4.191000
2.322000
0.729000
0.000000
0.000000
0.478000
3.275000
0.000000
8.872000
3.505000
0.000000
0.379000
0.000000
0.000000
0.000000
3.810000
0.000000
0.000000
0.000000
2.649000
1.094000
6.188000
1.578000
7.206000
0.000000
0.000000
0.000000
0.000000
0.000000
3.799000
0.511000
0.000000
0.000000
2.700000
0.395000
0.893000
1.948000
0.000000
7.213000
0.000000
1.303000
0.000000
0.000000
0.000000
0.219000
0.000000
1.023000
0.000000
2.347000
0.822000
0.000000
0.000000
4.225000
0.000000
0.000000
2.927000
0.000000
1.731000
0.000000
2.533000
0.000000
0.107000
2.797000
2.874000
2.057000
0.000000
0.000000
0.000000
0.000000
1.266000
0.000000
3.998000
0.631000
0.000000
1.479000
0.000000
0.000000
1.913000
0.000000
0.220000
0.000000
3.355000
0.000000
0.000000
0.604000
3.372000
3.193000
3.347000
0.000000
0.000000
0.000000
0.000000
0.000000
0.000000
2.027000
0.138000
0.000000
0.000000
0.000000
0.634000
0.376000
5.735000
0.000000
3.901000
0.000000
1.493000
0.000000
0.000000
1.803000
0.412000
1.943000
1.592000
0.158000
0.000000
0.000000
1.849000
5.094000
2.809000
2.572000
2.388000
2.217000
0.000000
1.102000
1.116000
0.000000
0.000000
0.000000
5.366000
0.000000
0.094000
0.000000
2.339000
0.000000
1.125000
0.000000
0.000000
0.000000
0.000000
0.000000
0.000000
0.000000
2.223000
0.829000
0.000000
0.000000
0.294000
3.700000
2.563000
1.298000
0.000000
0.000000
0.000000
0.000000
0.000000
2.794000
0.000000
3.724000
0.000000
1.094000
0.000000
1.208000
2.741000
0.436000
4.128000
2.641000
0.732000
0.422000
0.000000
0.000000
0.000000
4.203000
2.311000
0.000000
1.430000
0.000000
0.655000
0.000000
0.905000
0.000000
0.000000
0.000000
0.339000
1.017000
0.237000
0.000000
4.601000
3.681000
1.067000
5.755000
0.000000
0.000000
0.298000
0.355000
0.945000
0.000000
1.113000
0.000000
2.208000
1.497000
1.021000
5.475000
0.000000
0.000000
1.530000
0.000000
1.835000
1.705000
1.396000
2.885000
0.000000
0.898000
0.000000
1.048000
0.000000
2.070000
0.000000
0.000000
0.000000
0.153000
0.000000
1.739000
0.000000
1.044000
1.106000
0.000000
0.000000
0.000000
1.260000
0.000000
2.247000
5.513000
1.904000
2.548000
0.000000
2.062000
0.000000
0.000000
0.000000
0.115000
1.064000
2.714000
0.000000
0.874000
0.000000
0.000000
0.000000
1.561000
0.000000
2.552000
0.000000
0.531000
1.829000
0.000000
0.861000
1.849000
0.000000
0.000000
0.000000
0.000000
1.713000
0.000000
0.689000
2.447000
2.869000
0.000000
0.000000
1.378000
0.458000
3.611000
1.338000
2.273000
1.463000
1.371000
0.000000
0.000000
3.255000
4.793000
1.674000
0.108000
2.575000
1.371000
0.000000
4.468000
1.986000
2.512000
2.407000
0.000000
1.480000
2.726000
2.597000
0.000000
7.701000
2.989000
1.391000
0.399000
0.000000
0.000000
0.000000
0.000000
1.130000
0.000000
3.084000
6.230000
3.473000
6.460000
0.000000
2.233000
0.000000
2.699000
0.000000
7.077000
0.000000
0.000000
0.000000
2.600000
0.000000
2.791000
1.528000
0.000000
0.000000
0.000000
0.000000
0.569000
0.000000
3.809000
0.000000
0.000000
3.044000
3.695000
0.000000
0.000000
2.043000
0.000000
0.000000
0.000000
0.570000
4.588000
2.435000
4.352000
0.000000
0.000000
0.708000
0.000000
5.650000
0.635000
0.000000
0.000000
2.705000
0.000000
3.338000
0.000000
1.071000
0.000000
0.000000
0.131000
0.640000
0.000000
0.536000
0.000000
0.000000
0.357000
0.000000
2.284000
2.534000
0.742000
0.614000
0.000000
4.275000
0.887000
0.000000
1.260000
0.000000
3.109000
0.000000
0.000000
0.715000
0.061000
0.000000
2.214000
1.701000
2.270000
1.085000
0.000000
0.000000
4.229000
0.000000
0.000000
3.360000
2.678000
0.637000
0.541000
0.000000
0.000000
2.354000
0.237000
0.000000
0.606000
0.000000
6.453000
1.487000
0.000000
0.652000
0.000000
0.000000
0.595000
0.000000
0.000000
0.667000
0.071000
0.443000
3.502000
0.000000
0.000000
0.000000
3.952000
2.364000
2.234000
4.947000
0.987000
4.546000
0.913000
4.173000
0.941000
1.735000
0.000000
0.000000
2.831000
0.000000
3.661000
0.000000
2.067000
1.295000
0.677000
0.000000
0.453000
2.580000
4.841000
0.000000
0.000000
0.000000
3.132000
0.000000
5.993000
2.448000
4.667000
0.000000
3.885000
2.455000
0.000000
2.004000
1.643000
4.296000
0.000000
0.300000
0.000000
0.385000
2.883000
0.000000
0.000000
1.075000
1.826000
2.196000
0.686000
1.007000
0.000000
0.084000
2.940000
1.026000
1.536000
0.000000
0.000000
2.772000
0.000000
5.034000
0.000000
0.000000
0.000000
0.313000
0.000000
1.840000
0.000000
1.309000
1.541000
1.597000
0.000000
0.000000
0.228000
3.212000
2.636000
2.607000
0.000000
0.399000
0.000000
2.172000
0.000000
2.094000
0.000000
1.553000
0.859000
4.073000
0.718000
0.000000
0.000000
0.000000
4.170000
0.000000
0.000000
4.408000
3.404000
0.668000
5.129000
0.841000
0.104000
0.000000
0.000000
0.000000
1.473000
1.927000
3.391000
1.904000
5.320000
0.000000
0.000000
0.486000
0.000000
1.919000
0.807000
1.717000
0.550000
0.000000
0.000000
5.217000
0.000000
0.000000
3.419000
2.847000
0.000000
0.000000
0.000000
0.000000
4.066000
5.720000
0.316000
0.000000
0.000000
0.000000
0.000000
1.282000
0.000000
1.990000
0.000000
1.173000
2.340000
0.651000
7.406000
0.000000
0.000000
0.000000
0.135000
1.478000
1.119000
0.000000
0.000000
0.000000
0.000000
0.708000
0.311000
3.779000
0.000000
5.843000
3.347000
0.271000
0.000000
0.000000
0.105000
0.595000
0.000000
0.000000
0.000000
0.000000
0.000000
0.390000
3.369000
0.000000
1.684000
0.000000
0.000000
1.367000
3.644000
1.332000
0.000000
0.558000
2.695000
3.576000
0.000000
3.416000
0.000000
2.505000
0.000000
0.000000
0.000000
1.280000
0.000000
0.000000
0.111000
0.000000
0.000000
0.000000
0.000000
1.903000
0.435000
0.000000
4.409000
2.848000
0.000000
0.000000
6.216000
0.000000
0.000000
0.000000
0.000000
0.000000
0.000000
0.935000
3.411000
0.899000
0.000000
0.000000
2.314000
2.373000
0.000000
0.000000
0.000000
0.000000
0.000000
0.996000
1.885000
2.463000
0.000000
0.000000
0.000000
1.971000
0.000000
2.994000
0.939000
1.912000
0.014000
0.550000
0.000000
0.947000
0.000000
0.000000
0.000000
0.000000
0.690000
2.552000
2.230000
2.080000
0.000000
0.000000
0.000000
2.173000
0.739000
0.000000
3.471000
1.994000
0.826000
0.636000
0.000000
0.000000
0.000000
0.182000
0.620000
1.510000
0.000000
2.166000
0.000000
3.331000
0.000000
2.027000
0.000000
3.136000
1.591000
0.000000
1.805000
0.000000
0.000000
1.025000
0.000000
0.000000
1.341000
0.000000
2.300000
0.000000
2.592000
0.000000
0.000000
0.000000
0.573000
0.000000
0.000000
2.322000
3.726000
0.000000
0.000000
2.205000
0.000000
0.000000
0.000000
0.091000
0.377000
0.000000
0.000000
0.000000
1.374000
1.718000
1.936000
2.702000
0.000000
2.061000
0.000000
0.168000
2.527000
0.904000
0.000000
1.384000
0.055000
1.138000
0.000000
0.000000
0.701000
0.000000
2.542000
0.000000
0.000000
0.700000
2.718000
0.024000
1.688000
0.000000
0.000000
0.000000
0.000000
0.000000
0.000000
2.077000
0.000000
2.026000
2.252000
0.000000
3.685000
0.000000
1.221000
0.000000
1.416000
2.862000
4.941000
0.000000
0.000000
0.144000
0.000000
1.308000
0.000000
0.000000
0.000000
0.000000
1.870000
0.000000
0.000000
0.000000
1.313000
0.000000
0.648000
0.000000
0.000000
0.756000
4.561000
0.000000
2.994000
0.000000
0.000000
0.000000
4.855000
2.653000
3.421000
0.000000
2.286000
0.000000
0.000000
1.480000
2.882000
0.000000
1.184000
7.698000
2.400000
1.208000
0.000000
0.000000
1.580000
0.000000
0.294000
0.000000
0.000000
0.000000
0.374000
0.000000
0.000000
1.723000
0.000000
0.158000
4.741000
5.059000
0.000000
2.626000
0.000000
0.638000
3.003000
0.000000
0.000000
0.000000
4.720000
0.000000
2.358000
0.545000
2.665000
2.103000
3.318000
0.000000
0.000000
0.000000
0.243000
1.532000
0.000000
2.239000
0.383000
3.787000
0.000000
0.037000
0.309000
0.000000
0.000000
0.000000
0.000000
2.825000
0.000000
3.665000
0.000000
2.952000
0.000000
1.417000
0.000000
3.845000
0.346000
0.000000
0.000000
4.544000
0.000000
0.263000
2.934000
3.029000
0.000000
2.156000
2.650000
0.000000
0.000000
5.954000
1.745000
0.000000
0.000000
2.015000
0.551000
0.000000
0.000000
3.600000
0.000000
0.695000
0.000000
2.827000
3.700000
6.531000
0.000000
0.032000
0.122000
4.186000
0.000000
0.000000
0.000000
0.000000
0.167000
1.711000
1.217000
0.000000
0.000000
0.000000
6.427000
0.000000
0.000000
4.134000
1.229000
0.000000
0.186000
0.000000
6.512000
0.473000
1.938000
0.533000
0.000000
1.218000
0.000000
0.000000
0.000000
0.000000
1.881000
2.215000
2.193000
0.000000
3.298000
2.932000
1.414000
2.046000
3.082000
0.815000
0.000000
0.000000
0.000000
1.030000
0.000000
0.000000
0.000000
0.629000
2.277000
2.408000
1.214000
1.203000
1.687000
6.104000
3.972000
3.222000
0.199000
4.560000
0.000000
1.307000
6.630000
3.200000
3.539000
0.851000
2.604000
0.000000
0.000000
0.704000
1.736000
0.547000
1.820000
1.515000
0.000000
0.074000
1.900000
1.999000
0.000000
0.477000
1.626000
0.000000
0.418000
0.000000
0.000000
0.000000
0.797000
0.580000
0.000000
0.000000
0.000000
