6.121000
7.738000
11.335000
7.301000
15.460000
12.550000
14.659000
4.898000
10.583000
11.874000
11.691000
10.316000
7.035000
15.081000
11.761000
8.315000
16.762000
12.716000
11.068000
12.317000
6.966000
9.095000
15.106000
11.579000
5.033000
12.891000
9.947000
8.255000
13.284000
14.164000
6.521000
4.567000
5.063000
11.909000
11.031000
11.093000
9.960000
10.196000
11.947000
8.589000
10.614000
13.233000
11.129000
12.656000
11.488000
7.758000
7.575000
13.290000
16.396000
9.178000
13.238000
15.433000
14.888000
4.854000
5.856000
10.238000
7.697000
9.256000
10.117000
10.094000
11.368000
14.566000
11.432000
9.352000
10.083000
13.519000
10.456000
11.026000
10.379000
18.687000
12.420000
11.536000
10.547000
13.819000
10.544000
9.599000
8.691000
10.962000
6.962000
8.343000
8.767000
15.976000
8.424000
18.077000
9.785000
13.359000
18.311000
13.214000
11.313000
12.714000
16.160000
5.700000
7.859000
8.204000
5.536000
20.381000
8.038000
10.730000
9.997000
16.320000
14.289000
8.367000
14.181000
13.770000
12.406000
6.368000
5.886000
18.748000
8.236000
9.890000
12.315000
5.214000
8.901000
10.173000
13.673000
10.397000
8.240000
15.123000
7.482000
17.337000
16.734000
20.263000
11.343000
12.254000
9.990000
6.924000
4.915000
11.957000
15.259000
15.689000
9.979000
18.442000
15.685000
16.093000
11.101000
10.657000
18.061000
12.352000
13.754000
15.401000
10.555000
17.937000
16.411000
10.082000
10.402000
17.255000
13.215000
2.897000
8.790000
12.379000
10.770000
15.776000
18.538000
20.064000
14.074000
9.958000
10.242000
13.925000
19.390000
13.361000
8.727000
10.530000
10.497000
9.647000
12.484000
6.742000
17.748000
20.063000
16.883000
9.929000
10.725000
4.378000
13.829000
15.198000
20.527000
20.204000
16.632000
12.085000
8.914000
15.397000
14.445000
12.596000
17.308000
15.131000
10.655000
9.927000
6.886000
23.169000
20.842000
9.394000
17.395000
22.308000
10.526000
4.859000
19.013000
24.134000
20.645000
15.701000
19.168000
11.666000
10.801000
19.180000
21.933000
10.083000
15.048000
16.798000
21.263000
16.621000
20.188000
13.203000
17.556000
19.773000
15.214000
11.748000
9.647000
9.180000
7.799000
13.508000
16.990000
7.553000
12.139000
15.781000
14.077000
12.798000
20.110000
12.884000
14.265000
11.716000
11.977000
21.419000
20.124000
16.155000
13.961000
9.888000
5.415000
12.796000
14.978000
16.035000
20.803000
21.817000
16.120000
12.594000
15.590000
16.037000
9.743000
21.568000
13.614000
14.500000
19.180000
20.011000
10.380000
15.579000
16.621000
10.895000
11.555000
15.310000
15.139000
8.835000
8.092000
16.831000
22.346000
16.383000
15.269000
6.562000
13.280000
12.218000
12.584000
16.176000
9.367000
7.564000
10.804000
6.817000
15.532000
10.398000
19.082000
18.774000
7.695000
11.820000
19.545000
7.829000
19.395000
15.947000
14.351000
16.008000
10.297000
15.911000
15.160000
6.312000
11.186000
16.617000
20.187000
18.509000
19.460000
10.799000
21.306000
13.749000
13.578000
13.496000
16.693000
14.268000
18.625000
11.837000
10.709000
17.556000
20.821000
13.747000
8.423000
15.333000
9.117000
8.934000
4.322000
19.788000
11.487000
14.845000
11.450000
14.626000
19.015000
8.700000
10.761000
10.075000
9.108000
9.404000
17.817000
6.787000
9.806000
12.856000
13.138000
13.387000
15.720000
6.553000
18.269000
11.018000
5.021000
14.328000
11.318000
22.655000
10.256000
6.386000
14.692000
10.517000
6.958000
8.598000
7.254000
11.341000
11.095000
11.810000
16.959000
3.218000
9.351000
5.344000
8.786000
5.737000
4.759000
6.575000
12.760000
15.146000
4.904000
13.746000
12.013000
8.654000
10.165000
14.040000
5.438000
16.049000
9.440000
6.340000
8.418000
15.473000
5.275000
11.763000
4.862000
8.441000
12.256000
5.505000
10.037000
9.896000
11.077000
7.449000
0.930000
11.158000
11.735000
5.543000
9.462000
6.263000
4.095000
8.921000
5.468000
7.699000
7.131000
12.373000
9.965000
11.568000
11.937000
17.759000
6.390000
8.031000
11.576000
11.138000
9.705000
14.607000
13.027000
3.460000
10.856000
10.713000
6.104000
6.617000
9.418000
8.466000
10.863000
11.806000
13.554000
17.564000
11.112000
4.733000
4.844000
17.663000
12.491000
5.746000
5.817000
8.357000
9.602000
10.756000
8.642000
11.196000
12.137000
10.149000
13.301000
21.630000
10.822000
7.588000
17.314000
10.406000
12.674000
5.145000
11.308000
10.658000
11.713000
8.853000
10.619000
10.944000
13.751000
6.284000
8.790000
10.167000
12.664000
22.918000
11.279000
13.109000
11.769000
6.646000
4.971000
7.731000
11.642000
16.578000
9.052000
17.663000
14.614000
8.689000
8.816000
12.377000
11.167000
8.641000
10.242000
7.659000
12.630000
5.283000
6.854000
9.567000
12.848000
10.708000
7.748000
12.622000
9.401000
5.437000
7.679000
15.720000
4.298000
9.414000
12.246000
6.059000
5.267000
8.743000
14.739000
8.492000
7.364000
14.606000
14.941000
6.014000
11.334000
25.605000
6.193000
5.793000
11.484000
8.791000
16.870000
14.489000
9.627000
12.202000
13.506000
19.911000
15.963000
11.472000
8.318000
19.454000
12.703000
13.548000
9.436000
20.317000
9.828000
11.386000
13.697000
11.817000
15.052000
16.075000
8.531000
15.589000
7.932000
13.387000
12.189000
14.287000
10.045000
14.198000
13.971000
14.052000
14.077000
11.886000
14.126000
14.804000
14.096000
10.517000
10.160000
5.052000
14.395000
9.558000
15.090000
19.782000
14.241000
10.619000
11.781000
7.744000
16.049000
12.043000
12.527000
12.581000
16.983000
17.049000
9.015000
11.724000
14.674000
9.890000
8.780000
12.082000
20.424000
16.073000
14.179000
12.577000
21.452000
7.403000
14.305000
10.063000
11.222000
9.052000
7.295000
0.524000
4.627000
8.888000
9.514000
16.138000
11.008000
12.415000
15.973000
12.830000
10.150000
7.841000
15.422000
9.431000
3.798000
10.714000
10.626000
10.736000
8.402000
14.997000
5.393000
6.339000
14.210000
15.807000
12.786000
15.149000
10.078000
9.580000
10.083000
7.478000
10.298000
13.447000
5.037000
15.194000
8.344000
12.413000
11.587000
14.216000
15.376000
14.932000
14.246000
11.453000
10.147000
11.376000
12.201000
8.360000
8.214000
8.495000
10.204000
16.404000
6.569000
7.352000
15.575000
23.238000
10.188000
12.829000
12.003000
8.075000
11.381000
7.823000
11.757000
11.569000
11.076000
10.213000
11.945000
15.763000
14.261000
9.405000
9.136000
7.444000
13.970000
14.175000
7.696000
8.980000
13.929000
7.798000
13.616000
10.535000
11.227000
7.985000
5.109000
10.186000
8.840000
6.363000
9.584000
7.113000
16.182000
8.193000
10.428000
15.249000
11.952000
11.601000
9.802000
19.024000
6.006000
20.513000
8.107000
8.307000
22.500000
7.775000
12.714000
12.025000
10.918000
10.808000
4.245000
9.116000
8.815000
4.726000
13.035000
10.033000
6.127000
10.754000
22.799000
10.746000
13.000000
4.834000
12.027000
13.217000
8.493000
12.000000
15.269000
14.252000
9.483000
14.272000
7.396000
10.920000
12.673000
9.031000
9.605000
9.781000
8.367000
8.249000
11.198000
9.143000
9.250000
10.989000
14.753000
10.728000
11.817000
5.720000
6.966000
11.487000
11.298000
12.935000
4.354000
7.443000
7.711000
6.030000
8.621000
11.343000
8.963000
8.853000
13.724000
4.986000
12.405000
11.465000
8.527000
10.498000
11.778000
7.175000
13.215000
5.089000
10.296000
10.605000
11.405000
10.588000
10.310000
14.639000
7.628000
8.997000
9.783000
9.961000
13.909000
11.865000
8.592000
23.984000
10.742000
5.570000
5.183000
9.387000
18.140000
8.060000
10.867000
7.954000
12.104000
12.296000
11.343000
12.421000
5.684000
15.684000
11.616000
9.455000
10.643000
20.361000
7.908000
10.377000
6.820000
14.313000
12.584000
14.488000
10.538000
6.986000
15.255000
6.901000
8.083000
6.276000
15.131000
7.811000
16.668000
7.383000
7.008000
14.157000
8.775000
14.931000
12.007000
9.306000
6.451000
8.682000
13.844000
19.668000
10.574000
13.102000
16.193000
13.487000
7.442000
7.488000
14.535000
10.541000
10.413000
7.993000
5.066000
10.902000
8.464000
10.202000
23.642000
13.564000
8.651000
22.828000
8.718000
10.601000
8.340000
10.214000
10.677000
8.716000
10.768000
11.481000
17.103000
4.867000
12.936000
9.719000
3.362000
13.376000
6.432000
7.839000
14.367000
8.027000
12.100000
14.312000
10.610000
9.258000
5.095000
17.669000
10.463000
4.076000
15.638000
5.066000
10.601000
17.142000
4.731000
9.930000
11.367000
23.053000
5.484000
8.083000
7.914000
4.630000
9.345000
13.753000
12.964000
7.559000
11.626000
14.055000
7.626000
12.093000
7.616000
14.589000
5.086000
12.837000
12.911000
7.015000
10.392000
18.979000
11.879000
15.658000
6.092000
12.443000
5.769000
11.175000
9.607000
20.098000
7.895000
18.898000
6.552000
5.843000
10.569000
12.145000
11.102000
8.496000
5.300000
3.897000
19.513000
7.100000
9.188000
12.862000
11.178000
11.763000
6.617000
7.505000
19.460000
14.378000
18.403000
8.708000
8.050000
10.428000
6.540000
6.997000
4.896000
10.738000
10.884000
9.922000
17.272000
18.109000
6.838000
13.029000
10.185000
13.394000
11.515000
7.929000
10.702000
9.435000
22.112000
12.073000
9.120000
19.910000
4.329000
12.207000
6.358000
10.551000
15.982000
17.837000
23.274000
10.985000
16.391000
16.829000
11.944000
9.079000
14.483000
12.180000
14.182000
13.398000
10.488000
13.865000
14.029000
15.408000
8.897000
16.358000
7.943000
19.667000
10.031000
10.606000
9.795000
20.634000
15.066000
8.281000
7.859000
9.118000
9.217000
4.816000
10.767000
11.951000
14.805000
9.890000
13.837000
7.756000
10.706000
8.937000
12.736000
6.657000
12.700000
7.911000
9.651000
4.563000
7.872000
11.667000
10.066000
10.275000
10.441000
12.299000
14.767000
13.267000
11.219000
13.967000
11.553000
18.023000
12.745000
14.290000
10.440000
9.818000
12.000000
5.794000
23.336000
7.521000
19.062000
8.783000
9.090000
9.573000
6.941000
16.756000
10.897000
16.346000
10.768000
11.552000
17.636000
3.648000
14.112000
8.438000
19.896000
17.960000
13.907000
19.612000
15.503000
16.759000
18.314000
13.272000
13.392000
10.378000
18.156000
18.963000
20.960000
15.442000
14.430000
11.429000
7.178000
14.429000
10.080000
15.965000
10.168000
20.792000
15.891000
10.195000
9.384000
16.371000
19.025000
12.782000
4.424000
19.993000
6.478000
15.044000
14.623000
17.518000
15.547000
14.015000
10.296000
13.431000
6.806000
8.335000
7.794000
15.679000
6.828000
11.710000
15.787000
11.394000
9.388000
13.277000
6.393000
12.877000
10.996000
15.763000
9.959000
12.165000
15.689000
17.738000
7.900000
10.333000
9.452000
9.578000
7.512000
9.600000
6.576000
11.475000
17.486000
14.064000
17.582000
13.762000
13.520000
17.623000
10.081000
14.516000
8.524000
15.127000
7.859000
13.067000
13.074000
11.464000
11.291000
13.821000
18.057000
8.797000
11.788000
6.801000
8.935000
17.373000
12.041000
11.537000
17.927000
11.386000
10.100000
12.352000
9.827000
20.516000
14.147000
7.892000
13.609000
8.939000
16.811000
15.815000
10.950000
16.696000
16.484000
9.315000
7.999000
14.888000
8.907000
11.023000
8.157000
13.435000
7.233000
14.186000
20.834000
16.533000
5.465000
13.155000
15.868000
16.241000
16.191000
7.354000
10.985000
21.122000
12.541000
19.079000
16.285000
18.548000
12.565000
11.413000
12.811000
10.003000
12.946000
16.214000
11.582000
15.276000
16.277000
5.663000
11.096000
18.173000
7.066000
23.418000
12.819000
22.279000
7.016000
9.041000
13.709000
15.882000
10.689000
16.282000
13.503000
8.385000
15.267000
11.428000
7.083000
14.832000
19.489000
14.080000
18.500000
12.514000
13.376000
8.054000
14.123000
17.602000
11.154000
5.783000
13.956000
15.795000
16.280000
18.281000
8.027000
10.520000
15.822000
7.991000
12.786000
6.776000
12.622000
12.929000
6.928000
18.725000
10.825000
11.953000
15.569000
14.188000
6.164000
19.967000
9.478000
11.325000
10.583000
14.681000
11.473000
12.134000
15.893000
10.759000
8.119000
7.892000
18.295000
9.973000
12.471000
12.310000
15.345000
13.304000
7.604000
8.783000
10.453000
18.106000
11.502000
7.636000
13.502000
12.941000
13.282000
13.604000
13.833000
6.293000
17.258000
12.235000
9.152000
11.281000
6.528000
12.353000
15.396000
16.623000
11.710000
17.213000
14.770000
11.845000
14.484000
8.387000
17.781000
15.121000
11.553000
6.262000
12.166000
11.674000
4.578000
12.059000
14.499000
7.135000
12.278000
11.615000
8.436000
16.226000
16.579000
9.174000
8.947000
10.714000
16.465000
17.373000
17.298000
10.561000
10.746000
11.103000
17.672000
14.286000
18.103000
7.191000
14.085000
9.717000
12.115000
7.468000
9.026000
14.474000
11.726000
8.899000
17.992000
11.200000
9.901000
11.295000
8.999000
10.059000
4.751000
16.381000
13.176000
16.056000
6.874000
11.748000
14.040000
8.485000
12.769000
21.158000
18.083000
15.899000
8.795000
9.747000
3.184000
13.754000
9.273000
14.963000
5.826000
15.130000
9.140000
15.481000
6.076000
9.909000
8.829000
1.013000
22.938000
20.144000
14.343000
11.916000
9.435000
11.623000
11.344000
3.522000
10.015000
9.068000
13.924000
15.735000
8.394000
14.612000
9.306000
7.833000
13.451000
11.192000
5.468000
13.019000
14.330000
13.199000
10.211000
16.455000
10.754000
7.510000
15.259000
6.479000
17.608000
6.780000
11.851000
6.004000
9.466000
13.297000
6.544000
15.533000
10.340000
12.851000
16.321000
12.887000
8.760000
12.397000
7.494000
6.510000
10.401000
3.860000
4.496000
11.420000
11.483000
11.688000
6.232000
12.753000
12.571000
12.153000
7.124000
16.111000
9.421000
14.498000
15.536000
11.181000
12.048000
11.964000
9.272000
15.088000
9.699000
10.583000
8.784000
6.879000
7.155000
11.134000
14.224000
8.253000
15.422000
15.742000
10.240000
11.010000
12.769000
8.033000
9.128000
14.795000
6.791000
16.433000
15.146000
13.933000
3.286000
15.420000
18.230000
13.080000
11.071000
10.774000
7.286000
9.885000
15.751000
17.719000
15.637000
17.090000
7.564000
8.348000
12.451000
12.188000
10.583000
14.683000
17.046000
12.030000
12.495000
10.856000
14.320000
15.445000
10.148000
12.465000
7.957000
10.460000
8.993000
13.474000
13.177000
5.431000
12.930000
10.886000
7.840000
12.245000
8.040000
15.178000
21.346000
10.076000
18.884000
11.493000
17.259000
10.563000
8.558000
13.689000
6.701000
5.571000
12.107000
21.931000
12.627000
6.798000
17.561000
11.379000
14.156000
13.301000
9.997000
7.436000
9.157000
11.576000
10.353000
11.677000
10.044000
9.153000
14.790000
11.951000
15.288000
12.703000
5.924000
11.398000
12.526000
27.196000
8.562000
24.408000
10.512000
11.356000
15.151000
7.533000
13.371000
12.540000
10.416000
14.641000
7.971000
14.381000
13.215000
12.375000
7.049000
1.721000
9.132000
3.468000
10.813000
6.615000
13.192000
9.456000
12.036000
10.905000
8.990000
12.266000
7.901000
11.678000
11.725000
5.650000
19.991000
12.335000
10.873000
12.398000
17.184000
8.001000
11.181000
11.503000
12.011000
13.445000
14.559000
13.718000
10.247000
9.152000
12.173000
5.964000
11.910000
5.971000
6.464000
4.426000
15.675000
18.416000
12.579000
17.248000
7.058000
11.164000
4.010000
12.736000
12.310000
6.264000
13.333000
23.681000
6.199000
12.712000
11.948000
10.374000
7.224000
15.095000
7.432000
4.358000
14.330000
10.502000
11.336000
10.743000
16.558000
14.612000
10.462000
7.587000
7.198000
17.087000
17.126000
10.958000
14.813000
14.236000
7.737000
11.647000
13.214000
12.011000
9.499000
6.941000
16.596000
12.034000
17.045000
11.467000
17.367000
8.878000
6.565000
14.025000
11.574000
10.423000
9.078000
14.058000
3.574000
11.329000
16.912000
9.462000
4.198000
14.803000
10.790000
3.257000
7.620000
18.415000
8.259000
11.454000
12.405000
9.485000
11.547000
10.439000
14.019000
5.547000
21.846000
13.639000
1.794000
8.635000
13.353000
15.480000
8.713000
16.438000
9.687000
7.534000
13.665000
15.106000
11.098000
12.344000
9.041000
20.191000
12.862000
7.435000
5.736000
16.188000
12.635000
7.522000
18.269000
4.928000
19.283000
10.492000
5.733000
15.861000
13.451000
19.498000
17.337000
10.022000
7.123000
12.705000
9.325000
9.369000
11.239000
5.222000
7.225000
10.014000
9.163000
16.759000
13.466000
10.554000
13.709000
10.698000
10.881000
13.918000
3.810000
10.793000
8.785000
15.977000
18.463000
6.998000
6.964000
12.444000
11.435000
10.647000
2.398000
14.864000
10.877000
8.532000
9.025000
20.475000
16.520000
13.064000
18.657000
5.519000
7.474000
10.395000
17.084000
12.720000
13.854000
15.785000
21.340000
17.261000
15.483000
21.319000
16.605000
12.599000
16.976000
9.606000
17.734000
10.552000
15.603000
19.833000
2.230000
17.248000
11.334000
8.643000
11.773000
11.414000
8.285000
10.537000
7.518000
17.066000
13.197000
9.830000
9.536000
20.619000
12.644000
5.761000
11.649000
23.934000
5.211000
14.344000
8.613000
8.752000
19.637000
11.978000
9.388000
19.341000
16.315000
14.471000
11.886000
15.300000
15.952000
18.258000
7.323000
19.435000
12.556000
7.571000
17.680000
11.844000
9.215000
19.882000
7.544000
9.235000
6.309000
9.349000
3.929000
8.704000
12.332000
3.920000
11.261000
14.892000
5.588000
10.394000
11.743000
9.579000
10.416000
5.210000
11.160000
3.493000
8.625000
11.142000
14.002000
5.458000
11.771000
2.874000
13.317000
7.472000
14.751000
11.401000
12.326000
13.358000
13.572000
16.916000
17.529000
8.776000
15.069000
11.644000
9.966000
12.139000
9.900000
10.496000
9.783000
6.752000
8.318000
9.966000
4.754000
13.733000
12.321000
3.977000
7.778000
8.729000
4.311000
13.133000
8.935000
15.640000
3.556000
3.514000
1.475000
7.358000
6.499000
7.888000
8.517000
7.911000
7.178000
4.482000
9.384000
24.081000
2.308000
3.193000
0.000000
21.157000
7.388000
6.855000
5.514000
7.056000
5.270000
8.346000
4.655000
4.908000
5.237000
9.040000
4.113000
7.616000
4.969000
5.776000
9.413000
13.461000
8.139000
9.341000
11.897000
5.957000
5.036000
15.176000
16.283000
21.803000
6.612000
6.526000
5.741000
7.809000
5.810000
7.558000
14.545000
9.743000
13.136000
16.950000
5.464000
5.228000
6.180000
6.394000
6.949000
12.124000
9.088000
3.570000
6.822000
7.197000
4.141000
4.337000
15.550000
5.939000
0.729000
9.925000
11.679000
6.691000
15.329000
17.826000
15.175000
9.733000
6.119000
10.214000
8.965000
11.481000
14.522000
13.729000
8.625000
8.375000
6.380000
1.369000
2.943000
5.487000
4.845000
13.469000
12.181000
2.397000
5.416000
13.378000
10.669000
5.497000
10.486000
11.244000
17.116000
15.501000
17.205000
10.242000
10.176000
6.983000
8.482000
5.219000
6.373000
5.210000
13.595000
10.440000
6.458000
16.222000
1.010000
5.054000
5.526000
9.604000
11.094000
7.695000
9.409000
13.963000
19.919000
14.191000
10.396000
7.255000
11.746000
8.763000
5.154000
13.780000
8.964000
18.552000
15.837000
16.522000
9.164000
9.890000
11.774000
16.132000
7.771000
4.200000
8.698000
4.545000
23.565000
10.030000
7.419000
10.834000
11.743000
7.173000
7.621000
10.653000
11.541000
7.133000
12.782000
6.072000
6.751000
7.733000
5.499000
8.266000
11.156000
10.158000
19.309000
6.978000
10.554000
12.982000
4.038000
12.056000
13.711000
4.762000
6.826000
17.765000
27.680000
6.054000
5.626000
26.153000
3.474000
10.536000
12.784000
9.754000
6.694000
11.280000
12.820000
8.339000
16.448000
0.563000
8.129000
25.781000
10.614000
11.690000
9.928000
8.048000
10.351000
14.588000
6.506000
11.083000
4.657000
5.784000
7.497000
14.809000
7.845000
11.706000
9.066000
11.060000
11.945000
7.406000
5.007000
11.727000
16.651000
5.744000
11.761000
19.156000
6.598000
12.678000
7.002000
9.095000
3.235000
2.811000
4.726000
5.725000
19.701000
7.571000
12.541000
22.732000
8.407000
20.322000
16.890000
5.050000
5.587000
12.868000
5.716000
14.880000
13.874000
15.037000
5.802000
9.239000
19.550000
7.611000
18.356000
6.489000
7.682000
19.647000
11.348000
16.732000
4.759000
12.217000
22.753000
4.715000
6.760000
10.076000
9.870000
19.081000
9.268000
13.105000
11.040000
10.616000
7.698000
2.193000
14.155000
11.234000
17.107000
12.949000
7.800000
9.064000
5.792000
8.068000
10.069000
12.291000
17.434000
8.541000
10.327000
11.944000
12.424000
4.363000
8.608000
20.157000
10.378000
12.410000
9.730000
10.157000
20.618000
15.017000
18.535000
8.331000
12.136000
11.665000
8.028000
10.632000
8.181000
16.351000
9.035000
4.797000
2.547000
8.021000
5.859000
11.682000
11.563000
6.107000
10.181000
8.428000
8.701000
7.486000
9.311000
11.931000
6.271000
4.459000
8.285000
19.236000
12.811000
11.006000
10.458000
7.705000
13.902000
3.000000
5.520000
3.280000
10.377000
8.332000
8.007000
18.825000
9.328000
3.020000
18.964000
7.009000
8.953000
14.426000
8.583000
8.190000
9.394000
4.789000
6.749000
8.039000
13.224000
3.558000
8.530000
9.203000
8.065000
11.662000
3.806000
7.379000
14.030000
5.920000
18.616000
7.020000
9.433000
10.878000
5.517000
13.085000
8.915000
4.593000
10.413000
10.060000
9.851000
7.364000
6.732000
8.027000
15.680000
5.842000
11.759000
11.708000
5.924000
8.002000
10.498000
10.490000
8.136000
9.645000
13.176000
16.051000
11.237000
16.390000
2.278000
12.480000
10.425000
10.393000
4.080000
14.656000
13.788000
17.175000
15.086000
11.943000
8.965000
11.740000
17.105000
10.679000
12.440000
9.744000
9.306000
14.038000
11.052000
9.483000
9.178000
11.940000
9.162000
14.076000
2.525000
11.512000
13.145000
9.496000
7.544000
9.536000
5.378000
16.521000
9.852000
5.123000
10.718000
10.354000
5.197000
13.521000
14.062000
5.215000
19.001000
15.499000
3.544000
14.165000
10.831000
10.228000
8.086000
11.448000
7.165000
6.814000
11.108000
15.583000
17.096000
8.719000
11.563000
9.225000
14.220000
5.348000
4.634000
4.948000
4.352000
13.603000
4.377000
14.351000
6.777000
21.532000
11.329000
7.639000
8.179000
4.250000
17.938000
5.891000
20.389000
4.533000
12.843000
8.692000
7.180000
5.728000
20.307000
3.321000
9.463000
6.552000
13.681000
6.733000
4.291000
8.854000
6.261000
4.013000
4.898000
5.833000
7.615000
11.150000
3.961000
4.286000
4.059000
11.629000
4.645000
7.677000
3.952000
6.089000
5.597000
2.215000
5.931000
15.919000
7.601000
11.786000
17.934000
0.617000
4.883000
1.866000
7.077000
15.218000
6.540000
20.170000
5.405000
1.150000
20.490000
3.508000
7.972000
17.565000
8.405000
7.399000
5.182000
6.920000
13.044000
14.710000
6.570000
5.281000
12.346000
2.024000
22.061000
8.756000
3.105000
15.220000
6.758000
10.179000
4.481000
11.753000
15.006000
13.000000
13.950000
6.527000
18.982000
6.902000
2.766000
6.689000
8.294000
17.771000
12.092000
5.860000
10.216000
12.063000
6.278000
10.727000
10.437000
17.650000
9.573000
13.373000
5.052000
4.486000
13.678000
15.138000
3.038000
13.060000
20.003000
15.490000
5.314000
15.880000
5.259000
14.042000
17.558000
8.039000
9.921000
5.634000
10.170000
5.596000
17.054000
16.498000
5.174000
5.270000
12.000000
16.060000
8.042000
16.492000
14.591000
13.548000
10.839000
16.009000
7.822000
7.458000
15.395000
6.402000
15.092000
7.153000
2.997000
8.496000
17.328000
8.119000
12.396000
7.010000
6.247000
16.985000
3.525000
9.893000
12.409000
13.864000
12.482000
19.163000
17.587000
12.721000
11.055000
14.481000
3.039000
6.632000
22.227000
10.295000
13.581000
2.758000
7.451000
7.202000
19.318000
8.264000
18.719000
14.805000
17.832000
9.207000
12.065000
14.738000
6.530000
11.366000
14.090000
18.256000
9.798000
7.281000
5.469000
14.313000
10.027000
4.440000
7.029000
17.155000
6.177000
6.234000
13.342000
14.755000
13.712000
16.550000
12.777000
19.327000
14.471000
16.154000
16.977000
8.253000
21.165000
19.910000
9.513000
11.579000
13.602000
15.857000
4.771000
4.508000
9.442000
9.723000
10.727000
15.093000
12.216000
6.452000
15.513000
11.683000
17.586000
21.023000
9.653000
16.415000
19.675000
17.377000
13.948000
16.014000
15.115000
0.324000
11.843000
11.480000
13.992000
7.325000
14.400000
17.403000
21.038000
10.232000
13.677000
3.278000
8.849000
15.067000
19.338000
11.198000
18.085000
12.501000
3.961000
14.490000
3.285000
23.281000
9.217000
20.291000
21.823000
16.947000
14.933000
4.034000
12.314000
13.918000
9.788000
6.987000
12.955000
14.842000
13.156000
1.181000
8.002000
12.917000
8.565000
21.247000
6.780000
13.707000
14.668000
9.760000
18.201000
9.570000
10.012000
11.551000
12.890000
4.441000
15.278000
7.404000
14.704000
12.057000
13.637000
3.775000
8.895000
15.960000
7.685000
15.217000
11.380000
11.479000
12.909000
7.829000
12.502000
5.985000
21.089000
10.531000
16.267000
11.541000
11.140000
14.885000
18.347000
6.255000
9.533000
12.678000
9.674000
10.555000
13.193000
6.181000
8.039000
12.328000
10.694000
9.885000
8.352000
10.126000
15.866000
14.626000
13.153000
8.565000
16.031000
10.357000
9.462000
11.401000
13.584000
11.299000
17.913000
8.568000
6.516000
8.573000
11.942000
5.729000
12.271000
7.778000
12.041000
14.510000
3.771000
18.544000
13.357000
11.879000
11.568000
13.186000
9.343000
14.932000
15.276000
8.948000
8.624000
15.183000
7.245000
7.949000
17.399000
11.925000
19.658000
10.686000
4.805000
12.743000
8.574000
8.117000
13.973000
12.220000
3.221000
4.729000
8.000000
9.711000
10.983000
6.437000
18.819000
5.469000
9.843000
9.495000
17.678000
19.355000
15.780000
9.846000
11.428000
15.619000
14.146000
11.547000
11.579000
10.377000
10.089000
18.977000
19.113000
7.124000
13.083000
13.439000
12.428000
14.745000
8.047000
7.365000
12.112000
10.516000
17.839000
6.569000
13.840000
12.596000
18.367000
11.242000
10.399000
9.402000
22.613000
12.609000
11.689000
22.504000
12.706000
8.686000
15.183000
10.802000
7.236000
11.190000
13.999000
2.469000
8.681000
18.267000
16.238000
12.123000
7.869000
12.209000
13.235000
11.196000
10.477000
13.537000
20.806000
8.939000
13.774000
6.222000
10.103000
5.880000
15.998000
7.376000
7.124000
10.074000
12.470000
19.934000
12.447000
17.450000
16.252000
20.470000
11.159000
6.291000
11.563000
7.920000
9.020000
3.510000
5.102000
11.781000
13.199000
14.375000
11.238000
10.558000
13.450000
12.188000
10.739000
5.615000
17.853000
12.512000
21.329000
22.109000
14.264000
8.798000
6.719000
7.366000
8.183000
6.064000
10.067000
16.535000
7.332000
7.129000
8.554000
4.010000
12.332000
10.563000
14.317000
11.220000
12.941000
14.496000
9.539000
6.531000
7.758000
11.973000
17.933000
9.587000
10.020000
7.937000
8.480000
11.654000
11.406000
7.568000
12.113000
12.989000
9.699000
13.646000
12.189000
15.454000
14.405000
16.726000
9.054000
8.973000
10.113000
9.016000
8.357000
3.709000
12.346000
8.011000
7.406000
9.831000
10.216000
7.805000
12.299000
12.855000
12.663000
14.592000
20.645000
14.763000
16.922000
10.463000
16.500000
8.045000
11.806000
16.777000
12.752000
12.921000
9.797000
19.430000
10.350000
17.838000
17.214000
12.018000
8.146000
13.218000
20.951000
10.906000
10.183000
13.135000
9.743000
15.038000
8.832000
6.435000
12.808000
8.755000
12.909000
14.741000
9.122000
15.818000
8.259000
12.185000
9.180000
12.923000
7.875000
10.228000
16.583000
15.455000
11.963000
12.996000
10.835000
11.674000
12.904000
21.524000
12.596000
22.345000
9.904000
11.042000
10.913000
6.711000
8.984000
10.448000
11.359000
21.402000
13.018000
11.287000
8.670000
8.521000
11.674000
12.721000
10.015000
10.291000
13.380000
13.831000
8.701000
14.604000
7.740000
9.177000
13.493000
10.622000
10.876000
12.868000
9.015000
21.148000
8.808000
11.191000
11.462000
10.887000
9.236000
7.731000
8.611000
16.747000
8.764000
4.800000
8.798000
13.698000
8.639000
15.421000
11.470000
16.019000
6.012000
12.126000
10.466000
8.748000
11.861000
15.024000
12.315000
7.950000
17.341000
13.296000
17.394000
11.785000
14.104000
4.377000
13.049000
6.489000
18.510000
11.034000
13.465000
11.861000
7.491000
7.996000
15.332000
13.412000
12.180000
15.436000
15.632000
15.205000
12.348000
7.155000
12.214000
16.855000
9.865000
11.697000
10.966000
5.792000
4.513000
11.756000
6.159000
9.429000
12.302000
12.340000
17.728000
13.198000
15.141000
15.094000
7.588000
10.460000
16.534000
15.446000
14.134000
20.244000
9.364000
12.172000
11.164000
10.594000
5.024000
21.539000
8.531000
10.229000
12.141000
9.392000
11.853000
10.641000
9.208000
10.132000
13.624000
13.382000
10.071000
9.375000
8.858000
7.519000
10.176000
7.232000
5.795000
14.016000
13.217000
13.313000
8.862000
15.490000
15.415000
11.319000
7.709000
10.771000
11.624000
7.257000
14.545000
13.469000
12.809000
7.991000
7.149000
11.393000
11.357000
5.625000
12.005000
11.477000
13.505000
10.442000
1.989000
15.831000
11.597000
3.963000
9.258000
11.949000
11.032000
6.225000
13.031000
11.422000
6.673000
14.144000
6.026000
16.270000
9.212000
17.407000
7.647000
7.940000
9.672000
6.887000
6.286000
8.313000
9.156000
10.383000
7.648000
11.344000
16.121000
13.085000
11.221000
10.375000
9.019000
7.561000
8.614000
8.129000
16.359000
7.000000
9.732000
12.508000
8.282000
12.248000
6.790000
5.326000
8.841000
13.345000
3.550000
12.901000
9.556000
10.401000
9.934000
11.952000
13.026000
11.295000
9.420000
11.674000
9.035000
7.176000
8.905000
11.177000
4.995000
7.027000
20.504000
20.096000
11.340000
10.968000
11.572000
10.638000
12.565000
9.115000
14.020000
16.133000
10.763000
1.736000
3.757000
10.267000
9.716000
13.711000
14.880000
10.754000
13.091000
9.419000
12.532000
9.416000
14.929000
9.676000
12.360000
15.852000
10.872000
2.101000
10.048000
10.115000
9.008000
15.266000
7.464000
11.080000
3.326000
12.518000
6.643000
10.364000
6.254000
17.550000
8.793000
3.307000
12.444000
4.924000
8.282000
7.262000
18.203000
11.441000
10.354000
11.645000
14.000000
12.711000
8.653000
0.054000
10.287000
11.706000
8.561000
3.362000
13.044000
10.771000
8.805000
5.990000
2.793000
1.297000
16.003000
2.463000
2.780000
18.771000
5.735000
2.712000
4.136000
7.169000
10.695000
11.134000
2.704000
4.270000
3.609000
3.219000
4.126000
1.949000
14.834000
2.901000
10.612000
12.258000
4.921000
4.916000
2.508000
9.245000
18.627000
1.279000
2.412000
1.551000
4.504000
3.205000
1.579000
4.576000
2.918000
0.744000
5.813000
6.679000
0.228000
1.785000
1.423000
11.639000
12.285000
0.660000
11.836000
8.507000
3.505000
3.930000
3.014000
2.529000
2.053000
15.826000
15.181000
1.672000
13.917000
5.951000
3.889000
19.032000
12.555000
13.252000
6.705000
6.295000
10.469000
0.000000
3.524000
3.369000
0.706000
2.663000
4.395000
6.303000
13.488000
13.381000
7.024000
9.866000
2.616000
3.921000
15.376000
1.787000
9.973000
14.595000
7.533000
4.025000
2.472000
5.760000
9.149000
14.179000
1.566000
6.186000
14.583000
12.870000
14.439000
6.069000
10.549000
8.473000
5.877000
10.704000
17.141000
10.513000
8.271000
5.602000
11.280000
8.537000
12.962000
12.472000
11.924000
10.410000
0.000000
12.244000
8.083000
16.243000
5.270000
19.273000
5.819000
0.000000
7.983000
10.097000
11.771000
16.695000
9.735000
7.504000
6.059000
11.684000
4.777000
10.685000
14.300000
9.733000
3.122000
7.517000
6.510000
8.963000
16.848000
11.873000
8.151000
14.863000
0.000000
11.402000
9.135000
11.693000
7.255000
11.899000
11.531000
15.395000
1.038000
9.852000
16.283000
13.302000
0.000000
12.536000
11.463000
12.379000
15.810000
13.632000
13.372000
2.294000
12.930000
3.634000
13.654000
9.999000
3.017000
9.162000
4.755000
12.964000
9.323000
4.841000
9.218000
15.409000
14.548000
15.022000
10.391000
12.011000
8.654000
12.010000
12.580000
13.495000
1.529000
6.477000
5.949000
8.930000
7.591000
1.740000
4.080000
18.749000
12.721000
3.945000
10.947000
10.694000
11.502000
10.099000
7.488000
8.512000
3.576000
13.466000
11.284000
16.111000
6.299000
14.803000
11.575000
15.026000
10.906000
7.036000
8.686000
10.679000
8.333000
10.035000
3.373000
12.374000
10.792000
7.787000
10.053000
15.806000
9.722000
1.928000
16.814000
12.551000
16.822000
5.536000
7.355000
12.415000
16.892000
0.000000
18.143000
14.553000
13.099000
6.499000
19.072000
4.669000
13.227000
10.317000
12.991000
13.631000
2.753000
12.632000
0.495000
10.934000
19.326000
14.049000
6.716000
13.868000
16.883000
12.485000
13.114000
11.740000
12.444000
12.563000
5.938000
3.557000
20.006000
17.803000
3.109000
13.426000
8.849000
14.993000
10.441000
4.221000
10.281000
11.378000
9.623000
1.520000
9.785000
12.320000
13.086000
13.715000
10.998000
7.944000
18.650000
15.183000
13.936000
11.965000
1.376000
5.601000
9.395000
0.414000
13.566000
12.602000
1.356000
12.717000
10.429000
13.456000
2.113000
17.950000
8.828000
12.731000
13.045000
18.252000
17.674000
13.995000
10.173000
12.325000
2.488000
12.042000
10.252000
16.539000
2.615000
11.510000
11.264000
8.741000
13.618000
6.401000
6.498000
14.780000
12.262000
9.724000
11.743000
11.856000
13.285000
4.309000
15.124000
15.578000
12.694000
8.763000
12.829000
17.834000
13.107000
14.516000
11.406000
10.753000
7.985000
3.691000
14.063000
12.813000
10.727000
5.847000
12.152000
9.873000
7.534000
10.873000
10.763000
6.940000
11.085000
10.308000
11.362000
12.227000
17.428000
8.592000
6.200000
16.372000
9.406000
20.837000
7.572000
9.136000
7.240000
12.649000
11.238000
18.180000
6.632000
12.004000
15.492000
6.854000
7.837000
7.653000
15.136000
6.126000
11.547000
9.352000
9.039000
9.153000
10.312000
13.484000
11.293000
13.611000
10.277000
13.315000
4.431000
13.737000
6.691000
12.197000
13.238000
7.298000
4.452000
15.110000
1.799000
8.147000
4.166000
2.750000
14.329000
5.539000
18.708000
10.621000
1.559000
7.431000
16.143000
12.066000
10.127000
11.976000
11.211000
13.290000
9.479000
10.440000
14.075000
2.944000
11.760000
7.781000
21.882000
6.598000
11.135000
5.092000
9.953000
8.240000
4.875000
6.256000
11.518000
12.385000
9.986000
9.324000
8.947000
11.999000
11.088000
13.016000
4.952000
9.054000
9.357000
10.237000
9.473000
12.524000
6.505000
10.613000
9.949000
18.043000
15.304000
5.705000
12.000000
12.399000
11.286000
8.261000
16.147000
5.453000
10.198000
8.070000
8.800000
12.076000
8.605000
13.083000
7.429000
2.113000
8.021000
4.379000
11.614000
12.495000
10.703000
12.265000
4.376000
4.902000
10.171000
12.021000
8.465000
9.783000
7.097000
9.897000
10.044000
9.280000
13.226000
7.429000
10.855000
6.017000
8.374000
9.196000
13.169000
14.736000
11.756000
5.803000
12.562000
7.658000
24.739000
16.552000
14.058000
1.372000
12.306000
8.454000
6.056000
3.829000
8.412000
8.340000
6.307000
6.707000
6.176000
7.180000
20.704000
0.652000
19.043000
15.761000
7.888000
12.890000
9.278000
19.090000
18.521000
4.038000
12.759000
12.800000
8.297000
6.629000
8.567000
7.030000
6.260000
14.926000
10.883000
9.434000
16.108000
9.011000
13.180000
8.362000
14.639000
8.377000
7.574000
7.384000
11.113000
11.991000
7.942000
12.318000
14.080000
10.226000
11.195000
6.507000
6.306000
17.918000
12.390000
6.756000
4.127000
10.081000
9.502000
9.607000
12.562000
7.841000
11.616000
14.323000
5.461000
9.001000
7.425000
8.869000
10.785000
11.791000
4.861000
7.937000
0.628000
4.793000
12.868000
7.333000
10.789000
11.448000
3.562000
10.664000
6.532000
6.142000
6.196000
8.271000
8.374000
10.570000
9.506000
4.649000
18.945000
5.648000
14.572000
12.519000
13.025000
12.003000
4.740000
13.636000
5.055000
8.756000
12.040000
11.892000
9.762000
22.821000
14.443000
5.837000
22.330000
4.932000
11.930000
7.839000
10.124000
9.954000
9.381000
6.359000
4.821000
4.506000
9.044000
15.478000
12.687000
7.456000
5.615000
12.230000
11.827000
9.809000
10.880000
7.647000
5.217000
3.352000
3.508000
9.039000
8.854000
6.089000
15.426000
4.197000
9.697000
6.499000
16.025000
9.545000
19.705000
7.703000
8.363000
12.582000
8.328000
12.100000
12.154000
8.460000
6.534000
13.087000
5.961000
13.699000
11.177000
7.617000
8.089000
11.367000
13.718000
8.836000
8.661000
5.053000
21.020000
8.982000
10.164000
12.536000
13.689000
14.686000
7.584000
7.102000
7.590000
9.913000
13.847000
5.657000
11.931000
16.765000
6.029000
13.159000
9.335000
8.361000
8.902000
8.485000
13.170000
9.605000
2.634000
6.337000
15.525000
10.226000
10.449000
14.549000
10.589000
7.982000
14.233000
12.869000
9.845000
7.528000
12.900000
15.296000
12.192000
12.010000
10.536000
13.332000
7.425000
9.271000
8.322000
8.298000
16.194000
11.981000
12.116000
7.468000
11.546000
9.010000
16.606000
15.220000
4.908000
11.462000
16.931000
2.777000
12.040000
4.434000
13.199000
14.638000
12.025000
8.446000
4.678000
9.150000
13.663000
14.860000
4.207000
2.835000
14.287000
11.617000
9.944000
9.431000
7.566000
14.982000
15.222000
11.533000
7.013000
12.651000
11.722000
13.735000
7.282000
14.891000
5.193000
13.912000
13.032000
8.726000
4.765000
16.858000
17.264000
11.043000
9.998000
18.547000
9.587000
12.868000
10.380000
7.900000
10.049000
7.466000
6.435000
10.764000
9.646000
14.503000
11.532000
11.401000
12.484000
14.477000
7.455000
10.020000
10.140000
13.542000
12.251000
9.006000
10.374000
10.250000
17.294000
11.587000
3.710000
16.383000
11.178000
15.812000
15.965000
8.862000
7.717000
12.264000
1.603000
10.696000
11.347000
10.474000
14.096000
9.992000
9.039000
9.377000
9.198000
4.685000
8.680000
7.092000
6.140000
18.705000
9.004000
11.856000
16.297000
12.744000
9.402000
16.278000
10.554000
8.809000
15.957000
12.864000
11.487000
10.164000
9.423000
10.093000
11.961000
7.332000
15.644000
13.307000
6.915000
7.737000
14.318000
7.150000
10.444000
15.790000
17.165000
7.403000
8.443000
14.808000
12.053000
13.626000
13.434000
13.254000
9.123000
7.521000
14.524000
12.961000
11.890000
5.273000
12.259000
14.944000
10.897000
10.194000
8.293000
20.903000
11.972000
7.422000
8.051000
8.888000
10.861000
10.517000
13.893000
12.077000
8.980000
17.947000
5.749000
11.103000
17.692000
2.907000
13.732000
3.955000
7.521000
12.832000
10.002000
10.772000
5.412000
6.501000
8.558000
13.899000
7.857000
10.011000
7.038000
5.616000
12.142000
10.755000
6.706000
11.525000
6.168000
13.549000
9.495000
19.836000
4.794000
9.950000
9.571000
9.178000
11.461000
18.053000
9.976000
4.971000
15.228000
13.118000
4.331000
4.910000
9.613000
14.133000
12.523000
8.878000
14.058000
13.010000
14.162000
11.026000
9.781000
7.968000
11.230000
10.644000
7.975000
8.071000
12.323000
6.079000
4.979000
8.019000
7.665000
7.549000
10.988000
11.062000
12.723000
9.040000
12.196000
10.361000
14.488000
9.415000
6.829000
5.773000
1.557000
7.233000
6.257000
17.698000
8.241000
7.205000
6.046000
8.233000
4.741000
6.112000
6.602000
7.628000
9.506000
5.773000
2.964000
5.787000
6.676000
8.417000
11.127000
10.976000
10.135000
12.549000
4.483000
7.559000
7.713000
6.194000
8.681000
7.150000
13.233000
1.793000
7.531000
13.355000
8.960000
13.032000
9.588000
19.132000
17.419000
4.790000
11.540000
11.139000
11.529000
18.009000
10.563000
12.227000
8.347000
5.244000
6.226000
5.428000
7.507000
7.960000
8.699000
16.448000
4.702000
7.167000
11.369000
8.072000
4.480000
12.643000
4.306000
4.384000
7.104000
10.183000
5.913000
6.158000
7.761000
12.389000
5.762000
19.541000
13.633000
11.702000
3.891000
4.541000
6.963000
11.660000
8.682000
5.721000
15.223000
10.674000
1.575000
8.891000
9.923000
15.112000
11.709000
5.110000
6.481000
7.572000
8.173000
6.760000
13.299000
7.975000
7.528000
13.527000
6.684000
9.707000
0.738000
6.453000
4.423000
8.354000
4.362000
6.998000
8.570000
11.186000
6.940000
7.853000
19.134000
9.864000
7.361000
2.144000
6.859000
12.436000
19.568000
5.979000
8.536000
20.010000
4.557000
3.658000
4.011000
6.633000
2.017000
11.127000
9.669000
4.564000
6.752000
8.686000
10.261000
2.537000
11.572000
12.968000
8.121000
10.797000
4.243000
4.726000
9.001000
10.546000
6.000000
7.075000
10.165000
8.385000
15.716000
11.686000
9.683000
9.629000
14.135000
10.359000
6.167000
13.602000
5.040000
5.695000
4.215000
3.317000
14.181000
3.241000
17.624000
11.016000
5.384000
10.516000
9.992000
15.370000
6.403000
4.585000
14.347000
7.025000
7.534000
8.288000
5.422000
8.651000
10.553000
6.803000
8.432000
4.889000
5.266000
7.598000
10.449000
11.664000
11.202000
4.168000
5.929000
9.314000
4.448000
8.272000
13.019000
10.479000
11.355000
10.974000
12.426000
4.840000
10.082000
15.041000
10.091000
16.828000
11.374000
15.109000
14.486000
8.267000
8.547000
23.989000
10.724000
4.329000
12.030000
9.233000
10.140000
4.978000
11.395000
14.110000
8.575000
12.314000
4.234000
9.864000
9.760000
7.922000
11.158000
11.124000
5.981000
4.754000
16.371000
7.109000
8.754000
8.381000
18.822000
13.033000
15.490000
5.822000
7.589000
8.625000
10.756000
2.559000
10.516000
8.360000
7.731000
11.522000
14.950000
4.271000
16.448000
8.329000
9.005000
10.713000
16.054000
14.691000
9.178000
5.898000
7.292000
11.736000
5.160000
19.414000
13.923000
8.099000
11.361000
10.412000
10.974000
7.568000
10.436000
15.634000
15.311000
5.110000
4.959000
11.030000
9.230000
12.835000
21.420000
6.620000
7.486000
4.789000
6.393000
9.476000
2.596000
10.784000
2.130000
6.206000
11.335000
6.133000
12.211000
8.963000
8.622000
8.283000
7.336000
6.337000
19.709000
3.130000
10.035000
10.108000
11.373000
11.137000
0.000000
9.670000
4.092000
8.295000
11.146000
6.144000
6.496000
3.735000
7.359000
9.000000
4.950000
17.854000
5.585000
0.443000
3.166000
11.788000
8.502000
10.340000
5.273000
16.204000
10.124000
11.295000
3.100000
10.324000
5.098000
8.727000
2.979000
7.580000
7.043000
12.516000
6.422000
7.256000
4.055000
10.789000
8.193000
6.146000
5.873000
7.963000
9.056000
15.910000
19.473000
9.178000
9.406000
9.181000
11.293000
18.563000
6.580000
4.370000
8.406000
6.853000
12.437000
18.732000
12.399000
9.344000
3.596000
11.235000
14.632000
8.425000
11.296000
12.874000
12.578000
4.551000
8.940000
2.035000
0.000000
20.908000
5.397000
8.128000
3.861000
8.406000
5.357000
9.077000
6.797000
16.570000
4.793000
11.263000
2.955000
5.138000
3.480000
17.214000
8.123000
10.538000
9.796000
10.902000
9.865000
0.000000
13.573000
13.205000
10.720000
10.798000
11.985000
7.036000
9.477000
7.056000
1.005000
11.244000
5.716000
8.467000
10.742000
9.505000
2.315000
18.819000
9.375000
6.308000
11.654000
10.029000
12.410000
5.175000
10.616000
6.696000
6.488000
10.425000
11.020000
10.188000
7.919000
14.174000
15.138000
6.346000
1.899000
5.759000
14.215000
5.398000
0.000000
6.959000
7.956000
7.601000
9.062000
15.809000
5.043000
4.148000
9.730000
6.363000
11.032000
4.426000
9.105000
9.666000
12.838000
9.251000
11.577000
0.000000
8.335000
8.319000
11.184000
17.394000
7.520000
3.600000
12.919000
3.039000
7.249000
11.124000
7.518000
6.925000
10.071000
6.972000
8.988000
5.540000
10.528000
8.310000
7.461000
7.173000
5.657000
6.084000
8.813000
12.468000
5.258000
11.253000
8.627000
4.872000
11.420000
5.764000
10.618000
7.101000
11.932000
6.869000
8.664000
7.858000
4.669000
8.365000
6.043000
7.545000
7.520000
16.772000
7.809000
9.813000
12.110000
9.501000
4.595000
8.659000
3.650000
11.918000
14.855000
10.393000
8.086000
8.442000
8.248000
10.682000
2.398000
12.412000
8.219000
10.760000
7.333000
9.382000
15.093000
8.447000
7.052000
9.177000
19.118000
14.967000
1.648000
11.839000
6.953000
5.455000
9.691000
11.519000
20.690000
14.183000
7.591000
7.109000
21.274000
11.904000
10.511000
2.575000
10.460000
12.271000
6.434000
5.627000
9.492000
6.996000
7.845000
10.410000
8.845000
8.877000
6.890000
7.475000
10.083000
7.691000
10.852000
6.485000
13.475000
6.798000
7.420000
4.907000
9.876000
10.422000
12.192000
6.219000
8.836000
11.809000
7.759000
8.125000
2.272000
8.435000
11.963000
9.804000
8.162000
6.161000
17.731000
6.557000
6.491000
4.978000
2.809000
7.245000
8.602000
8.183000
15.587000
4.788000
5.478000
12.526000
8.414000
4.288000
4.190000
8.118000
11.420000
3.821000
13.399000
10.169000
10.634000
6.099000
11.871000
9.788000
7.900000
7.880000
2.494000
10.273000
8.528000
7.046000
5.779000
6.626000
10.402000
3.515000
13.052000
15.605000
6.982000
5.835000
9.596000
8.350000
10.679000
3.353000
11.179000
8.277000
8.828000
7.910000
6.260000
6.233000
5.737000
8.834000
17.022000
10.236000
15.798000
9.171000
16.014000
11.744000
14.560000
10.581000
6.470000
5.522000
10.737000
7.610000
9.061000
14.650000
11.723000
6.246000
6.012000
4.433000
4.460000
17.661000
6.780000
12.030000
6.939000
9.750000
5.367000
12.240000
9.485000
10.910000
6.461000
3.509000
11.185000
10.065000
3.079000
9.295000
5.221000
14.900000
7.151000
13.465000
4.930000
5.180000
8.383000
9.322000
6.189000
4.199000
17.592000
6.746000
9.442000
12.104000
5.093000
5.623000
6.802000
10.412000
15.371000
4.705000
8.990000
5.546000
9.493000
12.975000
7.495000
10.079000
5.040000
10.654000
9.829000
10.981000
9.587000
8.573000
8.961000
5.729000
7.401000
5.591000
7.539000
4.662000
3.130000
8.850000
7.898000
9.137000
7.825000
4.364000
11.829000
18.262000
9.322000
10.711000
13.043000
7.072000
9.279000
3.266000
10.053000
9.343000
3.577000
11.857000
17.015000
16.433000
7.677000
9.840000
1.708000
8.124000
6.952000
7.784000
7.425000
6.839000
18.314000
8.414000
6.932000
9.705000
3.488000
4.793000
12.881000
10.008000
7.655000
8.444000
7.411000
10.809000
6.177000
10.630000
8.823000
6.058000
10.798000
6.087000
7.853000
7.935000
6.690000
11.925000
7.723000
11.819000
5.763000
6.188000
8.618000
10.910000
8.695000
7.568000
12.754000
6.901000
9.399000
5.012000
9.186000
8.281000
2.606000
2.750000
1.494000
16.822000
9.057000
6.409000
17.561000
8.128000
4.100000
4.117000
6.355000
12.308000
10.232000
6.820000
8.798000
21.701000
9.189000
2.124000
13.216000
10.095000
4.361000
7.169000
7.480000
6.448000
6.737000
6.958000
11.870000
6.488000
9.128000
7.266000
13.656000
3.562000
12.911000
10.044000
3.754000
7.004000
6.338000
7.430000
5.413000
3.119000
11.891000
9.860000
0.703000
8.806000
6.946000
5.608000
11.661000
8.072000
15.189000
13.149000
3.645000
6.316000
7.612000
8.163000
17.360000
11.110000
3.482000
6.611000
7.115000
13.189000
7.329000
11.305000
13.713000
2.505000
8.819000
7.120000
8.984000
5.863000
10.248000
9.150000
5.027000
10.091000
6.739000
5.553000
9.717000
6.862000
4.933000
12.408000
6.136000
11.030000
8.687000
13.004000
19.496000
10.211000
19.667000
6.571000
6.418000
9.021000
9.680000
4.842000
14.772000
0.000000
14.892000
5.359000
13.354000
8.840000
8.952000
8.107000
5.155000
9.134000
5.818000
10.433000
7.701000
7.451000
12.875000
11.064000
3.437000
6.408000
8.227000
10.484000
8.825000
11.865000
5.138000
8.373000
15.310000
7.472000
12.482000
10.211000
12.217000
9.606000
6.554000
12.194000
10.254000
9.655000
6.396000
4.410000
7.037000
0.080000
11.645000
5.143000
11.144000
20.724000
7.543000
7.632000
12.434000
15.328000
9.965000
9.549000
8.245000
9.069000
9.352000
7.503000
9.984000
12.233000
12.150000
8.118000
12.869000
9.840000
8.372000
5.360000
8.624000
6.016000
9.049000
8.125000
7.418000
9.427000
12.977000
8.181000
8.923000
0.944000
2.353000
12.763000
3.676000
7.104000
10.810000
10.420000
14.844000
4.500000
9.091000
10.775000
9.123000
8.336000
7.758000
10.035000
5.680000
5.493000
4.674000
10.447000
9.735000
11.248000
8.095000
11.779000
6.809000
15.045000
11.419000
8.048000
11.007000
0.000000
8.510000
12.814000
8.854000
4.975000
7.145000
15.804000
11.676000
13.030000
13.381000
12.020000
4.624000
10.447000
5.428000
9.397000
14.143000
12.348000
14.593000
12.862000
12.491000
8.212000
6.685000
1.016000
11.903000
5.494000
9.980000
8.736000
7.815000
8.461000
7.683000
11.164000
9.194000
9.728000
22.015000
4.632000
4.961000
12.602000
9.597000
0.000000
9.230000
11.412000
10.732000
12.411000
13.379000
9.205000
9.081000
6.494000
13.422000
9.658000
14.746000
10.168000
6.497000
17.952000
7.036000
12.163000
11.453000
7.069000
10.850000
9.472000
10.455000
11.396000
8.932000
9.607000
10.516000
9.697000
3.109000
9.458000
15.285000
8.936000
9.387000
13.766000
14.091000
10.856000
8.146000
7.867000
11.903000
10.653000
11.842000
8.631000
4.734000
5.033000
11.660000
11.972000
8.832000
10.080000
10.266000
10.907000
9.947000
11.237000
13.304000
11.732000
10.693000
7.825000
10.427000
14.496000
2.700000
0.000000
10.165000
11.761000
7.217000
9.809000
20.136000
8.172000
8.744000
9.674000
10.306000
4.614000
8.139000
13.442000
6.752000
8.457000
13.033000
8.998000
0.000000
9.014000
0.000000
3.784000
9.315000
10.751000
7.028000
11.181000
0.000000
8.653000
11.070000
12.478000
5.532000
8.892000
12.147000
10.125000
12.725000
14.303000
6.955000
9.399000
6.644000
8.986000
15.181000
5.920000
19.590000
17.593000
12.627000
6.977000
7.674000
0.000000
2.710000
3.652000
8.341000
11.621000
4.048000
5.902000
17.527000
9.825000
9.945000
10.391000
7.789000
9.914000
5.811000
11.192000
12.757000
7.481000
1.603000
6.033000
9.602000
7.190000
3.500000
0.000000
4.355000
5.946000
5.572000
7.262000
8.943000
7.182000
11.046000
7.944000
2.787000
5.673000
8.693000
10.685000
10.510000
6.348000
7.602000
9.699000
5.752000
8.627000
0.662000
8.868000
3.354000
4.285000
11.833000
7.920000
0.000000
0.661000
6.353000
13.786000
0.000000
7.290000
8.770000
8.306000
0.000000
3.297000
5.777000
5.040000
0.000000
0.000000
12.279000
0.000000
8.945000
0.000000
5.419000
0.000000
0.000000
0.000000
8.392000
17.580000
7.439000
12.135000
10.358000
5.647000
8.775000
7.523000
0.000000
4.886000
0.000000
0.000000
0.000000
0.000000
8.302000
0.506000
0.000000
2.350000
2.053000
0.000000
0.000000
0.000000
0.000000
0.000000
0.000000
0.049000
0.000000
0.000000
9.030000
0.000000
9.717000
0.000000
3.425000
0.000000
14.297000
10.220000
11.864000
4.166000
0.000000
8.684000
23.595000
0.202000
7.881000
0.000000
11.883000
3.052000
13.149000
13.751000
3.749000
0.000000
14.109000
11.380000
0.000000
2.309000
19.732000
8.753000
5.585000
0.000000
3.830000
8.621000
10.199000
0.164000
0.000000
4.441000
11.397000
1.989000
0.000000
9.259000
4.216000
13.843000
8.766000
0.651000
9.510000
3.336000
6.752000
10.076000
9.772000
0.000000
7.302000
0.000000
0.000000
0.000000
10.168000
4.498000
9.424000
6.368000
3.295000
0.000000
8.002000
3.850000
2.084000
13.240000
7.082000
3.853000
7.731000
6.308000
2.072000
11.860000
15.258000
11.415000
7.987000
6.805000
0.000000
0.000000
0.413000
15.417000
10.193000
6.112000
0.790000
7.379000
8.795000
1.920000
0.000000
0.000000
0.000000
10.439000
0.000000
6.696000
4.444000
0.000000
8.542000
12.409000
0.000000
3.096000
3.849000
9.689000
0.304000
20.834000
10.303000
0.898000
13.299000
13.152000
9.443000
13.470000
5.729000
1.370000
9.523000
10.648000
13.594000
0.087000
7.508000
1.774000
2.056000
7.268000
5.672000
2.974000
14.716000
10.608000
0.000000
6.539000
7.714000
12.511000
8.630000
3.478000
6.058000
17.299000
10.737000
0.000000
9.523000
0.000000
0.000000
8.083000
9.831000
0.000000
12.423000
10.309000
9.396000
0.000000
7.806000
7.057000
0.000000
0.000000
0.000000
3.141000
2.273000
0.423000
12.512000
2.847000
12.458000
0.513000
7.582000
7.550000
11.205000
8.987000
0.000000
17.291000
7.176000
16.891000
5.475000
9.524000
12.209000
3.189000
5.226000
5.548000
16.032000
12.142000
0.000000
6.353000
12.804000
13.314000
12.754000
13.883000
0.000000
10.817000
0.962000
12.955000
5.738000
5.004000
13.206000
0.000000
9.697000
9.755000
5.330000
14.089000
0.000000
6.599000
7.063000
3.383000
5.445000
0.000000
9.518000
0.000000
0.000000
0.305000
0.128000
0.000000
9.888000
0.000000
5.547000
9.487000
9.931000
0.000000
8.782000
7.302000
3.341000
11.799000
13.319000
3.053000
0.000000
7.847000
2.801000
8.266000
3.876000
4.346000
3.892000
10.715000
2.109000
12.019000
12.237000
9.833000
15.345000
13.576000
0.096000
1.924000
10.941000
3.358000
17.796000
15.346000
8.587000
1.544000
1.898000
5.174000
0.813000
3.563000
0.186000
1.500000
6.547000
6.550000
8.860000
18.752000
13.351000
8.322000
2.871000
15.877000
4.330000
4.322000
2.578000
0.299000
4.060000
5.260000
11.839000
15.855000
8.431000
8.092000
2.095000
9.907000
4.249000
5.270000
3.792000
1.210000
12.627000
3.260000
1.102000
8.092000
4.197000
2.293000
14.347000
11.665000
6.017000
7.757000
8.263000
8.713000
9.710000
7.732000
16.446000
10.811000
0.000000
11.595000
14.349000
4.159000
10.502000
4.410000
3.353000
3.350000
13.203000
7.995000
3.766000
17.673000
11.411000
4.259000
13.882000
0.000000
5.183000
0.432000
8.680000
1.735000
1.999000
6.305000
11.889000
2.351000
0.140000
5.308000
15.998000
14.397000
1.331000
4.423000
0.000000
5.024000
12.774000
6.506000
5.769000
6.508000
0.622000
4.396000
13.344000
5.532000
14.250000
7.607000
8.377000
11.454000
10.004000
2.929000
2.085000
11.505000
3.568000
10.302000
5.832000
9.522000
5.829000
5.863000
10.971000
16.399000
9.358000
10.691000
15.421000
10.131000
7.996000
15.178000
17.663000
5.808000
13.469000
14.236000
0.000000
11.651000
13.340000
3.484000
19.238000
9.846000
9.821000
22.421000
11.036000
5.019000
8.394000
1.934000
4.316000
6.189000
13.396000
13.573000
4.750000
17.958000
7.029000
10.045000
2.662000
3.717000
15.376000
13.437000
16.633000
11.819000
7.605000
0.000000
14.287000
12.594000
14.068000
13.002000
8.313000
8.267000
8.305000
15.643000
9.131000
3.621000
10.269000
10.161000
13.969000
0.000000
12.563000
5.224000
0.162000
5.124000
0.544000
0.000000
11.180000
9.797000
4.197000
2.880000
7.385000
1.705000
13.575000
2.611000
8.589000
12.395000
11.471000
13.115000
7.846000
13.992000
17.966000
11.605000
12.257000
2.562000
12.823000
11.745000
11.308000
14.667000
7.255000
8.973000
4.763000
3.441000
16.961000
7.654000
0.899000
14.417000
2.896000
20.428000
12.319000
0.603000
9.566000
6.815000
13.615000
11.484000
3.669000
5.817000
3.300000
12.209000
13.487000
19.279000
10.595000
5.093000
4.792000
5.820000
13.132000
13.010000
8.470000
6.448000
4.960000
10.337000
1.798000
10.967000
2.730000
1.606000
8.924000
7.035000
9.120000
2.364000
15.241000
0.000000
1.214000
10.020000
5.739000
5.584000
3.364000
2.775000
10.289000
9.818000
12.197000
10.593000
7.817000
1.245000
3.921000
2.448000
8.744000
8.984000
16.840000
14.803000
1.495000
6.557000
1.254000
2.537000
5.952000
2.894000
6.376000
3.215000
7.761000
13.708000
6.825000
4.432000
3.450000
4.968000
6.283000
8.636000
3.515000
2.269000
6.210000
4.809000
13.835000
6.004000
3.430000
13.590000
0.880000
10.217000
2.521000
2.719000
4.453000
6.220000
5.560000
4.777000
10.320000
4.296000
9.672000
8.932000
14.183000
15.432000
5.898000
5.066000
16.256000
3.706000
1.396000
1.907000
14.713000
6.019000
5.059000
5.750000
5.937000
5.078000
16.815000
6.075000
16.737000
11.781000
4.932000
6.308000
6.022000
4.833000
3.181000
4.126000
18.512000
7.753000
6.860000
5.992000
15.794000
5.391000
5.513000
0.956000
11.669000
4.222000
3.464000
7.960000
17.504000
9.299000
5.844000
4.218000
9.257000
8.150000
3.375000
9.083000
3.956000
17.210000
5.038000
16.219000
6.846000
10.701000
6.503000
2.994000
6.525000
0.946000
6.588000
12.650000
11.703000
7.612000
8.441000
9.262000
4.926000
10.077000
20.135000
11.367000
12.176000
8.800000
10.887000
13.678000
9.079000
6.605000
9.103000
2.989000
2.834000
5.185000
9.210000
8.979000
5.705000
10.006000
11.211000
14.772000
5.101000
12.705000
8.696000
8.982000
7.622000
17.740000
14.310000
6.223000
7.732000
5.604000
10.640000
8.470000
7.617000
13.110000
5.469000
3.546000
0.000000
10.753000
12.993000
9.990000
4.298000
3.432000
23.415000
9.677000
11.651000
7.025000
6.762000
12.216000
13.372000
8.017000
17.689000
18.100000
8.365000
9.567000
11.026000
8.226000
9.156000
9.741000
13.808000
7.124000
11.215000
2.355000
13.101000
9.390000
9.395000
2.491000
12.831000
12.235000
17.213000
14.709000
10.910000
5.847000
14.688000
15.232000
3.916000
8.027000
8.763000
11.641000
5.010000
22.633000
8.020000
6.522000
11.554000
10.664000
9.831000
8.139000
12.148000
11.549000
0.383000
13.438000
9.362000
7.451000
3.017000
14.007000
12.936000
9.680000
11.999000
8.582000
10.653000
0.000000
1.701000
11.784000
8.549000
8.086000
9.922000
9.795000
8.112000
9.323000
11.053000
14.529000
2.769000
8.781000
8.029000
14.417000
14.904000
6.797000
7.772000
6.435000
9.174000
0.000000
10.154000
11.257000
12.655000
6.214000
11.523000
10.791000
8.424000
7.848000
13.198000
4.075000
0.000000
13.531000
14.171000
0.000000
11.905000
10.553000
11.463000
6.412000
8.207000
8.616000
7.852000
11.573000
8.837000
7.159000
6.257000
2.732000
6.834000
5.239000
16.697000
0.000000
10.728000
10.456000
13.647000
17.153000
8.823000
5.395000
11.374000
0.543000
13.711000
7.723000
13.401000
7.521000
0.324000
12.480000
9.868000
7.474000
10.469000
0.037000
12.032000
2.557000
11.767000
1.889000
10.500000
11.907000
6.824000
14.069000
2.151000
0.000000
0.000000
7.083000
9.968000
7.898000
3.881000
10.326000
2.891000
7.083000
7.998000
1.865000
11.651000
7.776000
0.000000
0.122000
3.210000
14.911000
0.000000
10.330000
8.818000
11.694000
0.000000
17.515000
0.534000
0.125000
0.360000
6.034000
7.823000
0.000000
1.594000
0.349000
11.403000
4.481000
13.466000
2.839000
3.474000
13.255000
0.269000
7.263000
9.566000
0.722000
0.000000
0.000000
0.684000
0.000000
1.812000
0.000000
3.346000
11.078000
0.000000
0.913000
13.376000
0.551000
0.000000
8.959000
1.819000
2.990000
3.716000
0.000000
2.200000
3.742000
2.994000
7.673000
1.429000
4.514000
13.705000
1.947000
5.691000
6.772000
4.361000
0.000000
8.480000
9.816000
0.000000
0.000000
11.754000
12.179000
4.270000
0.000000
5.830000
16.163000
0.000000
1.641000
14.773000
0.000000
10.179000
6.995000
14.366000
0.000000
1.825000
10.170000
9.692000
0.000000
6.234000
11.634000
1.099000
8.383000
7.769000
8.885000
7.550000
0.000000
14.465000
0.000000
4.952000
0.000000
6.626000
10.996000
8.392000
6.819000
14.444000
8.194000
14.294000
8.969000
0.000000
4.761000
3.666000
0.000000
13.876000
2.900000
9.598000
9.735000
8.229000
8.652000
11.387000
6.495000
7.238000
6.629000
9.883000
3.305000
8.816000
3.592000
10.532000
2.053000
9.428000
16.224000
10.057000
1.811000
8.354000
10.301000
0.000000
1.429000
9.593000
0.000000
6.863000
8.201000
7.993000
7.953000
0.000000
0.000000
1.949000
3.689000
0.000000
0.000000
15.102000
8.129000
2.523000
11.045000
0.000000
2.653000
0.000000
9.469000
5.004000
7.529000
13.803000
2.553000
0.763000
7.110000
4.706000
7.819000
7.753000
4.219000
8.331000
0.000000
3.870000
10.631000
7.013000
10.280000
7.822000
4.364000
16.032000
0.000000
7.096000
11.430000
0.000000
0.000000
2.805000
0.000000
3.430000
7.699000
3.126000
10.479000
0.865000
0.000000
7.592000
3.539000
6.401000
0.000000
7.003000
5.221000
8.088000
4.241000
5.616000
9.334000
0.000000
6.594000
0.000000
0.000000
2.031000
5.583000
12.346000
8.344000
0.000000
5.421000
4.283000
14.799000
8.241000
8.432000
6.012000
2.093000
1.115000
4.124000
3.918000
10.162000
2.582000
7.961000
2.325000
10.547000
0.000000
10.850000
7.489000
0.000000
0.000000
5.092000
9.715000
3.608000
10.369000
3.481000
0.000000
8.477000
8.791000
10.564000
0.000000
0.000000
2.068000
0.000000
7.980000
0.000000
3.151000
3.789000
0.000000
0.000000
0.000000
4.916000
1.444000
6.382000
1.908000
0.000000
7.034000
0.000000
6.648000
0.000000
2.311000
4.961000
7.274000
6.519000
10.909000
14.094000
3.979000
10.079000
8.510000
0.000000
3.521000
5.083000
0.000000
0.000000
1.574000
0.000000
0.000000
0.731000
6.655000
11.975000
1.626000
0.000000
0.000000
0.000000
7.495000
0.000000
8.432000
0.000000
0.669000
0.000000
3.054000
5.668000
0.000000
0.000000
0.000000
3.413000
4.862000
4.976000
0.000000
8.872000
4.325000
7.648000
7.960000
0.172000
1.378000
6.606000
10.119000
0.000000
4.385000
0.132000
4.612000
7.434000
5.654000
1.058000
5.907000
0.094000
0.780000
0.000000
0.000000
0.000000
0.659000
0.000000
12.056000
0.000000
10.376000
2.740000
3.529000
6.783000
2.026000
8.309000
5.668000
5.331000
0.000000
3.638000
4.744000
0.000000
8.427000
2.669000
2.073000
0.000000
0.685000
0.000000
4.962000
1.426000
10.081000
7.790000
0.000000
6.656000
0.304000
0.000000
0.000000
0.000000
5.664000
6.653000
11.521000
1.349000
0.994000
0.970000
9.714000
1.559000
7.259000
5.772000
14.496000
0.000000
0.000000
1.667000
0.137000
1.132000
5.780000
8.848000
0.622000
9.381000
0.000000
0.000000
0.000000
1.867000
0.000000
0.467000
5.399000
6.567000
0.000000
0.000000
4.803000
4.070000
6.296000
0.000000
0.000000
1.356000
5.455000
0.208000
2.015000
0.000000
0.000000
6.250000
0.000000
7.118000
1.699000
5.089000
3.867000
5.307000
1.231000
5.093000
3.874000
0.000000
1.635000
0.000000
7.838000
4.793000
2.472000
6.720000
8.572000
4.175000
9.342000
6.907000
0.152000
0.569000
0.000000
1.569000
2.292000
3.742000
0.794000
1.797000
6.220000
2.160000
0.691000
4.216000
7.075000
5.640000
5.573000
0.000000
4.811000
7.064000
0.000000
1.268000
2.136000
6.006000
1.046000
2.249000
1.722000
5.689000
10.151000
0.000000
1.323000
5.030000
0.000000
8.701000
0.000000
5.379000
2.673000
12.690000
3.095000
1.077000
0.641000
0.000000
6.844000
0.000000
2.241000
4.553000
2.502000
0.391000
12.733000
3.112000
5.238000
1.538000
5.758000
2.346000
4.957000
1.974000
3.208000
6.891000
6.914000
2.678000
1.096000
8.469000
8.248000
8.298000
5.224000
5.697000
1.504000
0.000000
2.853000
0.000000
7.322000
9.776000
0.497000
9.222000
2.947000
2.457000
10.091000
0.745000
2.028000
2.792000
4.804000
1.500000
0.655000
7.222000
2.455000
0.595000
10.565000
2.715000
4.361000
3.632000
4.654000
3.904000
0.000000
2.437000
9.835000
0.870000
10.623000
5.717000
0.000000
12.870000
8.131000
0.841000
9.980000
5.120000
4.840000
2.447000
9.504000
10.304000
10.395000
8.719000
2.117000
5.982000
12.034000
2.529000
4.024000
10.005000
0.000000
7.045000
1.757000
1.782000
3.955000
3.512000
5.339000
3.017000
2.004000
2.701000
6.402000
4.603000
5.545000
1.630000
1.884000
6.325000
0.000000
9.561000
2.086000
10.265000
0.000000
5.674000
7.118000
13.206000
0.000000
0.000000
5.227000
0.000000
6.447000
1.101000
3.537000
1.280000
0.885000
8.638000
0.000000
4.093000
0.077000
3.766000
6.764000
10.382000
0.543000
7.551000
7.929000
7.874000
4.642000
5.947000
6.458000
3.272000
7.995000
5.940000
7.953000
3.394000
9.050000
0.000000
8.526000
13.772000
13.891000
3.377000
3.458000
0.000000
9.357000
0.000000
5.713000
4.628000
2.708000
3.980000
3.071000
1.641000
0.044000
8.754000
0.000000
12.551000
3.871000
3.371000
3.259000
7.398000
6.912000
7.312000
5.445000
1.220000
2.797000
3.636000
7.700000
17.360000
1.515000
2.977000
13.430000
3.727000
9.399000
11.803000
11.000000
1.865000
14.357000
7.173000
5.433000
5.360000
12.788000
4.137000
6.078000
14.229000
0.000000
7.446000
5.113000
1.084000
4.779000
2.453000
6.331000
3.494000
2.840000
5.551000
2.739000
1.834000
4.510000
3.294000
0.000000
2.600000
2.245000
0.000000
0.000000
3.237000
0.084000
10.807000
5.941000
3.835000
3.033000
9.820000
11.774000
7.691000
3.416000
4.163000
3.391000
1.053000
6.899000
5.158000
8.208000
0.100000
9.316000
7.001000
2.021000
6.469000
7.268000
1.773000
9.762000
0.218000
0.806000
3.824000
1.839000
5.652000
6.277000
4.625000
11.715000
1.952000
0.693000
3.901000
3.650000
0.000000
13.820000
8.946000
2.746000
9.134000
5.275000
7.246000
5.816000
0.238000
5.373000
6.782000
5.565000
10.771000
7.163000
5.728000
5.847000
6.135000
7.527000
3.142000
11.153000
2.562000
6.227000
12.674000
5.514000
7.132000
4.220000
8.272000
5.307000
1.705000
0.000000
8.310000
5.308000
5.299000
9.109000
6.224000
4.288000
2.762000
6.793000
0.935000
4.384000
0.937000
5.693000
5.080000
0.000000
3.479000
2.592000
4.420000
6.759000
6.803000
5.892000
4.512000
7.695000
6.791000
1.735000
0.000000
3.944000
7.508000
5.960000
9.700000
2.497000
3.738000
5.587000
3.112000
4.687000
6.840000
7.515000
11.110000
5.110000
0.000000
6.572000
11.161000
4.251000
2.957000
8.872000
4.687000
4.570000
2.610000
4.640000
5.021000
9.899000
2.035000
8.197000
10.371000
2.279000
6.282000
8.539000
6.423000
2.971000
7.541000
7.116000
2.172000
7.238000
0.000000
3.242000
5.622000
8.210000
10.909000
10.544000
6.062000
9.312000
3.836000
14.357000
0.827000
5.416000
9.277000
6.888000
11.065000
7.799000
7.546000
3.930000
12.424000
3.817000
6.778000
6.477000
15.254000
0.923000
8.629000
9.608000
5.094000
14.457000
6.347000
0.187000
5.087000
5.243000
7.868000
4.445000
9.190000
10.459000
9.341000
7.393000
2.515000
0.306000
5.546000
11.716000
8.463000
3.303000
8.682000
10.782000
9.915000
6.213000
0.000000
10.573000
4.153000
5.753000
6.047000
6.981000
2.564000
5.871000
3.199000
7.091000
8.277000
11.287000
11.816000
4.979000
4.949000
5.071000
10.850000
2.146000
4.820000
9.478000
8.475000
7.785000
8.945000
11.160000
4.967000
8.681000
0.000000
0.628000
5.209000
9.126000
9.187000
3.147000
3.829000
9.757000
5.637000
7.097000
2.842000
10.457000
6.507000
14.553000
5.975000
0.000000
6.337000
8.445000
7.769000
6.922000
3.778000
1.535000
16.118000
15.508000
6.051000
6.500000
4.699000
9.894000
4.854000
6.042000
9.988000
10.272000
5.318000
8.288000
8.527000
8.405000
6.442000
8.323000
5.403000
0.972000
4.596000
5.094000
6.733000
1.110000
0.000000
6.584000
0.000000
7.049000
6.456000
6.855000
10.463000
5.122000
5.901000
15.282000
4.811000
0.478000
6.207000
10.588000
6.982000
5.403000
4.522000
2.917000
11.929000
4.843000
9.206000
12.185000
8.346000
5.031000
10.280000
0.216000
13.417000
8.008000
6.658000
10.464000
16.210000
4.536000
2.757000
10.605000
4.750000
7.413000
6.538000
7.446000
2.027000
11.965000
10.354000
1.365000
3.683000
9.970000
6.960000
5.643000
3.177000
9.727000
9.511000
11.089000
14.273000
4.939000
8.474000
10.917000
6.854000
7.755000
3.776000
5.831000
4.018000
5.770000
13.217000
5.217000
2.677000
8.579000
8.877000
5.759000
12.685000
7.639000
6.156000
11.776000
4.997000
10.886000
8.054000
12.163000
7.190000
4.737000
14.678000
3.033000
6.647000
4.501000
9.529000
9.537000
8.582000
7.814000
4.573000
7.658000
5.312000
10.014000
12.712000
10.757000
8.433000
8.995000
8.121000
6.717000
6.787000
3.693000
9.790000
9.011000
12.209000
8.087000
7.669000
2.027000
4.879000
7.741000
14.923000
6.104000
9.260000
13.742000
9.769000
9.067000
14.153000
11.101000
6.182000
7.365000
14.464000
11.677000
11.127000
6.119000
1.966000
7.978000
12.558000
7.880000
11.421000
12.855000
9.068000
4.323000
6.535000
8.181000
8.691000
13.076000
3.824000
8.182000
4.238000
3.832000
5.488000
12.388000
2.500000
5.893000
9.307000
9.193000
6.318000
4.928000
9.129000
3.790000
4.753000
3.706000
9.266000
8.038000
15.235000
9.801000
6.115000
2.461000
10.265000
1.169000
3.611000
5.799000
10.715000
3.171000
8.074000
3.942000
12.392000
13.636000
11.841000
7.513000
8.759000
7.124000
11.474000
8.524000
11.215000
8.745000
8.739000
1.831000
4.980000
4.796000
8.174000
11.869000
7.791000
10.312000
11.900000
7.934000
8.809000
10.408000
6.211000
7.689000
9.355000
10.340000
10.328000
11.224000
8.268000
4.705000
6.239000
6.879000
8.254000
6.412000
16.578000
9.804000
7.232000
2.855000
5.856000
10.490000
4.682000
8.329000
4.666000
8.472000
5.656000
16.889000
6.457000
9.606000
2.589000
1.513000
10.857000
10.454000
7.512000
11.868000
4.806000
8.879000
8.503000
11.225000
4.529000
13.383000
8.924000
2.275000
5.730000
12.488000
4.296000
7.163000
3.106000
6.879000
14.623000
9.119000
8.762000
10.574000
9.046000
8.899000
9.468000
7.911000
9.479000
7.537000
9.315000
9.943000
7.897000
3.850000
9.655000
8.754000
13.618000
6.765000
4.631000
3.529000
6.637000
10.717000
0.000000
6.742000
6.797000
9.553000
5.808000
1.851000
6.092000
7.487000
4.880000
6.738000
8.917000
4.658000
2.867000
3.931000
9.139000
8.556000
7.002000
6.583000
10.364000
2.226000
10.777000
9.250000
8.242000
8.000000
12.383000
8.136000
5.101000
11.952000
0.999000
4.478000
8.294000
11.214000
6.697000
4.559000
7.577000
8.116000
7.070000
9.354000
3.046000
1.033000
14.287000
7.185000
16.279000
5.264000
5.155000
2.032000
5.815000
0.000000
20.709000
6.094000
3.949000
8.593000
9.127000
0.669000
6.771000
17.626000
0.000000
4.395000
16.162000
6.363000
2.319000
1.502000
8.271000
13.568000
4.617000
5.163000
9.936000
1.055000
1.061000
0.000000
5.616000
7.399000
6.162000
0.000000
12.767000
8.276000
10.689000
5.423000
8.585000
9.141000
6.150000
11.192000
6.019000
5.478000
2.659000
1.693000
1.920000
6.214000
9.672000
11.871000
2.813000
4.842000
6.710000
11.462000
4.209000
3.796000
7.604000
9.440000
2.648000
1.814000
10.842000
4.944000
8.567000
3.796000
9.308000
8.798000
7.993000
8.071000
4.778000
1.915000
7.674000
10.728000
2.028000
7.772000
8.964000
4.685000
8.569000
3.537000
5.522000
5.530000
10.769000
11.157000
7.269000
8.495000
10.961000
3.703000
13.780000
13.930000
6.094000
0.000000
0.000000
5.196000
7.190000
13.617000
6.481000
7.054000
4.703000
13.641000
6.082000
9.080000
1.843000
8.988000
17.584000
8.157000
3.609000
8.752000
9.600000
11.255000
0.000000
2.225000
13.774000
7.448000
1.836000
4.735000
8.382000
6.990000
8.364000
11.271000
4.581000
0.000000
11.347000
8.890000
4.509000
3.838000
15.607000
20.487000
10.879000
13.571000
6.315000
8.881000
7.801000
8.843000
0.000000
5.054000
7.333000
9.237000
15.840000
0.000000
5.369000
11.315000
5.215000
0.000000
8.952000
15.602000
5.655000
7.457000
7.370000
0.000000
10.317000
0.000000
5.825000
13.485000
8.257000
4.807000
5.628000
9.553000
0.000000
0.000000
8.590000
5.248000
10.118000
1.266000
17.275000
3.117000
3.217000
9.411000
6.697000
1.220000
4.247000
6.313000
6.638000
4.270000
8.336000
2.730000
7.461000
2.376000
0.000000
12.674000
0.000000
3.130000
3.847000
4.296000
5.514000
6.019000
14.783000
1.682000
4.023000
10.835000
11.659000
3.891000
4.587000
8.908000
3.188000
0.000000
0.000000
5.901000
8.106000
2.465000
0.000000
8.726000
8.144000
1.137000
0.000000
7.020000
7.470000
0.000000
5.552000
4.074000
5.666000
10.609000
9.035000
1.665000
5.634000
8.672000
13.692000
8.307000
6.940000
10.716000
10.861000
7.029000
7.040000
6.268000
5.425000
4.576000
5.812000
4.334000
5.608000
3.348000
10.366000
0.000000
7.237000
2.866000
11.688000
0.000000
16.651000
14.497000
4.579000
3.986000
0.000000
6.478000
2.781000
3.568000
7.651000
5.989000
0.511000
5.744000
10.730000
4.847000
7.490000
12.060000
6.661000
2.363000
14.910000
4.762000
10.770000
0.000000
8.039000
0.229000
6.651000
10.927000
3.880000
2.575000
12.685000
0.000000
2.795000
0.000000
3.657000
5.764000
1.186000
7.201000
11.210000
5.194000
6.490000
0.000000
2.399000
4.607000
8.550000
0.295000
6.185000
3.194000
0.000000
7.619000
3.169000
4.763000
7.443000
2.928000
4.163000
2.387000
6.483000
13.023000
5.792000
1.623000
8.571000
11.587000
17.067000
1.556000
0.627000
5.363000
6.545000
7.685000
8.266000
0.214000
10.208000
9.998000
10.153000
3.779000
2.719000
0.000000
3.736000
7.701000
1.933000
0.000000
15.911000
4.927000
3.898000
4.773000
7.722000
4.570000
4.179000
6.397000
13.728000
5.174000
10.917000
6.090000
10.675000
8.695000
6.526000
0.500000
2.505000
8.696000
2.296000
0.000000
9.846000
1.781000
9.392000
3.043000
10.022000
2.072000
12.043000
16.243000
9.372000
15.001000
11.932000
12.760000
8.591000
10.955000
2.391000
1.690000
7.687000
3.848000
12.764000
6.046000
7.652000
4.180000
3.918000
6.723000
2.263000
10.123000
8.848000
12.342000
4.293000
11.481000
7.991000
5.690000
8.181000
8.363000
2.699000
6.038000
5.898000
7.689000
3.935000
4.439000
3.847000
8.136000
11.105000
5.717000
6.549000
3.186000
4.558000
12.062000
8.580000
11.118000
8.716000
8.783000
9.283000
6.823000
7.727000
3.391000
8.371000
14.013000
6.853000
4.305000
8.083000
10.155000
0.000000
2.102000
7.320000
5.105000
3.251000
9.668000
6.663000
7.057000
0.000000
4.164000
14.163000
7.967000
9.292000
0.000000
12.464000
0.000000
11.184000
0.494000
7.977000
8.946000
6.874000
4.751000
0.644000
11.030000
8.148000
8.322000
11.347000
3.174000
0.000000
2.450000
15.450000
3.366000
10.368000
6.855000
5.482000
9.228000
8.525000
0.749000
0.000000
0.000000
0.000000
2.877000
4.230000
3.706000
0.000000
0.000000
0.000000
0.000000
4.380000
1.112000
11.898000
0.000000
0.000000
5.472000
5.557000
0.000000
0.000000
4.915000
9.253000
6.837000
3.438000
1.816000
11.924000
0.616000
0.000000
3.988000
0.000000
0.000000
0.000000
0.000000
2.253000
0.000000
0.000000
0.000000
3.042000
2.570000
2.384000
0.000000
14.567000
0.000000
0.000000
0.000000
0.000000
9.057000
4.305000
0.000000
0.000000
0.000000
0.000000
14.110000
0.000000
7.119000
0.000000
0.000000
0.000000
0.000000
0.000000
0.000000
7.511000
1.706000
0.000000
10.969000
0.000000
0.000000
0.000000
1.300000
0.000000
6.600000
0.000000
2.797000
8.294000
0.000000
8.562000
0.000000
0.304000
2.131000
0.000000
0.000000
6.722000
0.525000
4.243000
0.000000
2.165000
8.918000
0.000000
7.760000
7.543000
12.966000
5.227000
10.179000
0.000000
0.000000
7.389000
12.188000
6.451000
1.822000
6.161000
0.000000
5.181000
7.470000
0.000000
0.000000
0.000000
3.657000
4.744000
0.000000
3.033000
3.664000
2.079000
0.000000
5.142000
0.000000
2.630000
0.000000
5.347000
0.000000
0.918000
0.000000
1.203000
0.000000
0.000000
7.151000
9.188000
0.314000
0.000000
1.654000
4.267000
2.247000
8.842000
4.548000
8.889000
12.242000
1.704000
0.000000
0.000000
3.207000
5.498000
1.231000
4.525000
4.846000
0.000000
9.826000
7.843000
0.502000
7.840000
7.223000
0.000000
1.354000
0.922000
6.142000
5.199000
2.606000
2.991000
0.000000
2.208000
3.775000
3.233000
0.594000
9.501000
6.958000
4.554000
6.442000
3.376000
6.927000
0.000000
6.403000
3.886000
1.878000
0.850000
6.644000
0.282000
0.285000
6.776000
3.356000
0.000000
0.000000
3.061000
1.226000
8.102000
4.764000
10.000000
0.000000
4.055000
8.613000
1.728000
3.794000
3.922000
0.000000
1.499000
0.000000
8.004000
0.000000
0.518000
4.577000
5.116000
3.934000
5.507000
0.000000
7.859000
7.282000
2.179000
4.455000
0.000000
2.334000
5.654000
2.643000
8.287000
1.555000
3.951000
5.010000
0.000000
3.272000
0.000000
0.000000
1.392000
8.599000
9.336000
4.837000
3.328000
3.516000
3.808000
0.000000
0.000000
1.241000
3.470000
5.880000
8.563000
0.202000
0.493000
5.933000
1.593000
0.000000
7.990000
3.894000
0.000000
6.654000
2.248000
5.698000
3.590000
7.356000
3.329000
6.957000
6.975000
10.690000
1.839000
0.000000
7.386000
6.219000
2.644000
4.216000
7.105000
0.000000
5.104000
6.824000
0.994000
5.010000
10.891000
9.522000
8.114000
0.000000
5.444000
7.539000
3.613000
6.927000
8.188000
0.824000
4.798000
3.935000
3.054000
6.135000
2.918000
8.058000
7.480000
9.174000
9.122000
0.000000
8.850000
9.200000
8.876000
2.358000
9.064000
5.273000
5.475000
10.311000
10.420000
10.271000
2.641000
0.192000
5.290000
3.469000
6.750000
4.552000
4.714000
12.908000
0.000000
1.063000
5.890000
4.580000
4.875000
7.087000
1.727000
2.957000
4.396000
3.127000
1.995000
5.331000
8.363000
5.408000
2.947000
4.193000
3.709000
5.427000
2.904000
3.698000
1.854000
10.123000
2.156000
8.866000
1.474000
8.310000
10.203000
6.989000
7.384000
7.800000
5.956000
6.973000
1.010000
6.853000
6.449000
0.000000
2.763000
0.000000
8.007000
3.110000
0.609000
5.348000
6.321000
6.559000
10.597000
5.043000
7.203000
5.574000
5.615000
3.329000
9.321000
8.991000
2.715000
7.238000
5.428000
1.409000
4.430000
7.556000
2.948000
5.771000
3.859000
4.962000
1.870000
10.656000
4.310000
2.828000
6.717000
9.116000
3.949000
0.000000
6.607000
3.657000
4.009000
6.363000
0.766000
10.177000
5.952000
0.851000
0.000000
4.854000
6.051000
2.004000
7.682000
3.869000
5.399000
2.871000
0.008000
6.322000
1.260000
1.115000
0.000000
4.642000
5.091000
0.793000
3.195000
4.562000
6.532000
4.129000
4.352000
3.608000
3.060000
0.892000
0.633000
4.720000
4.183000
4.445000
7.778000
11.060000
5.941000
5.207000
6.086000
3.710000
3.916000
2.728000
5.581000
0.000000
3.465000
0.000000
3.986000
3.363000
0.000000
2.135000
7.809000
1.915000
7.137000
6.558000
1.463000
0.000000
4.636000
6.727000
2.812000
2.182000
7.050000
7.017000
7.390000
5.281000
1.510000
8.307000
4.242000
3.211000
2.704000
2.774000
2.734000
2.300000
0.000000
3.626000
5.740000
0.000000
4.879000
7.286000
1.854000
4.156000
3.564000
3.943000
2.181000
2.768000
3.960000
0.659000
6.118000
2.894000
0.080000
3.129000
3.278000
2.950000
7.133000
3.665000
8.603000
4.396000
4.388000
5.151000
0.000000
7.849000
0.930000
3.453000
3.033000
3.277000
0.344000
3.888000
5.799000
1.767000
5.116000
0.000000
9.012000
4.585000
0.000000
2.725000
0.000000
7.995000
2.712000
6.315000
3.665000
5.891000
2.827000
9.771000
4.151000
0.000000
3.302000
4.245000
0.000000
0.000000
4.345000
5.141000
0.000000
2.894000
2.557000
5.627000
5.795000
4.288000
2.945000
2.417000
1.479000
10.138000
2.802000
6.441000
2.238000
3.939000
1.512000
1.763000
5.995000
5.803000
4.589000
9.048000
9.426000
4.422000
6.020000
11.176000
8.870000
11.575000
4.383000
0.000000
4.505000
9.355000
9.929000
0.000000
6.468000
3.994000
3.782000
0.000000
4.114000
0.458000
0.000000
7.262000
5.049000
0.000000
5.794000
6.864000
6.295000
3.562000
6.263000
7.125000
4.298000
3.134000
11.485000
7.600000
4.152000
1.015000
5.834000
5.536000
2.770000
3.165000
5.651000
0.482000
7.765000
5.676000
4.128000
10.704000
3.403000
0.184000
3.362000
0.876000
8.877000
1.579000
7.454000
2.699000
6.207000
0.000000
3.073000
1.181000
2.642000
1.162000
5.964000
7.542000
0.817000
4.381000
2.133000
1.081000
0.000000
0.000000
5.212000
4.754000
7.649000
5.116000
3.635000
4.945000
0.233000
8.510000
5.128000
1.717000
1.073000
0.000000
0.000000
7.231000
0.821000
7.012000
5.324000
7.890000
6.441000
5.891000
5.470000
7.009000
6.192000
0.001000
7.763000
3.938000
3.389000
4.971000
1.579000
5.520000
6.469000
3.567000
5.649000
4.472000
0.086000
6.497000
5.396000
5.919000
2.903000
6.055000
2.799000
0.000000
9.425000
6.808000
5.139000
6.170000
8.662000
4.438000
8.728000
3.624000
3.575000
0.000000
9.646000
6.614000
6.095000
5.407000
3.503000
6.718000
5.484000
10.302000
7.003000
4.487000
2.194000
6.921000
7.339000
7.617000
3.095000
7.261000
9.025000
10.485000
5.160000
7.358000
10.035000
8.984000
8.997000
3.671000
4.004000
4.220000
1.706000
5.478000
4.436000
2.657000
11.014000
0.000000
8.529000
2.803000
10.549000
0.000000
2.067000
5.228000
6.745000
5.782000
0.000000
0.000000
2.379000
11.351000
7.376000
6.866000
8.515000
5.993000
4.332000
9.034000
6.174000
8.709000
7.725000
4.033000
10.037000
7.752000
0.000000
7.365000
8.925000
5.504000
4.043000
6.439000
11.314000
10.192000
0.000000
9.516000
3.113000
2.218000
0.000000
6.765000
5.194000
4.379000
0.000000
6.992000
0.000000
5.998000
0.000000
5.601000
3.563000
1.061000
1.309000
4.322000
5.649000
13.020000
6.943000
6.275000
0.474000
0.000000
5.129000
3.430000
1.810000
4.936000
0.000000
13.158000
1.329000
3.667000
0.000000
4.289000
4.521000
0.441000
1.848000
3.465000
10.961000
8.271000
0.724000
0.000000
2.035000
3.728000
5.678000
0.000000
1.918000
3.082000
5.440000
0.000000
0.000000
4.280000
0.600000
7.215000
0.000000
0.338000
3.610000
0.000000
4.221000
0.000000
0.978000
1.384000
5.244000
0.957000
6.639000
2.399000
1.544000
0.000000
0.000000
6.744000
5.430000
0.837000
0.186000
0.000000
0.000000
5.157000
6.060000
6.020000
4.512000
0.000000
0.000000
0.000000
0.000000
3.303000
2.052000
5.647000
2.046000
3.228000
0.486000
5.891000
0.000000
3.843000
0.000000
4.494000
0.000000
0.000000
1.866000
0.000000
0.000000
3.362000
0.000000
4.029000
3.527000
0.000000
0.000000
4.362000
0.000000
4.766000
2.368000
0.000000
0.000000
0.000000
2.577000
5.191000
0.000000
0.000000
4.713000
4.501000
0.218000
0.000000
1.230000
1.841000
1.735000
0.477000
0.776000
0.484000
1.896000
6.482000
0.000000
4.412000
1.168000
0.000000
1.273000
0.580000
3.007000
0.000000
0.654000
0.000000
0.000000
11.655000
0.000000
6.457000
1.833000
0.000000
0.000000
0.000000
4.277000
6.154000
2.408000
0.000000
3.639000
0.394000
7.720000
3.327000
4.543000
0.000000
0.000000
6.011000
7.505000
5.908000
0.000000
3.826000
4.446000
0.000000
3.114000
0.000000
2.468000
0.860000
1.197000
0.968000
7.390000
4.107000
0.269000
1.654000
0.000000
3.970000
7.654000
0.000000
2.049000
8.859000
0.000000
5.611000
7.544000
0.383000
0.299000
7.671000
4.590000
7.864000
0.000000
3.197000
4.038000
0.000000
2.775000
5.261000
3.620000
6.590000
6.848000
3.933000
4.791000
0.000000
5.017000
0.000000
0.324000
3.739000
4.947000
7.971000
0.906000
3.535000
5.468000
0.000000
0.419000
0.000000
8.672000
0.522000
0.000000
0.617000
0.000000
0.000000
6.369000
4.327000
7.485000
5.260000
3.471000
4.139000
2.729000
4.145000
3.766000
0.000000
5.078000
1.715000
1.263000
8.522000
0.000000
11.628000
1.946000
5.298000
6.422000
8.409000
7.810000
0.000000
2.548000
8.045000
2.812000
1.535000
0.000000
3.899000
1.880000
0.734000
0.162000
0.000000
0.000000
1.765000
0.000000
5.184000
4.101000
1.591000
3.021000
2.651000
2.178000
0.000000
0.948000
0.437000
6.776000
4.475000
0.000000
3.678000
5.739000
0.154000
0.000000
6.850000
0.000000
1.975000
2.593000
6.010000
0.000000
10.814000
1.499000
1.721000
0.000000
0.000000
3.010000
4.772000
1.049000
3.077000
5.071000
3.791000
0.000000
4.560000
0.000000
4.340000
4.046000
0.984000
0.000000
2.645000
4.497000
0.648000
0.000000
1.737000
4.919000
3.218000
0.000000
2.405000
4.223000
1.044000
4.462000
0.000000
3.497000
4.983000
6.648000
0.000000
9.036000
1.498000
0.519000
0.000000
0.000000
0.000000
8.384000
2.102000
0.000000
3.468000
4.923000
1.252000
0.495000
4.319000
5.529000
0.000000
0.000000
4.188000
3.883000
0.000000
2.109000
3.093000
4.958000
3.859000
0.000000
0.208000
8.511000
2.340000
3.290000
4.501000
0.118000
0.715000
7.585000
1.821000
2.149000
0.887000
4.880000
1.421000
2.044000
9.052000
7.361000
1.390000
6.061000
7.701000
4.298000
6.981000
2.869000
4.326000
3.372000
6.142000
3.105000
3.883000
0.836000
3.192000
10.260000
0.000000
0.000000
0.000000
6.015000
1.819000
4.126000
0.643000
0.000000
0.000000
0.000000
10.334000
0.825000
4.219000
14.860000
0.703000
10.479000
3.462000
0.000000
2.212000
1.660000
4.973000
6.815000
0.469000
5.559000
3.712000
0.000000
3.155000
4.742000
7.592000
4.391000
5.377000
3.150000
0.000000
7.932000
5.627000
0.000000
7.484000
1.311000
4.283000
1.777000
0.000000
5.746000
6.395000
8.188000
0.000000
0.000000
6.532000
1.833000
3.028000
13.397000
7.640000
0.456000
6.487000
5.921000
8.562000
8.280000
0.000000
5.547000
1.657000
1.798000
6.853000
4.041000
3.676000
8.837000
3.747000
3.045000
0.781000
5.643000
2.864000
6.217000
1.463000
2.446000
4.525000
1.697000
0.000000
0.000000
1.187000
8.186000
2.103000
2.561000
7.324000
3.609000
2.130000
1.065000
8.245000
9.586000
2.873000
7.227000
2.005000
2.931000
0.703000
0.956000
5.012000
3.212000
2.106000
0.000000
5.792000
1.981000
8.797000
2.967000
4.907000
0.000000
2.106000
7.595000
5.525000
5.308000
5.951000
0.923000
2.659000
7.756000
1.619000
5.246000
1.170000
0.000000
3.551000
3.128000
5.564000
0.000000
3.279000
2.745000
5.954000
0.000000
0.000000
0.000000
3.526000
3.924000
1.997000
1.031000
0.000000
4.282000
1.704000
6.346000
0.000000
8.043000
5.129000
0.786000
5.183000
0.000000
6.849000
5.126000
7.235000
8.361000
2.551000
5.817000
0.127000
0.000000
7.069000
1.036000
0.000000
0.410000
0.000000
0.000000
3.343000
0.000000
8.804000
4.219000
4.660000
3.824000
0.000000
3.375000
2.808000
0.000000
0.000000
5.862000
2.629000
7.232000
0.000000
0.153000
0.000000
2.857000
1.039000
6.825000
0.386000
0.000000
5.097000
0.000000
0.000000
4.481000
5.224000
4.251000
8.600000
7.317000
6.989000
1.761000
1.413000
2.859000
0.000000
2.065000
6.078000
1.337000
3.401000
0.000000
5.683000
1.267000
8.828000
0.000000
3.248000
0.000000
0.000000
0.000000
0.000000
1.769000
3.688000
3.117000
0.024000
0.891000
0.000000
2.061000
4.388000
3.141000
3.515000
6.664000
6.211000
0.772000
1.427000
2.547000
0.000000
0.000000
8.365000
0.000000
0.000000
0.000000
0.000000
0.000000
3.354000
3.674000
1.787000
0.000000
1.789000
5.101000
3.035000
0.000000
0.000000
1.851000
5.727000
0.000000
1.583000
0.693000
0.000000
0.000000
0.000000
4.005000
0.682000
0.000000
0.192000
2.200000
0.000000
0.000000
0.000000
0.000000
0.000000
1.921000
2.295000
0.000000
0.000000
0.000000
1.677000
0.032000
0.000000
0.000000
0.000000
0.000000
0.721000
0.000000
0.000000
0.000000
0.000000
0.852000
0.000000
0.000000
0.000000
1.062000
0.832000
0.000000
0.000000
0.000000
0.000000
1.599000
4.289000
0.000000
4.425000
0.000000
0.000000
0.469000
0.000000
0.300000
1.300000
0.000000
0.000000
0.000000
0.268000
1.586000
0.000000
0.176000
0.000000
1.613000
0.000000
0.000000
0.000000
0.000000
2.856000
0.000000
0.000000
0.000000
0.000000
0.000000
0.000000
0.850000
0.000000
0.000000
4.044000
0.000000
2.048000
0.000000
4.875000
0.000000
0.729000
1.541000
0.000000
0.558000
0.000000
0.000000
0.000000
0.000000
2.345000
0.000000
0.000000
1.167000
0.000000
3.261000
0.000000
1.242000
0.000000
0.000000
3.261000
0.000000
0.000000
2.762000
0.000000
2.223000
0.000000
0.000000
0.269000
0.000000
0.078000
0.000000
0.761000
1.621000
0.000000
0.000000
0.000000
2.590000
0.000000
0.000000
0.000000
0.502000
1.886000
0.000000
0.000000
1.148000
0.000000
4.986000
1.105000
0.000000
0.000000
0.272000
0.148000
0.000000
0.000000
1.555000
2.050000
0.312000
0.000000
1.894000
2.947000
0.000000
0.000000
0.000000
0.055000
0.000000
0.029000
1.442000
0.000000
1.215000
0.236000
2.076000
0.000000
0.916000
4.141000
3.976000
2.373000
5.036000
0.000000
0.144000
0.000000
2.961000
0.000000
0.225000
0.000000
2.834000
1.451000
1.162000
1.184000
0.000000
1.374000
0.000000
0.431000
0.149000
0.334000
2.321000
0.000000
0.000000
0.490000
3.190000
0.000000
0.000000
0.000000
2.372000
0.000000
2.947000
1.320000
0.000000
0.000000
0.000000
0.000000
3.729000
1.943000
0.000000
0.000000
0.990000
0.555000
0.000000
0.000000
0.364000
1.854000
0.000000
0.507000
0.564000
0.059000
0.330000
0.000000
0.000000
0.000000
0.000000
0.616000
4.953000
1.071000
4.853000
0.482000
0.708000
2.922000
0.290000
2.645000
0.000000
1.081000
0.000000
0.000000
0.000000
0.000000
0.000000
0.492000
1.090000
0.000000
0.000000
0.000000
0.000000
0.000000
0.464000
2.438000
0.692000
0.000000
0.751000
0.000000
0.000000
2.790000
0.000000
2.151000
4.223000
0.000000
0.000000
1.831000
2.098000
0.000000
0.000000
0.516000
0.036000
0.000000
0.000000
0.733000
1.602000
0.000000
1.456000
3.012000
0.000000
0.000000
0.217000
0.583000
0.000000
0.000000
0.000000
0.046000
0.000000
0.000000
0.000000
1.235000
0.000000
0.000000
0.000000
1.112000
0.000000
0.529000
0.000000
0.000000
0.000000
0.000000
1.936000
0.298000
0.000000
0.000000
0.000000
0.000000
0.399000
0.000000
0.000000
2.059000
0.000000
2.163000
1.744000
2.061000
0.000000
0.000000
0.000000
0.000000
1.218000
0.000000
0.754000
0.000000
0.000000
2.592000
1.102000
2.282000
0.000000
3.159000
1.565000
3.461000
2.196000
0.000000
0.000000
1.151000
0.000000
0.000000
0.000000
0.534000
2.051000
2.410000
0.000000
0.000000
0.000000
0.000000
0.000000
0.000000
3.246000
0.000000
0.000000
0.108000
0.135000
1.637000
0.000000
0.032000
0.000000
0.000000
0.000000
0.000000
0.000000
2.542000
0.000000
2.459000
0.000000
2.882000
0.000000
0.952000
0.000000
1.536000
0.000000
0.525000
1.935000
0.281000
1.204000
1.951000
0.000000
1.182000
0.030000
0.000000
1.022000
0.000000
0.000000
0.000000
0.234000
5.094000
0.000000
1.062000
0.374000
0.000000
0.000000
2.047000
0.000000
0.000000
0.000000
0.000000
0.000000
0.000000
3.041000
0.785000
3.900000
0.000000
0.000000
1.860000
0.000000
0.293000
0.073000
0.000000
0.000000
0.000000
1.041000
1.071000
1.007000
0.000000
0.265000
0.000000
2.527000
0.389000
0.000000
0.074000
3.304000
2.537000
0.000000
0.000000
2.120000
0.000000
0.829000
2.691000
0.000000
1.133000
0.449000
0.497000
0.000000
0.000000
2.027000
0.221000
0.000000
0.000000
0.000000
0.345000
1.004000
0.000000
0.000000
0.000000
0.000000
2.842000
0.000000
0.000000
0.337000
0.000000
0.505000
0.358000
0.000000
0.293000
0.000000
0.075000
0.000000
0.000000
1.102000
0.141000
0.000000
0.000000
0.000000
3.325000
0.688000
0.000000
0.000000
0.000000
0.000000
0.000000
1.332000
0.114000
1.970000
0.000000
0.000000
0.101000
2.051000
0.992000
0.000000
0.000000
0.000000
1.337000
0.000000
1.114000
1.022000
0.000000
2.969000
0.000000
1.292000
0.888000
2.106000
2.022000
0.000000
0.743000
0.000000
3.152000
1.417000
0.822000
0.000000
0.060000
0.000000
2.407000
0.000000
0.147000
0.000000
0.000000
2.467000
4.009000
0.000000
0.000000
0.207000
1.479000
0.000000
0.000000
0.000000
0.000000
0.353000
0.000000
2.115000
0.000000
0.000000
1.642000
0.000000
0.000000
0.000000
0.000000
1.023000
0.000000
0.000000
0.000000
1.201000
0.000000
0.273000
0.000000
0.386000
0.000000
1.757000
0.000000
0.429000
0.000000
0.000000
0.000000
0.604000
0.155000
0.000000
0.000000
0.000000
0.000000
0.393000
1.075000
1.900000
1.516000
0.107000
0.000000
1.806000
0.631000
0.509000
0.000000
0.595000
2.646000
1.136000
0.000000
0.000000
0.000000
0.000000
0.000000
0.000000
0.000000
0.000000
0.405000
0.121000
3.607000
0.041000
0.000000
0.000000
1.230000
0.000000
0.878000
0.000000
0.000000
0.000000
0.000000
0.000000
2.527000
0.000000
0.165000
0.000000
0.955000
0.000000
1.268000
0.000000
0.000000
0.000000
0.000000
0.000000
0.000000
2.337000
0.241000
0.501000
0.000000
0.000000
0.804000
0.000000
0.000000
0.000000
0.000000
0.000000
0.792000
1.127000
0.000000
0.000000
1.335000
0.000000
2.775000
0.547000
0.000000
0.466000
0.000000
0.000000
0.665000
0.000000
0.384000
0.000000
0.000000
0.000000
0.000000
0.000000
0.000000
0.000000
0.271000
0.953000
0.000000
0.033000
0.000000
0.817000
0.728000
0.000000
2.679000
0.891000
0.251000
0.000000
0.000000
1.219000
0.000000
0.000000
0.664000
0.693000
0.000000
0.000000
0.000000
0.000000
2.237000
0.000000
0.000000
0.000000
3.644000
0.000000
1.888000
0.144000
0.000000
0.000000
0.000000
0.000000
1.279000
0.000000
0.132000
0.061000
0.000000
0.472000
0.000000
0.000000
0.334000
0.000000
0.000000
1.878000
0.306000
1.817000
0.000000
0.000000
0.000000
0.135000
0.000000
0.000000
0.000000
0.323000
1.317000
3.028000
0.000000
0.227000
0.000000
0.000000
0.000000
0.000000
0.000000
0.000000
0.000000
0.000000
0.762000
2.607000
2.129000
0.000000
1.204000
0.000000
0.549000
0.000000
0.000000
0.599000
0.000000
0.000000
1.032000
1.688000
0.000000
0.000000
0.419000
0.000000
1.904000
0.000000
0.000000
2.516000
0.332000
1.588000
0.000000
0.000000
0.000000
0.778000
1.822000
1.114000
2.573000
3.062000
1.362000
2.552000
2.920000
0.000000
0.685000
0.000000
0.000000
0.194000
0.414000
1.566000
0.000000
0.000000
1.417000
0.000000
4.998000
0.769000
0.000000
0.000000
0.000000
0.000000
0.000000
0.000000
1.342000
0.390000
1.326000
1.473000
1.618000
0.000000
0.000000
0.063000
3.651000
0.000000
1.595000
0.000000
0.000000
0.000000
0.000000
0.595000
0.000000
0.250000
0.000000
0.000000
0.000000
3.402000
4.801000
0.000000
1.369000
1.170000
0.000000
0.000000
0.000000
0.000000
0.000000
0.083000
0.000000
0.000000
0.374000
0.000000
0.000000
1.105000
0.000000
0.000000
0.600000
2.200000
0.000000
0.000000
0.330000
0.000000
0.063000
2.593000
0.000000
1.904000
2.214000
0.276000
0.270000
0.000000
0.000000
0.190000
1.119000
0.033000
0.000000
0.000000
0.524000
0.220000
0.264000
0.000000
0.000000
0.042000
1.622000
0.000000
0.382000
2.596000
0.000000
0.000000
0.000000
0.285000
2.566000
0.000000
0.729000
0.000000
0.000000
0.000000
0.699000
0.000000
1.222000
0.000000
0.000000
0.000000
0.000000
0.000000
0.000000
0.000000
0.096000
0.000000
0.000000
0.000000
0.000000
0.830000
0.000000
0.000000
1.238000
1.938000
0.000000
0.000000
0.000000
0.000000
0.000000
0.365000
0.000000
0.000000
0.000000
2.627000
0.000000
0.032000
1.415000
0.000000
0.266000
0.000000
0.000000
0.000000
2.811000
0.000000
1.561000
0.000000
0.000000
0.088000
0.000000
0.045000
0.180000
0.233000
0.543000
0.737000
0.000000
0.000000
0.000000
1.790000
4.178000
2.016000
3.552000
0.000000
1.208000
0.592000
0.000000
0.129000
0.000000
1.007000
0.706000
0.742000
0.619000
0.000000
0.000000
0.740000
0.551000
0.059000
0.000000
0.000000
0.000000
0.000000
0.000000
0.000000
0.041000
0.561000
0.000000
0.000000
0.000000
0.000000
0.000000
0.420000
0.000000
0.000000
0.000000
0.000000
0.000000
3.330000
0.411000
0.000000
0.810000
0.442000
1.087000
0.000000
0.156000
1.336000
0.000000
0.383000
1.106000
1.615000
0.274000
0.000000
0.372000
0.000000
0.000000
2.532000
0.000000
0.000000
0.648000
0.663000
0.000000
0.009000
0.000000
0.442000
1.503000
0.000000
0.000000
0.000000
0.000000
0.000000
2.325000
3.412000
0.000000
3.685000
0.400000
0.000000
0.000000
1.492000
0.000000
1.598000
0.000000
0.000000
1.238000
2.674000
0.000000
0.000000
0.000000
0.000000
0.000000
3.404000
0.000000
1.448000
0.000000
0.000000
0.000000
0.000000
0.000000
0.000000
0.000000
0.000000
0.264000
0.000000
0.467000
0.478000
0.976000
0.000000
0.000000
4.704000
0.000000
1.532000
0.000000
0.000000
0.055000
2.103000
0.000000
0.000000
0.910000
0.000000
0.000000
0.000000
0.047000
0.000000
0.220000
0.000000
0.545000
0.939000
0.000000
0.000000
0.000000
0.000000
0.590000
0.000000
0.000000
0.202000
0.016000
0.000000
0.000000
0.000000
0.000000
0.293000
0.000000
0.000000
2.059000
0.000000
0.000000
0.161000
0.000000
0.000000
0.000000
0.000000
0.000000
1.380000
0.000000
0.000000
0.000000
0.000000
0.000000
0.000000
0.000000
0.000000
0.000000
0.184000
0.000000
0.153000
0.000000
0.000000
0.000000
0.000000
0.000000
0.810000
3.845000
0.887000
0.506000
0.000000
0.000000
0.000000
0.000000
0.000000
0.000000
0.000000
0.000000
0.473000
0.000000
0.000000
0.533000
0.000000
0.000000
0.194000
0.112000
0.126000
0.294000
0.000000
0.000000
0.979000
0.000000
0.000000
1.014000
0.000000
0.516000
0.000000
1.039000
0.000000
0.000000
0.000000
0.659000
0.000000
0.000000
0.000000
0.000000
1.067000
0.000000
0.277000
0.000000
0.876000
2.166000
0.150000
0.000000
0.000000
0.000000
0.000000
0.000000
1.708000
0.000000
0.376000
0.000000
0.000000
0.000000
0.000000
0.000000
0.265000
0.000000
0.000000
0.000000
1.050000
0.000000
0.000000
0.000000
0.138000
0.762000
0.000000
0.000000
0.000000
0.000000
0.000000
0.000000
0.000000
0.181000
0.151000
0.000000
0.309000
0.000000
0.504000
0.095000
0.000000
0.000000
0.034000
0.256000
0.000000
0.000000
0.000000
0.000000
0.000000
1.229000
0.000000
0.000000
0.000000
0.000000
0.000000
0.000000
0.713000
0.000000
1.087000
0.000000
0.000000
0.000000
1.516000
0.000000
0.000000
0.000000
0.000000
0.285000
0.000000
0.000000
0.681000
0.000000
0.178000
0.414000
0.000000
0.000000
0.423000
0.000000
0.766000
1.737000
0.000000
0.053000
0.104000
0.681000
0.000000
0.267000
0.132000
0.335000
0.000000
0.000000
0.000000
0.000000
0.422000
0.000000
0.000000
0.000000
1.027000
0.749000
0.000000
0.000000
0.000000
0.000000
0.074000
1.960000
0.000000
1.140000
0.000000
0.714000
0.000000
0.243000
0.000000
0.000000
0.906000
0.000000
0.964000
0.057000
1.676000
1.703000
0.808000
0.000000
0.465000
0.000000
0.000000
0.000000
2.202000
0.000000
0.000000
0.000000
0.000000
0.000000
0.000000
1.716000
1.075000
0.107000
0.000000
0.192000
0.000000
0.000000
0.000000
0.000000
0.131000
0.000000
0.000000
0.000000
0.000000
2.739000
0.312000
0.000000
0.316000
2.207000
0.000000
0.000000
0.000000
0.000000
0.000000
0.000000
0.000000
0.000000
0.000000
0.000000
1.180000
0.000000
0.111000
0.085000
2.290000
0.000000
0.000000
0.000000
0.000000
0.000000
0.000000
0.000000
0.522000
0.000000
0.000000
0.000000
0.216000
0.129000
0.000000
0.000000
0.625000
0.000000
0.629000
0.111000
0.000000
0.000000
0.000000
0.220000
0.174000
0.000000
0.618000
1.204000
0.000000
0.000000
2.982000
1.496000
2.046000
1.275000
0.625000
2.548000
0.000000
0.701000
0.000000
1.795000
0.000000
0.505000
0.711000
0.564000
1.030000
0.954000
1.285000
1.819000
1.195000
2.080000
0.000000
0.818000
1.248000
0.000000
0.910000
0.000000
0.507000
0.000000
2.475000
0.000000
1.917000
3.434000
0.000000
0.000000
2.277000
2.494000
1.214000
2.490000
0.392000
0.000000
0.000000
0.415000
0.000000
0.122000
1.187000
0.000000
0.000000
0.345000
0.433000
1.313000
0.000000
0.502000
2.329000
0.000000
0.743000
0.477000
1.534000
1.618000
0.000000
0.159000
0.000000
0.048000
0.168000
1.284000
0.889000
0.000000
0.965000
0.000000
0.000000
0.000000
0.000000
