17.607000
8.116000
18.713000
19.444000
18.786000
13.133000
16.484000
14.431000
15.066000
14.188000
17.854000
11.158000
17.960000
24.727000
16.158000
15.915000
16.657000
16.138000
17.066000
17.608000
4.034000
11.713000
4.898000
7.180000
5.860000
5.259000
6.758000
5.405000
3.510000
3.525000
3.039000
6.540000
3.280000
8.264000
7.972000
4.486000
7.420000
4.883000
20.958000
1.181000
8.285000
7.458000
4.286000
7.677000
4.593000
0.324000
4.250000
3.775000
12.549000
5.270000
4.013000
2.215000
4.481000
17.844000
2.766000
7.615000
12.200000
15.638000
17.669000
2.525000
21.122000
2.997000
5.891000
4.645000
9.442000
5.174000
12.041000
16.193000
3.038000
10.775000
15.689000
2.758000
7.399000
5.348000
7.153000
17.687000
5.197000
19.050000
4.948000
15.787000
3.105000
9.123000
3.221000
10.482000
8.891000
6.530000
13.205000
16.294000
8.601000
4.729000
17.956000
8.987000
6.177000
5.634000
7.010000
6.527000
5.728000
1.150000
11.903000
5.469000
14.997000
2.024000
16.772000
4.291000
5.052000
10.460000
3.544000
10.618000
1.866000
8.190000
11.305000
11.196000
5.182000
8.033000
13.617000
0.617000
9.813000
8.756000
19.910000
7.778000
11.335000
6.689000
13.030000
8.684000
14.848000
12.412000
6.787000
11.477000
6.247000
15.091000
11.235000
10.685000
5.596000
9.505000
4.352000
5.833000
14.220000
3.961000
13.923000
4.533000
6.261000
11.341000
23.274000
23.932000
11.806000
17.360000
6.570000
9.658000
11.651000
8.441000
12.271000
3.508000
4.759000
12.373000
8.727000
14.174000
7.927000
4.771000
6.016000
5.037000
19.113000
6.733000
11.735000
8.786000
12.590000
10.242000
15.269000
7.932000
6.617000
6.278000
5.540000
11.077000
12.763000
4.904000
10.256000
5.729000
8.547000
12.830000
9.404000
11.334000
7.588000
6.552000
6.340000
17.771000
4.377000
17.088000
7.295000
13.354000
7.841000
0.930000
20.582000
13.301000
7.699000
4.059000
12.638000
8.692000
9.117000
8.031000
3.771000
5.021000
12.437000
5.505000
24.233000
8.318000
10.165000
7.281000
3.218000
17.927000
13.047000
10.273000
16.848000
8.075000
6.104000
9.414000
16.623000
5.931000
9.896000
22.655000
8.307000
12.013000
14.973000
10.167000
5.283000
10.713000
24.028000
9.573000
9.108000
9.185000
11.568000
12.582000
9.418000
5.468000
11.937000
8.598000
16.049000
8.092000
10.517000
9.875000
16.533000
8.642000
15.603000
8.930000
8.642000
8.743000
9.401000
4.634000
3.460000
6.386000
7.403000
5.281000
7.829000
3.285000
11.227000
9.200000
8.466000
11.810000
10.548000
11.185000
11.296000
6.574000
13.381000
4.322000
6.993000
7.731000
6.390000
9.351000
9.140000
10.901000
8.921000
5.817000
12.714000
6.509000
4.821000
7.131000
14.146000
9.568000
5.369000
9.036000
4.726000
10.037000
8.489000
7.411000
12.765000
8.780000
8.442000
8.512000
16.277000
12.827000
10.063000
14.182000
9.426000
6.475000
10.053000
11.545000
12.657000
9.207000
6.284000
8.136000
5.773000
11.982000
12.094000
6.958000
11.969000
6.263000
11.892000
10.172000
13.023000
5.438000
16.641000
5.865000
18.963000
10.035000
7.247000
5.737000
8.182000
15.056000
12.104000
24.018000
6.575000
7.817000
15.829000
17.214000
7.616000
18.833000
8.066000
11.391000
12.478000
12.926000
14.153000
8.119000
5.536000
4.350000
10.819000
14.451000
8.418000
10.425000
6.632000
8.209000
15.228000
6.089000
7.908000
3.961000
7.594000
10.516000
14.261000
19.238000
17.492000
12.112000
5.746000
18.401000
9.697000
10.075000
3.614000
8.202000
6.414000
17.636000
11.689000
5.469000
9.225000
11.954000
12.468000
11.480000
11.299000
10.958000
16.820000
7.819000
7.530000
5.455000
15.518000
13.644000
17.231000
16.162000
11.402000
9.340000
14.704000
5.145000
9.205000
11.244000
11.127000
20.490000
21.023000
21.284000
14.459000
14.855000
5.275000
12.390000
11.558000
6.009000
11.519000
8.624000
13.373000
9.743000
17.107000
12.216000
14.553000
15.038000
11.654000
17.913000
19.071000
12.392000
7.632000
8.256000
10.155000
17.272000
9.037000
10.149000
14.589000
9.666000
15.415000
9.956000
12.209000
18.521000
17.838000
4.245000
16.283000
14.880000
12.620000
11.184000
15.004000
11.836000
10.941000
16.741000
9.606000
8.385000
19.895000
3.321000
9.395000
10.806000
9.580000
14.932000
21.082000
6.680000
10.802000
19.125000
13.583000
13.799000
14.457000
13.384000
11.007000
3.952000
15.478000
11.577000
8.460000
16.578000
12.909000
12.747000
15.138000
21.818000
10.069000
8.119000
12.508000
15.460000
14.055000
16.321000
14.330000
5.543000
11.420000
20.072000
7.461000
18.689000
15.919000
8.626000
14.967000
8.700000
9.453000
9.251000
14.452000
13.313000
18.349000
16.559000
6.225000
16.277000
17.853000
6.340000
8.948000
8.041000
18.982000
17.144000
10.420000
8.206000
17.403000
13.044000
10.856000
4.412000
16.916000
16.655000
18.936000
16.348000
15.370000
18.883000
5.314000
13.858000
9.903000
9.627000
9.730000
9.940000
12.219000
12.759000
17.428000
14.710000
13.726000
12.316000
10.990000
12.518000
17.660000
20.389000
8.568000
10.190000
16.550000
15.067000
11.462000
14.805000
18.749000
18.325000
9.396000
8.625000
13.342000
14.122000
16.840000
12.596000
21.038000
11.786000
15.085000
10.314000
16.025000
8.204000
12.551000
9.863000
14.733000
12.040000
19.629000
19.060000
10.964000
14.727000
7.940000
11.785000
4.508000
13.707000
13.602000
19.132000
16.096000
14.290000
14.042000
7.640000
13.145000
17.519000
3.278000
16.535000
21.089000
19.338000
14.060000
18.282000
9.062000
10.355000
16.898000
13.620000
5.597000
10.044000
15.809000
13.636000
18.979000
5.398000
10.769000
17.738000
18.799000
15.532000
11.413000
16.133000
13.157000
14.554000
13.899000
18.180000
4.862000
19.933000
13.973000
21.136000
17.034000
10.097000
16.896000
15.004000
16.847000
11.112000
14.572000
11.043000
18.201000
16.947000
10.966000
6.307000
9.965000
14.905000
14.157000
3.798000
13.992000
9.180000
9.888000
16.144000
12.721000
13.346000
6.612000
7.521000
16.448000
15.442000
13.864000
8.360000
14.481000
4.166000
15.223000
11.237000
16.243000
4.434000
8.869000
4.678000
6.534000
8.068000
4.821000
14.606000
4.740000
15.130000
7.239000
4.685000
5.193000
15.278000
4.908000
8.854000
10.704000
7.942000
9.545000
5.053000
6.855000
4.197000
5.055000
10.226000
10.570000
5.749000
2.113000
11.616000
2.835000
6.056000
19.390000
4.794000
13.494000
0.628000
5.461000
11.113000
13.598000
6.756000
6.176000
7.703000
13.983000
2.144000
13.754000
16.900000
12.868000
2.634000
10.967000
4.765000
6.507000
3.352000
6.196000
6.017000
13.351000
8.567000
9.798000
18.008000
14.738000
9.674000
9.001000
6.435000
7.572000
6.532000
14.353000
18.125000
10.198000
12.013000
14.809000
5.881000
5.949000
10.124000
16.141000
10.081000
10.173000
14.279000
17.698000
7.468000
3.790000
12.470000
16.051000
11.991000
4.127000
8.473000
17.259000
13.272000
16.262000
16.651000
21.319000
5.123000
6.260000
9.797000
14.299000
4.861000
9.012000
13.233000
13.948000
13.950000
9.860000
8.038000
16.550000
8.377000
7.927000
6.499000
16.539000
13.170000
9.250000
8.070000
18.559000
15.099000
12.282000
16.014000
15.948000
5.360000
18.521000
15.645000
7.982000
15.073000
20.002000
16.257000
5.273000
11.237000
7.456000
9.506000
10.277000
7.451000
14.584000
1.647000
10.547000
4.379000
15.088000
10.863000
8.374000
5.214000
9.245000
15.176000
18.281000
13.902000
9.039000
15.370000
7.528000
10.083000
6.200000
6.646000
8.271000
15.845000
12.085000
5.217000
11.093000
10.497000
7.333000
10.657000
8.412000
12.891000
7.859000
12.796000
11.536000
9.434000
10.094000
9.647000
13.290000
9.743000
11.380000
19.343000
12.123000
17.367000
5.415000
12.664000
13.186000
6.924000
4.915000
9.806000
5.700000
6.359000
8.027000
16.728000
3.562000
19.151000
15.333000
11.365000
11.368000
6.562000
10.117000
10.402000
2.777000
8.362000
9.785000
14.309000
7.513000
5.536000
8.322000
1.934000
16.775000
5.886000
11.052000
10.380000
9.997000
15.528000
9.990000
4.249000
7.697000
6.707000
8.025000
7.384000
11.313000
7.429000
9.429000
7.482000
6.742000
6.528000
9.105000
10.801000
13.290000
9.178000
6.886000
6.134000
11.677000
8.727000
2.897000
10.619000
8.315000
9.064000
10.655000
6.578000
6.312000
6.674000
3.794000
18.463000
7.658000
9.497000
5.925000
2.729000
6.640000
3.563000
3.847000
9.242000
4.481000
1.419000
6.185000
6.435000
9.108000
9.594000
4.216000
8.606000
4.296000
7.030000
15.178000
12.868000
8.092000
5.532000
0.548000
3.791000
5.920000
0.000000
10.456000
4.932000
8.752000
6.822000
19.769000
6.051000
5.596000
1.721000
12.808000
2.416000
9.521000
7.971000
7.971000
4.340000
6.514000
11.343000
2.627000
12.697000
12.926000
1.610000
2.537000
12.369000
12.838000
1.210000
12.315000
10.781000
12.656000
2.410000
11.026000
7.436000
9.164000
16.093000
10.297000
6.879000
9.352000
5.148000
7.228000
5.806000
11.322000
13.555000
12.465000
5.801000
5.941000
20.366000
2.447000
8.348000
5.810000
2.363000
6.553000
13.192000
8.558000
13.876000
7.102000
14.741000
7.058000
9.352000
12.495000
19.180000
9.699000
15.490000
2.398000
10.774000
7.590000
22.918000
7.282000
3.652000
8.822000
18.367000
15.637000
10.269000
8.123000
5.837000
4.159000
5.308000
17.502000
13.136000
4.859000
4.547000
10.725000
1.515000
13.549000
13.178000
3.810000
10.394000
4.104000
7.847000
10.238000
10.886000
4.807000
0.622000
10.148000
5.733000
6.941000
10.880000
7.564000
2.611000
10.913000
2.713000
15.770000
4.649000
22.346000
11.951000
7.758000
18.259000
0.000000
9.167000
8.248000
15.481000
11.637000
15.898000
6.109000
9.168000
2.390000
9.398000
4.588000
8.963000
11.642000
19.456000
16.534000
10.934000
7.298000
14.384000
3.983000
3.574000
13.709000
8.947000
9.958000
7.247000
11.948000
13.269000
11.743000
7.049000
7.752000
6.232000
0.000000
6.550000
15.024000
5.650000
0.543000
9.180000
11.840000
11.493000
7.841000
14.000000
6.017000
8.828000
10.374000
11.192000
9.095000
11.674000
5.521000
9.153000
7.553000
21.823000
8.259000
14.842000
12.030000
12.336000
14.886000
0.743000
10.746000
10.082000
7.620000
13.080000
8.835000
12.266000
19.555000
11.678000
7.587000
11.068000
4.441000
15.818000
13.215000
9.979000
10.398000
8.424000
11.253000
6.464000
17.543000
6.199000
11.015000
17.594000
15.146000
8.339000
11.861000
10.083000
14.001000
9.890000
11.973000
8.236000
5.055000
20.663000
18.166000
15.478000
12.526000
14.864000
13.712000
8.756000
13.086000
12.360000
1.911000
6.339000
9.035000
9.960000
10.397000
15.747000
12.378000
17.450000
11.426000
11.356000
11.645000
16.019000
10.724000
11.355000
10.709000
15.680000
3.597000
11.379000
5.145000
11.845000
11.010000
13.085000
3.486000
5.875000
10.555000
9.078000
19.090000
10.015000
15.376000
16.583000
16.828000
14.612000
11.432000
1.013000
11.264000
10.091000
15.041000
13.085000
13.936000
8.713000
11.348000
18.555000
14.307000
12.179000
15.509000
17.046000
6.064000
12.366000
11.854000
12.021000
9.666000
11.467000
11.918000
12.694000
19.991000
10.067000
6.637000
6.790000
15.151000
14.650000
8.253000
8.033000
8.986000
15.236000
13.731000
12.308000
0.000000
9.990000
13.626000
17.015000
10.416000
14.989000
6.180000
8.139000
6.925000
8.002000
7.674000
16.747000
13.299000
10.449000
19.550000
9.053000
12.227000
8.686000
13.422000
11.177000
14.691000
18.288000
18.228000
18.112000
9.181000
17.565000
15.614000
10.563000
10.554000
24.076000
7.550000
12.890000
17.264000
16.187000
8.263000
15.285000
14.144000
9.846000
0.299000
11.748000
11.157000
7.254000
16.829000
22.987000
9.611000
7.505000
9.497000
17.394000
17.915000
13.949000
10.460000
10.196000
16.427000
0.140000
11.626000
3.484000
16.547000
11.396000
8.089000
6.159000
15.550000
13.434000
15.880000
5.924000
8.240000
17.717000
13.125000
11.576000
10.031000
9.394000
10.536000
11.361000
11.633000
8.666000
15.658000
19.637000
16.501000
7.568000
10.906000
11.694000
11.727000
13.545000
14.181000
4.399000
10.544000
6.959000
10.082000
11.348000
13.819000
8.627000
10.275000
13.831000
7.571000
18.457000
10.668000
12.385000
8.790000
9.697000
6.565000
15.130000
20.951000
11.736000
12.399000
12.678000
12.919000
9.382000
8.145000
7.853000
15.307000
11.773000
8.845000
19.335000
10.412000
14.888000
16.855000
10.474000
6.531000
7.315000
15.316000
9.929000
20.291000
12.281000
15.115000
16.974000
10.906000
16.912000
15.972000
9.050000
14.490000
12.112000
16.150000
13.639000
10.379000
11.963000
11.142000
11.239000
18.267000
13.519000
6.188000
14.449000
15.639000
11.032000
10.015000
12.911000
10.516000
16.985000
10.229000
11.221000
8.699000
20.329000
18.708000
8.420000
13.632000
16.188000
11.448000
12.705000
4.854000
17.191000
13.795000
6.854000
12.986000
13.999000
13.572000
10.108000
7.145000
5.093000
5.779000
9.997000
12.420000
6.887000
10.247000
6.554000
6.058000
3.079000
4.274000
10.981000
5.210000
8.798000
3.509000
7.202000
6.953000
6.177000
11.829000
9.137000
7.898000
8.372000
8.125000
9.493000
6.746000
8.961000
7.723000
12.240000
15.910000
12.326000
4.433000
10.266000
13.708000
3.700000
7.237000
15.455000
4.288000
14.250000
6.539000
10.583000
6.355000
7.906000
11.420000
6.862000
6.477000
15.355000
5.546000
14.682000
5.040000
5.680000
15.759000
3.354000
10.711000
13.043000
12.308000
10.581000
11.706000
13.896000
19.089000
4.199000
10.554000
10.905000
10.176000
7.109000
11.925000
14.554000
6.099000
7.425000
2.517000
8.656000
8.097000
4.361000
13.770000
14.329000
14.104000
5.664000
5.428000
7.249000
4.460000
12.339000
5.902000
11.723000
13.143000
4.364000
5.763000
8.823000
13.317000
7.455000
12.663000
10.091000
4.930000
1.179000
12.244000
12.464000
12.599000
9.054000
10.065000
15.126000
11.693000
11.703000
11.020000
9.314000
14.486000
9.341000
7.825000
6.950000
10.983000
16.997000
26.585000
12.340000
8.573000
17.856000
8.140000
16.350000
15.503000
9.272000
7.520000
9.607000
19.081000
6.690000
7.677000
12.434000
4.082000
11.839000
4.410000
15.918000
16.154000
4.734000
13.353000
12.511000
12.278000
14.681000
10.958000
9.980000
17.298000
10.438000
13.843000
16.079000
6.023000
5.066000
13.128000
15.756000
12.511000
10.793000
18.386000
13.721000
13.066000
14.782000
14.347000
11.134000
11.181000
7.517000
13.177000
7.650000
11.748000
11.726000
7.018000
15.232000
13.581000
8.829000
5.823000
3.100000
11.944000
6.571000
8.914000
21.158000
11.411000
3.468000
8.245000
21.082000
10.008000
8.854000
14.770000
9.273000
6.683000
6.613000
6.518000
3.184000
5.520000
11.161000
14.488000
14.224000
11.916000
6.791000
3.847000
6.434000
11.420000
13.033000
10.353000
3.437000
12.851000
9.068000
10.267000
6.615000
16.243000
12.918000
10.879000
8.760000
4.259000
15.893000
12.353000
12.417000
14.062000
13.708000
9.163000
14.836000
7.545000
13.511000
9.728000
9.536000
14.311000
9.174000
9.344000
7.480000
4.496000
11.071000
7.503000
13.928000
10.211000
8.163000
13.301000
6.932000
4.751000
11.857000
9.140000
9.153000
11.460000
8.825000
7.114000
7.574000
13.451000
11.978000
14.161000
9.901000
6.461000
7.354000
5.576000
8.561000
10.053000
6.671000
5.526000
6.780000
5.826000
7.564000
8.954000
9.549000
11.366000
9.111000
9.435000
9.067000
7.764000
14.426000
6.141000
11.903000
17.026000
4.444000
8.618000
14.085000
9.967000
8.385000
9.427000
13.883000
5.468000
10.512000
3.863000
11.725000
8.823000
10.228000
11.717000
9.355000
11.303000
12.137000
6.798000
11.821000
16.315000
15.088000
8.394000
6.188000
7.833000
9.194000
14.963000
6.510000
11.087000
13.766000
3.522000
3.689000
8.675000
6.544000
7.370000
9.039000
13.149000
5.494000
6.701000
12.098000
11.853000
11.547000
12.348000
9.735000
14.470000
10.984000
11.237000
10.714000
12.065000
16.915000
4.203000
12.720000
6.537000
6.951000
15.406000
7.957000
11.221000
0.000000
12.930000
8.125000
15.804000
10.526000
11.725000
10.455000
9.358000
7.636000
9.458000
9.635000
6.912000
9.111000
11.070000
3.881000
2.232000
7.401000
0.000000
2.780000
4.336000
1.454000
8.276000
12.901000
11.928000
3.985000
0.520000
0.000000
3.846000
8.741000
6.797000
1.338000
7.223000
4.589000
0.668000
0.000000
7.146000
2.348000
4.742000
5.014000
2.424000
5.841000
11.401000
1.353000
4.098000
6.188000
3.347000
1.609000
1.429000
1.939000
5.596000
10.650000
4.827000
6.855000
2.829000
5.483000
2.841000
1.729000
10.412000
6.307000
5.470000
1.947000
12.139000
0.000000
3.313000
4.356000
1.103000
5.770000
0.448000
0.982000
3.926000
0.000000
10.751000
2.332000
4.846000
15.088000
11.336000
8.401000
5.355000
2.229000
1.216000
8.784000
9.322000
7.408000
1.812000
12.949000
0.000000
12.754000
9.065000
0.993000
10.044000
3.667000
4.875000
0.947000
6.879000
2.578000
0.000000
16.457000
11.547000
1.755000
10.561000
10.173000
0.000000
11.428000
3.567000
9.421000
11.422000
9.364000
3.683000
11.031000
3.313000
12.662000
11.776000
11.181000
0.718000
11.056000
7.024000
4.973000
14.496000
6.047000
4.368000
11.173000
5.571000
0.000000
4.909000
4.952000
17.096000
7.169000
5.663000
5.910000
12.325000
6.246000
10.872000
7.291000
6.178000
5.842000
9.233000
12.157000
9.924000
11.280000
5.363000
0.000000
0.000000
16.714000
9.245000
12.030000
10.287000
4.490000
9.607000
12.977000
16.211000
5.791000
12.374000
9.676000
0.913000
7.176000
5.493000
5.138000
7.327000
14.424000
9.236000
10.525000
7.650000
7.787000
8.558000
10.695000
7.983000
12.210000
4.321000
10.038000
13.577000
8.758000
17.064000
9.735000
3.336000
6.499000
11.615000
0.805000
8.290000
13.345000
9.844000
0.000000
17.022000
8.805000
11.284000
8.493000
12.712000
3.481000
13.762000
2.288000
10.317000
11.441000
9.556000
5.795000
0.955000
12.379000
2.928000
5.615000
9.065000
12.302000
9.258000
6.510000
4.584000
3.757000
9.096000
10.653000
10.873000
9.149000
6.200000
13.932000
11.236000
10.240000
13.412000
16.515000
12.053000
16.889000
6.753000
4.376000
9.734000
10.354000
10.053000
10.511000
11.308000
0.000000
18.295000
12.530000
12.285000
6.420000
11.001000
0.000000
14.304000
9.739000
10.907000
15.198000
5.859000
12.142000
11.731000
4.105000
9.858000
10.461000
13.872000
5.376000
8.562000
2.927000
10.886000
9.959000
8.749000
12.004000
5.054000
10.947000
10.267000
17.626000
9.355000
6.839000
6.946000
7.935000
14.765000
9.074000
5.228000
14.632000
4.395000
13.132000
10.429000
10.754000
7.944000
13.488000
6.715000
8.939000
9.306000
11.706000
8.858000
3.885000
0.000000
9.607000
6.713000
2.797000
10.513000
4.978000
18.743000
7.870000
12.397000
15.871000
8.965000
10.658000
9.843000
11.010000
7.801000
10.607000
12.283000
10.538000
6.479000
7.367000
11.160000
15.675000
10.868000
5.279000
9.178000
10.477000
10.898000
7.324000
15.026000
6.882000
13.465000
13.598000
20.618000
13.217000
10.704000
5.145000
9.480000
12.908000
10.245000
10.949000
4.578000
9.921000
11.819000
7.868000
8.905000
9.716000
14.134000
10.115000
8.984000
10.727000
9.620000
15.395000
10.350000
5.949000
8.387000
7.751000
9.015000
9.530000
12.744000
10.239000
8.499000
10.914000
8.647000
11.374000
7.180000
14.390000
14.367000
12.031000
7.809000
6.477000
13.018000
8.512000
13.584000
9.042000
7.286000
13.491000
10.280000
7.266000
8.169000
12.536000
8.465000
9.156000
8.783000
10.188000
10.549000
8.129000
10.893000
10.704000
12.314000
6.227000
7.471000
11.639000
7.078000
7.510000
7.366000
11.836000
9.157000
7.139000
8.538000
15.273000
8.654000
8.404000
9.672000
8.592000
9.260000
7.189000
7.464000
10.048000
13.698000
9.249000
11.674000
10.718000
7.262000
9.431000
7.468000
10.111000
5.716000
11.301000
13.044000
5.792000
4.571000
12.172000
15.809000
7.137000
8.037000
7.588000
9.984000
12.150000
11.404000
8.554000
5.638000
13.198000
13.624000
10.594000
10.383000
10.109000
8.930000
6.277000
11.952000
9.260000
14.799000
14.496000
7.646000
12.444000
11.839000
7.920000
10.401000
6.069000
3.357000
10.048000
10.705000
8.401000
10.876000
15.359000
12.596000
5.278000
15.831000
17.449000
10.968000
12.256000
12.134000
7.538000
13.639000
16.348000
7.765000
8.480000
15.585000
16.309000
3.072000
4.995000
11.043000
10.955000
15.446000
6.470000
10.469000
9.843000
13.529000
4.923000
9.200000
14.623000
9.420000
20.244000
7.539000
16.864000
7.024000
8.313000
12.973000
10.364000
9.416000
9.904000
9.722000
7.816000
8.633000
13.895000
5.625000
10.232000
15.867000
10.154000
16.498000
8.436000
11.118000
8.604000
10.216000
8.474000
9.236000
6.594000
5.990000
7.940000
4.800000
9.029000
11.883000
10.442000
6.299000
8.855000
9.754000
7.192000
8.271000
9.226000
7.487000
10.323000
14.016000
9.588000
11.463000
7.931000
12.447000
15.191000
10.697000
9.419000
11.520000
13.469000
10.463000
11.045000
11.624000
10.638000
8.207000
10.727000
11.660000
12.739000
8.701000
16.278000
12.314000
10.709000
12.212000
7.731000
15.436000
15.780000
8.686000
11.860000
8.434000
13.918000
7.155000
13.886000
9.410000
17.933000
7.533000
12.377000
5.411000
6.872000
7.000000
16.974000
5.220000
12.332000
8.592000
13.526000
15.417000
12.163000
10.612000
11.190000
7.991000
8.858000
8.783000
8.764000
12.609000
7.875000
12.125000
6.696000
5.102000
14.375000
11.089000
11.998000
16.566000
11.320000
7.238000
12.113000
12.115000
6.033000
14.458000
9.008000
13.646000
3.562000
9.717000
9.098000
7.758000
9.831000
10.743000
12.320000
11.295000
7.614000
7.580000
6.337000
11.750000
10.841000
8.146000
4.666000
8.527000
13.302000
9.054000
11.080000
12.906000
6.972000
8.406000
11.899000
0.000000
0.000000
4.564000
11.697000
5.735000
10.682000
9.295000
4.349000
8.602000
7.784000
1.435000
8.086000
7.149000
10.798000
12.426000
8.531000
5.496000
9.178000
13.561000
7.763000
8.350000
7.478000
12.005000
1.411000
5.138000
2.596000
11.150000
4.950000
12.346000
6.853000
9.440000
1.395000
4.135000
10.784000
9.477000
6.233000
6.047000
6.393000
7.759000
7.406000
4.662000
5.475000
5.729000
4.190000
5.258000
7.333000
12.627000
12.925000
3.600000
9.375000
3.353000
6.645000
7.579000
5.716000
15.249000
9.277000
4.763000
12.128000
10.546000
5.024000
12.205000
8.099000
7.106000
7.747000
10.153000
9.005000
14.154000
8.267000
7.956000
9.212000
7.518000
6.146000
0.000000
2.398000
11.674000
14.270000
9.830000
9.539000
12.578000
11.374000
6.486000
11.181000
11.359000
2.706000
15.445000
12.690000
4.551000
0.000000
11.645000
12.018000
6.291000
12.315000
3.650000
9.670000
0.318000
10.813000
6.346000
1.469000
12.686000
6.308000
10.685000
13.199000
5.478000
8.443000
11.238000
8.193000
15.911000
6.717000
2.979000
9.471000
3.659000
12.725000
5.764000
9.917000
12.234000
6.719000
5.222000
12.146000
7.761000
6.673000
11.569000
8.468000
12.941000
10.476000
9.934000
19.134000
14.065000
5.173000
12.921000
15.852000
5.735000
16.961000
17.461000
11.035000
3.891000
1.269000
10.233000
9.861000
2.744000
8.414000
0.643000
11.861000
14.215000
9.040000
8.832000
14.286000
11.863000
4.678000
11.415000
8.983000
4.245000
3.130000
10.438000
8.032000
13.970000
11.205000
16.197000
6.496000
9.727000
8.045000
11.139000
4.793000
5.110000
3.119000
4.990000
8.121000
2.514000
9.357000
4.377000
5.635000
5.809000
6.940000
4.426000
7.867000
3.246000
11.484000
2.598000
7.568000
6.998000
7.531000
5.581000
0.617000
8.988000
11.186000
2.263000
2.956000
9.723000
8.901000
11.820000
7.178000
10.563000
8.340000
0.574000
5.273000
10.988000
6.079000
6.257000
11.931000
13.135000
9.871000
9.506000
3.470000
5.979000
6.829000
11.209000
5.721000
7.075000
6.453000
5.428000
6.358000
8.457000
6.246000
6.706000
4.234000
8.183000
5.873000
3.955000
11.776000
15.801000
2.901000
4.790000
10.976000
5.584000
8.329000
1.895000
3.588000
4.541000
9.392000
4.702000
5.110000
4.811000
11.146000
7.104000
12.000000
8.766000
4.910000
10.641000
6.580000
10.103000
3.553000
7.713000
5.587000
7.880000
9.865000
5.913000
9.669000
12.320000
7.519000
10.361000
9.442000
9.797000
6.736000
3.039000
7.804000
13.461000
11.404000
3.623000
6.215000
4.585000
8.681000
5.608000
9.920000
11.660000
10.433000
4.595000
7.231000
4.306000
7.648000
9.069000
15.193000
8.502000
13.439000
1.897000
8.438000
8.806000
14.477000
11.086000
8.233000
6.707000
5.773000
7.332000
10.516000
10.359000
9.840000
9.287000
10.324000
12.025000
8.283000
7.549000
7.961000
7.418000
4.448000
6.958000
7.167000
4.659000
3.527000
7.559000
7.120000
5.522000
5.040000
9.707000
5.695000
8.877000
9.588000
7.420000
14.578000
11.744000
10.760000
0.744000
8.162000
11.127000
3.241000
12.957000
3.987000
9.788000
7.361000
5.657000
9.705000
7.304000
8.383000
11.963000
3.707000
11.179000
13.299000
10.079000
10.402000
8.218000
10.410000
6.084000
6.939000
8.813000
11.941000
10.679000
10.083000
7.628000
7.845000
7.935000
7.004000
6.942000
4.777000
7.920000
7.151000
4.528000
1.356000
12.030000
11.170000
6.716000
4.921000
7.809000
4.576000
1.949000
4.872000
1.376000
1.529000
6.557000
5.762000
2.918000
3.709000
2.663000
0.000000
0.000000
2.700000
2.463000
1.297000
1.423000
4.751000
2.712000
2.113000
8.871000
8.174000
0.446000
0.696000
0.000000
4.924000
3.205000
3.505000
2.163000
3.017000
0.000000
2.488000
4.841000
13.052000
1.550000
15.183000
3.122000
8.828000
7.430000
2.472000
1.736000
4.395000
8.510000
4.857000
1.038000
6.705000
9.127000
3.634000
1.529000
6.708000
3.609000
4.011000
4.136000
3.014000
5.951000
7.887000
9.347000
0.000000
1.566000
1.559000
8.072000
4.126000
11.414000
1.902000
3.307000
8.856000
2.508000
13.666000
6.679000
1.672000
8.754000
1.579000
2.753000
3.921000
0.000000
7.937000
10.634000
0.054000
3.821000
16.321000
2.780000
7.950000
13.047000
5.244000
17.584000
3.842000
8.034000
7.217000
0.000000
2.980000
4.741000
7.056000
5.835000
11.651000
6.981000
8.570000
0.000000
17.067000
0.269000
8.479000
10.308000
7.568000
0.918000
5.772000
7.478000
9.963000
6.026000
8.277000
6.626000
4.409000
3.945000
3.326000
2.294000
4.916000
5.877000
0.187000
4.274000
3.369000
7.715000
7.900000
12.189000
0.660000
2.997000
15.377000
7.733000
20.079000
9.680000
5.522000
10.135000
0.845000
13.112000
7.046000
11.961000
9.699000
7.616000
5.813000
9.341000
3.219000
18.555000
6.264000
11.124000
10.487000
0.228000
9.579000
6.506000
3.493000
7.419000
4.715000
11.026000
4.969000
4.267000
4.845000
6.380000
5.134000
10.214000
8.329000
11.892000
12.141000
9.413000
9.040000
5.316000
3.557000
4.337000
8.965000
0.050000
4.504000
7.911000
7.131000
6.046000
3.904000
9.039000
6.949000
8.697000
9.781000
0.000000
15.152000
10.449000
5.228000
3.235000
5.514000
8.681000
5.802000
2.308000
11.892000
5.274000
4.270000
5.464000
5.050000
0.542000
2.419000
3.963000
10.293000
6.059000
4.726000
11.644000
6.499000
8.318000
13.019000
9.081000
8.128000
5.237000
4.080000
1.536000
7.778000
13.654000
2.854000
15.202000
11.481000
7.809000
6.119000
9.349000
2.242000
4.655000
5.939000
6.822000
9.164000
13.008000
5.674000
8.631000
13.887000
4.990000
0.000000
15.270000
13.623000
1.930000
8.995000
19.877000
3.977000
5.270000
9.992000
2.874000
16.534000
1.173000
9.733000
7.946000
9.829000
2.558000
9.691000
1.475000
4.908000
13.529000
8.999000
11.034000
15.525000
3.514000
5.626000
11.185000
2.943000
3.426000
2.466000
9.115000
13.615000
8.346000
8.789000
9.863000
10.168000
7.388000
4.482000
9.361000
1.595000
10.427000
15.812000
7.496000
12.232000
15.322000
11.932000
13.628000
11.242000
4.025000
15.337000
13.482000
9.178000
2.397000
14.740000
10.881000
9.900000
9.750000
5.054000
6.411000
8.366000
2.017000
9.853000
3.556000
16.715000
14.058000
17.850000
8.702000
8.281000
6.823000
8.915000
12.020000
10.144000
15.687000
5.399000
1.279000
0.414000
13.835000
7.475000
10.515000
7.358000
11.001000
3.692000
2.403000
9.423000
13.357000
8.998000
4.624000
11.398000
13.224000
6.337000
14.148000
8.283000
3.543000
10.211000
11.341000
3.193000
11.842000
5.672000
16.563000
7.178000
5.517000
9.683000
15.079000
11.503000
3.920000
7.124000
14.446000
13.616000
11.734000
12.855000
12.689000
9.521000
16.747000
8.670000
9.924000
20.816000
7.888000
11.943000
8.862000
6.809000
7.682000
5.114000
8.687000
0.643000
10.616000
12.968000
1.046000
0.766000
14.573000
9.895000
7.888000
14.091000
15.704000
6.029000
14.903000
11.897000
1.985000
6.295000
10.550000
10.809000
1.501000
9.704000
7.056000
5.036000
14.111000
10.689000
8.272000
13.763000
5.202000
11.411000
6.401000
12.116000
15.183000
5.197000
10.729000
15.163000
9.687000
6.675000
10.996000
18.676000
11.402000
8.778000
11.965000
3.268000
10.176000
7.205000
13.213000
11.748000
4.697000
8.259000
11.419000
12.246000
13.143000
12.905000
18.276000
15.076000
3.889000
12.126000
9.205000
14.763000
6.407000
15.816000
11.173000
1.740000
9.881000
8.776000
14.982000
8.048000
9.965000
9.792000
16.879000
0.000000
7.169000
14.753000
13.476000
13.899000
15.094000
9.061000
10.459000
6.802000
7.937000
10.429000
17.611000
14.524000
4.940000
6.063000
11.192000
11.232000
15.666000
10.140000
14.151000
9.500000
12.649000
9.335000
11.164000
9.049000
12.411000
14.316000
10.452000
8.051000
6.420000
8.139000
11.865000
0.000000
12.436000
12.314000
13.209000
14.311000
11.702000
10.020000
10.654000
7.472000
11.782000
12.158000
10.425000
12.946000
7.523000
12.734000
0.181000
11.981000
12.996000
5.431000
12.234000
14.469000
14.221000
8.243000
10.887000
12.740000
10.757000
15.876000
9.495000
10.484000
9.047000
11.318000
13.298000
7.977000
7.010000
13.031000
6.752000
13.169000
13.505000
6.963000
9.869000
12.308000
9.083000
14.745000
12.936000
13.304000
8.795000
14.659000
13.340000
16.811000
13.552000
8.946000
10.538000
9.914000
9.861000
16.340000
9.250000
16.320000
10.291000
8.248000
10.664000
17.770000
8.832000
6.597000
15.842000
9.846000
10.548000
4.193000
8.193000
10.236000
14.880000
7.063000
13.451000
14.977000
6.779000
9.845000
17.739000
9.213000
11.302000
5.221000
12.192000
14.959000
17.307000
9.160000
12.318000
4.207000
10.340000
4.878000
2.101000
10.397000
15.965000
11.826000
18.806000
12.768000
15.019000
16.343000
13.920000
14.300000
7.328000
11.393000
11.871000
14.508000
13.915000
10.693000
9.566000
14.328000
11.540000
8.712000
12.832000
14.768000
13.175000
16.399000
10.614000
4.443000
9.495000
7.181000
11.654000
14.064000
12.891000
11.824000
6.331000
14.318000
14.162000
13.329000
8.654000
11.976000
10.078000
7.051000
15.331000
7.210000
10.316000
13.826000
6.801000
11.360000
16.361000
6.312000
11.344000
17.043000
11.746000
18.549000
17.678000
8.524000
4.129000
9.280000
9.573000
9.583000
15.548000
13.554000
11.783000
12.606000
10.558000
11.341000
10.877000
13.677000
13.355000
11.186000
6.962000
13.774000
10.839000
13.656000
10.509000
9.387000
10.311000
13.124000
15.123000
11.580000
8.071000
9.942000
9.478000
12.065000
15.259000
8.609000
8.694000
10.551000
11.032000
9.886000
11.532000
9.058000
7.754000
9.171000
7.059000
5.074000
9.446000
8.255000
8.041000
13.793000
9.665000
10.463000
9.802000
14.289000
11.129000
11.745000
11.583000
6.780000
10.530000
12.073000
7.091000
9.959000
8.939000
15.106000
10.093000
8.322000
14.164000
10.771000
11.429000
11.279000
6.521000
15.048000
9.930000
12.714000
13.195000
2.505000
11.582000
7.016000
3.893000
7.914000
11.103000
6.577000
9.015000
7.999000
14.871000
2.923000
13.956000
4.849000
4.447000
5.180000
10.619000
9.118000
5.794000
8.775000
11.119000
9.875000
6.105000
7.859000
10.378000
10.184000
7.811000
12.977000
11.552000
12.550000
6.359000
14.128000
14.834000
10.610000
11.335000
7.352000
6.905000
9.496000
11.925000
14.320000
8.589000
10.031000
13.073000
13.907000
6.928000
10.578000
4.134000
6.340000
9.388000
9.080000
8.058000
4.280000
12.245000
11.178000
8.840000
6.650000
7.381000
7.495000
10.059000
8.190000
13.398000
10.738000
3.708000
12.073000
12.254000
12.310000
7.727000
13.493000
12.011000
12.206000
11.152000
11.809000
13.029000
11.775000
9.457000
4.816000
12.443000
10.064000
13.426000
8.367000
5.769000
5.843000
10.852000
14.506000
7.114000
7.872000
10.766000
3.596000
7.395000
9.928000
10.742000
15.478000
8.982000
7.840000
9.307000
11.616000
12.585000
2.074000
12.294000
11.747000
19.833000
7.728000
12.736000
9.001000
9.512000
11.152000
3.089000
13.238000
9.455000
10.804000
7.398000
9.124000
6.414000
7.633000
8.648000
9.188000
12.622000
12.781000
3.676000
8.054000
6.552000
9.358000
16.353000
13.925000
9.922000
12.420000
10.677000
12.104000
16.309000
15.016000
8.937000
10.433000
11.101000
11.778000
10.583000
16.858000
13.380000
8.397000
7.738000
9.256000
6.824000
3.257000
7.642000
8.369000
7.205000
13.372000
11.979000
4.485000
10.696000
12.521000
4.459000
10.428000
8.653000
8.107000
10.703000
4.822000
8.204000
5.183000
4.545000
10.603000
15.520000
10.399000
10.275000
10.915000
6.555000
7.301000
8.977000
17.582000
6.031000
10.400000
9.280000
4.567000
12.986000
9.867000
6.576000
13.199000
10.484000
10.825000
10.806000
13.949000
11.417000
11.825000
9.065000
12.265000
14.900000
5.615000
7.035000
9.433000
10.312000
11.617000
7.985000
7.443000
8.321000
11.760000
15.092000
10.780000
6.219000
4.378000
10.011000
12.228000
10.553000
10.342000
7.431000
8.423000
10.962000
8.240000
9.833000
10.179000
7.738000
11.761000
9.761000
15.124000
9.208000
6.642000
15.583000
11.097000
12.990000
9.883000
4.563000
9.351000
8.524000
12.512000
10.392000
14.516000
12.003000
14.137000
5.639000
14.074000
13.483000
10.950000
8.605000
7.052000
14.560000
9.236000
10.101000
9.190000
13.456000
9.724000
8.808000
12.180000
10.973000
14.900000
9.973000
10.981000
7.292000
6.381000
13.631000
8.343000
8.767000
7.731000
17.614000
3.166000
11.367000
5.929000
8.015000
6.752000
17.947000
4.557000
7.046000
5.650000
15.790000
17.630000
8.354000
3.907000
15.653000
7.043000
11.957000
12.793000
11.761000
6.422000
2.940000
11.110000
8.982000
6.368000
11.343000
9.596000
16.606000
8.932000
15.406000
8.071000
11.709000
9.864000
8.102000
9.536000
10.066000
7.115000
11.572000
6.940000
8.417000
9.150000
2.757000
10.340000
4.460000
3.200000
6.492000
2.172000
13.199000
13.487000
9.306000
6.580000
5.160000
6.633000
1.051000
7.598000
6.358000
8.651000
5.384000
8.021000
8.980000
12.643000
7.359000
7.292000
5.981000
18.050000
4.113000
12.794000
11.293000
7.922000
6.032000
2.322000
7.286000
4.350000
8.659000
4.791000
7.256000
17.920000
7.025000
12.460000
7.374000
8.800000
12.962000
9.077000
6.684000
17.003000
6.871000
4.385000
4.896000
6.432000
4.271000
5.856000
12.584000
8.797000
6.194000
8.957000
5.422000
9.000000
17.455000
8.381000
7.589000
8.360000
4.978000
6.620000
8.536000
11.479000
5.089000
6.481000
8.861000
5.267000
6.868000
8.982000
10.974000
8.281000
6.188000
7.756000
10.989000
10.422000
10.301000
10.755000
4.604000
3.829000
8.295000
5.044000
7.628000
7.303000
13.016000
9.781000
12.700000
11.016000
15.982000
6.787000
20.765000
4.753000
6.859000
11.547000
16.155000
7.779000
5.419000
19.136000
13.214000
5.964000
13.724000
6.262000
6.481000
9.056000
7.109000
4.297000
13.917000
7.172000
10.601000
8.570000
12.524000
7.968000
5.393000
9.576000
8.666000
11.102000
14.512000
7.528000
11.134000
3.807000
4.971000
6.771000
8.238000
9.607000
6.811000
8.853000
4.872000
8.763000
12.422000
12.723000
6.803000
10.310000
8.575000
8.935000
9.246000
9.427000
4.307000
14.488000
10.261000
8.465000
15.549000
11.633000
16.492000
14.329000
12.523000
7.756000
6.473000
8.816000
6.127000
6.997000
8.367000
9.803000
11.032000
10.330000
3.658000
21.306000
8.344000
5.793000
12.832000
10.033000
6.498000
12.207000
8.840000
10.517000
13.000000
12.025000
10.113000
7.150000
11.222000
6.760000
4.452000
7.442000
4.297000
6.617000
9.807000
10.071000
10.333000
8.173000
8.347000
9.394000
11.473000
14.162000
7.488000
12.553000
12.291000
12.077000
6.006000
7.208000
10.558000
10.498000
7.572000
11.378000
10.164000
5.898000
7.678000
5.822000
8.293000
13.099000
15.425000
10.720000
19.495000
10.441000
6.000000
9.949000
10.436000
6.957000
10.753000
3.577000
4.115000
2.750000
11.251000
10.683000
9.795000
8.151000
7.175000
10.763000
9.783000
10.728000
14.036000
6.612000
7.113000
6.996000
9.734000
7.462000
9.571000
11.723000
9.920000
15.168000
8.492000
9.557000
8.686000
6.657000
6.501000
14.891000
10.123000
17.674000
11.295000
13.480000
6.206000
4.362000
17.213000
12.040000
12.446000
8.741000
7.364000
14.313000
6.101000
12.377000
9.888000
10.982000
13.273000
4.834000
10.770000
11.405000
10.390000
8.264000
10.533000
8.356000
7.717000
12.248000
11.966000
4.269000
2.907000
11.617000
10.183000
13.010000
5.033000
11.481000
12.410000
8.429000
5.800000
6.785000
7.262000
11.334000
7.240000
11.529000
13.620000
5.737000
0.039000
7.837000
1.966000
4.329000
20.157000
15.086000
3.588000
3.053000
8.309000
8.454000
12.405000
9.020000
12.862000
18.053000
10.440000
14.287000
1.799000
6.158000
9.629000
9.473000
11.827000
12.059000
4.100000
9.969000
10.756000
8.787000
6.977000
11.095000
12.806000
9.345000
10.923000
11.580000
10.170000
13.254000
13.527000
14.449000
14.566000
13.487000
10.920000
9.079000
15.830000
8.173000
6.852000
9.325000
6.030000
8.595000
0.000000
9.869000
5.233000
11.952000
12.868000
3.652000
12.196000
8.031000
3.286000
9.397000
6.168000
9.986000
6.199000
12.470000
16.805000
11.549000
5.673000
8.700000
12.651000
12.217000
6.966000
3.722000
6.915000
7.486000
8.888000
11.374000
5.647000
5.068000
7.753000
12.754000
10.165000
6.955000
7.713000
9.699000
2.710000
9.417000
5.485000
8.114000
5.246000
12.453000
7.069000
2.118000
5.255000
3.891000
6.348000
8.563000
12.518000
9.651000
8.714000
10.358000
5.818000
10.165000
4.060000
3.811000
18.964000
6.308000
10.856000
11.778000
7.701000
8.172000
9.729000
13.545000
6.886000
3.872000
6.033000
6.888000
8.653000
8.627000
14.141000
8.836000
9.186000
7.691000
10.250000
17.155000
8.392000
9.279000
6.647000
6.726000
5.777000
5.532000
6.043000
11.103000
4.207000
6.820000
19.740000
10.306000
7.376000
7.602000
6.143000
8.963000
2.586000
5.143000
4.975000
9.809000
2.787000
5.027000
3.354000
4.403000
10.960000
3.441000
11.629000
6.872000
8.682000
8.212000
6.901000
7.190000
8.943000
8.414000
4.403000
6.611000
6.199000
6.404000
10.385000
4.117000
3.310000
5.040000
9.689000
6.338000
11.662000
2.353000
2.035000
9.049000
7.920000
7.523000
4.148000
3.454000
13.060000
8.227000
8.435000
9.321000
5.662000
8.467000
7.563000
5.063000
7.266000
8.365000
13.970000
4.674000
4.819000
8.373000
8.850000
6.087000
3.329000
12.257000
12.843000
8.128000
7.329000
7.072000
3.769000
9.492000
5.229000
10.588000
9.809000
6.856000
11.724000
17.582000
7.610000
14.778000
2.124000
3.784000
9.189000
14.350000
13.218000
9.905000
6.171000
11.386000
8.695000
6.053000
4.443000
4.500000
13.270000
17.469000
4.355000
3.263000
11.661000
6.234000
0.000000
3.168000
9.781000
3.482000
8.072000
12.217000
9.597000
8.990000
4.955000
10.655000
0.000000
6.952000
5.012000
3.840000
11.777000
8.306000
4.647000
6.105000
6.521000
7.507000
8.491000
6.396000
8.181000
4.537000
11.614000
8.959000
8.444000
6.378000
4.042000
2.700000
9.014000
2.049000
7.899000
6.977000
9.697000
9.429000
3.538000
3.488000
3.444000
5.979000
10.792000
4.961000
4.933000
8.952000
4.736000
14.904000
3.704000
11.110000
4.009000
7.085000
1.220000
11.060000
7.825000
11.568000
9.021000
13.334000
7.278000
3.997000
6.412000
3.317000
8.977000
15.782000
5.705000
8.567000
2.453000
13.353000
12.194000
7.555000
3.930000
5.991000
3.424000
10.280000
0.000000
12.046000
7.404000
6.284000
3.645000
5.474000
3.932000
3.802000
4.741000
7.097000
10.089000
4.663000
9.743000
6.988000
4.410000
8.049000
10.536000
10.594000
7.777000
8.770000
6.136000
7.503000
14.606000
4.733000
5.356000
7.362000
4.827000
6.133000
8.666000
5.255000
10.124000
2.136000
4.405000
10.250000
5.359000
5.748000
7.070000
11.443000
5.442000
2.405000
11.005000
3.791000
8.663000
4.021000
12.489000
1.494000
15.154000
9.025000
6.265000
7.094000
7.495000
6.670000
12.907000
8.693000
1.119000
13.296000
7.036000
10.439000
13.044000
10.239000
6.683000
8.806000
6.361000
4.603000
7.753000
4.115000
2.621000
2.149000
7.303000
13.092000
7.621000
0.806000
0.803000
4.247000
6.869000
7.981000
7.679000
7.022000
6.189000
9.088000
10.689000
0.865000
7.004000
15.704000
4.038000
15.181000
11.232000
6.941000
13.951000
10.332000
10.726000
9.860000
5.363000
1.708000
6.342000
7.037000
5.219000
10.078000
1.975000
15.569000
12.596000
10.842000
5.155000
4.043000
6.516000
4.925000
12.782000
5.333000
5.402000
9.035000
8.635000
0.308000
8.812000
1.016000
4.600000
14.545000
7.528000
6.360000
8.973000
15.859000
8.817000
8.613000
7.685000
8.751000
5.415000
3.867000
15.276000
7.822000
7.434000
5.392000
3.956000
5.503000
8.923000
13.918000
13.026000
0.000000
17.212000
13.445000
8.963000
12.302000
7.318000
11.682000
9.966000
9.233000
5.274000
8.915000
2.285000
7.416000
13.488000
7.695000
8.685000
5.803000
10.669000
4.853000
7.363000
10.615000
7.543000
0.184000
2.586000
1.323000
3.960000
6.135000
8.878000
12.216000
9.947000
10.392000
11.034000
7.294000
11.034000
10.423000
3.811000
17.527000
14.365000
7.494000
6.998000
9.499000
8.127000
12.485000
6.798000
4.188000
9.439000
7.290000
6.311000
7.480000
11.592000
9.885000
16.826000
14.028000
11.708000
1.101000
18.898000
7.245000
13.710000
10.416000
8.954000
11.844000
3.700000
10.788000
11.687000
8.382000
11.286000
18.787000
11.030000
1.144000
8.146000
10.563000
6.488000
4.010000
9.174000
8.699000
8.745000
8.199000
8.248000
5.371000
5.045000
3.958000
10.647000
8.104000
8.625000
10.096000
12.864000
4.495000
9.328000
13.891000
10.701000
2.920000
4.397000
12.100000
8.965000
3.305000
7.479000
9.687000
7.224000
8.707000
13.729000
5.977000
0.247000
6.913000
6.142000
10.029000
11.856000
8.760000
6.880000
6.111000
10.644000
11.453000
10.605000
8.441000
9.347000
4.373000
11.454000
12.862000
5.407000
13.637000
7.768000
6.416000
13.214000
9.922000
11.109000
8.529000
0.000000
10.286000
12.923000
0.714000
7.975000
12.124000
11.062000
6.739000
13.913000
10.830000
15.583000
6.600000
10.552000
8.638000
16.196000
10.216000
5.672000
11.098000
10.654000
8.532000
4.198000
12.974000
7.230000
10.208000
3.440000
6.077000
13.227000
15.725000
7.650000
9.091000
8.305000
15.785000
10.546000
11.512000
4.674000
10.702000
1.828000
11.093000
11.263000
5.222000
13.057000
14.604000
10.667000
13.045000
9.267000
12.110000
14.749000
13.226000
7.522000
7.243000
14.522000
10.151000
6.942000
11.682000
8.248000
10.600000
1.756000
6.723000
9.369000
9.231000
10.810000
4.124000
11.406000
8.352000
9.836000
9.123000
9.799000
6.964000
13.417000
15.716000
6.418000
14.606000
6.012000
10.383000
6.072000
5.848000
13.549000
15.914000
16.490000
10.253000
7.225000
2.371000
13.894000
11.724000
3.994000
9.876000
20.011000
6.841000
15.371000
13.189000
11.700000
11.462000
9.094000
7.123000
2.400000
1.187000
8.493000
15.189000
6.353000
11.629000
11.574000
4.358000
9.327000
15.347000
12.759000
11.140000
6.000000
12.405000
11.414000
9.041000
9.970000
12.868000
10.985000
6.644000
4.038000
13.287000
0.000000
8.815000
7.432000
5.519000
8.181000
10.737000
9.194000
9.897000
4.449000
7.445000
0.000000
10.790000
16.810000
12.885000
13.456000
7.474000
1.807000
11.329000
8.896000
0.000000
0.000000
0.000000
6.364000
13.704000
0.000000
9.296000
0.470000
10.645000
3.336000
7.744000
4.015000
0.000000
0.000000
0.000000
5.448000
0.000000
0.000000
0.000000
0.000000
0.506000
4.886000
0.000000
0.000000
0.161000
0.000000
0.000000
0.000000
0.000000
0.000000
0.000000
0.000000
0.000000
4.158000
0.000000
12.870000
3.012000
9.999000
0.000000
8.271000
0.000000
9.427000
0.000000
0.000000
0.000000
13.930000
9.608000
6.524000
0.000000
0.000000
0.000000
0.000000
0.000000
5.108000
12.964000
0.000000
0.000000
0.000000
0.000000
15.840000
0.000000
5.214000
0.000000
1.544000
12.030000
5.557000
11.045000
0.792000
7.192000
0.158000
0.000000
3.608000
0.000000
0.304000
11.423000
12.063000
5.483000
4.509000
7.817000
0.000000
10.061000
0.000000
0.000000
6.141000
11.000000
8.390000
9.181000
9.025000
4.952000
0.000000
0.000000
0.000000
0.000000
0.000000
0.000000
7.619000
10.058000
0.000000
9.243000
6.494000
8.981000
7.544000
5.541000
3.241000
0.000000
4.156000
5.208000
6.525000
7.683000
8.408000
6.631000
0.000000
7.543000
6.813000
8.927000
0.000000
10.299000
0.000000
0.000000
0.139000
5.766000
0.000000
15.093000
0.000000
0.202000
8.394000
3.632000
4.193000
5.606000
8.997000
6.009000
9.524000
2.160000
4.883000
0.000000
7.769000
1.215000
10.693000
7.393000
1.780000
6.539000
4.569000
14.585000
14.659000
0.000000
9.117000
6.888000
11.293000
9.697000
8.137000
4.784000
4.842000
7.448000
9.073000
3.894000
10.444000
0.000000
9.525000
5.324000
0.000000
4.241000
0.000000
6.821000
0.000000
4.798000
8.364000
9.936000
4.980000
3.126000
13.118000
0.000000
0.000000
10.060000
8.435000
6.314000
8.629000
6.877000
9.161000
7.316000
1.419000
5.158000
4.364000
2.897000
8.046000
5.896000
0.000000
1.519000
8.722000
1.471000
0.000000
11.510000
4.070000
4.842000
8.325000
16.690000
4.720000
3.874000
0.000000
6.277000
7.314000
0.000000
7.643000
7.971000
6.982000
6.797000
8.346000
1.339000
0.000000
9.386000
10.753000
10.765000
0.000000
4.303000
9.403000
4.177000
0.000000
7.529000
9.065000
4.854000
6.428000
5.188000
9.908000
5.597000
7.544000
9.307000
5.723000
5.418000
7.525000
6.830000
9.089000
10.220000
8.374000
8.810000
6.625000
6.534000
5.285000
11.967000
5.008000
0.000000
4.738000
4.987000
6.556000
0.000000
10.317000
8.507000
7.962000
4.686000
9.292000
7.849000
9.069000
10.759000
7.222000
6.752000
8.828000
10.430000
8.280000
1.623000
6.629000
6.707000
9.586000
6.635000
7.995000
4.419000
7.685000
8.816000
7.594000
8.147000
7.517000
5.337000
5.785000
6.236000
0.000000
5.512000
7.398000
13.618000
9.634000
3.992000
6.239000
6.331000
8.592000
10.410000
5.402000
4.907000
6.855000
4.354000
2.491000
10.612000
7.133000
11.191000
5.530000
11.634000
7.565000
5.081000
6.036000
9.524000
11.703000
8.230000
16.777000
2.776000
8.644000
0.000000
8.050000
5.212000
4.383000
3.957000
10.992000
3.636000
9.980000
5.369000
3.643000
7.414000
0.943000
4.076000
7.692000
7.670000
6.167000
4.361000
8.250000
0.000000
12.624000
4.340000
4.479000
16.883000
11.386000
6.304000
10.385000
7.750000
5.712000
8.399000
7.114000
8.269000
5.089000
10.195000
1.692000
6.475000
4.808000
2.655000
9.855000
3.397000
7.098000
8.706000
2.786000
0.000000
7.859000
7.016000
1.658000
8.926000
8.194000
9.494000
5.227000
5.816000
15.643000
2.880000
2.190000
4.756000
7.771000
6.130000
13.385000
8.533000
7.929000
10.171000
9.613000
9.920000
0.000000
10.037000
8.580000
5.633000
6.552000
10.810000
6.508000
6.248000
10.730000
10.375000
10.622000
5.861000
9.311000
5.534000
4.613000
9.671000
1.812000
9.271000
14.818000
11.691000
14.096000
10.808000
8.755000
3.592000
16.734000
8.761000
8.176000
9.097000
11.928000
5.859000
5.685000
4.406000
6.631000
8.858000
11.452000
4.986000
2.894000
9.902000
4.857000
6.562000
3.191000
9.193000
7.379000
7.877000
5.484000
8.517000
13.799000
0.239000
8.859000
15.508000
1.954000
8.046000
8.517000
17.980000
4.076000
6.483000
3.956000
3.688000
5.331000
12.714000
11.833000
11.041000
5.338000
9.003000
9.228000
2.130000
8.616000
5.445000
8.679000
7.396000
9.529000
11.068000
5.682000
17.594000
17.407000
4.674000
11.093000
2.376000
17.803000
4.540000
8.952000
3.635000
7.623000
11.502000
4.159000
9.242000
7.961000
7.233000
9.754000
10.554000
7.535000
9.870000
8.862000
7.836000
8.046000
7.981000
16.279000
7.349000
8.085000
10.312000
8.312000
7.596000
3.761000
17.593000
8.785000
8.645000
4.323000
3.562000
7.288000
1.746000
4.378000
5.975000
7.174000
8.002000
5.527000
7.312000
5.310000
7.226000
6.723000
7.769000
6.394000
13.550000
6.084000
15.282000
5.289000
6.463000
12.347000
13.285000
9.734000
10.170000
9.906000
6.400000
10.770000
5.279000
6.209000
6.810000
8.998000
4.827000
4.412000
5.674000
7.064000
6.480000
6.972000
11.676000
6.268000
7.834000
7.757000
7.651000
2.411000
8.650000
5.400000
11.716000
6.950000
8.884000
10.727000
8.145000
8.912000
4.888000
8.889000
10.042000
11.227000
14.559000
9.421000
5.733000
13.578000
7.555000
8.529000
9.042000
13.592000
6.102000
4.959000
7.546000
3.307000
9.454000
6.333000
10.372000
9.652000
9.494000
4.911000
4.303000
5.221000
7.301000
7.959000
4.503000
11.876000
11.569000
5.654000
6.946000
0.425000
8.167000
6.177000
5.616000
8.890000
7.009000
2.399000
7.469000
3.126000
7.264000
6.957000
7.297000
8.990000
4.770000
2.444000
9.213000
1.861000
8.357000
2.118000
5.100000
4.529000
7.211000
10.998000
6.658000
0.000000
8.829000
8.739000
7.070000
15.158000
8.968000
15.004000
8.223000
9.615000
6.813000
6.568000
10.303000
9.678000
2.116000
6.505000
11.192000
3.940000
9.664000
7.532000
7.722000
11.706000
6.898000
8.310000
9.193000
8.144000
12.517000
10.102000
10.455000
9.479000
4.642000
7.116000
5.536000
4.801000
0.000000
5.514000
7.829000
11.995000
9.463000
11.834000
4.862000
6.043000
7.423000
10.279000
8.881000
9.083000
5.179000
10.544000
10.490000
3.766000
7.429000
7.268000
9.253000
11.251000
5.311000
9.637000
8.872000
6.865000
3.392000
4.953000
11.687000
12.893000
13.154000
9.717000
5.169000
5.938000
10.161000
3.519000
4.884000
4.084000
8.785000
9.843000
6.635000
8.458000
8.585000
7.947000
11.411000
10.871000
8.671000
10.819000
7.620000
6.538000
4.961000
10.252000
12.409000
10.115000
8.331000
7.457000
9.284000
9.790000
8.567000
16.414000
9.127000
6.647000
4.018000
10.407000
10.254000
4.870000
6.505000
3.292000
7.880000
8.324000
6.489000
9.966000
2.743000
7.431000
3.628000
10.836000
11.341000
4.811000
5.140000
9.093000
3.942000
10.955000
6.833000
14.639000
8.181000
10.787000
6.543000
11.170000
2.838000
16.578000
9.099000
6.918000
6.812000
3.662000
11.350000
11.535000
14.117000
10.397000
9.760000
4.767000
11.275000
9.532000
4.850000
0.000000
11.965000
12.675000
6.206000
11.123000
7.343000
5.050000
8.791000
8.681000
6.853000
2.481000
8.969000
8.237000
6.617000
9.828000
6.247000
15.258000
6.855000
7.705000
7.403000
10.664000
4.104000
6.754000
10.585000
10.605000
4.826000
10.503000
14.969000
7.322000
8.586000
9.804000
10.315000
8.054000
14.678000
8.392000
7.557000
8.453000
14.923000
11.593000
9.721000
11.021000
10.429000
3.359000
6.426000
10.127000
7.905000
7.083000
4.487000
7.898000
5.723000
10.477000
10.132000
7.294000
5.844000
5.517000
8.653000
11.298000
4.337000
5.978000
6.840000
10.568000
6.222000
8.383000
9.868000
12.658000
12.785000
7.005000
12.986000
8.463000
3.695000
5.317000
7.170000
5.428000
10.813000
8.574000
9.573000
5.922000
11.554000
8.456000
9.247000
6.507000
6.897000
8.881000
9.979000
5.547000
11.096000
7.563000
8.510000
9.181000
4.499000
7.978000
12.544000
9.258000
7.222000
3.109000
6.225000
1.497000
3.462000
5.218000
5.145000
2.495000
5.579000
5.441000
9.405000
9.013000
6.306000
3.063000
9.649000
11.346000
8.848000
9.059000
14.745000
4.006000
8.844000
2.431000
4.854000
10.397000
6.288000
7.728000
4.104000
1.792000
7.751000
3.045000
6.308000
13.801000
8.155000
5.548000
7.047000
0.000000
4.659000
7.886000
8.895000
8.547000
9.039000
8.718000
5.775000
3.190000
5.232000
3.595000
8.788000
19.354000
3.350000
5.428000
7.078000
4.498000
10.742000
3.260000
7.152000
7.210000
7.310000
11.708000
9.835000
15.454000
4.198000
3.437000
8.279000
8.626000
5.574000
5.549000
9.176000
10.092000
9.239000
15.805000
8.853000
9.197000
12.731000
9.203000
5.764000
9.372000
9.398000
2.193000
8.851000
6.713000
4.371000
4.857000
11.370000
3.000000
7.848000
6.948000
9.241000
2.779000
7.976000
10.373000
4.277000
6.388000
10.447000
9.482000
8.681000
7.234000
16.554000
9.401000
10.399000
7.739000
4.614000
4.729000
8.659000
4.965000
9.678000
12.154000
8.877000
6.471000
16.210000
5.278000
7.299000
3.607000
10.715000
7.264000
6.670000
5.987000
5.073000
10.673000
4.646000
10.332000
11.474000
7.557000
4.564000
18.527000
4.676000
8.161000
7.283000
11.258000
14.220000
6.230000
10.593000
8.116000
6.231000
10.904000
6.895000
8.049000
7.143000
11.160000
17.522000
10.135000
13.320000
7.757000
11.224000
7.606000
12.581000
4.439000
4.605000
11.951000
3.533000
6.226000
7.457000
9.068000
5.073000
6.332000
10.925000
7.922000
5.201000
9.289000
8.765000
13.810000
8.765000
7.569000
8.463000
9.661000
5.921000
9.656000
10.881000
5.426000
3.207000
11.310000
10.016000
4.134000
9.888000
8.932000
12.530000
7.478000
7.551000
9.588000
9.633000
8.660000
6.179000
2.025000
12.486000
8.713000
11.481000
12.392000
7.861000
9.957000
5.122000
11.052000
6.403000
7.901000
5.475000
9.374000
9.212000
3.643000
4.069000
13.875000
14.955000
8.770000
3.062000
5.475000
8.473000
10.470000
0.000000
12.480000
0.000000
5.604000
4.088000
0.000000
0.928000
0.605000
4.032000
0.000000
12.155000
0.000000
3.668000
7.195000
6.769000
4.320000
4.655000
2.413000
3.818000
6.516000
0.887000
7.324000
0.000000
4.690000
0.000000
6.523000
7.468000
2.216000
0.000000
10.359000
13.782000
0.000000
3.336000
8.431000
0.000000
10.180000
5.734000
4.744000
0.846000
5.263000
9.964000
1.827000
2.997000
0.000000
4.265000
10.849000
0.000000
8.631000
0.025000
7.580000
2.022000
7.309000
0.000000
4.353000
8.824000
5.457000
3.430000
5.165000
5.501000
1.313000
0.000000
2.745000
0.447000
0.877000
3.286000
4.426000
0.000000
6.571000
8.917000
7.923000
10.296000
1.403000
5.153000
1.549000
8.795000
7.965000
0.000000
5.284000
2.142000
1.892000
2.956000
3.190000
2.181000
0.264000
3.924000
6.254000
3.915000
5.671000
0.660000
3.092000
4.816000
4.324000
12.376000
6.008000
1.699000
0.000000
2.622000
2.989000
1.784000
2.318000
5.112000
1.542000
0.000000
8.705000
5.910000
0.000000
4.591000
0.000000
20.109000
1.133000
8.034000
7.526000
0.000000
5.307000
5.216000
2.931000
4.713000
5.733000
5.335000
6.458000
4.408000
1.209000
4.518000
6.516000
5.492000
1.803000
8.655000
0.895000
0.000000
8.642000
7.327000
0.014000
1.726000
8.686000
2.029000
4.728000
6.720000
2.821000
2.934000
2.940000
0.456000
4.440000
5.950000
7.413000
0.000000
0.000000
0.000000
12.026000
4.655000
8.558000
3.351000
10.222000
11.215000
2.531000
10.521000
3.289000
5.974000
9.002000
3.546000
1.376000
8.352000
3.662000
9.616000
7.325000
6.752000
9.271000
3.274000
2.202000
4.074000
2.473000
0.000000
10.546000
8.958000
6.167000
2.414000
5.346000
0.000000
14.317000
6.858000
7.250000
7.829000
10.456000
10.691000
2.419000
3.312000
7.255000
8.186000
8.392000
6.360000
8.739000
4.750000
7.585000
0.000000
4.922000
6.694000
3.623000
2.684000
4.060000
8.895000
7.718000
14.487000
9.199000
7.581000
5.285000
5.775000
9.687000
6.974000
0.888000
11.535000
10.108000
2.571000
7.207000
10.301000
5.022000
2.232000
4.171000
6.098000
4.164000
7.952000
2.033000
4.052000
8.732000
11.047000
8.635000
4.603000
7.341000
7.038000
0.420000
5.257000
2.120000
4.036000
5.724000
5.475000
13.034000
11.029000
4.074000
7.692000
7.477000
6.996000
8.723000
7.677000
4.677000
8.868000
10.191000
0.722000
9.717000
4.396000
0.000000
6.431000
6.251000
4.594000
6.329000
0.000000
7.096000
0.000000
9.075000
9.530000
10.219000
8.129000
3.991000
2.222000
6.989000
3.350000
5.582000
4.545000
6.863000
10.522000
9.802000
11.424000
5.435000
9.968000
2.662000
0.000000
4.843000
4.636000
4.179000
3.238000
2.367000
6.241000
8.823000
5.595000
6.377000
0.000000
0.000000
9.242000
6.809000
1.891000
3.531000
6.062000
3.545000
7.238000
13.769000
6.127000
10.249000
3.332000
6.232000
1.753000
10.585000
3.399000
13.093000
3.982000
7.496000
7.086000
6.679000
9.578000
10.189000
4.656000
5.754000
2.159000
0.750000
7.620000
3.516000
0.603000
7.786000
4.882000
2.679000
0.702000
10.029000
3.648000
3.787000
6.356000
7.613000
5.047000
7.677000
6.896000
4.686000
1.831000
0.000000
6.820000
13.044000
0.465000
5.818000
4.353000
8.656000
5.499000
3.245000
9.761000
4.631000
5.027000
4.818000
9.064000
5.828000
8.545000
4.222000
4.295000
8.239000
1.090000
4.876000
2.114000
9.714000
9.234000
4.276000
0.000000
9.601000
2.050000
0.717000
1.887000
9.172000
12.140000
7.702000
9.021000
1.860000
7.946000
14.380000
9.856000
4.572000
6.572000
7.286000
0.000000
2.632000
11.224000
7.039000
11.349000
4.760000
10.217000
4.685000
3.908000
7.410000
2.777000
13.175000
5.294000
12.435000
8.536000
11.907000
14.815000
6.121000
11.119000
2.485000
0.000000
4.260000
7.188000
3.907000
0.000000
1.293000
6.290000
1.135000
8.317000
5.956000
4.264000
5.622000
5.775000
13.813000
0.000000
10.427000
6.984000
6.540000
8.714000
7.244000
10.696000
3.066000
8.274000
3.676000
0.000000
3.465000
5.958000
11.967000
3.057000
7.644000
8.910000
3.976000
4.390000
7.845000
12.625000
11.940000
10.160000
9.984000
13.928000
9.778000
13.310000
12.437000
8.104000
7.691000
2.891000
5.069000
15.692000
12.951000
5.190000
0.000000
0.653000
3.614000
1.848000
4.142000
7.151000
0.655000
2.407000
9.957000
9.044000
14.385000
11.282000
6.630000
9.010000
15.920000
8.053000
9.558000
3.174000
4.490000
4.145000
4.394000
10.406000
0.189000
7.550000
2.485000
8.718000
7.375000
1.142000
11.513000
6.713000
3.606000
6.161000
6.414000
16.453000
13.466000
11.694000
4.111000
4.529000
4.804000
9.261000
7.055000
5.098000
9.772000
6.130000
6.626000
10.082000
11.381000
11.493000
4.523000
10.054000
10.818000
10.400000
2.516000
13.432000
4.102000
5.931000
3.097000
6.673000
9.856000
4.560000
5.412000
8.201000
11.180000
7.941000
16.165000
8.687000
10.089000
3.154000
11.592000
2.735000
14.858000
3.256000
6.593000
10.082000
6.949000
3.642000
13.048000
6.681000
6.429000
10.027000
5.992000
3.937000
15.288000
10.319000
11.257000
10.511000
5.648000
11.190000
2.674000
6.460000
2.253000
6.501000
8.411000
5.466000
4.864000
9.114000
5.226000
4.215000
10.491000
3.005000
8.750000
9.535000
7.929000
9.664000
6.164000
4.978000
6.781000
3.312000
7.948000
8.862000
9.698000
4.211000
12.331000
7.037000
1.438000
11.033000
4.957000
1.079000
8.219000
7.728000
5.903000
7.293000
8.780000
2.351000
2.544000
4.571000
2.458000
3.898000
7.243000
9.783000
2.812000
0.143000
6.940000
6.988000
3.342000
12.511000
7.706000
9.156000
6.016000
6.419000
7.438000
9.265000
5.795000
12.437000
6.014000
10.983000
5.838000
9.792000
9.602000
7.871000
7.469000
8.036000
3.508000
6.099000
8.008000
8.798000
11.605000
17.345000
13.564000
3.312000
12.460000
11.238000
2.607000
13.969000
8.978000
5.613000
4.770000
4.400000
2.684000
14.427000
9.460000
3.804000
6.739000
7.811000
10.122000
5.469000
13.007000
4.333000
18.085000
7.939000
9.149000
4.196000
9.050000
8.608000
11.675000
0.961000
6.380000
4.844000
12.879000
8.045000
7.845000
5.070000
7.660000
6.347000
8.958000
6.796000
4.637000
8.658000
7.886000
9.908000
11.121000
6.107000
7.562000
4.076000
6.113000
6.001000
3.916000
7.484000
9.543000
2.559000
8.376000
3.873000
15.946000
11.407000
5.094000
6.527000
5.582000
3.631000
10.559000
7.039000
8.427000
11.026000
12.249000
16.662000
1.189000
11.692000
3.517000
6.700000
1.921000
7.655000
7.505000
8.029000
5.884000
3.436000
11.395000
6.881000
11.486000
10.352000
5.471000
9.951000
6.903000
11.603000
4.768000
11.521000
9.354000
7.681000
12.124000
12.233000
0.000000
5.182000
7.554000
6.871000
3.619000
11.732000
7.438000
8.076000
6.539000
5.949000
10.451000
7.209000
8.644000
1.893000
10.398000
0.211000
5.807000
10.641000
8.703000
1.968000
9.480000
13.335000
11.676000
7.855000
8.566000
7.474000
0.000000
6.096000
8.789000
0.958000
4.268000
6.950000
3.205000
5.375000
2.137000
6.528000
15.140000
8.294000
2.083000
4.667000
5.517000
5.604000
4.882000
9.431000
5.583000
9.920000
5.397000
8.953000
4.056000
7.945000
7.029000
4.019000
12.652000
6.692000
10.707000
5.844000
8.067000
4.557000
3.151000
6.243000
5.983000
9.261000
11.136000
8.377000
9.402000
11.180000
2.008000
3.404000
5.266000
4.009000
9.715000
8.775000
8.171000
14.860000
6.011000
11.326000
11.834000
4.023000
5.870000
14.772000
2.634000
7.528000
3.380000
5.146000
9.581000
8.982000
12.032000
4.552000
4.724000
0.000000
5.883000
6.636000
11.403000
5.504000
6.532000
6.781000
16.266000
1.698000
5.685000
5.964000
9.137000
6.672000
3.363000
12.328000
0.645000
2.411000
4.226000
3.260000
4.454000
6.989000
9.231000
11.870000
7.039000
2.161000
5.970000
10.785000
8.230000
3.619000
6.981000
5.890000
4.133000
8.019000
8.520000
8.909000
12.487000
4.697000
8.306000
8.131000
10.070000
10.930000
3.685000
9.732000
6.569000
7.972000
13.437000
8.766000
11.250000
10.397000
4.019000
13.083000
8.062000
3.078000
6.934000
1.885000
7.885000
10.335000
8.812000
8.271000
8.235000
6.962000
7.243000
5.888000
6.934000
0.000000
5.677000
0.000000
6.117000
1.467000
6.153000
3.958000
8.557000
10.788000
10.584000
11.824000
4.839000
3.830000
11.666000
10.941000
7.023000
4.409000
7.126000
8.185000
7.175000
8.300000
7.873000
2.594000
13.135000
10.269000
4.146000
5.024000
6.637000
4.161000
11.745000
8.753000
8.655000
8.207000
7.875000
9.728000
8.283000
6.418000
9.122000
9.692000
3.354000
7.978000
11.875000
9.373000
7.458000
6.516000
7.978000
1.527000
0.000000
12.444000
5.349000
8.959000
4.499000
8.859000
9.209000
5.811000
8.276000
8.293000
9.440000
8.248000
5.025000
8.327000
9.468000
9.303000
6.460000
10.089000
12.949000
7.345000
9.522000
13.036000
8.783000
12.875000
7.596000
6.435000
11.333000
8.226000
11.258000
6.835000
4.476000
4.426000
2.472000
6.217000
5.040000
6.075000
4.484000
4.741000
9.507000
6.213000
4.050000
10.344000
7.159000
8.176000
9.420000
9.227000
8.548000
8.925000
5.299000
11.175000
10.444000
9.163000
7.295000
9.926000
3.588000
8.213000
5.959000
9.631000
4.523000
10.036000
8.602000
8.654000
0.880000
1.825000
8.090000
3.697000
5.232000
6.391000
6.376000
5.255000
4.609000
0.000000
5.078000
5.702000
4.316000
2.988000
1.487000
0.727000
3.017000
7.217000
2.915000
7.315000
14.533000
6.752000
0.320000
2.989000
6.231000
2.035000
5.501000
2.805000
0.883000
3.395000
2.085000
11.760000
0.000000
1.878000
8.744000
1.474000
8.995000
3.430000
0.138000
10.784000
3.044000
2.224000
0.000000
2.647000
15.009000
10.784000
5.992000
9.883000
2.707000
12.854000
3.984000
7.035000
6.504000
9.389000
10.027000
2.775000
5.921000
4.452000
4.466000
1.198000
6.933000
6.342000
3.215000
3.426000
6.257000
6.283000
4.695000
4.197000
9.504000
2.489000
2.541000
2.520000
12.063000
6.860000
0.268000
1.915000
7.542000
2.077000
5.156000
1.438000
4.457000
4.136000
3.812000
5.772000
2.020000
5.878000
7.059000
3.849000
2.261000
3.421000
0.000000
0.000000
5.134000
4.570000
5.038000
14.236000
10.494000
10.229000
10.729000
4.932000
7.209000
5.469000
2.994000
2.482000
4.926000
2.868000
9.462000
7.985000
10.158000
8.700000
13.433000
0.000000
10.339000
10.086000
9.046000
0.000000
0.000000
2.115000
6.636000
0.000000
0.659000
1.214000
8.586000
3.495000
4.967000
0.000000
2.548000
0.000000
0.000000
0.000000
0.000000
0.000000
3.450000
0.000000
0.543000
0.000000
0.000000
0.000000
0.000000
0.000000
3.689000
0.000000
2.480000
2.190000
0.000000
3.883000
3.657000
0.000000
4.249000
0.000000
0.000000
0.000000
1.122000
0.000000
0.000000
0.918000
9.302000
0.000000
0.000000
0.000000
0.000000
0.000000
7.892000
3.107000
2.699000
0.000000
9.471000
3.526000
3.259000
6.885000
0.000000
2.725000
0.000000
0.000000
0.291000
5.249000
0.586000
0.000000
0.000000
0.397000
0.000000
0.000000
10.893000
11.297000
9.222000
4.426000
9.107000
8.339000
0.000000
0.000000
1.308000
1.451000
0.000000
6.801000
0.000000
3.838000
0.565000
0.000000
0.000000
4.402000
0.000000
13.140000
0.000000
0.000000
0.000000
0.000000
0.000000
6.943000
2.791000
3.828000
0.000000
11.062000
4.091000
4.791000
0.000000
0.000000
4.088000
0.789000
0.000000
0.000000
0.000000
0.000000
5.614000
2.873000
0.955000
4.678000
0.000000
0.810000
2.670000
4.687000
9.116000
1.579000
0.000000
0.000000
0.000000
0.000000
4.112000
2.935000
0.000000
6.009000
0.000000
0.000000
0.000000
12.033000
0.000000
0.000000
0.000000
6.679000
0.199000
0.000000
11.514000
7.787000
11.564000
9.746000
4.259000
4.092000
0.000000
10.963000
0.000000
6.033000
11.000000
0.000000
3.579000
13.638000
3.405000
0.000000
4.699000
4.357000
0.000000
0.168000
0.000000
0.000000
3.629000
0.000000
2.664000
0.000000
13.709000
6.081000
2.393000
0.000000
2.538000
0.000000
1.685000
7.441000
4.458000
13.308000
0.000000
0.000000
0.567000
0.000000
0.000000
4.937000
0.000000
7.693000
1.527000
0.000000
0.000000
0.000000
8.913000
3.766000
0.000000
0.000000
8.111000
0.000000
0.000000
7.308000
5.198000
3.309000
2.901000
9.962000
6.416000
7.468000
7.895000
3.358000
13.649000
5.572000
11.780000
2.748000
4.475000
0.000000
8.549000
9.004000
6.681000
4.668000
2.685000
4.080000
6.159000
0.000000
6.507000
6.456000
3.894000
0.000000
2.158000
0.000000
0.000000
7.309000
2.626000
3.711000
0.070000
1.155000
8.527000
7.526000
4.500000
0.000000
5.684000
1.579000
1.556000
0.000000
3.919000
15.503000
4.116000
6.663000
0.000000
6.819000
0.000000
15.630000
3.989000
0.000000
4.885000
1.136000
5.180000
6.778000
5.211000
7.074000
4.439000
2.626000
7.681000
0.000000
3.123000
6.016000
8.316000
4.323000
3.397000
2.160000
4.132000
0.047000
8.370000
5.002000
2.110000
9.197000
4.174000
5.905000
0.000000
4.912000
2.897000
0.000000
9.462000
3.674000
8.008000
0.000000
4.944000
12.190000
3.364000
4.001000
4.550000
0.000000
3.121000
10.356000
0.000000
5.096000
3.364000
0.000000
0.000000
2.737000
1.027000
2.971000
0.000000
0.000000
0.000000
0.180000
0.884000
3.604000
0.149000
4.043000
5.079000
0.000000
4.686000
1.129000
2.615000
3.234000
1.513000
5.794000
6.060000
2.919000
0.000000
8.720000
1.060000
9.423000
8.764000
0.000000
0.747000
5.011000
5.217000
13.034000
12.691000
1.476000
10.320000
4.905000
5.080000
2.742000
0.137000
0.000000
12.396000
0.000000
6.027000
4.001000
12.285000
4.643000
0.168000
0.000000
4.749000
9.076000
1.187000
4.272000
0.000000
4.376000
0.000000
3.031000
8.011000
2.075000
1.387000
6.140000
4.062000
4.164000
1.500000
4.185000
4.239000
3.411000
3.126000
4.797000
6.186000
6.135000
4.654000
0.967000
0.000000
3.035000
2.025000
0.288000
4.732000
3.894000
5.930000
3.053000
5.956000
0.284000
4.882000
2.005000
0.000000
0.347000
0.000000
0.921000
3.121000
2.239000
1.918000
6.232000
0.000000
0.000000
0.000000
3.553000
2.598000
8.807000
6.093000
7.844000
7.040000
0.489000
8.744000
0.000000
2.872000
1.465000
2.995000
0.947000
4.101000
6.064000
3.057000
0.000000
0.000000
1.000000
0.664000
2.458000
0.000000
5.226000
4.763000
3.768000
3.738000
1.864000
1.920000
2.446000
1.709000
1.613000
1.622000
6.469000
9.050000
2.010000
0.000000
0.761000
4.538000
10.811000
2.878000
6.121000
0.000000
4.964000
0.244000
0.000000
1.528000
1.756000
0.675000
0.000000
1.236000
5.927000
2.406000
0.000000
4.947000
0.000000
0.000000
5.454000
2.204000
1.892000
7.117000
5.874000
0.000000
8.001000
3.132000
0.000000
0.114000
0.000000
3.275000
5.437000
0.000000
0.084000
4.274000
1.578000
0.323000
0.000000
1.247000
1.590000
4.808000
0.000000
1.616000
0.721000
1.804000
6.313000
0.000000
6.136000
8.198000
3.094000
2.069000
0.000000
3.536000
6.464000
5.436000
3.200000
1.438000
5.173000
3.585000
0.265000
3.604000
5.850000
3.181000
2.899000
9.645000
0.000000
7.464000
8.185000
2.003000
6.489000
1.730000
4.245000
1.693000
0.170000
10.059000
3.733000
0.000000
6.685000
5.934000
6.290000
9.441000
6.944000
0.000000
4.798000
1.645000
5.324000
2.376000
5.844000
5.140000
10.247000
7.701000
1.951000
0.000000
5.244000
4.576000
1.083000
3.396000
0.000000
3.949000
1.500000
4.379000
3.380000
6.195000
6.092000
0.799000
6.140000
3.326000
10.618000
5.481000
5.819000
7.428000
1.202000
1.518000
4.275000
7.839000
6.035000
3.859000
9.999000
1.145000
3.405000
6.841000
9.504000
3.741000
0.115000
4.333000
0.000000
0.000000
4.867000
0.877000
1.091000
0.456000
6.721000
1.657000
9.762000
0.549000
0.000000
2.202000
0.950000
0.000000
2.636000
6.139000
3.790000
5.953000
6.623000
2.118000
3.126000
0.000000
3.783000
4.200000
0.113000
2.212000
3.658000
5.152000
4.870000
0.000000
10.001000
7.313000
8.941000
1.508000
5.351000
4.109000
2.753000
4.978000
7.835000
0.000000
0.000000
2.468000
2.991000
3.159000
0.359000
4.792000
5.408000
0.810000
7.904000
0.019000
2.668000
3.817000
4.945000
2.696000
2.529000
3.533000
5.615000
4.904000
4.402000
4.368000
6.970000
1.394000
10.044000
7.204000
2.951000
8.474000
2.203000
2.655000
2.236000
4.233000
0.000000
5.860000
12.295000
11.154000
3.861000
8.312000
0.220000
0.385000
1.922000
7.999000
2.800000
6.289000
5.845000
0.554000
3.605000
2.807000
7.806000
2.680000
9.378000
0.000000
0.000000
0.000000
0.000000
10.139000
15.557000
5.985000
1.196000
2.313000
2.557000
8.603000
7.138000
4.431000
4.198000
3.797000
5.925000
8.600000
3.406000
10.273000
2.494000
8.963000
4.261000
0.709000
5.285000
3.029000
10.538000
0.266000
1.690000
4.557000
1.901000
3.571000
2.299000
5.155000
5.143000
9.024000
4.420000
7.732000
3.575000
2.910000
5.094000
2.860000
6.039000
1.342000
2.475000
4.302000
5.664000
7.491000
0.749000
2.397000
4.178000
7.578000
3.532000
5.090000
5.390000
4.893000
0.480000
0.000000
0.000000
0.735000
5.620000
7.203000
2.448000
4.345000
12.150000
3.233000
1.789000
5.414000
2.394000
0.000000
3.937000
2.710000
5.920000
9.594000
0.250000
6.756000
2.378000
2.676000
7.358000
0.165000
4.940000
5.801000
0.778000
3.533000
5.286000
2.755000
4.096000
3.480000
2.660000
1.379000
4.533000
3.200000
3.867000
4.972000
3.251000
6.754000
5.655000
5.853000
0.467000
1.952000
6.780000
4.488000
2.145000
2.893000
5.555000
0.858000
5.045000
7.238000
4.317000
1.513000
4.154000
7.280000
1.276000
7.010000
7.113000
3.826000
0.992000
5.317000
3.155000
5.906000
7.952000
4.143000
3.582000
7.029000
7.392000
4.265000
7.183000
7.138000
7.451000
5.811000
9.460000
8.151000
4.649000
4.017000
7.733000
5.349000
7.966000
9.039000
2.208000
2.930000
5.761000
0.000000
4.322000
1.608000
5.538000
10.718000
9.423000
5.853000
1.401000
4.751000
7.416000
3.017000
5.117000
4.127000
7.766000
0.109000
1.182000
2.676000
0.870000
7.268000
4.682000
8.049000
4.270000
0.266000
3.652000
2.547000
1.090000
0.000000
2.598000
2.633000
4.628000
2.268000
7.033000
3.824000
1.626000
1.766000
8.252000
6.103000
9.564000
14.183000
12.050000
4.259000
7.862000
6.883000
2.874000
2.918000
3.883000
2.689000
3.033000
4.310000
3.561000
2.878000
7.414000
8.495000
2.794000
9.792000
7.158000
3.150000
0.892000
3.265000
1.606000
1.106000
3.375000
5.024000
5.680000
0.000000
5.567000
0.000000
7.983000
10.212000
11.549000
2.768000
3.030000
9.803000
5.465000
4.013000
1.952000
7.632000
2.459000
5.429000
7.338000
5.478000
4.907000
1.380000
4.026000
13.612000
11.265000
7.152000
6.328000
5.200000
1.206000
6.011000
0.000000
4.057000
4.947000
0.000000
3.753000
5.523000
0.000000
0.552000
2.752000
1.055000
4.784000
3.805000
2.951000
4.796000
11.320000
1.458000
1.366000
3.635000
0.000000
3.727000
0.000000
5.139000
4.238000
0.000000
2.967000
0.000000
0.000000
1.028000
7.279000
6.116000
4.393000
8.407000
0.000000
5.687000
0.000000
0.000000
5.727000
0.000000
3.486000
2.221000
0.000000
2.029000
0.000000
0.000000
0.000000
5.181000
0.000000
0.000000
0.000000
7.272000
0.000000
9.723000
2.758000
7.671000
6.021000
0.000000
0.441000
1.714000
1.634000
0.908000
0.000000
7.860000
0.811000
4.761000
2.069000
3.516000
1.069000
0.000000
1.167000
0.000000
1.570000
0.000000
0.000000
1.139000
3.224000
0.000000
0.253000
2.290000
0.333000
7.171000
2.629000
0.000000
0.424000
0.000000
2.612000
1.854000
0.000000
0.000000
0.000000
3.748000
3.908000
1.581000
2.412000
0.000000
5.288000
2.497000
2.308000
4.783000
0.027000
0.000000
0.000000
1.077000
0.000000
0.000000
0.643000
0.000000
3.868000
0.000000
2.848000
10.423000
0.000000
2.450000
0.000000
0.000000
0.000000
0.000000
1.111000
0.000000
0.000000
0.000000
0.000000
5.331000
0.000000
4.660000
3.166000
0.077000
0.000000
0.000000
0.000000
0.000000
1.963000
0.000000
0.000000
0.471000
3.834000
0.000000
2.695000
0.000000
0.000000
2.957000
0.000000
0.000000
5.322000
4.083000
1.327000
1.525000
0.000000
0.000000
0.000000
0.000000
0.000000
3.900000
0.492000
0.000000
1.230000
1.573000
2.181000
0.000000
0.889000
0.000000
0.000000
1.493000
1.749000
0.000000
0.000000
1.971000
5.434000
0.777000
0.000000
0.000000
0.000000
0.000000
0.000000
0.000000
1.331000
0.396000
0.876000
0.000000
4.493000
0.000000
4.027000
0.234000
0.000000
0.000000
0.086000
0.000000
0.000000
0.000000
0.000000
0.000000
0.000000
0.000000
0.000000
0.000000
0.061000
0.000000
3.847000
1.711000
0.000000
0.000000
0.000000
0.000000
0.440000
1.328000
0.000000
2.698000
0.000000
0.390000
0.000000
1.277000
1.279000
0.531000
0.691000
0.000000
0.000000
2.838000
3.063000
2.076000
0.000000
0.000000
0.000000
9.455000
0.000000
0.000000
0.000000
0.450000
0.231000
0.000000
0.702000
1.115000
1.749000
0.000000
2.381000
0.000000
0.000000
0.264000
0.537000
2.646000
0.000000
0.000000
0.084000
5.007000
0.000000
0.000000
0.000000
4.408000
0.000000
0.981000
0.000000
1.766000
0.000000
0.000000
4.410000
0.465000
0.000000
0.279000
0.000000
2.321000
0.000000
2.774000
0.660000
0.000000
0.000000
0.700000
0.410000
3.724000
0.000000
0.000000
2.779000
0.715000
0.000000
0.716000
0.000000
1.811000
0.000000
0.608000
0.028000
4.463000
0.000000
0.000000
0.000000
3.062000
0.319000
4.232000
0.000000
0.000000
0.000000
0.000000
0.036000
0.000000
0.000000
8.302000
4.070000
2.764000
0.000000
0.000000
0.000000
0.000000
1.280000
0.000000
0.000000
1.142000
0.000000
2.641000
0.000000
0.194000
0.351000
1.071000
0.000000
0.585000
0.000000
0.761000
0.000000
0.000000
0.051000
0.000000
0.000000
0.000000
3.974000
0.000000
0.732000
5.975000
0.000000
0.000000
0.000000
0.057000
2.302000
0.745000
0.000000
0.819000
0.000000
0.521000
1.676000
2.711000
4.760000
3.353000
0.000000
4.869000
0.000000
0.000000
0.000000
0.000000
7.522000
0.069000
3.487000
0.416000
0.000000
0.000000
0.000000
0.232000
0.000000
0.683000
0.000000
0.000000
0.000000
1.113000
2.455000
1.619000
2.849000
1.731000
2.678000
5.300000
2.244000
0.000000
1.461000
2.153000
0.104000
3.423000
0.661000
0.000000
0.000000
0.000000
0.000000
0.512000
0.000000
0.963000
2.222000
0.000000
0.000000
1.008000
0.000000
0.000000
1.746000
0.000000
3.457000
0.000000
1.665000
3.471000
0.000000
0.000000
0.000000
3.411000
2.785000
0.000000
0.630000
0.000000
3.184000
0.000000
0.336000
0.000000
0.000000
0.000000
4.757000
0.000000
0.000000
8.718000
5.530000
1.594000
0.929000
0.603000
0.755000
5.585000
1.171000
0.364000
4.337000
0.346000
0.000000
3.376000
0.356000
11.014000
0.000000
8.923000
4.689000
2.202000
0.000000
3.057000
3.967000
4.609000
1.772000
2.203000
0.000000
0.021000
0.000000
0.000000
0.671000
0.968000
1.261000
0.152000
0.000000
1.917000
0.000000
0.755000
2.589000
0.000000
0.000000
0.657000
0.000000
6.267000
0.000000
0.000000
1.015000
4.014000
0.000000
4.604000
0.577000
1.948000
0.000000
0.000000
0.252000
0.000000
0.158000
0.000000
0.000000
4.074000
3.424000
2.529000
1.751000
0.568000
0.000000
3.578000
0.000000
1.228000
1.073000
0.000000
0.006000
1.950000
0.082000
0.000000
0.000000
3.320000
2.841000
0.000000
0.000000
0.000000
1.036000
0.000000
2.107000
0.515000
0.610000
1.410000
0.000000
1.497000
3.861000
0.000000
2.425000
0.891000
0.000000
0.550000
3.955000
0.915000
4.942000
2.427000
3.827000
2.426000
2.571000
0.000000
2.679000
5.208000
1.240000
1.325000
0.000000
0.000000
3.172000
0.000000
0.000000
0.000000
0.663000
1.595000
0.666000
0.000000
2.078000
0.538000
1.458000
0.000000
0.843000
0.000000
0.113000
2.202000
2.069000
0.072000
3.079000
0.989000
0.000000
0.000000
1.571000
0.106000
2.591000
2.603000
0.000000
0.000000
2.307000
0.000000
2.221000
0.000000
3.325000
0.375000
11.001000
0.049000
0.000000
0.000000
2.075000
7.568000
2.420000
0.000000
8.017000
1.264000
3.451000
0.829000
2.911000
1.734000
1.589000
2.141000
4.417000
0.000000
5.590000
0.784000
0.000000
4.448000
0.000000
0.420000
2.637000
0.000000
0.569000
1.904000
0.000000
0.604000
0.628000
2.482000
0.020000
2.237000
0.027000
0.000000
4.679000
0.000000
0.000000
0.000000
0.000000
4.647000
2.043000
0.289000
0.390000
0.000000
0.000000
1.214000
1.829000
0.000000
0.147000
0.000000
1.151000
0.000000
1.168000
0.000000
0.000000
0.652000
0.000000
2.937000
1.640000
0.679000
7.322000
7.882000
2.180000
0.000000
0.664000
0.000000
0.000000
3.025000
1.269000
3.743000
1.804000
0.000000
5.036000
0.000000
0.888000
0.604000
0.000000
0.000000
0.000000
0.000000
1.947000
0.905000
6.643000
0.000000
0.000000
0.000000
5.675000
2.310000
8.206000
0.000000
0.000000
0.000000
0.000000
5.760000
3.396000
0.634000
2.568000
0.136000
1.125000
7.206000
2.011000
2.607000
2.646000
2.937000
0.088000
1.935000
0.000000
0.000000
0.144000
3.008000
2.907000
1.211000
2.938000
0.000000
0.000000
1.168000
0.000000
0.000000
3.736000
0.171000
2.944000
1.913000
2.019000
3.548000
8.275000
1.248000
2.778000
1.369000
1.380000
0.000000
2.025000
0.330000
8.654000
4.600000
3.206000
0.354000
2.549000
0.000000
0.018000
1.079000
2.969000
0.269000
1.954000
0.000000
3.169000
3.753000
0.028000
3.453000
0.000000
0.000000
0.382000
1.834000
0.588000
1.468000
3.509000
3.814000
1.729000
0.000000
1.786000
0.700000
0.000000
0.000000
1.746000
9.869000
0.000000
3.007000
0.000000
0.000000
2.834000
3.814000
0.000000
2.580000
2.919000
8.492000
0.067000
0.000000
1.849000
2.639000
0.000000
6.496000
0.000000
0.000000
0.936000
2.666000
1.001000
3.588000
3.967000
2.965000
3.849000
4.678000
0.000000
1.071000
1.368000
3.263000
0.000000
0.000000
0.000000
3.195000
2.438000
1.631000
2.062000
0.659000
0.000000
2.630000
2.387000
3.647000
1.947000
2.181000
0.000000
0.920000
0.000000
0.000000
0.000000
5.125000
0.000000
0.554000
3.136000
2.620000
0.850000
1.908000
0.393000
3.622000
1.607000
2.678000
0.000000
1.898000
1.838000
0.000000
5.421000
3.852000
7.215000
0.000000
0.482000
2.613000
0.000000
0.000000
2.767000
0.250000
5.153000
0.000000
3.144000
0.000000
0.751000
0.000000
0.831000
0.751000
0.000000
3.630000
0.875000
2.302000
0.405000
6.028000
0.000000
3.644000
0.038000
0.000000
0.000000
6.612000
2.614000
0.000000
0.119000
0.925000
0.000000
3.311000
4.213000
3.378000
0.000000
1.072000
0.024000
0.000000
0.000000
1.640000
1.235000
0.000000
4.491000
2.775000
2.140000
0.000000
0.993000
0.000000
6.068000
5.151000
3.217000
5.919000
0.000000
0.677000
1.365000
2.367000
1.557000
1.406000
0.000000
0.431000
0.000000
0.000000
6.849000
1.240000
2.747000
0.000000
0.000000
0.000000
0.000000
0.000000
0.404000
2.336000
0.000000
0.000000
0.813000
2.548000
0.607000
0.000000
0.689000
0.000000
0.000000
0.158000
0.000000
0.000000
0.000000
0.000000
0.000000
0.146000
0.522000
0.000000
2.745000
0.723000
0.378000
0.000000
0.000000
0.759000
0.000000
1.208000
0.637000
0.000000
4.975000
0.001000
0.000000
1.017000
0.763000
0.000000
0.514000
0.000000
1.431000
2.828000
0.000000
0.606000
0.000000
0.000000
0.000000
0.000000
3.532000
0.146000
1.710000
2.902000
0.000000
0.000000
0.089000
2.054000
0.300000
0.000000
0.000000
2.239000
0.000000
0.463000
0.000000
0.000000
0.000000
0.000000
2.983000
0.000000
0.000000
0.000000
0.000000
0.982000
2.354000
0.298000
1.478000
1.117000
0.000000
0.000000
0.562000
0.312000
4.638000
1.414000
0.000000
0.000000
0.000000
0.000000
0.000000
2.482000
1.087000
2.438000
0.000000
0.000000
0.529000
0.347000
0.200000
0.000000
0.000000
0.000000
0.318000
0.000000
0.000000
0.000000
0.000000
5.080000
3.028000
0.000000
0.000000
0.952000
1.649000
2.401000
0.000000
0.000000
0.988000
0.000000
0.810000
0.000000
0.997000
0.000000
0.650000
0.000000
3.764000
0.000000
0.000000
0.000000
0.074000
0.000000
3.990000
0.000000
0.253000
0.000000
2.541000
0.895000
0.000000
0.000000
3.674000
0.399000
0.944000
0.390000
0.000000
4.351000
0.000000
0.000000
0.000000
0.617000
0.685000
0.000000
0.000000
0.000000
3.721000
0.000000
0.000000
0.000000
0.005000
0.000000
0.000000
0.620000
0.000000
0.000000
1.492000
1.104000
0.000000
0.000000
0.630000
0.000000
0.222000
0.000000
1.108000
0.000000
0.000000
0.852000
0.000000
0.190000
0.000000
3.092000
0.000000
0.000000
0.000000
0.177000
0.610000
0.000000
0.254000
0.000000
0.000000
0.000000
0.000000
0.000000
0.568000
0.905000
0.251000
0.889000
2.064000
0.000000
0.038000
0.000000
0.000000
0.000000
0.035000
0.000000
3.489000
0.000000
0.000000
1.802000
0.000000
0.000000
0.000000
0.704000
0.444000
0.000000
0.941000
0.000000
0.000000
0.000000
0.378000
0.000000
0.976000
2.004000
0.000000
0.000000
1.427000
0.465000
0.000000
0.604000
0.065000
1.106000
0.000000
0.488000
0.191000
0.300000
0.000000
0.000000
0.000000
2.447000
0.453000
0.000000
0.000000
0.587000
0.000000
0.000000
0.000000
0.000000
0.000000
0.000000
0.000000
1.934000
1.077000
0.568000
0.350000
0.383000
0.000000
0.000000
0.000000
0.000000
0.000000
1.180000
0.270000
3.004000
0.000000
0.000000
0.000000
0.000000
0.000000
0.000000
0.000000
0.007000
0.000000
0.000000
0.000000
0.757000
0.855000
0.996000
0.000000
1.603000
0.000000
0.243000
0.000000
0.000000
0.381000
0.000000
0.225000
1.171000
1.567000
0.000000
0.000000
0.000000
0.769000
0.787000
0.000000
0.000000
0.000000
0.000000
0.075000
0.637000
1.242000
0.040000
0.000000
0.000000
0.000000
0.000000
2.151000
0.482000
0.000000
0.000000
0.149000
0.000000
0.290000
0.000000
0.000000
0.000000
0.000000
0.740000
0.000000
0.000000
0.000000
0.916000
0.000000
0.000000
0.157000
0.000000
0.000000
0.069000
0.862000
0.714000
0.000000
0.000000
0.000000
0.000000
0.486000
1.421000
0.000000
0.000000
1.854000
3.131000
0.000000
0.000000
0.958000
0.000000
0.649000
0.000000
0.908000
0.197000
0.078000
0.000000
0.277000
0.000000
0.000000
1.366000
0.000000
0.000000
0.000000
0.218000
0.217000
0.329000
0.000000
0.000000
0.000000
0.000000
2.586000
0.000000
0.000000
0.850000
0.613000
0.000000
0.000000
0.000000
3.710000
0.000000
0.026000
4.191000
0.000000
0.528000
0.017000
0.000000
0.000000
0.000000
0.000000
0.379000
0.000000
1.294000
0.000000
0.000000
0.000000
0.000000
1.102000
0.000000
0.000000
0.000000
0.000000
0.175000
0.030000
0.000000
0.297000
0.321000
0.060000
0.000000
0.000000
0.074000
0.000000
0.000000
0.000000
0.000000
0.491000
0.000000
0.000000
0.000000
0.000000
0.000000
0.000000
0.309000
1.939000
0.000000
0.000000
0.000000
0.284000
0.000000
0.729000
0.055000
0.000000
0.094000
0.000000
1.368000
0.000000
0.000000
0.000000
0.000000
0.000000
0.000000
0.000000
0.000000
0.000000
0.000000
0.000000
0.000000
0.795000
0.000000
0.000000
0.000000
0.000000
0.000000
2.157000
0.765000
0.132000
0.077000
0.281000
0.000000
0.000000
0.000000
0.000000
0.000000
0.000000
0.000000
0.000000
0.229000
0.000000
0.358000
0.000000
0.000000
0.000000
0.000000
0.000000
0.000000
0.000000
0.705000
0.000000
0.000000
0.000000
0.000000
0.041000
0.000000
0.000000
0.000000
0.079000
0.000000
0.220000
0.754000
0.000000
0.000000
0.000000
0.000000
0.279000
0.000000
0.747000
0.000000
0.000000
0.000000
0.036000
0.000000
0.000000
0.000000
0.179000
0.906000
0.402000
0.000000
0.000000
0.000000
0.036000
0.000000
0.000000
0.534000
0.477000
0.000000
0.000000
0.000000
0.463000
0.304000
0.000000
1.252000
0.000000
0.959000
0.000000
0.000000
0.000000
0.356000
0.000000
0.659000
0.000000
0.000000
0.000000
0.820000
0.000000
0.000000
0.224000
0.492000
0.000000
0.000000
0.000000
0.522000
0.000000
0.087000
0.960000
0.599000
0.000000
0.000000
0.000000
0.000000
0.000000
0.479000
0.000000
0.000000
0.000000
1.105000
0.000000
0.000000
0.000000
0.000000
0.000000
0.000000
0.000000
0.903000
0.000000
0.087000
0.947000
0.029000
0.000000
0.030000
0.000000
0.000000
0.000000
0.000000
0.000000
0.000000
0.000000
0.000000
2.400000
0.000000
1.512000
0.000000
0.000000
0.968000
0.007000
0.000000
0.000000
0.000000
0.144000
0.000000
0.000000
0.000000
0.000000
0.224000
0.000000
0.000000
0.000000
0.066000
0.182000
0.000000
0.000000
0.000000
0.374000
0.000000
0.000000
0.481000
0.000000
0.000000
0.271000
0.000000
0.000000
0.000000
0.016000
0.000000
0.277000
0.000000
0.000000
0.016000
0.592000
1.450000
0.000000
0.132000
0.000000
0.973000
0.000000
0.181000
0.000000
0.000000
0.000000
0.000000
0.000000
0.000000
0.000000
0.000000
0.036000
0.000000
0.000000
0.000000
0.000000
0.000000
0.000000
0.071000
0.000000
0.000000
0.000000
0.335000
0.387000
0.000000
0.000000
0.000000
0.000000
0.000000
0.467000
0.000000
0.000000
0.239000
0.024000
0.000000
0.000000
0.000000
0.000000
0.000000
0.157000
0.000000
0.000000
0.000000
0.000000
0.000000
0.000000
0.138000
1.049000
0.000000
0.000000
0.241000
0.000000
0.000000
0.441000
0.000000
0.000000
0.075000
0.332000
0.357000
0.000000
0.000000
0.000000
0.000000
0.000000
0.088000
0.000000
0.000000
0.000000
0.033000
0.000000
0.000000
0.000000
0.000000
0.090000
0.000000
0.000000
0.809000
0.000000
0.000000
0.481000
0.000000
0.507000
0.000000
0.588000
0.045000
0.000000
0.000000
0.413000
1.034000
0.000000
0.016000
0.000000
0.000000
0.397000
0.000000
0.000000
0.669000
0.000000
0.229000
0.000000
0.000000
0.884000
0.000000
0.760000
0.238000
0.000000
0.000000
0.000000
0.000000
0.000000
0.042000
0.000000
0.000000
0.000000
0.000000
0.000000
0.000000
0.000000
0.022000
0.000000
0.000000
0.000000
0.000000
0.000000
0.000000
0.000000
0.000000
0.000000
0.654000
0.272000
0.000000
0.000000
0.180000
0.000000
0.000000
0.000000
0.021000
0.000000
0.000000
0.000000
0.664000
0.323000
0.412000
0.000000
0.000000
0.787000
0.000000
0.000000
0.000000
0.000000
0.000000
0.206000
0.000000
0.000000
0.000000
0.000000
0.000000
1.691000
3.035000
0.228000
0.000000
0.000000
0.000000
0.000000
2.090000
0.000000
0.014000
0.000000
0.000000
0.039000
0.000000
0.224000
0.000000
0.000000
0.000000
0.000000
0.760000
0.916000
0.000000
0.000000
0.000000
0.000000
0.000000
0.071000
0.000000
0.000000
0.282000
0.000000
0.000000
0.173000
0.000000
0.000000
0.000000
0.000000
0.000000
0.000000
0.000000
0.349000
0.817000
0.000000
0.210000
0.000000
0.000000
0.000000
0.000000
0.000000
0.000000
0.000000
0.249000
0.057000
0.005000
0.000000
0.000000
0.000000
0.334000
0.000000
0.000000
0.057000
0.000000
0.000000
0.000000
0.315000
0.000000
0.000000
0.000000
0.000000
0.839000
0.000000
0.000000
0.000000
0.006000
0.000000
0.306000
0.000000
0.158000
0.800000
0.000000
0.030000
0.111000
0.000000
0.293000
0.000000
0.268000
0.000000
0.000000
0.808000
0.000000
0.000000
1.071000
0.000000
0.000000
0.000000
0.000000
0.000000
0.000000
0.000000
0.094000
0.000000
0.000000
0.078000
0.479000
0.000000
0.000000
0.000000
0.679000
0.460000
0.000000
0.194000
0.000000
0.018000
0.248000
0.000000
0.000000
0.000000
0.333000
0.196000
0.000000
0.000000
0.000000
0.000000
0.000000
0.000000
0.000000
0.000000
0.000000
0.000000
0.000000
0.000000
0.000000
0.000000
0.106000
0.000000
0.278000
0.000000
0.141000
0.956000
0.000000
0.234000
0.000000
0.000000
0.030000
0.000000
0.029000
0.000000
0.000000
0.000000
0.000000
0.000000
0.067000
0.000000
1.062000
0.000000
0.073000
0.000000
0.145000
0.000000
0.117000
0.000000
0.000000
0.000000
0.420000
0.128000
0.000000
0.000000
0.000000
0.000000
0.000000
0.000000
0.003000
0.000000
0.000000
0.507000
0.000000
0.000000
0.000000
0.000000
0.076000
0.000000
0.000000
0.000000
0.000000
0.000000
0.162000
0.000000
0.000000
0.000000
0.000000
0.000000
0.000000
0.023000
0.000000
0.000000
0.000000
0.037000
0.141000
0.000000
0.212000
0.000000
0.000000
0.000000
0.000000
0.000000
0.107000
0.000000
0.000000
0.000000
0.000000
0.000000
0.000000
0.000000
0.027000
0.000000
0.000000
0.208000
0.000000
0.000000
0.000000
0.000000
0.000000
1.085000
0.000000
0.000000
0.000000
0.000000
0.000000
0.000000
0.014000
0.000000
0.000000
0.000000
0.182000
0.000000
0.000000
0.000000
0.000000
0.000000
0.000000
1.064000
0.000000
0.000000
0.054000
0.000000
0.000000
0.297000
0.000000
0.002000
0.000000
0.000000
0.000000
0.000000
0.000000
0.388000
0.000000
0.000000
0.000000
0.000000
0.000000
0.023000
0.240000
0.000000
0.000000
0.000000
0.000000
0.000000
0.000000
0.129000
0.000000
0.000000
0.000000
0.000000
0.000000
0.000000
0.000000
0.000000
0.106000
0.000000
0.086000
0.000000
0.294000
0.181000
0.000000
0.000000
0.000000
0.000000
0.000000
0.000000
0.000000
0.000000
0.000000
0.000000
0.016000
0.046000
0.000000
0.000000
0.000000
0.000000
0.110000
0.000000
0.000000
0.000000
0.000000
0.000000
0.000000
0.000000
0.000000
0.000000
0.111000
0.000000
0.000000
0.000000
0.000000
0.000000
0.000000
0.478000
0.000000
0.000000
0.000000
1.170000
0.000000
0.000000
0.000000
0.000000
0.000000
0.000000
0.000000
0.071000
0.000000
0.000000
0.000000
0.000000
0.000000
0.000000
0.000000
0.022000
0.000000
0.258000
0.000000
0.000000
0.000000
0.113000
0.000000
0.000000
0.000000
0.000000
0.000000
0.000000
0.000000
0.000000
0.000000
0.000000
0.023000
0.000000
0.000000
0.000000
0.000000
0.136000
0.000000
0.000000
0.000000
0.000000
0.000000
0.000000
0.390000
0.265000
0.000000
0.000000
0.000000
0.000000
0.000000
0.000000
0.000000
0.000000
0.000000
0.000000
0.000000
0.351000
0.000000
0.000000
0.000000
0.000000
0.000000
0.185000
0.000000
0.000000
0.036000
0.030000
0.000000
0.000000
0.000000
0.000000
0.000000
0.000000
0.273000
0.000000
0.011000
0.009000
0.000000
0.000000
0.000000
0.000000
0.000000
0.093000
0.000000
0.000000
0.000000
0.000000
0.000000
0.000000
0.000000
0.000000
0.000000
0.000000
0.000000
0.223000
0.000000
0.000000
0.000000
0.000000
0.000000
0.000000
0.000000
0.000000
0.000000
0.000000
0.000000
0.000000
0.217000
0.483000
0.000000
0.000000
0.000000
0.000000
0.000000
0.000000
0.000000
0.000000
0.000000
0.000000
0.000000
0.000000
1.170000
0.000000
0.226000
0.000000
0.000000
0.000000
0.000000
0.000000
0.000000
0.000000
0.000000
0.000000
0.000000
0.000000
0.000000
0.000000
0.000000
0.000000
0.000000
0.000000
0.000000
0.000000
0.000000
0.000000
0.000000
0.000000
0.271000
0.000000
0.000000
0.000000
0.065000
0.000000
0.000000
0.004000
0.000000
0.000000
0.000000
0.000000
0.000000
0.134000
0.000000
0.000000
0.000000
0.135000
0.336000
0.000000
0.519000
0.000000
0.263000
0.412000
0.000000
0.000000
0.000000
0.000000
0.000000
0.000000
0.000000
0.019000
0.000000
0.032000
0.000000
0.000000
0.228000
0.000000
0.000000
0.000000
0.000000
0.000000
0.000000
0.000000
0.000000
0.000000
0.000000
0.000000
0.000000
0.183000
0.000000
0.000000
0.000000
0.000000
0.032000
0.000000
0.000000
0.000000
0.385000
0.000000
0.278000
0.000000
0.105000
0.000000
0.003000
0.000000
0.000000
0.000000
0.000000
0.000000
0.000000
0.000000
0.000000
0.441000
0.000000
0.000000
0.000000
0.000000
0.000000
0.000000
0.000000
0.000000
0.078000
0.000000
0.096000
0.000000
0.000000
0.000000
0.000000
0.294000
0.000000
0.000000
0.000000
0.181000
0.000000
0.239000
0.000000
0.452000
0.000000
0.000000
0.000000
0.000000
0.000000
0.059000
0.000000
0.000000
0.000000
0.000000
0.000000
0.000000
0.000000
0.000000
0.000000
0.000000
0.000000
0.000000
0.000000
0.000000
0.000000
0.000000
0.000000
0.000000
0.144000
0.000000
0.000000
0.000000
0.138000
0.000000
0.000000
0.645000
0.000000
0.000000
0.000000
0.000000
0.000000
0.000000
0.000000
0.000000
0.000000
0.000000
0.000000
0.000000
0.000000
0.000000
0.046000
0.422000
0.000000
0.000000
0.000000
0.000000
0.000000
0.000000
0.000000
0.000000
0.000000
0.000000
0.234000
0.051000
0.000000
0.005000
0.000000
0.089000
0.000000
0.000000
0.000000
0.000000
0.023000
0.000000
0.017000
0.141000
0.000000
0.110000
0.000000
0.000000
0.000000
0.000000
0.000000
0.000000
0.000000
0.000000
0.625000
0.000000
0.000000
0.000000
0.000000
0.000000
0.000000
0.000000
0.000000
0.000000
0.000000
0.072000
0.177000
0.165000
0.000000
0.000000
0.000000
0.000000
0.000000
0.149000
0.000000
0.000000
0.000000
0.000000
0.000000
0.000000
0.000000
0.000000
0.000000
0.193000
0.000000
0.000000
0.000000
0.000000
0.000000
0.000000
0.000000
0.000000
0.000000
0.000000
0.000000
0.000000
0.000000
0.000000
0.000000
0.000000
0.000000
0.000000
0.000000
0.000000
0.000000
0.000000
0.000000
0.000000
0.000000
0.000000
0.000000
0.000000
0.081000
0.000000
0.000000
0.000000
0.000000
0.000000
0.000000
0.000000
0.000000
0.000000
0.000000
0.000000
0.000000
0.000000
0.000000
0.000000
0.000000
0.134000
0.000000
0.000000
0.000000
0.000000
0.097000
0.000000
0.000000
0.000000
0.000000
0.000000
0.000000
0.000000
0.000000
0.000000
0.000000
0.000000
0.000000
0.000000
0.000000
0.000000
0.000000
0.081000
0.000000
0.000000
0.000000
0.000000
0.023000
0.000000
0.065000
0.227000
0.000000
0.000000
0.000000
0.000000
0.269000
0.000000
0.444000
0.000000
0.000000
0.000000
0.000000
0.000000
0.000000
0.000000
0.054000
0.000000
0.000000
0.000000
0.000000
0.000000
0.220000
0.000000
0.000000
0.000000
0.000000
0.000000
0.000000
0.000000
0.000000
0.000000
0.000000
0.000000
0.000000
0.000000
0.036000
0.000000
0.000000
0.000000
0.000000
0.204000
0.000000
0.000000
0.000000
0.000000
0.000000
0.000000
0.000000
0.000000
0.000000
0.000000
0.000000
0.000000
0.000000
0.000000
0.000000
0.000000
0.000000
0.000000
0.000000
0.000000
0.000000
0.000000
0.000000
0.000000
0.000000
0.000000
0.000000
0.000000
0.000000
0.000000
0.000000
0.000000
0.000000
0.000000
0.000000
0.000000
0.000000
0.000000
0.000000
0.000000
0.000000
0.031000
0.000000
0.000000
0.000000
0.000000
0.000000
0.000000
0.000000
0.000000
0.000000
0.000000
0.000000
0.000000
0.000000
0.000000
0.000000
0.000000
0.000000
0.000000
0.000000
0.034000
0.000000
0.000000
0.000000
0.000000
0.000000
0.000000
0.000000
0.000000
0.000000
0.000000
0.000000
0.000000
0.000000
0.000000
0.000000
0.000000
0.000000
0.000000
0.000000
0.000000
0.000000
0.019000
0.000000
0.000000
0.000000
0.000000
0.000000
0.000000
0.000000
0.000000
0.000000
0.000000
0.000000
0.000000
0.000000
0.000000
0.000000
0.000000
0.000000
0.000000
0.000000
0.000000
0.000000
0.000000
0.000000
0.000000
0.008000
0.000000
0.000000
0.000000
0.000000
0.000000
0.000000
0.000000
0.000000
0.000000
0.000000
0.000000
0.000000
0.000000
0.000000
0.000000
0.000000
0.000000
0.000000
0.000000
0.000000
0.000000
0.000000
0.000000
0.000000
0.000000
0.134000
0.000000
0.000000
0.000000
0.000000
0.000000
0.000000
0.000000
0.000000
0.000000
0.000000
0.000000
0.000000
0.000000
0.000000
0.000000
0.039000
0.000000
0.000000
0.113000
0.000000
0.000000
0.004000
0.000000
0.000000
0.000000
0.135000
0.000000
0.000000
0.000000
0.004000
0.058000
0.114000
0.000000
0.000000
0.000000
0.000000
0.081000
0.000000
0.122000
0.000000
0.000000
0.000000
0.000000
0.000000
0.000000
0.000000
0.103000
0.000000
0.000000
0.000000
0.000000
0.000000
0.000000
0.000000
0.000000
0.000000
0.000000
0.000000
0.000000
0.000000
0.000000
0.000000
0.000000
0.000000
0.000000
0.000000
0.000000
0.000000
0.000000
0.000000
0.000000
0.074000
0.000000
0.000000
0.000000
0.025000
0.000000
0.000000
0.000000
0.040000
0.048000
0.000000
0.000000
0.000000
0.000000
