12.030000
6.141000
10.053000
11.819000
11.087000
7.370000
10.656000
9.399000
12.142000
10.165000
11.725000
5.842000
10.455000
17.022000
4.632000
11.891000
9.458000
13.215000
15.756000
9.355000
11.951000
17.046000
11.903000
9.549000
11.547000
14.632000
6.188000
13.004000
8.140000
4.441000
14.782000
15.919000
5.465000
6.537000
15.804000
18.463000
9.739000
9.134000
15.637000
7.468000
7.571000
14.741000
10.630000
8.348000
11.645000
8.984000
11.576000
13.080000
11.493000
5.650000
11.192000
13.766000
10.774000
7.510000
15.178000
10.232000
11.181000
10.374000
6.879000
12.163000
12.348000
9.153000
9.743000
8.618000
11.948000
2.398000
13.152000
6.339000
9.984000
12.107000
7.758000
8.752000
8.562000
10.297000
8.424000
13.656000
12.011000
11.467000
15.146000
11.776000
14.496000
10.653000
9.421000
15.675000
9.358000
6.924000
14.381000
8.315000
9.960000
10.563000
12.796000
14.799000
12.150000
7.480000
9.979000
7.697000
10.801000
15.191000
11.844000
7.503000
10.052000
4.915000
7.169000
11.093000
3.863000
10.555000
12.030000
3.574000
14.596000
10.544000
13.519000
13.713000
16.093000
11.886000
7.553000
8.542000
9.178000
13.333000
11.343000
7.564000
8.002000
9.990000
7.548000
13.233000
8.901000
7.133000
10.094000
12.085000
9.095000
10.571000
16.375000
11.043000
9.078000
11.313000
13.819000
10.083000
6.420000
9.066000
9.194000
12.656000
9.997000
13.829000
14.772000
10.886000
2.897000
7.482000
10.427000
10.868000
10.035000
10.082000
5.536000
8.136000
5.606000
4.859000
13.709000
10.725000
6.886000
7.840000
16.093000
8.236000
5.924000
6.312000
10.379000
12.411000
10.238000
1.013000
10.526000
7.859000
11.725000
12.244000
11.677000
15.401000
4.080000
9.599000
13.290000
12.451000
10.111000
9.852000
7.379000
5.886000
6.978000
6.945000
10.076000
9.890000
7.682000
7.621000
8.698000
15.280000
10.351000
5.210000
14.234000
10.614000
13.521000
11.679000
9.064000
7.173000
5.934000
7.558000
10.396000
9.268000
11.759000
12.526000
8.375000
10.176000
6.843000
6.373000
8.614000
7.255000
11.083000
11.368000
9.604000
5.415000
10.117000
7.197000
5.416000
12.955000
5.736000
7.611000
2.732000
6.598000
5.725000
10.327000
7.620000
8.322000
8.266000
5.776000
6.612000
7.845000
9.783000
8.701000
7.483000
5.744000
5.596000
10.496000
4.319000
7.410000
0.456000
9.311000
3.517000
5.576000
1.113000
4.091000
3.092000
5.821000
1.954000
4.992000
0.814000
5.300000
5.238000
4.121000
5.329000
11.116000
12.769000
17.088000
0.570000
9.394000
3.842000
8.147000
10.124000
3.822000
2.713000
6.306000
1.772000
5.263000
9.180000
7.797000
2.811000
6.756000
9.402000
10.247000
5.925000
4.773000
6.845000
2.054000
5.604000
5.749000
9.752000
3.118000
0.000000
11.511000
8.915000
0.995000
9.821000
3.103000
7.456000
4.440000
10.657000
8.625000
8.862000
6.835000
7.971000
5.555000
6.309000
11.673000
4.932000
2.394000
8.458000
6.855000
7.014000
8.379000
8.007000
11.043000
2.683000
11.094000
4.197000
13.313000
4.687000
5.495000
5.055000
12.596000
5.727000
7.565000
10.133000
5.949000
3.718000
10.570000
10.889000
1.647000
10.242000
9.183000
9.861000
2.436000
4.794000
9.744000
8.675000
11.211000
4.434000
1.849000
5.193000
8.869000
13.149000
5.477000
2.777000
14.201000
7.333000
4.759000
12.084000
11.616000
8.322000
6.017000
1.328000
9.434000
11.991000
2.261000
18.008000
4.800000
11.113000
3.521000
3.004000
10.440000
11.237000
6.307000
7.658000
17.437000
12.477000
8.271000
10.854000
10.349000
6.489000
7.306000
7.572000
10.173000
4.861000
8.377000
4.821000
4.707000
6.758000
6.532000
17.307000
7.394000
8.077000
7.384000
15.940000
8.854000
13.494000
7.282000
6.359000
9.039000
5.792000
9.001000
11.626000
12.782000
9.645000
10.226000
8.965000
10.412000
4.032000
7.742000
5.305000
6.370000
3.790000
6.260000
6.507000
10.211000
8.412000
4.789000
13.221000
5.461000
1.721000
17.594000
2.113000
4.472000
3.352000
6.707000
6.499000
4.678000
10.914000
14.612000
7.942000
8.038000
10.497000
14.448000
1.044000
10.515000
8.964000
7.030000
7.521000
3.929000
5.837000
13.649000
11.746000
4.410000
9.760000
1.750000
8.558000
9.377000
14.192000
0.774000
3.562000
17.009000
9.250000
4.127000
10.148000
7.049000
7.574000
10.907000
7.848000
4.410000
7.034000
11.330000
7.468000
8.482000
6.435000
9.545000
15.690000
10.623000
11.837000
15.124000
15.913000
12.266000
6.562000
15.333000
11.905000
4.765000
11.181000
12.664000
5.053000
11.070000
7.995000
4.308000
12.197000
9.256000
10.416000
9.947000
7.982000
4.702000
11.649000
13.510000
2.144000
9.806000
5.913000
12.968000
13.192000
11.010000
6.458000
7.058000
6.946000
10.198000
4.481000
17.641000
7.777000
4.166000
4.649000
11.059000
8.541000
12.450000
16.457000
4.740000
11.905000
9.967000
9.067000
8.070000
6.056000
6.107000
11.244000
5.733000
6.199000
13.136000
6.380000
9.074000
10.612000
5.219000
7.846000
14.312000
11.737000
4.093000
9.753000
7.333000
4.854000
13.561000
12.888000
8.253000
10.835000
8.786000
4.530000
2.634000
12.868000
3.023000
6.751000
6.879000
12.754000
7.265000
10.236000
12.040000
10.286000
9.929000
6.657000
0.000000
8.490000
4.379000
5.447000
7.497000
2.760000
16.350000
14.613000
0.000000
9.321000
4.537000
5.274000
3.810000
4.190000
7.899000
7.172000
3.704000
11.561000
5.333000
5.402000
4.685000
4.021000
1.794000
7.365000
10.830000
10.277000
5.856000
7.787000
6.021000
6.521000
1.994000
6.133000
12.056000
7.503000
4.405000
6.311000
4.145000
8.977000
3.874000
8.763000
9.429000
1.119000
7.555000
15.867000
3.841000
9.296000
11.623000
8.567000
10.655000
10.842000
10.081000
5.748000
6.378000
7.022000
3.994000
8.567000
9.177000
15.878000
13.258000
13.494000
7.429000
7.507000
4.009000
0.184000
10.402000
5.810000
4.410000
7.941000
10.174000
8.374000
0.000000
9.672000
8.974000
12.961000
10.179000
4.481000
8.973000
8.509000
3.131000
5.489000
10.101000
3.932000
10.332000
9.164000
10.340000
7.097000
11.432000
2.329000
4.908000
13.334000
7.124000
11.021000
4.733000
5.392000
6.988000
6.046000
3.153000
9.179000
7.362000
7.406000
9.723000
8.954000
15.217000
19.647000
12.046000
10.124000
6.711000
5.364000
8.058000
10.594000
7.823000
7.674000
4.762000
2.405000
9.785000
1.651000
10.834000
7.406000
3.414000
1.668000
4.373000
11.999000
7.728000
3.864000
6.273000
6.111000
12.743000
9.717000
5.705000
6.526000
8.947000
7.419000
7.951000
10.415000
8.352000
8.874000
16.726000
4.011000
8.129000
8.624000
7.991000
12.607000
9.938000
5.611000
13.450000
13.132000
8.294000
8.420000
9.925000
8.793000
10.884000
3.023000
5.102000
3.424000
8.480000
11.185000
3.791000
8.316000
6.196000
15.004000
6.515000
6.727000
8.756000
3.974000
8.669000
12.113000
5.881000
5.024000
6.719000
5.487000
3.156000
10.484000
12.678000
9.699000
12.596000
12.512000
4.741000
7.691000
3.930000
5.217000
7.750000
5.013000
11.560000
9.267000
0.000000
7.730000
8.505000
9.007000
12.921000
9.054000
6.534000
11.196000
12.609000
10.456000
5.210000
11.674000
13.218000
7.621000
6.760000
11.359000
10.132000
7.327000
7.957000
17.404000
11.192000
2.400000
7.496000
11.925000
9.843000
7.922000
5.300000
8.899000
5.754000
7.751000
4.808000
6.650000
8.101000
9.141000
6.565000
10.314000
5.401000
6.756000
9.934000
1.590000
5.756000
6.799000
0.628000
11.110000
10.015000
6.348000
5.698000
8.521000
7.745000
5.632000
10.550000
7.670000
9.151000
5.395000
8.026000
8.686000
7.452000
5.529000
8.163000
9.071000
7.950000
3.829000
6.022000
8.823000
4.926000
3.813000
10.029000
7.398000
5.933000
8.062000
11.727000
5.494000
8.060000
7.528000
11.131000
11.857000
7.213000
11.748000
7.982000
1.635000
9.922000
7.472000
3.307000
11.190000
6.626000
6.403000
8.551000
6.584000
5.927000
6.983000
6.034000
7.619000
12.426000
5.952000
9.699000
7.404000
7.591000
5.924000
2.989000
13.774000
7.723000
12.054000
9.436000
7.771000
15.636000
6.668000
6.155000
6.154000
7.595000
9.402000
8.295000
2.985000
6.016000
9.664000
6.442000
6.232000
8.778000
8.183000
6.516000
11.856000
7.916000
8.328000
7.059000
10.398000
8.190000
0.237000
5.371000
4.912000
2.719000
10.842000
11.770000
6.956000
7.869000
7.124000
7.269000
4.010000
16.415000
10.126000
9.115000
13.018000
4.663000
7.947000
13.374000
7.590000
3.738000
6.955000
8.714000
7.376000
0.000000
5.532000
15.300000
8.306000
8.324000
11.661000
10.306000
7.290000
3.500000
11.678000
3.802000
8.172000
12.135000
2.787000
5.729000
14.090000
10.068000
9.533000
7.036000
9.885000
8.653000
9.799000
5.777000
2.385000
7.627000
8.341000
8.146000
7.077000
5.068000
5.282000
10.153000
11.138000
15.265000
9.697000
10.683000
16.214000
5.040000
7.262000
10.358000
6.286000
6.670000
7.521000
7.085000
7.025000
7.713000
6.771000
11.563000
5.700000
11.164000
7.436000
3.183000
7.789000
10.664000
6.222000
5.672000
6.353000
9.273000
7.691000
7.190000
8.260000
10.377000
7.479000
6.528000
8.627000
3.354000
12.297000
12.184000
5.214000
6.458000
7.128000
12.472000
8.770000
5.100000
5.229000
8.615000
11.356000
4.596000
8.639000
10.856000
15.998000
8.302000
8.969000
8.310000
12.428000
5.615000
9.797000
9.417000
5.572000
8.836000
8.943000
8.305000
5.583000
10.113000
7.069000
9.014000
10.391000
6.646000
14.471000
8.000000
7.911000
8.357000
7.612000
7.841000
5.811000
7.602000
9.931000
11.481000
9.831000
6.452000
5.419000
8.146000
8.693000
6.569000
8.336000
4.060000
8.563000
6.606000
7.805000
6.882000
8.392000
13.110000
5.246000
6.284000
8.296000
12.346000
6.888000
8.039000
11.492000
7.561000
8.419000
4.093000
12.051000
12.220000
12.328000
10.919000
13.190000
13.293000
5.956000
8.282000
9.711000
13.959000
7.937000
5.574000
8.362000
4.364000
2.194000
5.647000
10.350000
10.399000
7.771000
8.195000
7.200000
7.753000
10.751000
6.276000
4.909000
9.945000
15.395000
14.304000
5.686000
8.684000
9.791000
6.540000
9.897000
13.380000
6.726000
8.973000
12.996000
15.205000
6.553000
12.964000
8.027000
9.770000
9.924000
7.920000
10.704000
10.390000
3.385000
8.939000
4.633000
6.742000
12.891000
14.767000
10.228000
11.401000
6.492000
5.570000
10.030000
9.403000
10.216000
10.195000
5.204000
13.564000
8.335000
13.453000
8.292000
8.696000
13.069000
8.083000
9.952000
11.553000
10.547000
10.380000
13.821000
10.516000
8.281000
5.673000
12.415000
15.225000
5.979000
8.253000
7.731000
10.012000
2.469000
15.733000
5.957000
6.647000
6.500000
13.616000
9.462000
4.513000
7.257000
10.563000
14.700000
7.825000
5.985000
10.538000
10.884000
8.212000
9.647000
3.362000
11.536000
9.464000
9.375000
13.837000
14.331000
6.986000
8.047000
7.895000
8.033000
7.354000
8.162000
8.984000
11.642000
10.394000
7.444000
6.966000
12.485000
6.928000
8.748000
7.991000
13.454000
12.678000
11.563000
11.237000
19.882000
5.803000
11.026000
11.465000
3.784000
13.392000
8.496000
10.865000
2.793000
5.328000
8.213000
9.573000
6.478000
8.042000
16.656000
4.076000
7.944000
13.217000
7.860000
7.892000
12.782000
15.845000
6.130000
15.183000
6.901000
3.662000
7.978000
8.485000
10.904000
11.879000
12.582000
8.764000
11.731000
9.228000
14.179000
9.388000
13.873000
6.886000
14.496000
5.484000
8.125000
12.188000
7.254000
9.905000
13.358000
10.761000
18.549000
8.248000
12.000000
7.236000
10.296000
10.574000
9.611000
9.483000
9.890000
10.600000
10.453000
7.094000
14.962000
9.351000
7.960000
14.592000
10.767000
14.313000
15.619000
5.442000
9.743000
7.920000
6.815000
9.514000
13.737000
11.866000
13.376000
19.024000
3.956000
13.083000
10.397000
9.506000
13.488000
8.718000
8.701000
2.621000
4.925000
11.173000
9.025000
14.749000
8.817000
6.548000
8.663000
8.217000
9.429000
4.853000
14.002000
9.339000
13.155000
5.356000
14.606000
10.918000
5.818000
5.415000
10.881000
4.805000
11.232000
8.722000
11.865000
8.176000
11.572000
7.167000
7.205000
20.516000
4.015000
5.218000
8.685000
7.544000
3.519000
4.769000
7.679000
8.060000
10.667000
8.707000
11.005000
8.152000
3.648000
7.000000
7.996000
4.353000
9.439000
4.167000
7.363000
6.265000
9.809000
11.888000
4.968000
14.315000
8.573000
5.252000
15.069000
5.991000
9.876000
8.997000
7.505000
6.967000
7.981000
10.555000
6.941000
5.065000
11.654000
9.699000
9.143000
3.538000
8.808000
8.041000
9.039000
10.612000
8.776000
13.710000
8.863000
14.552000
5.625000
16.912000
12.056000
7.937000
10.554000
7.859000
13.951000
8.407000
3.771000
4.800000
3.906000
7.839000
8.752000
8.104000
8.352000
5.576000
9.245000
7.803000
10.009000
11.160000
5.007000
7.943000
17.360000
5.503000
11.213000
10.482000
12.057000
15.194000
12.139000
16.732000
6.030000
8.360000
6.520000
8.082000
14.535000
11.381000
13.840000
11.023000
10.685000
9.754000
6.258000
3.652000
13.974000
11.706000
12.412000
5.069000
6.683000
11.751000
5.219000
10.775000
11.420000
10.726000
10.541000
8.660000
14.803000
10.037000
6.662000
15.963000
7.024000
9.300000
10.628000
15.976000
10.905000
8.849000
8.834000
3.897000
9.573000
7.822000
7.875000
8.208000
6.854000
7.626000
20.110000
4.986000
9.406000
8.033000
7.927000
10.484000
6.780000
12.233000
7.180000
14.174000
6.762000
10.792000
4.424000
4.354000
8.491000
8.727000
8.068000
10.469000
9.037000
7.980000
11.238000
6.643000
7.942000
10.692000
8.684000
13.132000
9.904000
10.621000
10.392000
12.285000
9.607000
8.625000
8.438000
11.280000
8.468000
10.089000
9.120000
9.149000
10.754000
11.071000
20.329000
14.076000
8.465000
11.343000
8.832000
7.556000
3.860000
17.816000
13.217000
17.716000
10.686000
7.070000
6.186000
10.706000
6.200000
11.886000
11.280000
10.488000
6.941000
10.287000
9.245000
10.267000
11.305000
10.618000
10.089000
12.302000
8.805000
10.947000
7.002000
9.375000
10.873000
12.472000
7.132000
6.844000
6.941000
11.575000
5.615000
11.068000
14.855000
12.315000
15.026000
10.695000
8.790000
9.735000
9.016000
7.494000
13.584000
5.820000
7.923000
10.521000
7.461000
7.944000
6.499000
7.468000
8.700000
9.631000
16.950000
1.671000
12.185000
9.495000
8.624000
10.229000
5.586000
6.569000
17.214000
12.763000
6.143000
7.239000
10.429000
5.793000
12.302000
6.047000
4.952000
19.667000
7.630000
10.993000
12.271000
10.945000
12.314000
12.444000
5.376000
4.827000
9.136000
17.328000
15.088000
11.855000
12.325000
10.554000
5.398000
7.940000
8.798000
14.510000
7.753000
8.512000
7.587000
8.501000
9.162000
13.345000
8.413000
12.549000
18.316000
10.158000
3.567000
3.757000
9.215000
11.080000
9.008000
14.220000
13.205000
10.355000
4.896000
17.898000
8.905000
6.016000
13.452000
13.654000
10.558000
10.615000
6.387000
7.325000
12.444000
10.420000
9.597000
16.294000
9.813000
6.435000
5.522000
7.696000
6.510000
13.353000
8.367000
13.044000
11.697000
0.548000
11.103000
11.899000
8.083000
7.983000
5.990000
10.273000
9.556000
14.889000
13.381000
11.674000
20.475000
5.795000
7.504000
7.488000
9.676000
9.818000
8.897000
7.709000
4.368000
9.999000
7.129000
13.000000
11.778000
7.744000
7.366000
8.344000
5.393000
6.432000
8.708000
5.267000
12.917000
7.756000
10.083000
14.488000
8.963000
8.816000
8.651000
13.970000
3.983000
9.031000
12.410000
11.076000
8.716000
11.773000
11.198000
14.052000
7.740000
10.317000
7.628000
11.242000
10.392000
9.258000
7.517000
5.089000
9.497000
7.752000
5.810000
9.783000
12.584000
10.549000
13.724000
4.978000
5.326000
7.228000
13.487000
3.486000
1.515000
10.689000
2.537000
4.249000
10.147000
9.521000
11.845000
5.578000
4.588000
3.791000
6.051000
9.594000
7.323000
2.363000
9.167000
11.414000
0.743000
4.340000
12.911000
7.247000
6.637000
0.543000
4.216000
7.237000
0.000000
6.550000
2.410000
7.892000
3.847000
5.055000
2.627000
6.435000
2.447000
11.821000
4.103000
10.799000
5.095000
8.011000
2.416000
9.795000
4.259000
5.925000
0.140000
9.673000
4.159000
5.145000
11.322000
6.200000
8.745000
0.000000
6.076000
11.942000
7.971000
8.888000
3.484000
11.706000
8.784000
8.107000
9.064000
4.399000
6.822000
9.242000
10.035000
17.504000
8.606000
5.875000
10.781000
8.025000
8.123000
4.807000
11.660000
4.296000
11.741000
2.611000
8.858000
11.340000
11.961000
9.079000
16.100000
7.453000
5.148000
16.977000
8.442000
10.031000
0.000000
3.191000
6.578000
5.801000
17.680000
5.308000
6.299000
18.473000
9.405000
14.305000
6.358000
12.707000
9.164000
1.610000
5.806000
12.216000
0.000000
5.521000
11.405000
3.794000
9.728000
6.006000
11.184000
1.934000
10.588000
9.722000
10.409000
6.997000
1.179000
2.729000
4.547000
2.390000
10.989000
17.126000
0.299000
9.974000
9.250000
16.282000
3.652000
4.867000
8.547000
2.713000
9.505000
19.910000
18.521000
13.704000
14.276000
10.728000
2.593000
13.894000
15.223000
10.077000
6.514000
6.280000
11.952000
11.422000
6.017000
7.036000
7.442000
7.513000
7.847000
6.127000
10.071000
12.688000
16.657000
11.264000
9.108000
6.258000
9.230000
11.577000
10.902000
10.047000
7.787000
8.340000
11.441000
12.468000
10.793000
15.110000
11.870000
7.102000
9.384000
10.053000
6.134000
6.799000
12.627000
1.210000
8.437000
16.053000
16.651000
10.574000
12.328000
14.387000
13.891000
8.838000
13.318000
11.487000
7.959000
5.596000
12.065000
3.597000
11.879000
6.363000
11.860000
13.932000
8.524000
23.659000
7.175000
10.020000
9.168000
12.041000
11.379000
12.465000
5.540000
16.139000
6.033000
16.941000
11.743000
7.969000
11.684000
8.370000
9.339000
8.681000
11.159000
12.049000
5.208000
0.000000
10.601000
9.606000
10.291000
9.716000
9.749000
14.554000
8.853000
11.284000
6.640000
11.296000
1.911000
5.360000
10.584000
5.724000
8.682000
7.491000
1.419000
11.019000
10.333000
7.113000
15.100000
6.109000
9.194000
9.327000
10.979000
9.958000
10.857000
21.797000
9.429000
19.335000
4.834000
15.350000
6.942000
4.047000
5.941000
13.662000
9.607000
18.701000
17.937000
13.583000
9.584000
9.473000
11.310000
11.648000
19.675000
9.352000
12.705000
9.205000
12.447000
8.727000
16.272000
10.622000
8.432000
14.874000
5.920000
16.196000
7.437000
12.937000
12.721000
13.031000
11.821000
11.515000
8.325000
8.841000
9.674000
5.109000
10.958000
8.914000
8.493000
15.785000
16.606000
5.481000
14.646000
10.191000
9.651000
15.436000
8.868000
12.248000
11.547000
13.030000
14.727000
11.308000
12.032000
11.725000
8.915000
8.982000
8.945000
16.114000
15.370000
8.045000
10.703000
14.103000
9.030000
10.511000
10.553000
7.837000
14.264000
14.287000
11.343000
6.674000
7.149000
10.020000
9.479000
9.264000
5.912000
17.556000
11.335000
2.794000
11.614000
11.177000
7.793000
16.892000
13.016000
11.769000
9.501000
11.856000
7.411000
6.855000
6.782000
13.199000
9.986000
23.342000
10.605000
16.821000
10.188000
9.198000
8.527000
8.741000
10.233000
12.569000
2.642000
10.554000
10.176000
7.355000
8.934000
15.501000
10.083000
13.426000
1.828000
15.763000
12.000000
8.891000
10.942000
7.764000
11.760000
15.287000
6.600000
16.983000
17.141000
13.689000
13.010000
11.244000
11.601000
13.272000
8.982000
9.783000
13.043000
7.938000
9.406000
12.905000
9.697000
6.617000
10.161000
8.199000
11.040000
9.317000
5.891000
16.092000
10.302000
5.455000
6.477000
10.950000
19.050000
16.056000
9.054000
9.587000
8.980000
4.431000
10.411000
7.287000
9.462000
9.799000
16.445000
10.250000
7.233000
13.003000
14.908000
8.703000
14.554000
10.078000
12.318000
8.558000
3.829000
10.920000
7.240000
9.052000
9.618000
15.948000
12.444000
17.630000
9.724000
12.321000
12.265000
17.316000
12.126000
8.592000
17.674000
8.151000
9.829000
6.364000
17.406000
12.265000
11.880000
14.977000
1.888000
9.280000
18.459000
12.649000
11.931000
12.437000
5.518000
16.096000
7.681000
18.906000
9.357000
9.427000
8.492000
10.441000
11.428000
17.213000
13.647000
11.104000
11.809000
9.164000
11.406000
4.452000
12.227000
7.597000
12.959000
3.905000
16.339000
16.262000
11.568000
17.865000
17.764000
5.006000
15.267000
16.170000
8.800000
12.271000
6.464000
11.441000
10.513000
12.908000
10.498000
9.922000
7.208000
12.806000
8.454000
10.303000
16.916000
18.687000
17.322000
10.383000
15.345000
14.261000
11.088000
12.011000
9.658000
8.616000
7.985000
10.154000
11.326000
7.324000
6.258000
17.167000
8.872000
8.760000
13.631000
10.312000
11.700000
12.043000
6.189000
6.246000
6.817000
8.193000
8.527000
8.385000
7.833000
16.630000
19.701000
11.486000
12.315000
10.176000
12.328000
10.536000
8.556000
15.355000
8.657000
10.357000
13.505000
11.142000
11.488000
11.212000
12.471000
4.506000
11.134000
9.717000
14.329000
11.443000
3.039000
11.203000
9.373000
7.503000
8.072000
7.777000
9.670000
6.972000
8.363000
8.019000
18.125000
8.372000
9.295000
18.426000
4.950000
8.123000
4.551000
6.346000
0.000000
3.470000
11.103000
5.098000
7.956000
8.813000
6.488000
17.938000
7.291000
0.000000
6.470000
0.000000
14.982000
6.146000
6.645000
5.014000
4.959000
3.600000
11.576000
4.564000
5.478000
2.221000
8.021000
9.005000
10.538000
10.324000
3.562000
5.764000
4.135000
5.138000
2.398000
2.272000
3.577000
5.873000
3.130000
6.337000
2.383000
9.178000
4.114000
6.291000
8.563000
0.000000
11.287000
0.000000
12.812000
8.502000
10.798000
4.190000
5.716000
12.233000
8.414000
12.578000
7.520000
10.784000
5.496000
7.262000
14.215000
12.424000
12.308000
16.883000
4.793000
11.963000
5.258000
12.913000
17.295000
12.974000
11.512000
4.872000
7.784000
8.529000
11.093000
8.652000
4.463000
13.508000
14.743000
11.945000
13.466000
6.853000
13.135000
5.786000
2.979000
11.120000
4.055000
9.921000
12.392000
10.726000
8.890000
6.618000
8.382000
11.771000
12.447000
8.406000
9.178000
13.045000
15.124000
13.456000
14.005000
18.725000
11.625000
20.693000
10.294000
1.836000
4.977000
8.524000
11.934000
4.038000
17.096000
12.004000
5.803000
15.288000
10.954000
13.850000
13.854000
1.395000
6.470000
13.813000
2.955000
9.973000
6.308000
15.960000
5.475000
6.233000
17.045000
14.027000
15.790000
16.277000
18.085000
10.872000
7.518000
8.099000
8.350000
16.981000
11.350000
12.018000
6.346000
6.133000
1.648000
11.355000
19.013000
10.309000
8.448000
4.662000
12.253000
14.584000
12.406000
19.881000
12.426000
3.480000
10.535000
19.444000
16.033000
8.602000
3.573000
5.092000
12.281000
16.780000
0.643000
12.191000
14.162000
9.924000
16.315000
6.254000
15.785000
12.989000
15.086000
8.401000
9.685000
14.885000
14.332000
9.406000
8.425000
9.050000
14.848000
11.945000
3.119000
5.668000
6.450000
22.146000
13.317000
10.383000
9.375000
21.532000
12.055000
8.548000
6.234000
13.105000
15.105000
4.696000
10.810000
6.377000
12.678000
9.928000
8.086000
10.790000
6.072000
8.684000
12.217000
13.060000
10.669000
4.234000
12.731000
6.437000
18.964000
9.194000
12.291000
9.730000
10.380000
10.667000
18.763000
7.604000
10.546000
11.792000
13.681000
12.396000
10.006000
12.024000
12.620000
22.312000
5.885000
12.447000
15.902000
14.330000
16.665000
7.800000
9.924000
11.281000
10.268000
8.832000
20.157000
20.470000
13.085000
11.857000
10.808000
0.043000
13.213000
6.012000
17.105000
5.006000
11.293000
9.323000
8.406000
10.682000
7.056000
7.713000
15.041000
7.758000
11.182000
7.685000
16.009000
11.727000
14.431000
12.098000
24.377000
11.654000
18.046000
11.710000
12.624000
8.391000
11.386000
12.136000
7.272000
12.904000
9.328000
11.239000
11.982000
12.484000
2.835000
9.870000
9.013000
12.405000
9.391000
12.139000
11.034000
7.279000
9.430000
5.859000
6.998000
8.948000
8.405000
15.384000
13.296000
15.931000
8.944000
15.687000
5.880000
20.633000
8.527000
14.392000
6.142000
9.788000
14.272000
9.804000
5.521000
8.733000
14.485000
12.901000
14.204000
17.165000
8.752000
13.874000
9.143000
10.403000
10.855000
15.504000
16.958000
12.602000
9.409000
12.887000
15.183000
18.549000
9.825000
20.110000
8.267000
11.286000
13.577000
15.867000
4.368000
14.395000
11.308000
10.908000
13.474000
15.208000
15.010000
12.590000
16.490000
11.903000
16.381000
12.982000
15.532000
11.109000
9.523000
19.733000
13.047000
12.112000
12.378000
10.373000
13.595000
16.582000
18.945000
9.152000
16.988000
11.637000
10.981000
11.034000
10.225000
19.645000
11.756000
12.594000
11.128000
13.224000
14.226000
14.657000
12.870000
11.006000
16.141000
14.989000
13.351000
14.162000
12.657000
14.063000
14.046000
11.212000
9.513000
12.440000
13.214000
13.335000
8.261000
11.349000
6.518000
10.623000
12.326000
13.949000
15.195000
8.181000
10.202000
9.758000
15.120000
13.457000
15.791000
14.804000
11.806000
8.205000
12.422000
10.701000
14.236000
16.096000
12.622000
11.647000
12.544000
18.431000
6.516000
12.777000
12.868000
16.772000
13.133000
15.952000
12.541000
13.983000
10.240000
13.799000
14.307000
15.837000
13.379000
14.751000
13.198000
14.451000
12.782000
14.353000
13.394000
2.278000
13.858000
7.662000
15.880000
15.396000
11.592000
17.402000
15.366000
16.693000
20.401000
22.201000
19.518000
18.296000
13.644000
17.175000
13.572000
4.038000
7.027000
9.478000
15.685000
16.876000
10.393000
12.597000
9.477000
13.742000
16.154000
13.551000
16.522000
10.634000
11.651000
9.829000
20.948000
10.753000
14.428000
16.714000
8.339000
9.893000
12.136000
15.037000
12.802000
16.558000
17.416000
16.728000
11.745000
13.548000
15.151000
12.924000
9.258000
15.376000
14.185000
5.793000
8.917000
11.519000
13.469000
15.781000
6.826000
13.578000
12.371000
15.817000
15.401000
18.269000
16.371000
15.106000
16.120000
11.651000
13.342000
12.635000
16.083000
18.442000
11.971000
8.916000
10.516000
12.207000
14.925000
15.004000
16.358000
5.898000
14.921000
18.459000
14.883000
18.180000
10.768000
12.288000
14.040000
15.073000
19.971000
15.583000
12.000000
10.211000
6.160000
16.305000
11.088000
19.798000
10.804000
14.165000
13.754000
18.129000
15.670000
12.489000
8.959000
12.100000
12.720000
17.212000
6.845000
8.836000
8.772000
14.313000
13.588000
16.188000
16.019000
15.101000
8.068000
11.924000
15.131000
12.890000
14.351000
15.478000
9.719000
11.224000
14.361000
16.534000
20.817000
11.464000
14.635000
8.485000
9.483000
8.420000
19.629000
10.616000
6.064000
17.543000
18.657000
12.752000
19.991000
12.444000
7.238000
17.165000
10.809000
6.181000
13.352000
7.001000
16.023000
13.360000
13.836000
15.113000
16.855000
11.977000
12.183000
9.035000
11.192000
20.327000
12.050000
11.214000
15.591000
9.937000
11.580000
19.092000
10.562000
11.177000
16.528000
12.808000
11.402000
10.712000
9.852000
13.049000
19.113000
18.708000
10.906000
12.272000
10.797000
8.713000
11.579000
7.305000
11.807000
7.580000
14.375000
16.191000
11.503000
13.783000
10.333000
12.706000
8.554000
8.654000
9.749000
13.626000
14.803000
16.121000
14.722000
13.602000
13.235000
11.502000
16.209000
14.652000
15.170000
12.478000
12.057000
13.354000
17.890000
7.900000
6.968000
11.605000
6.489000
18.922000
11.622000
8.849000
11.952000
9.135000
15.810000
12.555000
11.344000
12.721000
14.035000
15.119000
12.698000
9.686000
12.717000
11.394000
11.740000
14.583000
11.645000
10.883000
11.743000
12.347000
10.556000
12.010000
11.037000
13.493000
11.498000
15.647000
9.653000
15.025000
12.320000
7.298000
8.259000
13.168000
11.060000
10.408000
14.545000
10.410000
9.044000
9.866000
13.188000
8.117000
10.902000
12.946000
15.826000
17.636000
7.781000
9.123000
10.645000
16.440000
13.391000
9.352000
7.466000
12.875000
12.868000
8.601000
9.745000
8.402000
6.270000
9.421000
10.934000
20.170000
15.578000
9.796000
14.000000
7.443000
8.331000
13.831000
12.340000
10.548000
11.885000
14.755000
8.655000
13.904000
15.716000
12.580000
13.488000
14.812000
11.152000
9.236000
12.153000
17.173000
8.240000
14.604000
15.332000
26.753000
17.450000
13.731000
11.265000
10.913000
9.571000
13.718000
11.191000
13.501000
6.531000
14.181000
15.904000
9.785000
10.289000
17.430000
9.579000
9.798000
18.538000
17.205000
17.512000
16.934000
15.673000
9.398000
12.379000
11.034000
12.806000
13.268000
15.478000
12.298000
13.848000
14.439000
9.697000
12.352000
13.639000
15.455000
11.558000
11.531000
13.614000
14.666000
12.011000
9.092000
19.456000
11.949000
10.253000
8.987000
11.518000
18.027000
9.713000
12.154000
11.674000
9.392000
9.432000
9.860000
11.689000
9.105000
7.653000
6.069000
14.650000
13.432000
15.564000
10.906000
12.936000
10.103000
14.553000
14.781000
3.988000
16.148000
13.086000
12.909000
12.413000
14.843000
10.015000
15.278000
5.534000
8.828000
12.582000
15.614000
18.367000
14.384000
8.653000
14.748000
10.425000
13.663000
9.733000
15.076000
16.387000
14.144000
13.031000
16.820000
17.680000
22.034000
10.902000
6.657000
17.838000
10.486000
21.387000
10.460000
15.907000
11.520000
13.597000
17.251000
19.125000
17.214000
11.873000
11.127000
12.244000
9.181000
4.443000
7.550000
15.480000
11.330000
12.655000
9.928000
14.137000
11.965000
18.868000
17.554000
15.146000
10.709000
13.866000
21.500000
13.876000
13.311000
13.186000
9.153000
22.814000
13.936000
12.977000
15.004000
12.909000
13.244000
12.829000
6.531000
12.021000
16.083000
15.389000
7.079000
15.180000
15.130000
14.871000
11.015000
14.330000
15.223000
12.343000
12.164000
15.070000
16.512000
11.985000
15.395000
12.856000
10.509000
11.602000
7.202000
10.773000
18.243000
5.604000
15.181000
12.890000
10.812000
10.880000
16.038000
11.263000
14.265000
13.770000
13.918000
10.802000
8.568000
9.002000
10.732000
16.025000
13.611000
15.110000
16.070000
13.037000
10.375000
19.318000
13.973000
16.655000
18.833000
13.086000
14.175000
14.763000
15.857000
22.765000
14.011000
12.179000
19.768000
9.867000
16.137000
11.834000
9.393000
20.389000
6.159000
12.080000
15.136000
20.715000
6.225000
9.539000
14.032000
11.348000
16.222000
13.636000
13.381000
6.254000
12.568000
12.663000
11.547000
13.223000
11.963000
14.276000
8.473000
12.369000
17.934000
14.473000
10.412000
14.845000
17.794000
15.791000
16.829000
9.395000
8.963000
12.141000
10.239000
10.763000
14.317000
14.704000
18.555000
11.931000
13.987000
12.052000
9.062000
13.289000
14.492000
12.721000
18.050000
9.712000
13.380000
13.311000
13.320000
12.205000
12.255000
10.998000
15.431000
18.098000
9.846000
10.253000
9.897000
11.954000
11.379000
11.743000
11.929000
16.794000
14.146000
19.151000
15.042000
12.392000
13.085000
14.674000
8.249000
7.949000
12.508000
11.725000
11.475000
14.417000
16.395000
14.864000
11.756000
10.460000
2.596000
11.896000
10.909000
21.182000
10.308000
13.281000
5.735000
16.741000
10.310000
13.573000
5.478000
15.088000
8.271000
17.338000
15.267000
10.067000
10.176000
12.551000
19.637000
8.605000
17.077000
16.747000
8.702000
15.492000
9.956000
15.130000
14.522000
10.419000
11.357000
13.026000
8.561000
14.258000
11.042000
12.005000
9.345000
14.019000
4.995000
10.771000
15.841000
7.464000
14.993000
7.478000
5.792000
13.948000
12.864000
13.469000
10.594000
11.034000
11.596000
9.420000
7.591000
9.285000
7.647000
9.015000
9.375000
7.920000
15.503000
8.862000
12.172000
11.958000
9.156000
9.419000
3.659000
13.917000
11.861000
9.092000
14.016000
12.495000
14.880000
16.847000
10.814000
12.624000
11.222000
10.401000
14.772000
12.809000
13.030000
10.115000
10.048000
13.654000
17.860000
14.299000
16.155000
8.129000
9.980000
11.694000
15.606000
15.831000
4.377000
10.771000
10.517000
13.711000
7.155000
10.746000
11.295000
13.579000
10.449000
13.044000
7.588000
7.924000
13.624000
8.214000
7.232000
10.442000
11.853000
10.897000
14.651000
18.026000
12.018000
13.451000
4.674000
17.187000
8.116000
14.699000
13.776000
14.858000
8.554000
7.500000
11.836000
11.472000
7.519000
14.134000
11.674000
9.024000
14.312000
9.580000
7.648000
16.238000
13.198000
12.811000
11.871000
8.581000
19.837000
22.685000
10.074000
8.611000
14.175000
7.954000
7.748000
7.798000
6.673000
7.383000
15.973000
8.726000
12.413000
9.166000
13.929000
15.684000
10.876000
7.352000
9.934000
6.193000
11.159000
11.091000
10.626000
9.865000
10.413000
10.487000
12.642000
12.703000
10.364000
10.641000
11.525000
8.670000
9.251000
9.828000
10.643000
5.628000
14.560000
11.890000
8.645000
8.939000
11.117000
14.330000
6.595000
14.246000
10.477000
20.773000
13.302000
15.901000
7.533000
10.702000
9.757000
9.909000
7.191000
17.991000
15.384000
13.747000
16.073000
8.374000
8.621000
10.867000
9.452000
8.930000
9.998000
5.105000
10.868000
10.763000
6.922000
12.007000
15.798000
13.061000
9.578000
8.661000
8.069000
7.078000
21.629000
15.589000
10.006000
5.844000
11.704000
12.829000
11.393000
22.885000
15.191000
12.025000
12.527000
20.299000
14.501000
14.242000
15.149000
6.958000
14.272000
17.009000
15.970000
14.124000
17.769000
19.060000
8.858000
9.208000
13.223000
14.233000
16.182000
11.348000
17.054000
9.328000
11.569000
11.200000
14.808000
12.415000
15.047000
8.313000
17.714000
13.439000
18.884000
12.100000
19.622000
9.825000
13.387000
5.437000
12.837000
14.932000
6.092000
6.940000
16.035000
9.923000
11.497000
12.251000
10.250000
17.142000
14.384000
9.992000
6.375000
12.514000
12.000000
16.003000
9.152000
12.296000
14.040000
10.473000
10.463000
13.243000
11.671000
11.480000
12.377000
10.325000
14.036000
14.832000
10.393000
16.943000
4.907000
13.542000
4.627000
10.835000
15.126000
11.497000
11.523000
11.781000
12.723000
11.406000
10.678000
9.039000
13.215000
8.834000
18.769000
11.376000
7.568000
8.727000
14.323000
13.698000
11.771000
6.323000
8.459000
11.532000
9.271000
10.736000
11.084000
10.742000
6.031000
11.522000
6.109000
7.286000
10.764000
20.401000
8.783000
11.643000
9.416000
11.378000
12.536000
17.556000
8.241000
8.360000
16.155000
6.340000
10.397000
11.546000
10.756000
8.446000
10.204000
12.903000
11.939000
12.323000
4.893000
11.463000
11.373000
10.011000
11.727000
9.116000
14.639000
13.032000
11.986000
14.549000
10.503000
13.899000
6.959000
8.460000
12.832000
14.686000
12.707000
9.694000
14.844000
9.995000
9.052000
14.002000
7.730000
10.861000
13.026000
9.019000
11.068000
10.492000
15.310000
7.534000
15.577000
13.461000
8.032000
13.373000
6.931000
16.609000
15.760000
8.432000
15.980000
13.412000
13.465000
10.254000
14.808000
10.664000
7.590000
14.430000
14.626000
13.835000
14.734000
11.973000
10.779000
8.451000
7.735000
13.384000
13.121000
12.112000
10.380000
14.650000
8.512000
9.278000
12.189000
8.892000
11.549000
10.432000
13.159000
13.548000
12.760000
15.604000
8.815000
11.525000
9.594000
11.515000
9.458000
12.230000
12.204000
10.164000
9.944000
9.385000
13.227000
11.322000
7.125000
10.996000
14.096000
6.950000
10.921000
15.376000
7.562000
8.972000
9.287000
9.722000
15.644000
12.421000
9.724000
9.547000
11.099000
10.689000
4.571000
10.125000
8.978000
14.998000
9.933000
12.327000
13.148000
11.479000
11.981000
7.378000
17.710000
16.523000
7.791000
6.663000
11.228000
13.657000
14.654000
17.660000
12.083000
9.852000
8.472000
11.621000
5.773000
10.789000
11.386000
4.532000
20.324000
18.329000
12.798000
3.077000
10.878000
12.522000
16.197000
11.213000
11.722000
9.361000
11.137000
12.448000
13.396000
11.252000
9.931000
11.265000
10.134000
12.719000
9.614000
20.757000
16.089000
10.968000
18.189000
8.561000
14.595000
9.060000
10.077000
12.912000
14.721000
14.766000
6.803000
15.689000
21.038000
16.472000
9.587000
17.045000
9.287000
15.485000
13.765000
7.580000
12.482000
13.035000
12.558000
12.612000
11.032000
14.673000
14.902000
12.585000
7.341000
8.374000
9.840000
13.707000
19.086000
9.282000
9.026000
9.300000
11.542000
14.878000
13.085000
9.184000
12.399000
18.786000
10.078000
10.051000
13.764000
14.789000
17.203000
17.624000
9.556000
9.172000
7.817000
16.477000
6.910000
14.268000
17.478000
13.468000
11.541000
13.726000
6.838000
13.065000
16.976000
13.118000
12.484000
7.537000
13.567000
6.590000
19.674000
10.589000
9.315000
17.819000
17.426000
14.965000
13.218000
8.810000
9.544000
20.248000
12.923000
17.036000
13.279000
15.282000
7.985000
10.624000
15.644000
19.195000
16.024000
20.184000
9.209000
15.057000
14.975000
14.363000
16.777000
8.838000
19.309000
8.328000
10.804000
8.958000
13.876000
15.073000
12.394000
20.002000
20.072000
12.912000
14.400000
12.230000
12.936000
11.153000
10.428000
16.527000
15.857000
10.295000
18.732000
16.150000
9.124000
13.357000
12.494000
18.535000
16.981000
9.115000
11.501000
14.047000
17.488000
12.632000
10.630000
10.696000
12.030000
14.781000
15.939000
9.956000
14.135000
16.337000
10.787000
20.144000
18.093000
8.947000
15.346000
12.409000
12.691000
14.277000
7.208000
15.753000
11.508000
16.651000
12.048000
14.542000
10.003000
16.747000
10.652000
9.431000
13.303000
9.175000
12.711000
16.138000
12.398000
13.556000
7.474000
12.810000
22.147000
8.361000
11.227000
15.095000
7.720000
13.485000
16.278000
15.759000
20.028000
15.782000
16.144000
12.142000
9.954000
13.475000
15.192000
10.825000
8.592000
16.191000
11.682000
7.289000
16.383000
8.643000
23.161000
17.153000
8.532000
10.432000
9.966000
14.930000
17.745000
13.003000
14.607000
15.763000
15.232000
11.040000
8.259000
7.696000
11.435000
13.585000
14.025000
15.967000
8.297000
11.050000
10.810000
10.022000
3.958000
21.714000
11.148000
10.439000
8.990000
11.339000
13.923000
8.834000
7.494000
9.274000
8.626000
12.344000
14.941000
10.694000
10.877000
12.243000
12.310000
11.329000
7.737000
4.010000
11.844000
12.124000
17.223000
15.272000
13.214000
14.889000
11.164000
10.647000
3.791000
9.438000
13.921000
7.901000
11.098000
4.358000
3.257000
4.715000
8.785000
12.941000
9.325000
7.198000
9.369000
8.285000
12.799000
9.361000
16.014000
7.522000
19.634000
7.695000
13.825000
12.541000
11.325000
10.421000
16.103000
6.798000
16.203000
15.167000
10.702000
9.485000
7.534000
6.998000
7.698000
9.687000
5.551000
11.880000
12.232000
9.425000
11.785000
13.630000
9.966000
10.669000
8.914000
9.890000
15.868000
15.044000
16.263000
13.267000
10.074000
9.755000
16.758000
13.918000
10.897000
13.017000
17.264000
8.878000
15.294000
15.861000
10.867000
12.975000
14.143000
3.683000
18.574000
11.574000
13.354000
10.737000
8.899000
7.135000
6.964000
9.137000
10.888000
18.077000
8.613000
9.616000
13.583000
4.198000
7.001000
16.226000
5.211000
10.216000
10.619000
7.224000
12.841000
17.937000
17.547000
12.794000
12.409000
9.512000
15.459000
15.134000
17.979000
15.993000
10.743000
12.181000
11.493000
20.064000
12.828000
9.499000
13.971000
12.786000
17.749000
16.696000
8.660000
14.710000
16.289000
7.584000
14.179000
9.717000
17.992000
12.048000
9.579000
13.762000
3.540000
5.054000
15.866000
5.547000
11.140000
6.380000
13.604000
16.922000
4.459000
7.388000
9.885000
7.131000
5.761000
4.426000
8.965000
10.502000
14.793000
2.397000
15.329000
9.349000
5.222000
5.741000
3.493000
6.752000
7.358000
3.682000
5.036000
10.423000
7.571000
9.088000
7.778000
3.514000
15.106000
4.113000
4.979000
0.849000
17.398000
4.726000
9.827000
5.237000
6.394000
14.038000
9.341000
11.961000
15.624000
10.146000
8.346000
14.123000
12.385000
5.587000
12.926000
2.223000
18.595000
0.766000
3.000000
6.119000
5.458000
3.977000
11.897000
3.558000
8.547000
12.753000
21.472000
7.888000
4.845000
11.473000
13.958000
15.107000
12.495000
4.200000
7.419000
7.559000
6.874000
17.688000
5.939000
6.054000
5.154000
13.833000
3.556000
6.822000
14.262000
14.941000
5.464000
13.615000
4.655000
0.000000
8.635000
11.269000
3.474000
18.254000
4.754000
4.337000
7.616000
9.743000
11.481000
15.815000
2.547000
5.802000
10.214000
3.235000
0.000000
10.581000
12.703000
12.377000
9.040000
14.023000
4.910000
2.943000
7.029000
4.482000
18.884000
12.343000
14.064000
9.900000
11.208000
16.022000
1.187000
10.941000
10.941000
13.466000
11.781000
10.552000
8.233000
5.514000
3.920000
2.874000
17.434000
5.626000
12.216000
9.122000
7.056000
11.763000
10.361000
11.342000
11.644000
7.123000
6.453000
3.710000
4.545000
4.908000
12.405000
5.499000
5.040000
1.475000
7.761000
12.282000
5.519000
4.702000
14.143000
5.787000
5.244000
0.840000
7.809000
6.829000
18.173000
7.617000
5.043000
8.340000
2.598000
7.549000
5.762000
11.146000
16.232000
3.246000
9.347000
3.891000
9.413000
6.257000
8.604000
5.110000
6.499000
6.949000
4.011000
3.172000
9.698000
3.955000
4.223000
4.448000
9.164000
7.361000
9.040000
7.733000
7.867000
11.629000
2.308000
1.557000
10.698000
4.141000
4.330000
16.977000
18.311000
5.657000
22.345000
6.658000
7.568000
3.241000
1.756000
6.824000
12.599000
5.428000
7.178000
11.026000
4.585000
4.215000
6.998000
15.038000
11.017000
9.707000
20.908000
10.097000
17.148000
7.104000
3.550000
5.273000
8.608000
10.606000
14.286000
11.798000
10.976000
16.505000
10.985000
9.733000
9.512000
7.911000
5.050000
8.139000
15.223000
6.769000
4.306000
7.713000
13.709000
20.663000
10.988000
20.124000
20.588000
5.110000
17.318000
4.790000
5.497000
8.318000
6.046000
8.754000
19.292000
6.482000
4.362000
9.683000
10.768000
10.563000
7.332000
17.899000
8.321000
4.741000
15.826000
18.450000
7.763000
9.384000
14.275000
12.705000
3.709000
10.402000
1.273000
15.289000
4.990000
13.247000
16.366000
10.378000
10.893000
17.650000
6.312000
5.979000
13.974000
0.000000
6.079000
16.370000
12.683000
8.838000
10.165000
8.352000
5.366000
7.432000
11.980000
14.904000
10.713000
15.194000
5.695000
13.282000
7.531000
12.945000
18.073000
13.506000
5.635000
9.583000
16.051000
11.910000
9.506000
13.079000
14.483000
6.776000
8.901000
15.115000
18.106000
8.625000
7.014000
4.541000
14.028000
10.135000
8.595000
9.865000
11.261000
13.660000
11.160000
8.686000
4.789000
4.857000
11.195000
16.660000
9.669000
6.588000
3.524000
2.537000
2.472000
10.359000
2.466000
5.270000
0.228000
4.270000
1.949000
3.889000
21.768000
7.477000
1.566000
0.000000
1.672000
0.054000
2.113000
2.704000
4.046000
0.000000
20.765000
1.297000
9.496000
4.904000
16.191000
3.362000
1.736000
3.205000
13.920000
2.780000
11.808000
0.495000
4.025000
0.414000
6.199000
13.073000
2.105000
14.626000
1.279000
0.000000
0.985000
3.609000
0.744000
3.718000
2.294000
4.916000
15.735000
13.987000
4.136000
4.924000
13.753000
4.126000
0.000000
4.080000
14.545000
2.463000
17.367000
4.576000
13.244000
12.459000
9.383000
6.059000
1.356000
8.121000
1.376000
4.504000
0.114000
11.095000
11.740000
8.959000
11.164000
3.557000
6.496000
6.026000
0.000000
14.659000
2.663000
9.327000
4.395000
8.915000
15.620000
15.499000
2.488000
14.522000
5.923000
14.476000
9.942000
14.592000
3.633000
13.480000
11.154000
3.412000
8.681000
12.839000
14.365000
0.706000
1.787000
5.877000
15.902000
13.810000
6.303000
0.000000
12.832000
8.666000
1.579000
2.918000
12.317000
5.760000
9.536000
16.579000
20.529000
15.214000
2.753000
11.583000
3.326000
2.616000
4.410000
3.014000
15.425000
13.609000
13.005000
6.679000
11.981000
10.683000
9.025000
17.116000
12.436000
9.046000
17.803000
14.703000
9.419000
15.569000
16.551000
10.477000
13.336000
3.634000
9.097000
10.696000
4.403000
0.660000
13.423000
15.287000
1.785000
1.740000
4.426000
11.386000
6.295000
15.383000
15.220000
3.963000
11.454000
14.469000
3.683000
8.107000
1.423000
7.210000
14.907000
1.559000
11.640000
9.517000
3.122000
16.842000
16.841000
1.551000
5.813000
15.396000
16.689000
11.394000
5.951000
12.003000
3.219000
10.313000
19.458000
16.448000
6.070000
5.847000
12.173000
14.513000
1.038000
15.701000
14.613000
7.778000
19.961000
3.017000
4.921000
3.945000
3.307000
17.964000
15.982000
16.114000
12.629000
10.573000
13.342000
1.529000
13.357000
13.726000
12.570000
13.554000
11.875000
18.091000
4.164000
15.454000
15.967000
14.155000
1.059000
19.698000
12.223000
11.231000
9.602000
14.860000
9.588000
13.292000
17.428000
15.417000
7.336000
12.101000
9.345000
11.434000
7.075000
12.970000
12.869000
6.706000
2.508000
13.275000
7.917000
4.777000
9.041000
1.989000
9.856000
13.209000
12.714000
7.967000
7.905000
13.535000
11.786000
12.840000
0.000000
10.451000
2.101000
11.489000
12.345000
13.707000
5.905000
11.731000
11.413000
5.913000
12.596000
15.898000
10.699000
15.331000
14.091000
10.516000
16.203000
11.302000
14.481000
13.712000
10.237000
16.238000
14.736000
14.668000
13.170000
9.741000
8.331000
9.006000
15.409000
5.783000
13.442000
2.529000
3.369000
12.216000
13.156000
11.772000
12.768000
5.878000
5.938000
17.420000
18.747000
17.623000
13.160000
12.782000
17.107000
10.536000
12.991000
13.227000
6.151000
12.258000
6.433000
9.311000
13.302000
8.606000
12.964000
13.868000
13.329000
11.824000
13.677000
14.860000
15.138000
17.145000
7.167000
15.885000
20.366000
18.940000
3.921000
7.013000
5.721000
9.377000
9.737000
4.483000
12.777000
12.930000
12.813000
5.648000
11.095000
9.950000
12.935000
7.102000
16.025000
14.179000
10.960000
15.704000
9.605000
6.089000
10.694000
13.950000
14.805000
15.307000
8.443000
8.793000
10.511000
14.471000
12.877000
10.866000
15.085000
11.114000
15.806000
14.049000
11.462000
12.876000
2.901000
13.906000
9.671000
12.076000
11.510000
20.816000
4.621000
14.080000
14.310000
15.078000
12.562000
12.563000
10.915000
10.252000
7.579000
13.107000
12.884000
11.820000
12.522000
8.680000
13.566000
13.593000
17.739000
5.607000
13.776000
10.713000
9.992000
13.044000
13.169000
16.013000
11.705000
13.280000
15.006000
13.670000
8.470000
12.193000
10.730000
14.768000
13.602000
11.693000
7.035000
15.123000
8.048000
11.965000
1.533000
10.674000
13.637000
10.140000
12.042000
10.440000
3.505000
9.256000
12.962000
6.506000
14.898000
17.771000
5.812000
8.204000
12.667000
0.738000
11.874000
14.164000
14.692000
7.285000
13.284000
12.550000
10.049000
10.171000
5.773000
19.032000
4.902000
8.862000
11.964000
10.770000
15.880000
10.226000
15.249000
12.596000
4.376000
15.146000
11.909000
15.460000
14.443000
8.795000
15.553000
15.259000
4.123000
12.536000
13.285000
13.576000
11.147000
9.218000
12.256000
15.081000
9.677000
15.067000
21.206000
14.077000
13.230000
8.367000
9.888000
17.268000
4.378000
14.289000
16.783000
12.096000
15.770000
14.220000
14.933000
12.740000
14.954000
10.530000
10.962000
10.583000
5.357000
15.831000
10.619000
10.614000
9.020000
18.521000
13.238000
12.254000
15.912000
9.010000
8.589000
3.596000
5.705000
11.279000
15.048000
13.749000
15.653000
15.241000
17.602000
9.573000
9.179000
6.521000
12.922000
16.696000
6.962000
12.408000
6.482000
15.276000
21.586000
6.685000
8.767000
13.154000
6.112000
16.550000
13.359000
11.186000
13.925000
17.211000
15.218000
14.778000
11.579000
16.914000
12.443000
10.242000
9.665000
11.957000
8.444000
11.778000
7.712000
7.374000
7.301000
16.507000
21.147000
9.994000
10.645000
13.226000
13.055000
11.777000
10.870000
15.478000
7.225000
14.405000
10.196000
8.654000
8.423000
8.343000
8.691000
17.456000
20.478000
6.676000
8.240000
10.316000
12.470000
11.526000
9.874000
13.156000
17.541000
12.228000
4.432000
20.006000
8.860000
11.979000
10.840000
12.754000
15.106000
14.241000
18.471000
14.435000
4.485000
13.342000
11.335000
21.826000
7.647000
13.260000
11.775000
11.628000
11.666000
8.025000
12.986000
19.734000
7.452000
16.027000
14.948000
10.966000
7.214000
15.675000
13.483000
15.860000
19.047000
12.970000
8.071000
15.210000
14.309000
14.645000
7.210000
10.035000
11.945000
14.939000
18.749000
13.949000
10.133000
11.398000
11.712000
18.783000
14.328000
15.751000
16.266000
7.644000
2.229000
14.221000
18.643000
9.944000
15.639000
11.724000
12.891000
14.074000
19.102000
7.722000
12.168000
11.097000
9.808000
16.765000
16.519000
11.974000
17.395000
9.451000
10.301000
20.424000
19.645000
18.627000
19.555000
14.060000
15.109000
17.084000
10.689000
9.797000
15.421000
15.406000
11.221000
14.020000
15.042000
10.180000
20.109000
14.842000
5.856000
13.598000
13.399000
10.140000
17.151000
15.016000
15.931000
6.368000
10.144000
11.034000
12.986000
15.138000
11.129000
9.246000
12.010000
10.400000
7.738000
13.949000
12.898000
14.578000
11.101000
3.109000
19.026000
10.444000
17.614000
9.087000
12.206000
10.366000
3.261000
6.047000
18.526000
14.713000
10.985000
11.508000
12.429000
11.232000
11.119000
5.063000
13.376000
11.145000
12.847000
10.311000
7.379000
14.612000
17.564000
15.583000
13.928000
4.567000
14.931000
6.481000
10.108000
18.511000
20.635000
16.014000
15.639000
19.054000
16.049000
16.732000
9.213000
7.135000
14.608000
10.594000
15.376000
6.966000
6.416000
14.932000
6.673000
17.403000
12.935000
17.266000
7.055000
14.777000
4.490000
0.000000
12.722000
12.446000
14.241000
5.355000
10.745000
16.831000
0.000000
13.050000
12.047000
9.803000
5.363000
1.216000
9.255000
24.601000
4.307000
0.000000
3.846000
3.926000
6.307000
3.313000
0.000000
0.000000
9.233000
0.000000
4.827000
0.000000
2.511000
0.947000
1.299000
1.274000
10.354000
1.609000
1.454000
9.098000
10.023000
6.178000
1.103000
14.392000
0.386000
0.000000
2.829000
0.551000
8.264000
21.568000
4.589000
11.627000
2.395000
7.650000
10.170000
6.188000
14.300000
7.146000
2.332000
11.098000
4.584000
6.518000
3.885000
4.923000
0.955000
4.742000
3.667000
13.955000
0.000000
1.135000
0.000000
14.148000
10.937000
6.250000
1.338000
12.420000
19.773000
13.917000
8.276000
0.448000
0.718000
5.005000
14.572000
11.989000
0.000000
5.841000
1.897000
14.974000
8.600000
7.223000
20.072000
3.313000
12.703000
13.555000
7.567000
9.178000
15.470000
6.797000
4.846000
4.336000
16.713000
16.870000
12.001000
14.021000
13.949000
0.474000
13.005000
11.114000
15.468000
15.168000
14.900000
7.293000
0.993000
15.534000
10.484000
21.419000
4.356000
10.941000
14.809000
11.410000
14.863000
16.756000
19.830000
6.886000
1.947000
4.376000
1.077000
3.683000
4.098000
13.269000
15.754000
0.000000
9.065000
13.887000
5.791000
13.353000
15.411000
16.948000
14.545000
0.913000
12.278000
12.063000
12.172000
8.401000
16.915000
13.175000
9.715000
8.732000
12.316000
3.689000
6.682000
13.125000
10.014000
0.000000
11.899000
17.259000
12.048000
6.963000
9.909000
12.460000
15.728000
13.109000
12.155000
5.596000
13.091000
11.749000
14.231000
17.835000
9.884000
5.470000
0.000000
17.565000
14.956000
12.885000
3.336000
17.775000
20.135000
2.578000
0.000000
13.306000
14.607000
15.953000
11.237000
9.996000
17.177000
15.115000
10.038000
5.682000
11.052000
16.725000
10.670000
13.620000
9.604000
11.774000
15.679000
14.025000
8.660000
10.270000
11.542000
13.900000
0.000000
10.283000
12.943000
14.659000
15.022000
14.385000
12.700000
11.954000
4.736000
15.411000
13.107000
14.698000
1.889000
6.607000
8.071000
12.511000
14.755000
13.631000
8.173000
11.298000
15.631000
14.828000
13.342000
10.603000
11.499000
3.985000
9.720000
16.359000
14.036000
7.775000
9.801000
12.565000
12.257000
14.305000
12.218000
7.850000
13.615000
12.962000
15.720000
9.551000
9.728000
12.188000
13.027000
12.907000
6.927000
7.659000
15.052000
19.031000
11.453000
7.748000
10.186000
15.549000
0.000000
7.415000
5.163000
10.655000
12.489000
12.177000
7.972000
2.797000
7.635000
11.333000
11.817000
20.809000
6.101000
12.556000
13.036000
0.438000
0.000000
6.569000
8.517000
12.577000
19.210000
5.006000
9.602000
2.841000
11.307000
14.210000
12.420000
11.008000
10.433000
14.804000
20.406000
8.243000
15.513000
0.000000
11.167000
8.723000
10.426000
18.303000
6.503000
16.578000
11.997000
11.018000
17.103000
7.420000
14.176000
4.844000
14.978000
9.567000
16.212000
10.168000
15.795000
9.256000
15.965000
10.416000
7.408000
7.591000
10.708000
11.817000
17.616000
6.084000
8.562000
21.086000
0.000000
8.209000
11.723000
5.884000
10.160000
16.122000
7.082000
7.261000
10.045000
12.521000
15.807000
4.095000
14.834000
11.279000
13.729000
2.412000
3.555000
11.484000
16.535000
11.757000
17.314000
0.982000
13.353000
9.605000
14.639000
8.076000
8.495000
11.158000
7.695000
11.845000
14.850000
10.982000
11.462000
13.394000
16.071000
9.178000
15.442000
13.506000
16.566000
12.929000
16.505000
5.972000
0.805000
14.378000
4.396000
0.000000
12.268000
13.554000
8.959000
11.555000
11.264000
19.079000
4.875000
12.030000
11.667000
7.525000
8.787000
16.288000
12.784000
2.812000
8.397000
16.309000
16.759000
16.238000
10.788000
13.447000
1.939000
17.455000
11.344000
11.197000
13.270000
11.569000
14.156000
12.165000
14.080000
17.232000
6.311000
11.693000
10.080000
8.290000
3.731000
14.090000
16.297000
6.570000
11.341000
7.319000
11.573000
12.138000
9.949000
16.725000
10.233000
12.796000
11.502000
12.082000
13.097000
16.252000
9.914000
12.540000
8.641000
8.604000
13.198000
5.444000
11.746000
11.221000
11.010000
15.809000
12.059000
2.558000
11.357000
6.014000
12.734000
15.547000
7.752000
6.841000
13.961000
11.174000
15.763000
12.390000
10.944000
12.706000
13.970000
13.529000
11.374000
8.791000
13.733000
11.617000
16.566000
11.660000
12.125000
9.705000
12.957000
7.428000
12.658000
9.387000
3.948000
13.561000
6.823000
13.625000
12.197000
12.189000
17.294000
4.370000
8.089000
11.761000
8.120000
11.783000
6.981000
5.098000
5.033000
11.941000
11.617000
9.807000
11.150000
13.063000
9.875000
13.643000
9.278000
14.740000
16.696000
13.035000
8.687000
8.048000
14.477000
12.515000
12.835000
17.100000
14.196000
10.866000
13.047000
6.492000
5.180000
8.806000
14.918000
9.423000
10.729000
9.792000
11.341000
12.814000
7.292000
12.020000
15.270000
7.059000
17.373000
13.019000
12.234000
4.940000
14.180000
13.620000
11.932000
12.744000
8.659000
5.255000
7.052000
9.829000
5.422000
8.631000
8.329000
7.766000
10.973000
7.364000
13.595000
7.840000
10.140000
5.243000
11.709000
12.045000
13.835000
3.053000
7.744000
11.235000
6.620000
11.540000
11.651000
8.272000
12.245000
7.968000
6.991000
4.252000
8.789000
6.809000
9.150000
11.319000
8.939000
7.804000
3.874000
5.822000
7.359000
10.974000
11.365000
6.422000
5.374000
7.572000
8.354000
9.629000
8.295000
6.868000
4.385000
6.760000
10.436000
2.442000
8.651000
9.081000
9.361000
1.966000
4.297000
9.001000
14.886000
4.978000
5.384000
2.752000
7.758000
8.980000
12.202000
7.052000
7.598000
4.791000
9.346000
6.859000
15.220000
5.160000
7.109000
7.922000
3.521000
4.271000
14.875000
14.736000
13.057000
6.206000
5.898000
10.850000
6.752000
13.008000
7.472000
10.270000
9.052000
1.341000
10.789000
3.923000
7.294000
4.978000
5.663000
10.261000
12.116000
6.803000
7.233000
6.727000
8.381000
3.658000
4.460000
2.900000
11.124000
7.443000
9.067000
8.840000
15.202000
3.200000
3.317000
13.434000
13.180000
11.930000
11.779000
11.347000
10.250000
12.196000
7.589000
9.908000
4.158000
10.445000
2.757000
16.372000
13.995000
9.000000
9.596000
8.347000
10.841000
11.016000
9.098000
13.114000
5.044000
13.769000
17.947000
14.888000
13.964000
11.029000
8.537000
19.025000
6.580000
9.136000
11.552000
9.971000
6.583000
10.066000
6.684000
10.494000
15.957000
3.166000
16.621000
8.960000
5.929000
12.246000
11.103000
6.593000
11.484000
6.871000
14.400000
17.545000
10.197000
3.357000
7.043000
7.731000
7.999000
0.000000
12.908000
10.785000
14.151000
14.300000
6.194000
7.192000
13.332000
7.063000
8.954000
11.425000
12.673000
7.025000
6.939000
5.541000
15.761000
9.083000
11.077000
10.147000
13.484000
7.716000
10.641000
7.528000
8.479000
13.435000
8.193000
6.481000
11.301000
8.417000
2.789000
9.963000
10.809000
8.570000
5.607000
10.546000
11.731000
11.545000
7.429000
7.666000
8.654000
10.323000
2.940000
8.575000
11.395000
9.057000
13.384000
13.136000
7.256000
10.101000
7.811000
9.260000
5.859000
7.937000
12.643000
10.756000
8.858000
11.404000
3.872000
6.227000
8.169000
11.952000
8.536000
8.438000
5.874000
14.480000
7.189000
13.907000
10.541000
10.658000
11.863000
3.162000
11.045000
19.769000
10.901000
10.463000
13.737000
12.793000
4.557000
11.572000
10.914000
5.961000
11.178000
7.857000
6.292000
10.275000
10.705000
11.170000
11.716000
0.893000
7.266000
4.604000
4.553000
11.587000
5.183000
7.178000
7.935000
8.915000
4.193000
8.283000
6.552000
9.035000
11.404000
7.734000
11.293000
6.905000
8.404000
8.499000
9.077000
9.953000
11.429000
5.563000
7.819000
11.178000
10.898000
9.883000
5.222000
3.990000
4.816000
4.267000
12.700000
6.069000
11.391000
8.037000
12.377000
6.657000
15.359000
11.582000
6.401000
6.262000
9.876000
14.459000
11.520000
11.892000
7.114000
5.922000
6.801000
8.538000
5.145000
9.127000
9.248000
10.704000
7.097000
13.029000
9.065000
3.999000
5.279000
2.476000
9.243000
5.273000
10.059000
6.330000
8.202000
7.914000
8.366000
2.923000
6.780000
6.940000
7.495000
7.640000
11.089000
7.594000
9.453000
4.032000
9.930000
8.092000
8.797000
9.802000
9.940000
9.781000
4.831000
4.350000
7.781000
4.350000
4.841000
9.015000
7.016000
6.849000
8.058000
10.239000
8.890000
9.306000
9.922000
12.827000
5.210000
9.888000
2.112000
5.627000
10.897000
8.930000
10.958000
8.204000
6.576000
6.414000
12.862000
5.536000
13.816000
3.072000
10.697000
14.474000
12.977000
13.398000
5.720000
8.775000
6.505000
9.207000
12.530000
9.580000
9.185000
8.474000
11.341000
8.937000
8.066000
6.414000
5.145000
7.305000
7.940000
9.175000
10.428000
9.875000
7.176000
6.337000
8.248000
3.423000
10.806000
5.710000
9.196000
2.727000
3.614000
12.073000
17.093000
9.101000
5.224000
11.237000
2.245000
11.748000
6.594000
16.559000
9.340000
10.548000
10.738000
5.507000
14.903000
17.231000
8.648000
10.677000
6.928000
12.638000
8.033000
5.221000
17.253000
13.023000
8.804000
4.104000
14.753000
8.054000
7.655000
12.591000
13.899000
6.229000
11.976000
3.891000
10.033000
11.460000
7.024000
12.794000
5.182000
5.794000
6.691000
5.843000
9.863000
9.053000
7.091000
16.805000
6.153000
7.026000
7.870000
10.526000
9.188000
7.523000
8.780000
9.236000
9.042000
12.310000
10.314000
12.765000
14.316000
13.526000
2.966000
15.742000
9.921000
9.843000
7.888000
7.872000
10.949000
11.750000
11.479000
11.552000
9.034000
7.676000
4.878000
7.614000
16.715000
5.891000
2.997000
3.731000
0.000000
7.529000
1.974000
2.758000
9.581000
7.142000
7.153000
3.280000
4.286000
11.227000
4.318000
9.096000
1.181000
5.865000
8.051000
4.486000
5.703000
4.216000
4.034000
5.634000
7.786000
4.049000
6.089000
11.918000
14.317000
5.931000
9.005000
7.281000
14.271000
10.374000
10.964000
1.735000
2.841000
3.039000
5.534000
10.093000
9.346000
5.259000
3.525000
4.883000
13.529000
11.173000
7.530000
2.443000
10.048000
8.190000
7.657000
8.692000
6.530000
1.194000
10.155000
5.410000
6.779000
14.569000
8.119000
6.570000
5.348000
7.778000
9.124000
4.849000
1.866000
11.228000
2.766000
4.807000
8.712000
12.860000
6.242000
3.038000
12.606000
5.197000
7.584000
7.256000
4.533000
7.972000
5.597000
11.702000
6.540000
5.596000
3.895000
8.986000
2.436000
6.653000
3.775000
10.154000
9.225000
11.654000
3.961000
13.499000
12.855000
0.401000
10.984000
2.934000
5.052000
6.246000
3.168000
13.456000
4.563000
3.795000
4.575000
6.527000
6.758000
5.174000
6.613000
8.102000
0.617000
10.397000
8.365000
13.214000
9.574000
12.485000
11.085000
9.969000
6.247000
7.130000
7.247000
12.314000
4.632000
8.177000
8.741000
4.291000
7.173000
0.000000
11.654000
6.959000
10.990000
7.563000
6.407000
5.165000
2.979000
9.382000
6.261000
0.000000
5.728000
20.758000
12.516000
11.538000
0.161000
10.449000
5.220000
10.248000
4.352000
15.756000
8.592000
6.950000
4.771000
14.488000
9.853000
9.344000
4.506000
3.833000
8.998000
9.890000
5.405000
11.892000
22.839000
3.272000
6.063000
2.112000
11.032000
7.286000
7.859000
10.525000
11.865000
0.000000
8.699000
5.833000
12.925000
11.211000
11.626000
11.828000
10.269000
16.988000
16.550000
13.181000
7.354000
3.216000
8.647000
12.192000
4.280000
0.324000
6.632000
0.000000
0.000000
5.312000
10.742000
13.872000
6.642000
7.857000
0.000000
10.516000
6.552000
5.797000
4.687000
3.952000
4.645000
9.734000
3.012000
0.000000
4.154000
0.000000
0.000000
9.200000
0.000000
0.000000
4.101000
0.000000
8.533000
1.107000
5.404000
4.577000
0.000000
0.000000
0.000000
0.000000
0.000000
5.472000
0.990000
6.777000
0.000000
0.000000
7.749000
0.000000
0.000000
0.000000
0.000000
0.000000
0.000000
12.595000
0.000000
1.658000
0.000000
1.339000
0.000000
0.000000
0.000000
0.000000
0.000000
7.728000
0.000000
0.000000
0.000000
0.000000
0.000000
0.000000
0.000000
0.000000
0.000000
0.000000
0.000000
0.000000
3.408000
4.470000
0.000000
0.000000
0.000000
7.211000
3.148000
0.000000
1.544000
0.000000
0.000000
0.000000
0.000000
5.672000
0.000000
5.482000
0.000000
2.416000
3.207000
14.560000
3.384000
8.890000
6.338000
7.765000
0.000000
5.751000
0.304000
0.581000
0.000000
5.809000
6.448000
6.574000
0.000000
2.642000
0.000000
1.480000
9.108000
4.836000
0.000000
0.470000
5.919000
4.762000
0.000000
0.506000
0.000000
9.692000
0.255000
4.317000
4.996000
3.116000
0.000000
4.817000
0.000000
6.219000
4.448000
6.631000
0.000000
6.813000
10.215000
5.545000
0.000000
5.240000
0.000000
5.982000
9.167000
0.000000
4.664000
0.000000
0.972000
2.971000
6.750000
7.548000
8.834000
4.639000
0.000000
0.000000
3.944000
6.357000
4.367000
2.558000
0.000000
10.837000
4.575000
3.981000
0.605000
8.130000
0.000000
2.937000
0.579000
2.314000
4.077000
0.010000
0.945000
0.000000
3.317000
3.414000
6.053000
8.137000
10.186000
0.000000
0.000000
9.907000
7.408000
0.000000
8.090000
8.602000
2.886000
0.000000
8.789000
4.949000
10.791000
1.640000
9.752000
11.038000
0.000000
3.126000
9.940000
3.151000
6.986000
8.049000
8.130000
0.000000
0.000000
3.217000
0.000000
19.162000
1.441000
0.000000
0.000000
0.139000
7.286000
0.000000
0.000000
4.302000
0.000000
6.604000
4.855000
0.000000
4.756000
9.276000
5.967000
4.605000
0.000000
9.426000
3.667000
9.700000
12.328000
7.425000
1.606000
7.800000
2.392000
1.466000
6.264000
7.819000
5.625000
6.026000
2.135000
0.000000
5.173000
0.452000
4.134000
1.449000
8.732000
8.657000
7.877000
10.747000
0.000000
0.000000
8.385000
5.489000
2.127000
5.512000
9.204000
0.000000
0.000000
8.174000
1.254000
9.922000
0.120000
0.000000
10.303000
0.000000
5.164000
0.000000
0.791000
0.908000
2.056000
3.781000
8.621000
2.542000
0.963000
0.000000
8.077000
5.409000
0.000000
0.179000
0.000000
0.000000
6.992000
2.974000
7.971000
9.363000
7.152000
4.181000
6.282000
0.000000
9.821000
5.828000
3.366000
6.578000
8.154000
2.447000
0.900000
6.608000
0.000000
1.650000
0.407000
6.796000
6.887000
1.781000
8.161000
2.966000
8.110000
5.948000
2.429000
2.902000
2.304000
8.082000
6.906000
2.668000
4.484000
2.973000
10.309000
5.008000
8.199000
0.000000
7.654000
7.436000
7.684000
6.116000
6.157000
6.034000
6.844000
11.932000
3.713000
5.274000
2.750000
7.182000
7.829000
8.573000
7.483000
5.593000
6.233000
10.945000
6.236000
8.033000
8.141000
1.657000
5.763000
1.382000
11.206000
3.513000
4.987000
8.788000
11.565000
2.496000
0.000000
2.748000
6.949000
9.570000
4.830000
8.387000
2.015000
8.127000
7.925000
2.040000
8.037000
6.520000
5.899000
5.177000
7.341000
3.416000
2.263000
6.598000
0.000000
7.356000
8.730000
7.499000
4.418000
1.228000
5.884000
6.701000
6.177000
1.847000
0.000000
3.621000
7.520000
8.054000
8.508000
5.990000
9.938000
2.796000
1.497000
3.241000
6.531000
3.574000
3.583000
9.877000
6.111000
7.619000
9.467000
9.039000
4.088000
6.087000
0.000000
3.427000
0.000000
4.587000
7.170000
3.356000
4.641000
13.525000
4.104000
4.978000
11.655000
9.181000
7.035000
1.712000
6.846000
5.138000
8.667000
4.119000
7.480000
9.243000
8.030000
2.414000
4.072000
5.753000
8.244000
5.407000
0.410000
2.134000
3.531000
3.200000
2.048000
9.573000
12.621000
7.817000
3.365000
2.078000
11.615000
2.166000
4.057000
0.000000
6.820000
11.077000
3.515000
5.000000
2.779000
8.574000
3.347000
9.405000
5.701000
3.238000
2.529000
2.738000
0.000000
9.281000
12.199000
7.650000
3.329000
8.895000
6.210000
7.886000
7.975000
7.141000
3.063000
7.128000
6.294000
10.132000
8.512000
3.913000
0.903000
3.858000
1.237000
10.724000
5.595000
0.353000
7.285000
6.088000
10.730000
0.000000
6.231000
0.143000
7.976000
5.290000
7.047000
8.626000
6.426000
8.129000
13.469000
2.889000
3.398000
2.773000
7.326000
4.147000
3.170000
6.651000
6.813000
8.885000
8.262000
1.817000
0.000000
8.735000
8.235000
10.870000
8.776000
10.024000
0.400000
11.222000
10.036000
3.166000
7.084000
0.375000
6.494000
9.771000
7.829000
7.901000
12.165000
6.104000
4.811000
3.595000
8.958000
2.440000
1.255000
13.015000
9.303000
8.844000
6.794000
9.077000
3.300000
5.658000
4.371000
2.495000
3.047000
8.463000
8.932000
0.000000
4.557000
19.446000
0.131000
9.613000
3.533000
5.218000
2.979000
4.370000
5.740000
8.201000
9.596000
9.310000
7.892000
7.775000
5.486000
3.299000
2.617000
7.111000
6.323000
4.660000
1.273000
8.033000
0.000000
10.684000
4.990000
9.203000
6.809000
6.957000
4.101000
8.473000
11.492000
5.575000
9.209000
1.781000
14.187000
12.526000
7.236000
2.700000
7.114000
5.288000
3.821000
8.392000
0.000000
8.851000
10.887000
4.731000
5.723000
12.993000
8.381000
0.049000
6.160000
6.519000
5.574000
3.587000
4.768000
5.675000
7.681000
5.441000
1.979000
5.122000
4.263000
4.033000
8.097000
5.002000
8.474000
6.010000
8.817000
6.380000
7.166000
7.683000
5.891000
4.151000
13.208000
14.183000
8.610000
9.698000
11.764000
8.480000
1.858000
7.666000
7.469000
5.874000
6.229000
3.000000
11.346000
4.360000
7.848000
8.128000
5.775000
3.488000
5.135000
13.545000
3.472000
6.484000
8.155000
10.585000
0.000000
0.963000
4.197000
8.303000
3.254000
9.271000
12.099000
7.347000
13.555000
7.769000
10.244000
1.874000
3.619000
10.752000
7.692000
2.551000
11.535000
7.852000
11.437000
2.415000
0.000000
8.635000
6.249000
7.375000
6.503000
5.400000
10.388000
9.239000
10.489000
6.268000
7.035000
3.128000
4.646000
7.175000
9.087000
8.239000
7.967000
16.078000
3.695000
1.497000
0.000000
8.364000
5.588000
3.053000
0.369000
11.250000
11.136000
8.317000
2.611000
4.584000
13.933000
0.831000
5.890000
10.020000
2.691000
9.319000
6.009000
8.676000
10.933000
6.885000
9.428000
9.530000
8.709000
8.925000
4.499000
7.767000
9.863000
1.371000
0.307000
9.094000
5.288000
9.633000
8.810000
5.857000
2.746000
9.271000
4.499000
4.210000
6.483000
5.682000
7.885000
11.685000
3.388000
3.647000
2.483000
5.214000
8.356000
1.806000
8.083000
5.697000
6.731000
2.634000
7.563000
6.023000
8.963000
8.862000
17.856000
8.928000
4.506000
0.000000
3.659000
0.000000
3.163000
1.852000
8.146000
4.937000
10.513000
6.016000
7.421000
20.428000
2.809000
3.646000
13.396000
7.086000
1.529000
3.009000
5.494000
6.298000
10.752000
11.301000
4.328000
5.805000
11.915000
4.240000
5.148000
6.898000
6.758000
3.651000
7.151000
6.503000
2.361000
9.223000
4.025000
7.334000
3.837000
4.392000
5.906000
1.861000
8.158000
8.325000
7.014000
17.301000
4.955000
2.651000
2.460000
4.746000
9.197000
1.259000
9.108000
8.147000
3.054000
6.695000
7.875000
6.065000
4.759000
2.007000
5.530000
0.409000
8.529000
7.212000
0.369000
8.863000
5.216000
9.900000
9.015000
3.846000
0.597000
7.634000
7.088000
6.762000
13.358000
5.080000
0.837000
2.527000
4.730000
1.271000
3.843000
6.950000
1.596000
5.730000
10.604000
2.836000
2.761000
4.420000
6.525000
9.154000
11.331000
7.786000
1.403000
6.361000
2.134000
7.354000
9.650000
12.309000
6.454000
4.433000
9.046000
12.064000
0.490000
7.923000
8.755000
2.820000
3.502000
2.637000
3.438000
6.206000
5.801000
2.875000
3.366000
5.634000
13.013000
0.000000
2.180000
1.642000
5.417000
6.390000
6.234000
14.117000
0.202000
5.737000
4.463000
4.318000
9.231000
8.753000
5.752000
12.319000
3.978000
10.935000
2.984000
8.872000
5.406000
8.889000
6.276000
5.745000
11.426000
10.319000
5.364000
5.140000
12.376000
8.751000
4.901000
7.085000
8.912000
8.806000
3.435000
9.877000
6.256000
1.891000
2.075000
13.217000
8.364000
10.759000
3.841000
5.996000
4.752000
7.339000
0.571000
11.973000
1.829000
0.655000
5.671000
5.021000
5.312000
3.532000
7.535000
8.396000
13.008000
4.198000
8.634000
6.697000
7.602000
5.070000
7.911000
7.124000
5.094000
8.770000
7.939000
8.143000
9.111000
18.291000
0.139000
5.107000
7.522000
6.905000
7.209000
2.193000
5.110000
9.044000
14.437000
5.314000
7.962000
8.194000
6.954000
5.936000
5.392000
5.151000
9.454000
6.989000
3.134000
6.632000
13.376000
8.809000
6.447000
2.458000
7.685000
4.595000
5.445000
3.652000
10.397000
4.228000
9.446000
8.411000
9.439000
11.921000
2.877000
2.329000
7.350000
12.170000
3.511000
5.617000
9.915000
5.638000
3.656000
3.398000
4.837000
12.371000
5.828000
2.902000
10.777000
5.268000
5.274000
2.741000
8.536000
9.180000
6.308000
6.149000
0.714000
4.295000
8.177000
3.737000
3.276000
12.106000
9.112000
5.137000
9.066000
6.200000
10.247000
7.627000
2.970000
5.147000
2.879000
9.258000
2.557000
6.741000
3.571000
6.075000
2.327000
11.740000
2.791000
6.032000
1.955000
16.840000
4.525000
8.128000
0.000000
11.870000
7.179000
1.017000
5.216000
4.523000
1.007000
5.339000
7.856000
6.105000
3.722000
5.071000
4.469000
4.362000
2.891000
10.713000
9.531000
12.413000
6.110000
1.529000
6.153000
1.916000
10.416000
7.762000
6.943000
7.880000
4.461000
4.257000
6.970000
6.967000
4.954000
11.424000
3.409000
5.863000
2.754000
1.384000
6.359000
1.196000
3.348000
6.881000
5.450000
3.852000
1.518000
2.781000
6.516000
3.152000
5.837000
0.145000
7.414000
8.405000
4.994000
7.791000
3.025000
0.000000
0.396000
3.448000
7.936000
12.068000
8.372000
2.395000
5.671000
6.177000
5.103000
0.935000
6.046000
2.318000
3.033000
0.000000
5.584000
4.628000
11.469000
7.612000
11.945000
11.706000
1.420000
0.000000
4.649000
0.000000
3.635000
0.063000
5.750000
5.850000
2.424000
2.179000
4.822000
9.302000
0.000000
14.034000
11.503000
8.376000
1.858000
6.858000
3.538000
6.957000
0.000000
4.824000
6.143000
7.768000
0.737000
13.821000
6.780000
8.682000
2.136000
0.000000
4.170000
4.346000
7.123000
1.388000
7.930000
7.139000
8.414000
5.527000
10.329000
4.166000
3.050000
3.511000
5.579000
5.729000
5.463000
7.154000
10.195000
0.555000
8.823000
10.717000
2.038000
4.435000
4.050000
1.169000
9.872000
2.441000
5.095000
0.569000
1.636000
0.000000
2.538000
2.125000
1.242000
4.282000
3.582000
0.000000
4.434000
9.919000
8.525000
5.040000
7.159000
8.224000
8.658000
5.585000
0.084000
2.281000
1.536000
8.924000
0.000000
0.000000
7.041000
0.000000
0.523000
5.173000
0.000000
0.000000
4.099000
4.499000
1.002000
7.405000
5.178000
0.000000
0.000000
9.598000
2.378000
0.000000
0.000000
1.189000
0.000000
0.000000
0.517000
4.242000
5.368000
4.434000
0.000000
0.000000
0.000000
0.000000
0.000000
3.583000
0.000000
3.341000
0.000000
0.000000
3.241000
0.000000
0.041000
3.573000
0.000000
0.000000
0.000000
0.000000
0.000000
0.000000
0.000000
6.580000
1.122000
0.000000
0.000000
0.000000
0.000000
3.263000
3.233000
0.000000
0.000000
0.000000
0.000000
0.000000
0.000000
8.263000
0.814000
3.036000
0.000000
0.000000
0.000000
0.130000
0.000000
2.007000
0.000000
1.185000
0.000000
0.000000
3.020000
0.000000
0.000000
0.000000
0.000000
0.000000
0.000000
0.000000
1.224000
1.279000
0.000000
0.000000
1.491000
0.000000
0.000000
7.654000
0.000000
6.208000
3.391000
2.751000
0.454000
0.000000
0.000000
0.582000
0.000000
0.000000
0.000000
0.000000
4.602000
3.811000
8.102000
0.000000
0.000000
0.000000
0.000000
0.000000
0.000000
0.000000
2.313000
0.000000
0.169000
3.107000
0.000000
0.000000
7.471000
0.000000
1.354000
0.000000
0.000000
1.900000
0.261000
4.332000
0.000000
0.000000
0.000000
0.000000
0.000000
0.000000
0.000000
0.000000
0.000000
0.000000
2.127000
0.000000
0.888000
0.000000
0.000000
0.000000
0.000000
0.000000
0.000000
0.000000
0.000000
0.000000
0.433000
0.000000
0.000000
0.000000
0.000000
0.000000
0.000000
0.252000
0.000000
0.000000
5.561000
0.000000
0.000000
0.000000
0.224000
3.981000
2.203000
1.506000
0.000000
1.603000
0.136000
0.000000
0.000000
3.388000
0.398000
0.467000
0.000000
0.000000
0.000000
0.000000
1.211000
0.000000
0.000000
0.000000
0.300000
0.000000
0.000000
0.000000
2.191000
1.839000
0.000000
3.362000
0.000000
1.394000
0.000000
0.000000
1.110000
0.000000
1.154000
0.000000
0.000000
0.000000
0.000000
0.000000
0.000000
0.000000
0.000000
0.000000
1.196000
0.000000
0.000000
0.000000
3.140000
0.000000
0.000000
0.000000
0.000000
1.417000
0.000000
0.316000
0.000000
3.271000
0.000000
1.855000
0.400000
0.000000
1.755000
0.000000
1.340000
0.000000
0.000000
2.046000
0.732000
0.009000
1.704000
0.000000
1.405000
0.000000
0.216000
0.000000
0.000000
0.000000
1.256000
0.000000
0.000000
0.000000
1.912000
0.000000
0.000000
1.145000
1.433000
0.000000
0.000000
0.000000
0.000000
0.000000
0.000000
1.161000
0.000000
0.000000
0.323000
0.000000
0.000000
0.000000
0.000000
0.000000
0.000000
1.502000
0.000000
0.000000
0.000000
2.379000
0.000000
1.288000
0.000000
0.000000
0.986000
0.000000
0.000000
0.000000
0.000000
0.000000
0.000000
0.000000
0.000000
0.000000
0.000000
0.507000
0.000000
0.000000
0.000000
0.000000
0.000000
0.000000
0.556000
0.000000
0.018000
0.000000
3.134000
0.052000
0.159000
0.094000
2.908000
2.197000
0.898000
3.057000
0.000000
0.000000
0.000000
0.347000
0.000000
2.809000
1.494000
0.000000
0.000000
0.506000
0.000000
0.000000
0.000000
0.600000
0.000000
0.000000
0.000000
0.000000
1.571000
0.000000
0.000000
0.000000
0.000000
0.000000
0.000000
1.969000
0.000000
0.000000
0.802000
0.000000
0.000000
2.601000
0.000000
0.000000
0.000000
0.000000
0.000000
1.578000
0.000000
0.000000
3.776000
1.896000
2.004000
0.055000
0.000000
0.579000
0.000000
0.224000
0.000000
0.000000
0.000000
1.425000
3.986000
0.000000
4.694000
0.000000
0.000000
0.451000
1.260000
0.055000
0.000000
0.115000
0.000000
0.000000
0.000000
0.000000
0.000000
0.142000
0.000000
0.000000
2.239000
0.000000
2.855000
0.000000
0.000000
3.126000
0.000000
2.437000
0.000000
0.878000
0.000000
0.000000
0.257000
0.000000
0.000000
0.631000
0.000000
0.000000
0.000000
0.000000
0.000000
0.000000
0.000000
0.742000
3.331000
0.000000
1.627000
0.000000
0.000000
0.000000
0.000000
0.000000
0.947000
0.000000
0.110000
0.000000
0.000000
0.684000
0.000000
6.929000
0.000000
0.000000
0.000000
0.000000
5.470000
0.000000
0.899000
0.000000
0.000000
0.000000
0.000000
0.000000
4.168000
0.312000
0.000000
0.000000
0.000000
3.669000
3.272000
0.000000
2.708000
0.000000
0.024000
4.058000
1.085000
0.000000
2.685000
0.499000
0.000000
0.000000
0.000000
0.000000
0.000000
0.000000
0.000000
0.000000
0.264000
0.272000
0.000000
0.000000
0.000000
0.000000
0.000000
0.000000
1.669000
0.000000
0.000000
0.000000
0.000000
0.316000
0.000000
0.000000
3.768000
0.000000
0.371000
1.553000
0.000000
0.000000
0.000000
0.000000
3.686000
0.000000
0.000000
0.000000
0.000000
0.465000
0.896000
0.000000
0.000000
0.000000
0.000000
0.000000
0.000000
0.522000
0.000000
0.000000
0.000000
0.007000
0.000000
0.184000
0.000000
0.829000
1.948000
0.000000
0.000000
0.000000
1.626000
2.888000
0.000000
1.438000
0.000000
0.067000
2.296000
0.000000
0.000000
0.166000
0.000000
0.846000
0.000000
0.000000
0.000000
0.000000
6.254000
1.299000
0.000000
0.000000
1.545000
1.910000
0.493000
0.000000
0.000000
0.000000
0.000000
0.000000
0.131000
0.728000
2.369000
0.000000
0.000000
0.000000
1.918000
0.000000
0.000000
0.229000
3.460000
0.000000
0.000000
1.248000
0.075000
0.000000
0.027000
2.867000
0.029000
0.000000
1.988000
0.000000
1.409000
0.000000
0.000000
0.467000
0.000000
0.000000
1.383000
0.000000
0.000000
7.222000
0.953000
0.000000
0.577000
0.568000
0.000000
0.914000
0.000000
6.284000
0.000000
0.259000
1.716000
0.000000
0.000000
0.000000
0.000000
0.000000
0.000000
0.000000
5.902000
0.000000
2.328000
0.000000
3.550000
0.000000
0.489000
0.000000
0.000000
0.000000
0.367000
0.000000
3.160000
0.000000
0.000000
0.134000
2.507000
0.000000
0.000000
0.958000
0.000000
0.000000
3.630000
0.467000
0.000000
0.415000
1.931000
3.202000
0.000000
3.565000
0.000000
0.000000
6.092000
0.000000
0.823000
0.000000
0.217000
0.000000
0.155000
0.000000
0.000000
0.000000
0.535000
0.790000
0.671000
0.647000
0.000000
0.000000
0.321000
0.000000
0.728000
0.000000
0.000000
0.044000
0.744000
0.000000
0.000000
0.000000
0.000000
0.000000
0.000000
0.000000
1.318000
0.310000
0.000000
0.000000
0.000000
0.000000
0.000000
1.045000
0.000000
0.000000
0.000000
1.049000
0.000000
0.406000
0.298000
0.000000
0.723000
0.000000
0.000000
0.000000
0.000000
2.119000
0.000000
0.000000
2.119000
0.000000
0.019000
0.000000
1.402000
4.704000
2.645000
0.000000
0.491000
0.000000
2.094000
0.000000
0.401000
1.235000
0.000000
0.000000
0.941000
0.000000
1.821000
0.000000
0.000000
0.000000
0.173000
0.534000
0.098000
0.000000
1.141000
1.445000
0.000000
0.000000
2.506000
0.784000
1.240000
0.000000
0.000000
0.027000
0.000000
0.086000
1.343000
0.000000
3.953000
0.000000
0.040000
0.421000
1.498000
0.000000
0.000000
0.000000
1.774000
0.000000
0.000000
2.100000
1.491000
0.000000
0.028000
0.000000
2.144000
0.000000
0.979000
0.927000
0.000000
1.647000
1.645000
0.132000
0.000000
0.000000
1.590000
0.477000
0.200000
2.306000
3.349000
3.538000
0.000000
0.000000
2.862000
0.000000
2.490000
0.000000
1.152000
2.615000
0.000000
0.005000
1.105000
2.525000
3.399000
0.000000
3.454000
0.000000
0.000000
2.889000
0.000000
0.000000
1.620000
0.000000
0.485000
1.708000
0.000000
0.377000
0.164000
0.000000
0.000000
0.267000
0.106000
0.000000
1.271000
2.055000
0.000000
0.000000
0.000000
0.000000
0.000000
0.000000
0.000000
0.000000
0.029000
0.000000
0.000000
0.054000
0.000000
0.122000
0.233000
0.648000
0.275000
0.802000
0.000000
2.918000
0.000000
1.386000
0.000000
0.113000
0.012000
0.000000
0.000000
5.946000
0.000000
2.985000
1.183000
0.000000
0.000000
0.000000
0.893000
0.000000
0.000000
0.795000
0.000000
0.000000
0.824000
0.144000
0.000000
0.000000
0.051000
1.327000
0.886000
0.015000
0.000000
0.000000
0.024000
0.000000
0.000000
0.381000
0.000000
0.013000
0.000000
0.000000
0.575000
0.000000
0.000000
0.000000
0.000000
0.000000
0.000000
0.000000
0.097000
0.000000
0.098000
0.000000
0.983000
0.000000
0.000000
0.000000
0.396000
2.673000
0.094000
0.096000
0.482000
0.000000
0.000000
0.433000
0.000000
0.711000
0.416000
0.497000
0.000000
0.000000
0.000000
0.000000
0.000000
0.551000
0.000000
0.904000
0.484000
0.000000
0.000000
0.000000
0.000000
1.518000
0.000000
0.000000
2.171000
0.000000
0.000000
0.000000
0.000000
1.704000
0.698000
3.099000
0.000000
3.474000
0.000000
2.241000
0.000000
0.000000
0.000000
0.000000
0.000000
0.000000
0.227000
2.281000
0.470000
0.000000
0.000000
0.637000
0.785000
0.000000
0.000000
0.000000
0.000000
0.000000
0.000000
0.076000
0.070000
2.427000
0.000000
0.514000
0.787000
2.326000
3.483000
1.392000
3.383000
0.000000
0.142000
0.000000
0.000000
0.000000
0.036000
0.000000
3.433000
0.000000
0.000000
4.849000
2.739000
1.794000
0.000000
0.257000
0.000000
2.079000
0.000000
2.074000
0.657000
0.000000
0.000000
0.000000
0.000000
3.160000
1.192000
1.217000
0.000000
0.000000
0.000000
0.156000
0.000000
0.000000
1.044000
0.000000
0.000000
0.010000
0.000000
0.000000
0.371000
0.000000
0.000000
0.358000
0.000000
0.000000
0.000000
1.021000
0.058000
0.000000
0.000000
2.126000
0.046000
0.551000
0.271000
0.000000
0.000000
0.000000
0.000000
0.000000
0.000000
0.000000
0.000000
0.832000
1.122000
0.000000
1.120000
0.038000
0.000000
0.274000
0.000000
0.000000
0.000000
1.391000
0.000000
0.368000
0.000000
0.000000
0.000000
4.405000
0.000000
1.353000
1.103000
0.000000
0.000000
0.146000
0.000000
0.000000
0.000000
0.000000
0.000000
0.000000
0.000000
0.000000
0.033000
0.000000
0.053000
1.305000
0.000000
0.000000
0.436000
0.000000
1.201000
2.811000
0.000000
0.000000
0.000000
0.000000
0.000000
0.181000
0.000000
0.000000
0.000000
0.000000
0.000000
0.000000
1.426000
0.000000
0.000000
0.000000
0.000000
0.230000
0.000000
1.856000
0.000000
0.000000
0.850000
0.000000
0.000000
0.296000
0.417000
0.000000
0.000000
0.040000
0.000000
0.000000
0.000000
0.000000
0.000000
0.044000
0.341000
0.000000
0.000000
0.738000
0.000000
1.657000
0.218000
0.000000
1.880000
1.910000
0.000000
0.000000
4.139000
0.634000
0.000000
0.000000
0.000000
0.000000
0.000000
2.125000
0.000000
0.000000
1.814000
0.005000
0.000000
0.000000
0.000000
0.000000
0.000000
0.000000
0.325000
0.000000
0.000000
0.000000
0.512000
0.000000
0.305000
1.229000
0.000000
0.036000
0.791000
0.000000
0.000000
0.872000
2.020000
0.000000
0.000000
0.000000
2.257000
0.000000
0.000000
0.000000
0.000000
0.586000
0.000000
0.000000
2.172000
0.000000
0.191000
0.949000
0.000000
0.000000
0.000000
4.070000
0.363000
0.000000
0.000000
0.725000
0.000000
0.000000
1.145000
0.000000
0.004000
0.000000
0.221000
0.000000
0.006000
0.000000
0.000000
0.000000
0.007000
0.000000
0.000000
0.000000
0.000000
0.000000
0.283000
0.595000
0.350000
0.884000
0.000000
0.000000
0.000000
0.000000
0.000000
0.240000
0.000000
0.000000
0.000000
0.328000
0.033000
0.585000
0.000000
0.000000
0.126000
0.339000
0.000000
0.000000
1.062000
0.000000
0.000000
0.000000
0.000000
4.457000
0.000000
0.000000
0.000000
0.000000
0.000000
0.000000
0.000000
0.000000
3.629000
0.000000
0.000000
0.000000
0.000000
0.000000
0.745000
0.000000
0.000000
0.000000
0.000000
0.000000
0.000000
0.000000
0.344000
0.016000
0.000000
0.000000
0.000000
0.000000
0.000000
0.373000
0.025000
0.000000
0.000000
0.000000
0.047000
0.000000
0.000000
0.000000
0.000000
1.349000
0.000000
0.000000
0.000000
1.274000
1.085000
0.000000
0.000000
0.000000
0.000000
0.000000
0.000000
0.390000
0.000000
0.000000
0.695000
0.000000
0.914000
1.180000
0.000000
0.000000
0.000000
0.000000
0.000000
0.898000
0.000000
1.250000
0.302000
0.000000
0.000000
0.000000
0.038000
0.000000
0.000000
0.000000
0.000000
0.000000
0.138000
0.340000
0.000000
0.000000
0.179000
0.000000
0.000000
0.000000
0.000000
0.000000
0.168000
0.441000
2.739000
0.000000
0.197000
0.000000
0.000000
0.000000
0.000000
4.641000
0.000000
0.480000
0.000000
0.000000
0.000000
0.000000
2.650000
0.000000
1.279000
0.000000
0.000000
0.000000
0.046000
0.000000
0.128000
0.000000
0.000000
0.000000
0.000000
0.000000
0.000000
0.000000
0.000000
0.694000
0.000000
0.000000
0.000000
0.011000
0.000000
0.141000
0.000000
0.000000
0.000000
0.000000
0.000000
0.280000
0.000000
0.000000
0.595000
0.000000
0.000000
0.000000
0.000000
0.388000
1.951000
0.000000
0.415000
1.369000
0.000000
0.034000
0.000000
0.000000
0.000000
0.075000
0.000000
0.663000
0.035000
0.051000
0.000000
0.000000
0.165000
0.000000
0.000000
0.000000
0.257000
0.000000
0.000000
0.005000
0.000000
0.000000
0.909000
0.000000
0.270000
0.000000
1.413000
0.047000
0.000000
0.000000
0.000000
0.000000
0.000000
1.907000
0.000000
0.000000
0.103000
0.000000
0.000000
0.024000
0.000000
0.000000
0.657000
0.000000
1.234000
0.000000
0.000000
0.217000
0.000000
0.049000
0.000000
0.216000
0.000000
0.000000
0.125000
0.000000
0.000000
0.000000
0.336000
0.000000
0.000000
0.000000
0.000000
0.495000
0.171000
0.000000
0.000000
0.000000
0.000000
0.000000
0.000000
0.000000
2.136000
0.000000
0.000000
0.000000
0.689000
0.114000
0.153000
0.000000
0.000000
0.000000
1.976000
0.000000
0.763000
0.000000
4.409000
0.000000
1.249000
1.935000
0.028000
0.000000
0.000000
0.613000
0.000000
0.000000
0.648000
0.000000
0.000000
2.523000
0.049000
0.000000
0.000000
0.000000
0.000000
4.033000
0.000000
0.187000
0.428000
0.000000
0.000000
0.019000
0.000000
0.283000
0.000000
0.000000
0.000000
0.000000
0.039000
0.201000
0.000000
0.000000
0.000000
1.240000
0.000000
0.000000
0.000000
0.000000
0.204000
0.000000
0.000000
0.000000
0.412000
0.000000
0.000000
0.211000
0.163000
0.764000
0.000000
0.030000
2.459000
0.000000
1.750000
2.747000
0.131000
1.610000
3.221000
0.055000
0.846000
0.165000
0.701000
0.624000
0.000000
0.564000
1.897000
0.644000
0.000000
0.000000
0.073000
0.708000
0.000000
0.209000
0.895000
0.006000
0.000000
0.212000
0.000000
0.000000
0.718000
0.000000
0.111000
0.000000
0.102000
0.000000
0.000000
0.162000
0.000000
0.000000
0.000000
0.000000
0.075000
0.000000
0.000000
0.000000
1.381000
1.225000
1.313000
0.000000
0.000000
0.000000
0.000000
0.072000
0.109000
0.000000
0.000000
0.492000
0.000000
0.353000
0.000000
0.000000
0.000000
0.000000
0.421000
0.000000
0.278000
0.000000
0.000000
0.000000
0.418000
0.000000
0.000000
0.000000
0.000000
0.000000
0.000000
0.522000
0.000000
0.000000
0.037000
0.000000
0.000000
0.000000
0.000000
0.259000
0.000000
0.128000
0.000000
0.278000
1.895000
0.000000
0.000000
0.000000
0.000000
0.000000
1.688000
0.550000
0.000000
0.000000
1.454000
0.000000
0.000000
0.986000
0.000000
0.419000
0.628000
0.630000
0.000000
0.000000
0.081000
1.553000
0.000000
1.789000
0.000000
0.644000
0.282000
0.000000
0.000000
0.000000
0.000000
0.000000
1.033000
0.000000
0.000000
0.000000
0.801000
0.513000
0.000000
0.000000
1.491000
0.000000
0.000000
0.000000
0.939000
0.000000
1.183000
0.162000
1.347000
0.000000
0.935000
0.000000
0.000000
0.000000
0.000000
0.000000
0.000000
0.000000
1.225000
0.000000
0.000000
0.303000
0.447000
1.961000
0.000000
0.000000
0.000000
1.388000
0.489000
0.057000
1.090000
0.000000
0.000000
0.000000
0.374000
0.000000
1.314000
0.000000
0.534000
0.334000
0.000000
0.000000
1.381000
0.907000
0.006000
1.196000
0.027000
0.000000
0.000000
0.000000
0.000000
0.000000
0.009000
0.423000
0.000000
0.000000
1.675000
0.861000
1.651000
0.000000
0.619000
1.151000
0.000000
0.163000
0.000000
0.000000
0.097000
0.000000
0.000000
0.000000
1.223000
1.397000
0.000000
0.000000
0.000000
0.009000
0.000000
0.060000
0.000000
0.232000
0.000000
0.000000
1.090000
0.184000
0.000000
0.000000
0.000000
0.822000
0.000000
0.135000
0.000000
0.408000
0.000000
0.000000
0.000000
0.000000
0.394000
0.437000
0.000000
0.000000
0.000000
0.000000
0.502000
0.000000
0.000000
0.000000
0.000000
0.000000
0.000000
0.000000
0.000000
0.000000
0.020000
0.000000
2.040000
1.384000
0.547000
0.000000
1.718000
0.030000
0.000000
0.000000
1.195000
0.000000
0.000000
0.000000
0.000000
1.737000
0.000000
0.533000
0.873000
1.329000
2.016000
0.000000
0.000000
0.000000
0.000000
0.000000
0.309000
0.000000
0.000000
0.000000
0.766000
0.137000
0.332000
0.668000
0.000000
0.000000
0.000000
0.000000
1.812000
0.048000
0.000000
2.191000
0.000000
0.765000
0.000000
0.000000
0.991000
0.000000
0.369000
0.000000
0.000000
0.000000
0.146000
2.077000
0.385000
0.000000
0.000000
0.000000
0.000000
0.000000
0.063000
0.000000
0.128000
0.000000
0.084000
0.000000
0.000000
0.000000
0.000000
0.000000
0.260000
0.000000
0.000000
0.000000
0.000000
0.000000
0.000000
0.000000
1.067000
0.000000
0.000000
0.015000
0.000000
0.704000
0.000000
0.800000
0.000000
0.000000
0.816000
1.062000
0.000000
0.000000
0.238000
0.000000
0.000000
0.000000
0.157000
0.000000
0.000000
0.000000
0.000000
0.177000
2.703000
0.000000
0.120000
0.056000
0.000000
0.000000
0.241000
0.000000
0.000000
0.228000
0.000000
0.000000
0.000000
0.906000
0.000000
0.000000
0.000000
0.000000
0.226000
0.000000
1.803000
0.000000
0.000000
0.645000
0.000000
0.000000
1.995000
0.648000
0.000000
0.000000
0.808000
1.371000
0.000000
0.000000
0.000000
0.000000
0.000000
0.000000
0.000000
0.260000
1.768000
0.000000
0.901000
0.000000
1.250000
0.000000
0.000000
0.000000
0.000000
0.000000
3.378000
0.000000
0.000000
0.910000
0.000000
0.269000
3.173000
0.000000
0.000000
0.000000
0.000000
0.000000
0.029000
0.000000
0.000000
0.271000
0.000000
0.106000
0.000000
0.000000
0.000000
0.000000
0.000000
0.000000
0.000000
0.038000
0.543000
0.000000
0.000000
0.036000
0.000000
0.000000
0.000000
1.535000
0.000000
0.000000
0.000000
0.000000
0.000000
0.000000
0.000000
0.000000
0.010000
0.089000
0.000000
0.000000
0.000000
0.000000
0.979000
0.000000
0.000000
0.309000
0.000000
0.000000
0.000000
1.324000
1.605000
0.000000
0.000000
0.000000
0.013000
0.444000
0.000000
0.113000
0.000000
0.144000
1.727000
0.000000
0.000000
0.000000
0.000000
0.000000
0.000000
0.000000
0.000000
0.000000
0.000000
0.327000
0.000000
0.058000
0.000000
0.000000
0.000000
0.000000
0.000000
0.000000
0.076000
0.168000
0.000000
0.063000
0.000000
0.000000
0.060000
0.000000
0.227000
0.108000
0.000000
0.000000
0.000000
0.000000
0.000000
0.000000
0.000000
0.000000
0.000000
0.000000
0.674000
0.000000
0.000000
0.364000
0.000000
0.916000
0.000000
0.000000
0.000000
0.801000
0.217000
0.000000
0.000000
0.000000
0.000000
0.000000
0.000000
0.000000
0.000000
0.229000
0.308000
0.075000
0.000000
0.000000
0.031000
0.000000
0.095000
1.047000
0.000000
0.000000
0.000000
0.000000
0.000000
0.000000
0.000000
0.000000
0.114000
0.000000
0.017000
0.000000
0.000000
0.000000
0.000000
0.324000
0.000000
0.000000
0.042000
0.000000
0.000000
0.859000
0.158000
0.000000
0.000000
0.000000
0.000000
0.000000
0.088000
0.000000
0.000000
0.192000
0.000000
0.640000
0.000000
0.000000
0.000000
0.000000
0.000000
0.000000
0.000000
0.183000
0.000000
0.000000
0.000000
0.000000
0.000000
0.000000
0.000000
0.000000
0.000000
0.000000
0.000000
0.000000
0.000000
0.000000
0.000000
0.251000
0.000000
0.000000
0.000000
0.150000
0.000000
0.000000
0.000000
0.000000
0.000000
0.000000
0.000000
0.000000
0.000000
0.000000
0.000000
0.000000
0.000000
0.111000
0.000000
0.000000
0.000000
0.000000
0.000000
0.000000
0.000000
0.000000
0.000000
0.000000
0.000000
0.000000
0.106000
0.000000
0.000000
0.000000
0.000000
0.000000
0.000000
0.000000
0.000000
0.000000
0.000000
0.000000
0.118000
0.686000
0.000000
0.000000
0.027000
0.033000
0.000000
0.000000
0.023000
0.000000
0.000000
0.000000
0.785000
0.000000
0.000000
0.000000
0.000000
0.000000
0.238000
0.067000
0.000000
0.000000
0.000000
0.000000
0.628000
0.000000
0.000000
0.000000
0.000000
0.000000
0.479000
0.000000
0.135000
0.000000
0.000000
0.000000
0.000000
0.000000
0.000000
0.094000
0.000000
0.000000
0.000000
0.000000
0.000000
0.000000
0.000000
0.000000
0.000000
0.000000
0.000000
0.000000
0.000000
0.000000
0.000000
0.000000
0.000000
0.000000
0.000000
0.000000
0.000000
0.000000
0.000000
0.000000
0.000000
0.000000
0.000000
0.000000
0.000000
0.737000
0.000000
0.664000
0.000000
0.000000
0.000000
0.000000
0.000000
0.104000
0.000000
0.062000
0.000000
0.022000
0.061000
0.000000
0.000000
0.000000
0.000000
0.000000
0.000000
0.000000
0.293000
0.000000
0.000000
0.000000
0.000000
0.000000
0.000000
0.000000
0.000000
0.016000
0.000000
0.000000
0.000000
0.000000
0.000000
0.000000
0.000000
0.000000
0.000000
0.057000
0.971000
0.000000
0.000000
0.429000
0.000000
0.000000
0.000000
0.000000
0.000000
0.000000
0.000000
0.000000
0.000000
0.000000
0.000000
0.000000
0.000000
0.000000
0.000000
0.000000
0.000000
0.176000
0.000000
0.000000
0.000000
0.000000
0.141000
0.000000
0.000000
0.000000
0.000000
0.000000
0.000000
0.000000
0.000000
0.000000
0.000000
0.000000
0.000000
0.000000
0.000000
0.000000
0.000000
0.000000
0.000000
0.000000
0.000000
0.000000
0.000000
0.000000
0.000000
0.000000
0.000000
0.000000
0.000000
0.000000
0.000000
0.031000
0.000000
0.301000
0.000000
0.000000
0.000000
0.000000
0.000000
0.000000
0.000000
0.000000
0.029000
0.000000
0.000000
0.000000
0.000000
0.000000
0.000000
0.000000
0.000000
0.000000
0.000000
0.000000
0.000000
0.000000
0.056000
0.000000
0.399000
0.000000
0.091000
0.000000
0.000000
0.000000
0.000000
0.000000
0.000000
0.000000
0.000000
0.112000
0.000000
0.000000
0.000000
0.000000
0.000000
0.000000
0.000000
0.000000
0.000000
0.000000
0.097000
0.000000
0.000000
0.000000
0.000000
0.000000
0.081000
0.000000
0.000000
0.000000
0.165000
0.000000
0.000000
0.000000
0.000000
1.227000
0.000000
0.000000
0.000000
0.000000
0.036000
0.000000
0.000000
0.000000
0.000000
0.000000
0.000000
0.000000
0.000000
0.000000
0.000000
0.000000
0.000000
0.000000
0.000000
0.000000
0.002000
0.000000
0.000000
0.000000
0.118000
0.036000
0.119000
0.000000
0.000000
0.154000
0.000000
0.000000
0.000000
0.000000
0.000000
0.000000
0.000000
0.000000
0.000000
0.000000
0.000000
0.000000
0.000000
0.000000
0.160000
0.000000
0.134000
0.000000
0.008000
0.102000
0.000000
0.000000
0.038000
0.000000
0.000000
0.000000
0.000000
0.000000
0.000000
0.000000
0.000000
0.000000
0.000000
0.000000
0.000000
0.000000
0.000000
0.000000
0.000000
0.000000
0.000000
0.000000
0.000000
0.000000
0.000000
0.000000
0.000000
0.000000
0.000000
0.000000
0.000000
0.000000
0.000000
0.000000
0.000000
0.000000
0.000000
0.000000
0.008000
0.000000
0.000000
0.000000
0.068000
0.000000
0.000000
0.000000
0.000000
0.022000
0.000000
0.000000
0.000000
0.000000
0.115000
0.000000
0.000000
0.000000
0.000000
0.000000
0.000000
0.000000
0.000000
0.000000
0.000000
0.000000
0.000000
0.000000
0.000000
0.000000
0.000000
0.000000
0.000000
0.000000
0.000000
0.000000
0.000000
0.000000
0.000000
0.000000
0.000000
0.000000
0.000000
0.000000
0.000000
0.000000
0.000000
0.000000
0.000000
0.000000
0.000000
0.000000
0.000000
0.000000
0.000000
0.000000
0.000000
0.000000
0.000000
0.000000
0.000000
0.000000
0.000000
0.000000
0.000000
0.000000
0.000000
0.000000
0.000000
0.000000
0.000000
0.000000
0.000000
0.000000
0.000000
0.000000
0.000000
0.000000
0.000000
0.000000
0.000000
0.000000
0.000000
0.000000
0.000000
0.000000
0.000000
0.000000
0.000000
0.000000
0.000000
0.000000
0.000000
0.000000
0.000000
0.000000
0.000000
0.000000
0.000000
0.000000
0.000000
0.000000
0.000000
0.000000
0.000000
0.000000
0.000000
0.000000
0.000000
0.000000
0.000000
0.000000
0.000000
0.000000
0.000000
0.000000
0.000000
0.000000
0.000000
0.000000
0.000000
0.000000
0.000000
0.000000
0.000000
0.000000
0.000000
0.000000
0.000000
0.000000
0.000000
0.000000
0.000000
0.000000
0.000000
0.000000
0.000000
0.000000
0.000000
0.000000
0.000000
0.000000
0.095000
0.000000
0.000000
0.045000
0.000000
0.000000
0.000000
0.000000
0.000000
0.035000
0.000000
0.000000
0.000000
0.000000
0.000000
0.000000
0.065000
0.000000
0.000000
0.000000
0.000000
0.356000
0.000000
0.000000
0.000000
0.000000
0.000000
0.000000
0.000000
0.020000
0.111000
0.000000
0.000000
0.000000
0.000000
0.000000
0.000000
0.183000
0.000000
0.000000
0.000000
0.000000
0.000000
0.000000
0.000000
0.000000
0.000000
0.000000
0.000000
0.000000
0.000000
0.000000
0.000000
0.000000
0.000000
0.000000
0.000000
0.000000
0.000000
0.336000
0.059000
0.000000
0.000000
0.000000
0.000000
0.000000
0.000000
0.000000
0.000000
0.000000
0.000000
0.000000
0.000000
0.000000
0.000000
0.000000
0.000000
0.032000
0.000000
0.000000
0.000000
0.000000
0.000000
0.000000
0.000000
0.000000
0.000000
0.158000
0.003000
0.000000
0.000000
0.000000
0.000000
0.000000
0.000000
0.000000
0.000000
0.000000
0.000000
0.000000
0.000000
0.000000
0.000000
0.000000
0.000000
0.000000
0.000000
0.000000
0.000000
0.000000
0.000000
0.000000
0.000000
0.000000
0.000000
0.000000
0.000000
0.000000
0.000000
0.000000
0.000000
0.000000
0.000000
0.239000
0.000000
0.000000
0.000000
0.000000
0.000000
0.000000
0.000000
0.090000
0.000000
0.000000
0.000000
0.000000
0.000000
0.000000
0.234000
0.000000
0.000000
0.000000
0.000000
0.000000
0.000000
0.000000
0.000000
0.000000
0.000000
0.000000
0.000000
0.000000
0.000000
0.000000
0.000000
0.032000
0.000000
0.000000
0.000000
0.000000
0.000000
0.000000
0.000000
0.000000
0.000000
0.000000
0.000000
0.000000
0.000000
0.000000
0.000000
0.000000
0.032000
0.000000
0.000000
0.000000
0.000000
0.000000
0.000000
0.000000
0.019000
0.097000
0.000000
0.000000
0.000000
0.000000
0.000000
0.000000
0.114000
0.000000
0.000000
0.000000
0.000000
0.000000
0.000000
0.000000
0.000000
0.000000
0.000000
0.000000
0.055000
0.000000
0.000000
0.000000
0.000000
0.000000
0.000000
0.000000
0.046000
0.122000
0.078000
0.000000
0.000000
0.000000
0.000000
0.000000
0.000000
0.000000
0.000000
0.000000
0.000000
0.000000
0.000000
0.000000
0.000000
0.000000
0.000000
0.000000
0.000000
0.000000
0.000000
0.110000
0.000000
0.000000
0.000000
0.000000
0.004000
0.000000
0.000000
0.000000
0.000000
0.000000
0.000000
0.000000
0.000000
0.000000
0.000000
0.000000
0.000000
0.000000
0.000000
0.000000
0.103000
0.000000
0.000000
0.000000
0.000000
0.000000
0.000000
0.000000
0.000000
0.000000
0.000000
0.000000
0.000000
0.000000
0.000000
0.000000
0.000000
0.000000
0.000000
0.000000
0.000000
0.000000
0.000000
0.040000
0.000000
0.000000
0.000000
0.000000
0.000000
