11.161000
12.838000
13.399000
10.275000
13.896000
14.486000
10.724000
9.382000
18.112000
12.919000
12.308000
14.025000
12.550000
12.516000
9.666000
11.839000
10.188000
10.266000
13.033000
16.501000
8.367000
12.584000
14.488000
13.299000
12.426000
16.828000
7.738000
9.888000
5.063000
10.804000
14.077000
12.884000
12.254000
10.316000
8.139000
12.227000
12.968000
19.090000
15.490000
11.186000
9.053000
12.308000
11.947000
8.767000
10.126000
14.692000
6.121000
11.487000
10.196000
15.328000
11.308000
8.435000
14.250000
11.761000
17.502000
8.240000
6.966000
13.280000
8.423000
11.835000
13.215000
8.888000
14.566000
6.403000
12.379000
15.123000
12.317000
11.666000
16.990000
15.776000
13.925000
7.858000
16.578000
11.059000
8.263000
14.331000
9.664000
8.204000
8.292000
4.898000
10.612000
10.730000
15.249000
15.259000
11.654000
14.074000
16.395000
11.295000
9.476000
4.567000
12.891000
11.185000
10.804000
5.913000
9.406000
4.329000
11.909000
8.622000
12.453000
12.077000
12.874000
7.138000
13.359000
9.781000
13.233000
9.809000
13.099000
7.717000
8.151000
11.062000
10.517000
10.772000
8.878000
9.230000
13.254000
11.985000
9.571000
7.591000
12.040000
11.751000
4.917000
10.422000
10.183000
13.487000
12.723000
11.129000
4.971000
12.651000
8.370000
14.638000
6.501000
11.827000
8.691000
8.654000
10.330000
11.874000
13.751000
5.574000
9.613000
11.579000
13.314000
13.633000
10.071000
10.770000
9.631000
12.399000
14.162000
13.293000
16.570000
15.228000
12.864000
8.173000
8.219000
12.782000
10.974000
7.301000
13.732000
11.905000
14.315000
8.682000
6.521000
5.397000
9.495000
6.963000
11.461000
8.902000
8.849000
12.523000
10.390000
14.305000
14.944000
10.164000
11.406000
10.923000
12.377000
8.352000
9.533000
8.686000
11.103000
11.428000
11.335000
7.376000
18.663000
12.811000
7.486000
8.478000
6.662000
10.644000
5.737000
7.995000
12.544000
13.893000
9.402000
0.930000
12.373000
6.284000
11.937000
12.013000
12.830000
10.256000
10.063000
13.301000
9.108000
8.786000
10.856000
6.386000
14.261000
12.137000
12.428000
10.167000
10.863000
12.066000
8.092000
10.713000
8.466000
11.810000
9.164000
6.575000
5.275000
11.334000
16.049000
8.075000
12.714000
6.553000
5.037000
15.217000
8.031000
6.962000
12.041000
14.289000
7.403000
6.390000
9.495000
11.374000
9.414000
15.269000
13.774000
10.037000
6.516000
7.131000
4.904000
8.441000
7.829000
11.568000
11.196000
10.884000
11.264000
12.868000
5.283000
8.318000
8.699000
11.112000
11.576000
8.000000
11.806000
9.418000
6.643000
8.748000
7.616000
11.885000
8.921000
9.583000
6.104000
6.263000
14.503000
11.563000
3.218000
12.597000
13.668000
10.089000
9.351000
11.318000
5.746000
7.630000
10.165000
8.248000
12.917000
9.965000
6.958000
2.469000
10.075000
12.053000
4.010000
15.285000
10.390000
5.985000
6.452000
4.862000
13.010000
8.589000
6.787000
9.885000
10.623000
4.245000
3.460000
12.217000
8.798000
10.012000
11.529000
9.092000
9.627000
8.624000
12.450000
7.841000
17.145000
10.071000
6.617000
5.817000
14.164000
11.961000
6.168000
9.573000
4.322000
10.720000
6.959000
10.583000
13.086000
10.357000
12.832000
8.307000
8.011000
4.759000
5.021000
8.573000
16.398000
11.426000
14.276000
10.167000
12.890000
13.268000
11.870000
7.236000
9.404000
10.835000
10.194000
6.340000
15.619000
12.272000
8.598000
10.211000
11.654000
10.082000
9.924000
14.606000
11.649000
11.930000
7.588000
14.565000
11.735000
14.330000
10.686000
13.924000
14.923000
6.043000
5.773000
5.856000
8.780000
9.896000
7.575000
12.716000
12.706000
7.295000
10.517000
15.183000
5.438000
19.334000
12.558000
9.401000
10.516000
22.413000
9.579000
12.051000
4.726000
10.614000
8.357000
9.429000
8.418000
14.477000
11.401000
8.042000
11.492000
15.965000
7.932000
9.752000
3.798000
10.377000
17.249000
10.179000
11.865000
13.153000
8.293000
10.536000
15.812000
14.691000
8.948000
13.510000
16.630000
6.435000
5.468000
12.279000
13.649000
9.117000
9.829000
8.279000
10.889000
17.947000
13.835000
9.712000
14.141000
12.714000
7.129000
10.242000
9.128000
12.057000
5.650000
6.569000
8.940000
10.515000
4.319000
2.436000
9.054000
6.835000
8.147000
2.713000
4.308000
4.992000
5.596000
5.606000
0.000000
9.402000
4.032000
3.004000
0.456000
3.822000
12.477000
11.511000
0.570000
11.211000
2.394000
2.732000
5.300000
5.263000
9.183000
4.190000
1.113000
18.053000
4.707000
8.458000
4.773000
0.995000
12.256000
7.483000
12.328000
12.731000
4.687000
7.453000
12.434000
5.238000
11.341000
5.727000
9.375000
5.555000
8.565000
9.162000
6.845000
5.013000
14.201000
14.926000
3.103000
4.091000
10.914000
15.106000
14.891000
12.607000
8.862000
11.330000
7.035000
3.841000
1.849000
12.410000
10.214000
0.000000
16.777000
8.502000
6.758000
11.879000
6.696000
3.092000
4.793000
5.477000
15.869000
4.055000
4.410000
6.645000
2.261000
7.172000
5.329000
8.406000
10.798000
2.327000
11.673000
4.950000
9.295000
7.963000
3.119000
11.483000
1.635000
4.410000
9.344000
0.814000
9.670000
10.708000
5.821000
8.406000
17.077000
8.350000
13.313000
8.675000
15.265000
14.215000
5.934000
5.138000
2.054000
7.394000
4.702000
15.205000
7.056000
6.306000
7.848000
4.551000
13.623000
2.979000
5.495000
5.764000
0.774000
0.000000
6.972000
10.555000
12.968000
9.785000
3.353000
7.520000
1.648000
11.892000
5.258000
7.518000
5.478000
8.163000
12.596000
7.797000
5.543000
6.146000
8.272000
13.152000
1.044000
6.370000
1.772000
3.130000
6.308000
5.604000
5.505000
8.099000
10.409000
6.488000
4.805000
6.346000
12.391000
8.425000
4.800000
9.406000
9.178000
7.771000
9.351000
9.760000
5.496000
2.719000
6.945000
7.014000
4.135000
9.007000
7.561000
1.750000
6.016000
7.306000
10.521000
7.565000
3.577000
3.470000
6.133000
6.882000
8.026000
4.926000
9.477000
6.337000
10.962000
7.960000
11.547000
2.989000
5.305000
8.029000
1.328000
3.307000
0.000000
17.707000
9.141000
1.005000
7.956000
5.698000
8.834000
3.842000
9.177000
8.060000
11.077000
5.282000
4.234000
9.722000
7.077000
3.562000
7.300000
12.624000
5.475000
7.745000
7.697000
4.564000
8.295000
8.296000
4.959000
5.328000
7.775000
4.912000
6.442000
4.480000
5.927000
6.246000
0.000000
9.178000
6.843000
3.738000
4.472000
9.436000
5.395000
7.951000
3.600000
6.853000
9.934000
5.952000
8.419000
1.395000
11.540000
8.800000
2.272000
10.294000
6.956000
7.612000
5.632000
4.872000
8.615000
5.204000
7.947000
9.054000
8.986000
6.059000
6.797000
12.577000
3.517000
7.269000
13.443000
5.202000
5.344000
2.596000
6.553000
16.404000
7.748000
7.482000
3.039000
10.784000
13.506000
14.210000
8.324000
7.784000
9.922000
6.854000
8.253000
6.756000
7.559000
6.606000
5.873000
11.757000
8.267000
8.123000
7.595000
6.815000
5.925000
0.000000
8.205000
11.019000
12.578000
14.639000
9.052000
14.889000
14.126000
7.521000
9.273000
7.327000
10.380000
9.931000
6.668000
6.339000
7.916000
9.231000
5.214000
11.453000
7.025000
4.971000
5.401000
6.726000
10.379000
8.193000
17.314000
13.345000
5.810000
12.743000
9.602000
19.674000
3.480000
10.801000
12.325000
2.955000
7.670000
5.529000
11.008000
9.180000
13.290000
8.072000
8.689000
10.822000
6.528000
9.806000
6.510000
3.718000
5.756000
8.038000
10.547000
5.536000
7.619000
10.619000
6.809000
9.990000
8.914000
6.650000
0.643000
4.844000
8.823000
4.190000
4.298000
10.513000
10.147000
11.093000
10.621000
7.366000
7.213000
6.477000
5.098000
12.444000
7.695000
10.074000
7.564000
8.924000
10.140000
7.823000
10.469000
10.664000
8.639000
11.279000
5.886000
8.901000
10.324000
10.538000
4.448000
4.426000
9.791000
6.626000
4.733000
8.190000
5.040000
7.167000
6.829000
4.702000
7.104000
9.669000
7.975000
5.110000
8.233000
3.246000
10.361000
6.257000
5.695000
6.706000
4.789000
2.598000
9.743000
7.761000
12.436000
4.790000
7.559000
7.231000
6.496000
4.541000
10.135000
8.754000
9.683000
13.027000
5.244000
12.086000
6.998000
10.402000
4.662000
3.172000
8.121000
11.963000
10.402000
1.273000
7.332000
7.568000
10.682000
18.633000
7.937000
10.168000
5.110000
6.453000
4.362000
4.306000
8.340000
10.798000
9.890000
7.982000
7.758000
10.267000
8.288000
0.004000
7.178000
8.551000
4.910000
14.780000
11.441000
3.241000
11.284000
10.612000
20.401000
7.867000
8.382000
8.325000
10.873000
4.741000
7.305000
9.864000
10.544000
3.596000
9.999000
5.326000
11.817000
4.886000
9.095000
9.979000
3.118000
11.899000
15.720000
9.607000
8.681000
7.075000
10.238000
4.585000
15.734000
8.969000
10.919000
2.537000
9.506000
9.716000
2.398000
8.686000
11.918000
11.905000
10.456000
7.628000
4.368000
9.040000
6.562000
8.422000
10.083000
9.804000
21.782000
3.710000
9.245000
3.567000
13.707000
15.756000
7.531000
5.657000
6.014000
11.146000
6.950000
9.647000
3.237000
10.976000
16.209000
9.861000
10.455000
6.079000
5.190000
9.811000
7.860000
7.983000
3.955000
4.968000
7.731000
12.443000
10.083000
12.348000
5.494000
14.304000
7.517000
9.776000
9.587000
10.561000
7.713000
5.990000
10.725000
5.787000
7.024000
9.149000
10.297000
11.819000
7.549000
5.716000
8.438000
7.751000
5.913000
4.811000
7.124000
5.221000
7.468000
7.853000
4.339000
9.394000
5.720000
13.840000
12.426000
4.483000
8.805000
4.215000
7.361000
9.008000
10.082000
11.976000
9.536000
14.803000
3.001000
5.762000
7.957000
10.563000
7.922000
8.086000
7.957000
3.891000
11.068000
8.083000
12.444000
5.521000
5.979000
4.952000
11.018000
6.047000
8.236000
11.931000
15.919000
17.298000
13.004000
13.083000
3.929000
13.206000
9.707000
10.754000
6.299000
10.657000
10.242000
16.858000
6.123000
1.557000
4.121000
7.621000
5.924000
7.255000
11.080000
9.852000
6.373000
8.778000
2.683000
12.004000
9.711000
6.309000
8.701000
4.979000
5.725000
8.482000
7.002000
10.907000
9.783000
7.845000
7.173000
4.990000
4.080000
6.762000
8.915000
6.107000
11.679000
8.266000
7.379000
6.526000
8.618000
5.635000
7.682000
9.599000
10.440000
11.642000
8.964000
10.496000
6.646000
6.489000
0.738000
6.760000
11.727000
8.905000
7.497000
5.007000
8.541000
10.393000
5.736000
9.268000
11.602000
4.909000
5.416000
10.653000
8.790000
13.656000
8.424000
13.535000
5.957000
6.458000
1.954000
11.576000
5.520000
11.615000
9.258000
7.197000
9.064000
5.273000
6.598000
8.517000
7.503000
3.829000
2.811000
11.401000
11.484000
8.984000
5.219000
12.526000
10.947000
12.278000
8.385000
6.983000
6.046000
13.521000
8.007000
9.327000
10.396000
4.978000
8.136000
8.602000
8.413000
11.040000
5.810000
5.131000
10.868000
11.020000
10.076000
3.522000
5.700000
9.435000
8.329000
7.859000
5.792000
10.327000
6.886000
12.201000
8.984000
4.759000
9.760000
4.762000
17.184000
10.073000
4.440000
9.604000
7.110000
4.789000
7.679000
12.302000
12.085000
12.043000
7.787000
5.134000
7.124000
8.047000
10.695000
6.751000
6.799000
6.711000
7.544000
10.240000
7.452000
7.176000
11.420000
10.751000
8.195000
7.036000
6.683000
9.676000
7.611000
8.375000
10.497000
6.612000
6.368000
16.822000
13.177000
12.163000
12.056000
5.043000
7.564000
10.269000
11.083000
2.897000
6.924000
8.062000
9.556000
16.194000
3.184000
6.701000
4.337000
8.641000
5.776000
7.558000
6.510000
10.630000
4.516000
10.988000
6.615000
15.449000
9.901000
9.068000
16.186000
4.011000
11.767000
9.973000
11.748000
7.291000
8.696000
9.140000
13.974000
12.565000
3.468000
5.744000
11.626000
12.673000
6.828000
14.510000
12.188000
5.415000
15.780000
4.496000
6.393000
11.617000
14.418000
7.636000
7.180000
10.349000
8.542000
11.186000
14.328000
8.727000
13.584000
13.505000
8.394000
6.470000
7.888000
10.736000
10.176000
10.035000
11.142000
10.359000
8.829000
4.578000
8.743000
10.398000
19.089000
13.217000
7.370000
11.674000
9.423000
8.414000
8.614000
4.751000
11.051000
7.723000
9.256000
9.967000
6.791000
9.587000
9.067000
5.773000
9.134000
11.886000
10.168000
10.879000
6.479000
10.996000
10.253000
7.942000
13.030000
9.352000
6.233000
8.841000
8.039000
10.044000
5.721000
6.820000
10.449000
3.454000
5.468000
10.232000
4.690000
5.300000
8.923000
14.770000
14.782000
7.115000
9.272000
5.367000
4.975000
10.124000
5.657000
4.933000
7.028000
7.155000
9.750000
18.296000
6.418000
6.901000
4.614000
8.952000
7.037000
7.701000
6.491000
15.445000
7.539000
14.270000
8.373000
9.066000
7.612000
9.150000
9.091000
5.428000
6.409000
10.655000
8.107000
13.766000
3.482000
10.385000
5.571000
9.375000
7.329000
4.793000
8.806000
8.627000
11.773000
6.856000
8.695000
8.072000
7.771000
7.698000
7.674000
2.750000
7.523000
9.186000
2.649000
1.761000
17.318000
13.949000
7.940000
9.717000
11.043000
14.632000
14.224000
5.143000
6.338000
7.910000
8.444000
5.376000
6.879000
3.157000
14.063000
14.652000
11.032000
8.990000
11.134000
9.049000
9.860000
7.266000
9.492000
12.157000
9.279000
8.168000
12.409000
13.974000
5.300000
6.033000
13.072000
9.189000
6.946000
6.869000
5.155000
15.801000
14.318000
13.466000
11.411000
6.497000
9.233000
16.321000
2.347000
10.213000
6.737000
13.428000
6.034000
11.547000
8.227000
14.305000
6.739000
9.364000
6.732000
3.030000
3.645000
10.045000
10.607000
5.946000
11.367000
7.610000
6.569000
14.804000
13.032000
11.101000
4.100000
15.026000
16.534000
8.193000
6.188000
11.398000
11.026000
10.614000
10.656000
7.072000
6.087000
13.519000
10.275000
16.203000
9.397000
10.993000
10.983000
12.491000
14.060000
12.053000
6.694000
7.937000
11.422000
7.472000
13.035000
12.285000
9.697000
8.027000
7.004000
7.494000
14.559000
9.403000
10.755000
8.763000
3.320000
4.473000
12.397000
4.440000
6.222000
6.488000
7.580000
9.358000
12.911000
16.563000
8.181000
11.001000
11.839000
11.333000
3.784000
7.451000
13.394000
8.129000
4.148000
10.583000
10.512000
7.149000
6.260000
11.192000
9.830000
4.674000
6.952000
2.878000
18.103000
8.414000
13.233000
7.495000
13.598000
8.125000
10.176000
6.312000
7.543000
10.555000
10.354000
12.689000
16.520000
6.396000
4.399000
9.255000
8.697000
9.739000
13.075000
13.575000
9.256000
10.658000
9.997000
13.918000
9.174000
13.372000
9.728000
6.136000
10.351000
11.026000
12.536000
8.495000
12.977000
10.093000
11.336000
8.642000
7.804000
10.526000
9.605000
5.027000
5.576000
8.294000
12.843000
8.128000
7.504000
11.128000
11.244000
12.030000
8.357000
6.982000
6.544000
6.537000
10.091000
7.975000
12.918000
13.554000
7.406000
17.660000
13.632000
8.666000
10.429000
8.845000
17.611000
9.705000
8.050000
2.053000
11.428000
5.842000
4.500000
13.555000
26.517000
11.414000
11.208000
4.095000
14.982000
9.929000
8.963000
7.627000
14.740000
11.095000
8.995000
8.261000
11.340000
11.549000
1.708000
8.899000
14.085000
12.411000
13.422000
8.259000
9.163000
6.033000
7.480000
18.708000
8.468000
12.511000
13.358000
10.427000
15.081000
13.868000
11.071000
8.032000
8.387000
4.915000
5.014000
11.056000
16.280000
6.835000
3.293000
11.957000
10.150000
7.480000
15.419000
7.364000
8.808000
8.140000
12.602000
14.058000
15.520000
9.005000
10.944000
12.315000
6.510000
10.158000
13.353000
14.019000
8.467000
4.854000
12.142000
10.186000
19.001000
3.811000
16.448000
10.229000
10.826000
9.869000
10.291000
11.826000
13.804000
14.351000
9.947000
9.984000
11.378000
5.746000
11.943000
11.994000
5.143000
5.145000
12.218000
10.047000
8.698000
12.048000
6.499000
7.034000
11.748000
8.999000
9.085000
9.827000
6.286000
7.601000
2.371000
6.978000
8.850000
12.173000
5.054000
9.925000
6.742000
12.705000
9.735000
11.386000
10.558000
10.382000
18.106000
13.355000
11.413000
11.857000
13.461000
11.776000
11.361000
12.353000
15.704000
15.106000
7.135000
13.829000
4.632000
13.762000
11.070000
1.356000
10.759000
9.867000
10.881000
1.989000
14.671000
5.951000
10.985000
2.294000
6.295000
7.169000
3.709000
3.505000
0.000000
1.672000
16.756000
5.539000
3.518000
2.704000
3.634000
4.270000
2.753000
3.362000
0.000000
3.524000
8.255000
5.760000
1.559000
3.307000
7.715000
4.395000
1.529000
1.423000
3.963000
14.090000
4.904000
0.000000
3.930000
3.205000
6.705000
1.551000
6.059000
1.785000
4.025000
9.645000
0.000000
1.376000
0.000000
2.508000
3.122000
9.853000
13.332000
12.703000
9.039000
6.980000
0.000000
3.945000
5.724000
4.924000
6.611000
3.326000
4.080000
11.432000
14.963000
11.547000
9.567000
2.163000
12.079000
1.059000
11.280000
5.877000
4.126000
2.463000
8.592000
0.744000
3.609000
3.557000
4.576000
11.740000
7.869000
2.712000
0.495000
11.368000
1.740000
0.918000
7.553000
3.369000
3.921000
10.693000
1.579000
10.053000
2.488000
2.113000
2.918000
16.917000
6.026000
17.022000
10.267000
11.746000
1.297000
6.331000
5.813000
0.414000
12.627000
14.836000
4.916000
13.238000
5.819000
3.219000
6.854000
12.189000
5.648000
10.397000
16.578000
15.843000
18.009000
9.335000
11.230000
7.336000
13.666000
3.550000
7.173000
15.454000
11.664000
9.846000
8.835000
12.930000
13.284000
11.086000
2.529000
16.104000
4.504000
3.889000
11.776000
8.443000
7.489000
12.563000
1.533000
8.915000
0.643000
14.310000
0.706000
9.010000
4.921000
12.220000
12.408000
13.639000
15.092000
8.791000
10.554000
13.195000
1.279000
2.780000
10.144000
4.777000
10.713000
14.286000
12.800000
15.806000
9.399000
14.049000
13.226000
13.091000
13.227000
3.863000
6.312000
11.195000
9.311000
12.007000
12.216000
2.472000
15.004000
9.215000
11.099000
9.049000
8.862000
6.676000
12.813000
1.787000
13.218000
8.793000
11.592000
0.054000
14.508000
8.776000
1.566000
9.974000
10.993000
7.013000
13.566000
2.616000
13.333000
8.863000
6.963000
13.173000
7.167000
4.432000
7.169000
5.847000
7.727000
13.454000
13.109000
3.014000
15.209000
10.252000
5.363000
3.915000
4.376000
0.660000
10.511000
8.760000
2.901000
4.449000
6.679000
8.685000
7.070000
3.956000
8.176000
8.365000
15.300000
10.667000
3.017000
6.151000
8.152000
8.491000
8.082000
4.769000
2.586000
13.710000
2.663000
4.905000
12.042000
8.817000
1.736000
10.631000
13.951000
5.874000
7.981000
8.745000
10.550000
5.415000
13.488000
8.828000
7.822000
14.749000
5.803000
6.967000
9.218000
9.458000
7.205000
5.219000
6.089000
9.025000
12.192000
5.464000
6.112000
7.494000
10.281000
10.600000
4.615000
12.320000
4.136000
14.446000
3.771000
11.173000
7.679000
5.458000
10.117000
3.519000
5.012000
9.579000
1.671000
8.407000
4.337000
6.303000
7.388000
7.944000
4.624000
11.034000
0.840000
6.752000
7.363000
15.532000
13.595000
5.705000
7.758000
5.442000
5.503000
9.164000
3.646000
7.358000
7.733000
4.845000
1.038000
7.419000
14.476000
3.193000
1.475000
5.270000
4.715000
0.228000
0.000000
5.761000
11.897000
6.949000
4.726000
6.506000
4.908000
5.514000
8.624000
2.101000
4.754000
7.571000
5.036000
5.270000
8.346000
10.687000
5.587000
10.214000
5.274000
8.965000
5.244000
11.916000
2.397000
12.627000
6.941000
2.403000
12.065000
9.088000
8.752000
5.228000
9.194000
11.510000
7.888000
12.703000
12.420000
13.639000
2.854000
5.218000
6.499000
11.644000
13.044000
4.902000
20.329000
5.784000
7.911000
7.937000
9.349000
8.318000
5.499000
8.528000
2.621000
10.239000
4.200000
5.977000
0.849000
11.264000
12.090000
5.938000
9.016000
9.341000
9.387000
6.119000
6.264000
6.548000
5.357000
8.660000
7.809000
6.520000
5.356000
11.856000
0.000000
12.011000
1.949000
9.375000
5.741000
20.006000
5.237000
12.218000
4.378000
11.961000
4.015000
6.683000
11.975000
10.615000
12.115000
4.459000
2.230000
9.900000
4.482000
0.000000
9.733000
3.000000
4.545000
10.554000
6.143000
5.154000
10.982000
7.150000
8.139000
15.527000
6.265000
8.071000
8.104000
5.054000
5.939000
8.048000
8.764000
5.050000
12.773000
7.544000
12.937000
8.680000
6.380000
8.183000
16.359000
3.235000
9.754000
7.472000
7.406000
13.307000
9.040000
8.045000
13.504000
9.852000
8.663000
3.556000
8.146000
11.473000
12.930000
7.056000
9.723000
8.701000
7.325000
12.941000
9.699000
9.761000
12.744000
7.920000
4.074000
5.102000
12.216000
7.205000
13.169000
12.941000
13.221000
15.639000
11.366000
4.141000
6.650000
2.793000
6.186000
3.647000
10.664000
7.891000
7.950000
4.655000
7.753000
6.468000
3.581000
11.876000
7.000000
2.308000
12.314000
3.493000
12.126000
9.457000
9.876000
10.113000
14.933000
12.757000
11.481000
3.514000
11.674000
10.797000
10.350000
11.238000
7.764000
9.440000
4.113000
7.330000
10.228000
13.018000
2.874000
8.470000
9.607000
13.654000
6.408000
11.704000
11.190000
9.843000
7.647000
4.925000
4.404000
6.822000
10.906000
9.439000
13.380000
3.109000
11.781000
10.132000
16.079000
5.607000
5.772000
12.346000
3.639000
7.556000
13.549000
16.765000
15.120000
5.621000
4.280000
6.009000
14.080000
5.626000
13.975000
9.054000
11.633000
13.381000
9.997000
8.051000
8.858000
11.374000
12.271000
6.995000
11.639000
10.563000
8.521000
5.716000
5.802000
13.235000
9.743000
5.478000
8.939000
5.900000
12.154000
15.459000
3.977000
14.592000
13.450000
9.796000
4.513000
10.998000
5.487000
8.162000
11.263000
14.929000
10.391000
11.674000
8.790000
10.242000
8.512000
5.904000
17.692000
6.489000
7.875000
6.340000
7.534000
7.124000
12.839000
10.535000
11.167000
9.713000
3.920000
11.579000
8.331000
12.711000
13.252000
9.181000
11.965000
12.851000
10.909000
5.366000
13.708000
11.181000
12.664000
4.353000
10.099000
15.183000
9.733000
12.472000
11.084000
8.259000
6.719000
10.272000
9.831000
14.154000
9.352000
8.849000
16.143000
12.320000
7.818000
13.149000
9.895000
1.595000
7.469000
13.709000
12.890000
7.254000
13.336000
11.402000
6.518000
4.827000
11.925000
9.273000
14.405000
9.392000
5.615000
11.088000
8.154000
10.289000
14.682000
11.949000
10.216000
2.229000
6.254000
12.717000
11.462000
10.049000
10.477000
9.687000
10.165000
14.081000
13.298000
10.237000
6.188000
5.905000
9.881000
6.159000
0.000000
3.313000
1.493000
1.939000
1.135000
3.336000
0.000000
0.947000
6.047000
5.470000
0.000000
0.000000
2.829000
4.997000
4.098000
14.834000
6.797000
4.923000
14.443000
6.337000
11.568000
12.246000
10.331000
3.667000
0.106000
3.481000
0.474000
1.947000
0.913000
5.005000
10.593000
9.104000
0.000000
8.401000
7.408000
0.000000
6.307000
0.000000
13.562000
4.846000
3.881000
0.955000
11.743000
0.551000
8.653000
4.875000
1.338000
1.454000
5.502000
7.991000
4.490000
2.395000
0.718000
13.883000
15.126000
10.229000
15.138000
5.596000
6.598000
10.530000
7.223000
5.115000
10.679000
7.699000
8.660000
11.232000
1.077000
15.780000
0.993000
16.673000
6.518000
5.791000
2.797000
13.626000
0.386000
9.533000
4.376000
3.353000
3.689000
6.178000
11.924000
9.992000
2.943000
11.693000
12.396000
7.192000
8.832000
0.000000
10.913000
5.371000
3.985000
2.578000
11.861000
8.625000
6.350000
5.841000
6.625000
7.616000
10.111000
7.731000
15.478000
10.412000
10.973000
0.448000
8.284000
5.363000
1.103000
12.021000
4.827000
10.286000
0.000000
2.101000
0.184000
0.000000
0.000000
16.154000
7.778000
3.885000
8.954000
0.000000
1.609000
7.474000
14.613000
2.841000
16.870000
10.842000
6.133000
1.105000
8.732000
0.000000
0.000000
0.000000
12.046000
6.378000
5.979000
0.000000
4.373000
6.799000
3.424000
4.356000
7.094000
0.005000
7.777000
6.521000
0.000000
9.098000
1.897000
5.255000
4.733000
5.991000
5.355000
4.367000
4.530000
4.021000
2.329000
6.931000
8.751000
3.313000
0.805000
4.853000
0.000000
13.318000
1.807000
5.402000
8.451000
4.009000
0.000000
5.359000
10.484000
11.580000
4.495000
12.444000
3.683000
2.332000
8.973000
8.170000
3.846000
9.785000
0.000000
5.748000
6.216000
4.744000
4.537000
1.828000
12.421000
6.111000
9.566000
0.518000
11.871000
9.998000
4.336000
5.392000
8.829000
1.464000
7.621000
7.298000
4.145000
13.495000
6.803000
7.318000
9.436000
10.038000
1.119000
7.946000
9.429000
4.821000
9.300000
7.503000
9.497000
11.394000
8.760000
13.434000
9.293000
10.792000
9.135000
11.110000
8.064000
8.654000
6.988000
7.720000
7.146000
0.982000
6.188000
9.413000
8.977000
11.943000
15.249000
7.507000
0.000000
7.097000
8.199000
1.274000
5.481000
7.237000
9.184000
4.410000
9.585000
1.981000
9.888000
1.216000
9.236000
14.583000
5.274000
9.124000
8.544000
8.276000
8.892000
9.131000
6.950000
10.842000
4.742000
4.011000
9.267000
16.196000
9.846000
10.332000
5.705000
4.364000
6.600000
11.496000
12.634000
9.549000
12.010000
8.838000
8.396000
8.958000
4.042000
9.288000
4.247000
7.555000
5.673000
6.909000
12.153000
8.725000
6.910000
6.219000
15.182000
7.959000
7.791000
10.601000
5.770000
7.102000
14.864000
9.866000
11.344000
15.761000
7.321000
7.562000
9.377000
6.942000
9.922000
11.035000
3.109000
8.290000
13.472000
3.791000
6.875000
3.704000
9.605000
7.362000
1.495000
6.739000
7.650000
5.437000
3.926000
14.047000
11.520000
6.482000
12.447000
10.176000
7.022000
5.658000
10.921000
10.712000
10.160000
4.405000
6.275000
0.910000
9.594000
10.089000
3.700000
3.300000
11.099000
2.079000
6.655000
0.000000
9.178000
10.119000
11.945000
13.657000
11.269000
11.006000
6.468000
1.979000
3.951000
8.810000
4.304000
9.233000
9.539000
15.511000
13.296000
7.941000
9.385000
12.806000
9.409000
4.210000
4.188000
14.313000
7.817000
10.701000
8.352000
8.182000
9.230000
9.287000
11.479000
8.509000
6.663000
8.507000
10.399000
10.934000
4.812000
3.994000
14.062000
8.434000
11.401000
9.179000
6.516000
6.284000
7.690000
12.000000
18.964000
6.279000
9.928000
9.287000
14.271000
12.982000
14.151000
5.337000
15.785000
6.590000
3.077000
4.893000
7.404000
8.567000
13.749000
9.327000
7.341000
14.137000
10.689000
7.503000
11.154000
8.243000
8.871000
10.466000
12.877000
7.653000
11.093000
9.513000
9.829000
7.899000
10.250000
7.941000
9.458000
9.852000
9.905000
11.443000
3.828000
9.321000
16.490000
10.491000
10.763000
8.998000
11.342000
1.206000
2.405000
13.085000
11.159000
11.191000
13.218000
12.385000
4.741000
11.198000
10.392000
5.006000
9.264000
3.673000
11.065000
8.934000
10.078000
8.531000
8.424000
7.936000
3.326000
13.334000
6.618000
7.730000
5.848000
6.749000
8.727000
0.000000
9.282000
10.594000
9.801000
10.810000
6.234000
11.542000
10.948000
14.195000
5.366000
12.318000
8.702000
8.441000
11.253000
11.702000
13.038000
13.043000
10.549000
8.529000
6.047000
9.799000
12.989000
6.552000
10.176000
8.944000
5.431000
5.913000
11.120000
8.372000
12.921000
5.138000
15.904000
7.833000
7.681000
11.625000
10.067000
8.056000
14.330000
12.495000
7.977000
9.209000
6.742000
8.285000
13.762000
4.589000
17.634000
13.060000
11.333000
11.052000
8.758000
6.364000
14.607000
5.795000
3.382000
10.905000
8.703000
15.503000
5.278000
9.685000
12.328000
12.083000
13.105000
13.493000
16.772000
12.123000
6.782000
1.672000
12.258000
3.958000
10.353000
9.454000
5.381000
7.604000
4.410000
11.164000
8.813000
11.786000
11.823000
6.612000
11.574000
12.166000
6.899000
6.419000
11.460000
9.369000
3.932000
11.242000
10.216000
10.216000
9.852000
11.798000
2.652000
6.254000
7.650000
13.815000
12.663000
10.906000
7.349000
12.172000
7.416000
11.263000
3.257000
6.942000
4.368000
11.682000
11.385000
7.466000
5.222000
9.041000
2.400000
4.928000
7.893000
14.344000
4.164000
8.635000
14.025000
5.309000
8.785000
8.657000
5.547000
8.499000
7.123000
1.756000
10.552000
8.561000
10.694000
7.695000
5.485000
7.474000
7.432000
5.748000
13.133000
9.175000
9.687000
11.181000
7.281000
5.300000
9.499000
8.259000
10.253000
11.329000
7.125000
8.878000
1.794000
10.383000
11.265000
9.614000
10.486000
7.299000
13.311000
6.077000
11.310000
9.885000
8.100000
13.918000
11.040000
6.998000
9.325000
8.625000
7.593000
8.616000
8.613000
7.496000
12.132000
10.647000
12.478000
4.426000
6.964000
9.061000
8.652000
6.377000
11.032000
9.668000
10.226000
15.335000
6.361000
5.793000
9.726000
9.966000
6.160000
16.024000
13.659000
12.301000
8.838000
9.861000
11.454000
8.553000
8.532000
9.384000
12.777000
7.976000
11.687000
6.248000
12.189000
12.829000
9.904000
7.525000
8.965000
10.020000
8.683000
9.693000
5.333000
7.659000
8.760000
9.966000
4.198000
10.535000
11.889000
9.296000
10.022000
6.476000
11.359000
5.806000
10.793000
13.810000
8.666000
8.963000
9.870000
13.382000
10.674000
10.035000
12.795000
14.803000
9.937000
9.334000
11.350000
12.690000
1.550000
12.536000
8.872000
7.534000
10.066000
7.516000
12.424000
10.411000
7.236000
13.107000
10.445000
12.612000
5.817000
12.632000
9.916000
5.519000
8.023000
16.068000
17.246000
12.596000
10.079000
12.962000
11.792000
9.123000
12.868000
10.287000
8.978000
7.685000
10.439000
12.244000
9.717000
9.665000
12.922000
13.704000
10.584000
9.797000
10.444000
11.098000
9.933000
8.909000
14.874000
5.964000
10.877000
17.884000
3.573000
7.981000
11.637000
12.832000
14.908000
16.696000
9.715000
9.744000
14.928000
10.792000
9.633000
6.798000
6.114000
10.979000
5.214000
8.913000
12.782000
9.390000
15.052000
11.541000
12.996000
9.264000
9.734000
8.275000
11.135000
10.416000
16.298000
14.496000
14.668000
14.548000
12.187000
13.715000
7.224000
10.412000
8.465000
8.932000
4.807000
8.965000
11.034000
4.010000
11.088000
8.823000
11.088000
12.098000
7.225000
12.447000
12.678000
10.268000
8.405000
8.117000
9.485000
11.415000
9.745000
12.949000
15.436000
7.781000
10.667000
7.659000
11.462000
11.105000
12.524000
11.212000
11.909000
3.315000
14.332000
13.501000
11.060000
10.171000
0.000000
6.637000
2.447000
7.752000
9.497000
9.893000
13.950000
1.179000
9.594000
3.983000
0.140000
0.000000
13.227000
8.123000
7.237000
7.522000
3.002000
12.945000
7.513000
4.073000
12.043000
7.228000
4.547000
9.064000
4.399000
4.588000
0.000000
11.963000
3.791000
1.449000
6.185000
0.000000
11.817000
6.134000
1.610000
10.364000
1.515000
3.497000
6.109000
11.109000
0.424000
10.133000
0.000000
0.255000
11.531000
1.934000
9.462000
3.847000
3.794000
4.038000
12.310000
4.340000
12.802000
9.646000
11.964000
4.441000
2.729000
10.111000
2.713000
2.336000
0.000000
8.606000
0.743000
8.025000
6.200000
5.521000
12.868000
0.000000
5.806000
13.536000
9.108000
5.920000
12.318000
10.698000
9.167000
5.210000
11.322000
2.196000
9.328000
6.578000
12.951000
12.991000
14.763000
7.521000
13.474000
12.889000
2.363000
4.249000
6.514000
6.674000
5.925000
5.922000
4.172000
0.052000
8.655000
2.593000
5.431000
13.003000
6.127000
11.502000
14.264000
7.270000
3.206000
8.292000
5.810000
15.861000
9.164000
13.561000
9.840000
10.108000
13.381000
12.454000
5.033000
9.429000
5.941000
11.682000
8.946000
12.291000
7.971000
2.390000
3.320000
3.724000
11.686000
10.301000
8.780000
17.782000
14.805000
13.894000
16.372000
7.798000
11.343000
5.055000
3.319000
5.259000
12.786000
13.699000
11.549000
5.875000
0.000000
9.168000
10.732000
12.259000
7.247000
8.516000
11.501000
4.158000
6.426000
7.097000
5.607000
4.192000
9.521000
5.541000
14.738000
10.127000
10.621000
9.762000
9.136000
12.969000
11.237000
2.789000
0.548000
10.874000
18.749000
11.148000
7.655000
5.148000
13.737000
7.734000
10.031000
10.619000
12.321000
19.456000
13.912000
7.237000
10.423000
13.083000
7.287000
13.114000
8.589000
7.840000
10.526000
10.954000
11.845000
11.395000
11.029000
9.242000
4.358000
12.974000
6.640000
13.238000
7.676000
5.098000
13.243000
11.163000
14.904000
11.726000
12.139000
12.113000
7.454000
13.170000
11.325000
13.855000
7.354000
12.906000
7.857000
4.220000
14.143000
11.319000
6.432000
10.317000
13.132000
5.891000
11.085000
7.429000
11.211000
5.801000
10.251000
13.556000
9.873000
8.982000
0.737000
7.847000
6.006000
6.691000
11.010000
13.000000
0.602000
8.343000
8.960000
10.781000
11.386000
7.113000
8.816000
13.434000
9.876000
7.038000
10.902000
4.165000
12.550000
9.574000
8.853000
5.961000
7.628000
8.493000
11.587000
9.619000
13.487000
3.945000
11.425000
11.405000
11.344000
9.250000
10.333000
8.537000
5.800000
11.778000
6.997000
2.550000
7.102000
6.358000
9.345000
9.674000
7.779000
10.392000
13.031000
10.101000
10.605000
10.689000
10.036000
6.822000
14.736000
5.522000
14.064000
9.315000
6.977000
10.310000
8.321000
14.042000
5.267000
10.920000
11.313000
13.285000
7.766000
8.297000
11.232000
10.078000
15.025000
7.929000
6.505000
9.079000
11.945000
12.086000
10.511000
15.048000
9.196000
7.403000
7.007000
8.700000
5.089000
8.492000
7.678000
14.860000
2.700000
16.366000
9.623000
9.607000
6.401000
16.527000
8.344000
4.896000
6.127000
3.588000
13.637000
10.770000
16.282000
9.795000
7.756000
9.177000
5.678000
7.766000
13.863000
3.629000
10.601000
7.728000
7.488000
7.817000
11.378000
9.953000
6.234000
8.682000
14.052000
6.258000
6.255000
10.374000
8.163000
7.442000
6.981000
13.788000
15.425000
17.253000
6.015000
7.175000
13.731000
14.103000
12.025000
11.621000
11.164000
14.221000
7.995000
5.393000
12.315000
8.399000
11.464000
12.207000
4.000000
13.079000
15.307000
10.498000
11.943000
12.136000
5.922000
8.039000
11.952000
14.162000
13.353000
7.822000
1.911000
8.332000
13.484000
12.502000
9.162000
11.512000
2.819000
4.895000
8.584000
10.354000
11.978000
10.863000
11.645000
8.953000
10.754000
11.753000
6.902000
10.878000
7.934000
9.570000
13.647000
6.152000
12.194000
8.028000
5.419000
4.834000
9.394000
8.367000
8.963000
11.222000
4.835000
5.783000
7.020000
1.870000
19.769000
13.995000
6.516000
9.140000
11.579000
12.324000
16.448000
10.437000
7.756000
8.861000
8.812000
3.806000
10.060000
11.177000
9.976000
10.727000
8.965000
8.065000
9.463000
5.195000
20.765000
9.046000
11.261000
12.306000
8.428000
8.574000
8.707000
5.039000
12.318000
7.921000
8.040000
13.593000
11.551000
9.431000
15.725000
8.032000
8.565000
10.632000
5.964000
8.107000
11.991000
16.726000
6.108000
10.966000
10.766000
10.588000
12.233000
10.377000
10.727000
8.811000
9.343000
14.104000
12.609000
12.639000
9.118000
12.097000
12.485000
9.282000
11.228000
11.302000
8.086000
13.677000
9.203000
13.488000
6.331000
9.230000
15.704000
8.049000
10.728000
12.904000
11.087000
10.186000
8.068000
7.223000
17.153000
10.825000
12.811000
9.433000
20.002000
11.662000
16.941000
12.001000
9.838000
11.706000
11.140000
9.944000
6.814000
15.069000
13.315000
9.258000
8.982000
12.964000
8.580000
12.752000
7.594000
10.546000
14.713000
11.940000
13.733000
11.806000
9.114000
11.375000
14.592000
1.578000
4.933000
6.578000
11.489000
10.157000
8.127000
10.787000
8.039000
17.190000
9.620000
14.598000
14.903000
10.935000
6.312000
9.969000
11.150000
9.080000
6.960000
5.208000
15.124000
15.622000
14.162000
8.181000
6.617000
7.059000
7.352000
13.357000
10.078000
12.423000
11.223000
16.204000
15.094000
12.977000
13.970000
10.880000
16.320000
7.364000
12.346000
9.306000
8.563000
6.957000
10.638000
12.832000
12.521000
6.199000
4.878000
6.070000
9.058000
7.462000
14.375000
9.213000
11.158000
9.639000
12.010000
12.092000
11.580000
9.373000
9.728000
15.940000
14.815000
5.009000
14.128000
8.248000
6.769000
8.355000
11.690000
15.192000
10.023000
13.447000
4.797000
15.481000
4.403000
9.346000
14.030000
7.523000
17.759000
12.261000
16.019000
10.960000
10.578000
4.032000
6.420000
8.595000
6.271000
6.806000
8.102000
13.396000
5.256000
12.257000
13.770000
7.026000
12.908000
13.737000
12.470000
14.545000
16.974000
15.220000
8.719000
12.840000
6.732000
12.281000
11.095000
11.518000
11.178000
13.643000
6.552000
14.553000
13.721000
16.617000
14.058000
4.250000
6.407000
2.527000
6.657000
10.027000
11.582000
14.162000
14.587000
9.922000
7.614000
14.191000
2.923000
12.104000
13.124000
10.663000
4.822000
11.298000
14.366000
4.816000
10.429000
6.905000
9.959000
4.049000
6.801000
9.802000
7.639000
7.705000
13.907000
7.395000
7.114000
14.287000
8.205000
23.403000
6.262000
12.700000
13.031000
10.463000
10.897000
13.628000
13.956000
7.872000
8.438000
7.014000
9.603000
8.193000
6.839000
9.015000
9.124000
9.188000
7.233000
9.306000
8.712000
13.711000
6.576000
14.646000
14.891000
8.054000
8.840000
9.025000
9.034000
8.666000
7.495000
7.178000
13.972000
10.033000
12.606000
12.862000
20.821000
14.602000
9.765000
17.616000
13.355000
8.058000
4.280000
10.610000
4.447000
9.178000
9.462000
7.580000
13.451000
7.142000
13.601000
7.091000
10.677000
16.092000
11.435000
13.813000
11.335000
13.181000
5.769000
8.797000
14.002000
8.648000
6.047000
8.775000
13.632000
12.011000
9.358000
5.183000
14.028000
11.265000
11.347000
17.602000
17.856000
11.627000
15.742000
9.805000
10.179000
10.742000
10.275000
10.059000
15.102000
20.715000
11.532000
13.398000
14.276000
9.845000
6.414000
5.596000
5.986000
13.329000
13.616000
6.780000
13.214000
8.271000
16.150000
8.681000
13.552000
12.209000
17.771000
6.642000
9.118000
9.455000
16.873000
10.546000
14.088000
20.519000
11.563000
11.429000
11.779000
4.563000
11.367000
16.138000
10.378000
13.029000
14.734000
10.558000
14.522000
13.793000
11.684000
0.000000
15.678000
7.165000
14.595000
8.774000
14.287000
15.146000
7.999000
8.795000
14.179000
15.088000
9.924000
13.604000
5.794000
17.650000
5.216000
13.874000
9.083000
14.982000
18.471000
14.930000
14.513000
9.851000
10.726000
6.928000
14.578000
5.145000
16.489000
11.552000
11.952000
9.921000
4.350000
11.710000
9.355000
13.227000
21.568000
10.606000
14.286000
14.465000
8.895000
14.828000
7.443000
9.930000
10.883000
11.870000
14.657000
8.372000
8.937000
8.599000
9.672000
7.859000
9.352000
8.238000
12.900000
14.606000
11.536000
11.873000
15.255000
8.812000
10.484000
5.687000
10.310000
15.073000
14.673000
10.872000
11.160000
9.581000
7.957000
9.035000
6.593000
7.811000
10.831000
13.899000
11.419000
6.372000
16.212000
11.530000
7.210000
15.659000
12.136000
12.891000
15.868000
10.400000
16.660000
15.370000
12.158000
14.842000
13.209000
23.598000
15.223000
14.317000
15.791000
16.051000
7.914000
12.053000
14.572000
10.410000
8.025000
5.914000
15.728000
15.460000
13.938000
10.675000
9.361000
9.638000
14.789000
16.696000
10.375000
13.959000
8.360000
12.112000
7.507000
10.452000
14.734000
12.903000
13.915000
16.977000
10.989000
11.055000
12.302000
11.360000
14.753000
9.991000
9.583000
16.350000
12.784000
14.488000
14.948000
16.121000
12.487000
15.583000
13.311000
7.016000
15.983000
16.309000
10.428000
14.659000
9.996000
12.860000
8.935000
6.782000
13.320000
13.631000
13.886000
13.144000
4.134000
8.470000
16.382000
12.310000
14.755000
13.769000
11.373000
11.032000
6.022000
12.151000
8.165000
8.727000
13.917000
11.279000
7.744000
11.343000
13.961000
7.931000
12.511000
9.883000
8.890000
6.989000
5.843000
10.277000
12.340000
13.384000
9.731000
14.469000
13.199000
11.001000
5.878000
14.311000
11.583000
11.824000
6.246000
12.706000
4.531000
11.404000
9.858000
13.175000
12.925000
10.719000
9.734000
8.140000
6.248000
9.358000
11.978000
10.220000
6.072000
6.740000
12.283000
6.359000
7.286000
10.747000
7.327000
8.036000
9.534000
10.270000
13.763000
15.980000
10.280000
16.262000
14.426000
11.706000
16.988000
13.895000
7.172000
11.341000
12.210000
6.063000
10.683000
11.417000
15.842000
11.375000
11.279000
7.758000
8.558000
11.775000
4.992000
10.850000
9.942000
9.157000
14.470000
12.314000
9.844000
10.654000
11.173000
15.115000
13.297000
11.460000
9.280000
8.977000
10.738000
10.525000
16.445000
13.936000
9.480000
15.957000
12.076000
16.855000
16.528000
10.473000
15.455000
7.354000
15.270000
10.984000
15.880000
13.243000
10.538000
8.600000
12.025000
17.151000
15.613000
16.822000
10.461000
8.741000
11.031000
17.543000
9.483000
14.858000
5.154000
14.040000
15.019000
8.927000
9.786000
11.740000
7.394000
7.520000
17.480000
6.069000
13.952000
12.580000
10.319000
9.500000
8.946000
11.781000
9.096000
14.569000
17.403000
7.231000
15.470000
12.759000
12.256000
11.540000
8.472000
15.967000
8.647000
12.391000
10.893000
15.878000
2.098000
6.432000
13.432000
8.279000
8.092000
8.420000
14.162000
12.530000
14.993000
12.410000
13.213000
11.320000
14.552000
10.101000
9.427000
9.236000
13.529000
3.948000
1.651000
9.228000
5.910000
8.505000
11.326000
7.410000
8.582000
6.727000
10.908000
13.583000
13.258000
6.328000
9.952000
13.132000
2.474000
10.068000
15.763000
12.485000
7.539000
11.737000
5.553000
10.149000
7.787000
9.377000
6.613000
8.331000
12.705000
2.541000
11.561000
13.597000
7.496000
13.873000
1.873000
11.349000
8.101000
10.812000
9.256000
1.590000
14.651000
9.591000
7.750000
6.155000
2.796000
16.623000
12.054000
6.515000
11.560000
10.669000
14.969000
11.866000
13.244000
4.659000
6.584000
3.820000
18.254000
9.161000
4.093000
11.656000
11.414000
18.868000
14.027000
7.396000
4.338000
8.915000
13.469000
5.611000
9.393000
12.678000
8.894000
11.720000
3.414000
4.560000
15.195000
9.816000
7.728000
5.359000
15.041000
10.173000
7.674000
18.180000
2.563000
15.016000
6.387000
9.947000
6.913000
9.517000
8.432000
6.294000
12.707000
17.890000
17.196000
10.548000
9.753000
6.154000
10.236000
8.173000
11.929000
10.438000
6.918000
9.324000
12.662000
11.246000
9.074000
11.344000
6.852000
9.464000
11.999000
8.509000
15.276000
11.224000
15.395000
11.959000
9.897000
5.220000
13.834000
16.912000
5.448000
15.614000
10.174000
10.358000
14.180000
4.333000
8.355000
17.594000
6.531000
15.761000
15.970000
12.472000
13.872000
11.481000
1.369000
10.511000
12.217000
12.184000
10.867000
14.198000
6.054000
12.389000
10.415000
9.111000
14.672000
8.952000
8.179000
13.826000
14.361000
1.998000
11.402000
14.978000
16.038000
12.841000
15.632000
9.588000
7.650000
7.691000
5.754000
13.214000
10.314000
15.218000
4.455000
4.633000
9.440000
7.265000
11.243000
7.289000
15.355000
10.130000
5.584000
6.635000
14.036000
8.880000
15.960000
17.165000
12.961000
15.880000
8.847000
17.088000
15.857000
13.352000
12.740000
8.248000
12.183000
10.191000
17.316000
10.029000
14.309000
8.256000
15.067000
9.239000
6.682000
11.693000
15.273000
12.119000
19.401000
11.820000
13.983000
14.809000
16.343000
15.680000
12.562000
15.670000
16.640000
10.422000
15.156000
8.806000
11.633000
9.493000
6.029000
9.749000
10.495000
6.808000
8.512000
11.736000
13.269000
3.795000
17.565000
5.437000
12.377000
16.696000
4.481000
7.191000
9.052000
6.193000
13.929000
14.570000
10.006000
7.798000
9.328000
9.419000
9.067000
17.463000
16.138000
7.764000
11.763000
8.571000
14.268000
10.718000
16.747000
9.578000
10.825000
12.703000
13.035000
8.214000
14.096000
7.117000
7.352000
9.909000
12.405000
10.295000
10.702000
14.858000
12.158000
8.749000
15.377000
16.014000
10.582000
4.279000
19.026000
4.627000
16.009000
6.796000
10.702000
12.584000
13.175000
12.975000
6.092000
9.388000
8.786000
13.615000
10.413000
10.678000
8.645000
7.506000
16.083000
16.191000
11.479000
8.429000
7.365000
16.182000
11.625000
8.200000
11.094000
8.360000
3.870000
11.569000
15.426000
8.608000
16.922000
11.772000
12.193000
7.110000
9.260000
5.143000
10.188000
9.938000
11.857000
15.266000
7.453000
9.170000
10.919000
10.746000
14.272000
6.845000
12.379000
5.240000
15.296000
7.905000
8.249000
12.489000
17.337000
11.781000
11.152000
15.973000
14.241000
10.760000
17.488000
12.021000
10.428000
9.772000
7.383000
8.621000
13.086000
12.169000
10.516000
15.589000
14.666000
11.853000
10.867000
10.012000
10.714000
7.449000
5.885000
13.952000
7.591000
12.413000
13.019000
15.343000
13.267000
11.643000
8.783000
13.203000
9.106000
11.017000
17.739000
9.116000
21.768000
7.000000
12.282000
13.596000
11.821000
13.971000
17.175000
14.889000
10.696000
10.204000
17.161000
9.628000
9.801000
13.289000
10.966000
10.490000
5.601000
8.209000
16.337000
12.413000
17.937000
13.837000
8.720000
14.220000
8.485000
14.607000
5.872000
12.520000
7.058000
15.763000
9.280000
15.287000
14.932000
16.222000
10.089000
12.599000
9.964000
11.981000
11.761000
11.903000
12.656000
11.502000
8.633000
15.866000
11.472000
15.088000
15.795000
12.837000
7.954000
10.494000
6.886000
4.841000
12.622000
17.688000
16.715000
15.086000
15.679000
6.595000
12.522000
5.828000
11.475000
15.902000
15.850000
10.537000
9.239000
9.498000
11.376000
7.644000
10.000000
6.523000
12.786000
11.824000
9.890000
9.452000
9.483000
16.114000
12.834000
11.568000
5.790000
11.103000
15.223000
19.025000
12.180000
11.103000
12.332000
11.624000
10.140000
8.776000
7.266000
11.573000
15.534000
10.541000
13.215000
10.756000
3.072000
6.451000
12.000000
9.431000
11.629000
3.357000
8.547000
6.227000
7.870000
8.538000
5.224000
8.499000
11.697000
10.841000
11.404000
8.815000
3.872000
11.662000
12.853000
10.736000
13.354000
9.065000
8.954000
6.849000
10.704000
8.654000
11.301000
12.212000
11.089000
8.804000
10.154000
13.435000
15.569000
11.170000
11.634000
15.816000
15.716000
13.267000
12.616000
14.888000
10.080000
10.914000
10.705000
9.249000
13.526000
6.813000
12.793000
8.605000
4.553000
14.512000
7.256000
10.245000
8.915000
15.782000
5.922000
12.874000
10.808000
2.245000
12.165000
10.601000
10.239000
12.212000
8.627000
13.277000
12.299000
9.843000
2.710000
8.283000
13.240000
7.085000
5.672000
9.597000
7.189000
3.769000
10.856000
7.920000
10.293000
10.029000
7.869000
8.316000
6.353000
4.267000
0.000000
11.844000
13.180000
1.703000
8.563000
8.633000
2.787000
5.068000
3.740000
6.872000
7.261000
6.771000
4.806000
9.651000
12.471000
7.376000
11.798000
8.009000
8.146000
5.255000
7.691000
14.967000
1.016000
4.060000
3.441000
15.679000
0.941000
5.040000
6.021000
7.262000
15.345000
7.290000
12.596000
10.487000
3.387000
3.385000
7.713000
8.172000
6.670000
4.663000
5.145000
6.353000
6.199000
8.212000
15.837000
7.753000
9.976000
9.212000
7.479000
10.996000
12.135000
5.662000
8.836000
9.845000
4.475000
8.240000
3.652000
10.247000
8.306000
3.354000
13.136000
7.190000
16.148000
8.693000
8.558000
9.699000
1.220000
8.896000
9.803000
5.532000
14.471000
13.215000
15.395000
5.222000
3.726000
5.229000
7.620000
12.405000
8.169000
9.737000
9.809000
9.417000
10.340000
2.627000
5.243000
8.486000
10.608000
4.001000
6.647000
9.042000
10.048000
16.023000
6.977000
5.323000
5.681000
8.756000
3.784000
11.860000
11.743000
10.100000
15.637000
14.613000
7.550000
6.015000
5.246000
6.715000
16.977000
5.859000
5.818000
11.010000
3.286000
7.935000
9.508000
8.943000
17.046000
15.763000
4.712000
4.434000
0.331000
12.011000
4.807000
10.394000
12.712000
9.799000
6.879000
8.404000
12.197000
7.143000
15.675000
7.825000
13.192000
11.750000
16.263000
16.383000
7.407000
6.955000
9.697000
14.246000
5.563000
6.571000
7.049000
7.803000
9.925000
6.232000
1.721000
8.939000
11.667000
7.103000
5.673000
11.677000
5.485000
8.653000
11.379000
9.841000
11.307000
5.777000
9.078000
7.197000
16.226000
8.392000
6.451000
11.520000
10.358000
8.348000
8.275000
8.037000
7.602000
11.661000
8.002000
10.416000
11.678000
7.711000
11.503000
10.658000
10.015000
12.404000
15.294000
11.192000
14.753000
7.069000
17.142000
8.164000
11.731000
13.932000
16.934000
6.890000
16.579000
10.583000
13.063000
15.359000
10.306000
7.633000
1.015000
6.348000
6.565000
12.471000
7.971000
5.647000
7.570000
11.017000
11.237000
10.075000
11.467000
7.868000
14.499000
11.175000
13.244000
13.662000
12.451000
17.541000
6.941000
13.659000
14.765000
12.540000
15.151000
7.024000
6.886000
8.562000
4.647000
9.863000
3.891000
5.733000
6.069000
12.145000
14.835000
11.725000
7.036000
15.867000
9.065000
8.714000
10.225000
18.555000
16.974000
10.323000
3.811000
11.508000
16.165000
14.392000
17.641000
12.443000
18.463000
12.545000
7.587000
12.031000
11.694000
10.563000
15.110000
5.210000
15.107000
16.780000
11.173000
15.044000
8.592000
16.251000
10.795000
8.170000
9.414000
13.080000
11.139000
10.511000
16.297000
15.384000
8.314000
11.716000
8.858000
4.438000
4.570000
9.033000
13.085000
2.858000
17.564000
7.066000
12.489000
19.151000
13.609000
10.697000
15.138000
11.629000
12.394000
14.033000
9.098000
13.602000
11.921000
11.597000
14.722000
11.951000
18.156000
8.823000
13.628000
13.920000
12.811000
12.526000
14.626000
11.539000
16.656000
10.517000
16.596000
15.673000
10.487000
8.981000
12.150000
12.048000
16.433000
11.181000
13.422000
16.665000
18.643000
12.377000
11.541000
9.729000
10.541000
6.682000
12.007000
15.442000
12.223000
14.474000
23.535000
18.077000
14.135000
5.604000
15.902000
6.846000
6.594000
10.864000
2.992000
11.348000
12.245000
13.889000
3.802000
9.217000
20.136000
16.119000
9.421000
12.541000
18.426000
17.264000
15.525000
6.888000
13.553000
8.171000
17.049000
17.328000
14.332000
9.322000
8.431000
4.930000
10.508000
5.138000
9.959000
5.763000
6.461000
7.815000
5.040000
8.961000
14.170000
17.373000
5.584000
18.091000
2.505000
5.779000
4.105000
7.109000
1.704000
3.592000
8.027000
0.283000
3.509000
3.439000
8.372000
6.434000
12.975000
8.573000
6.932000
6.355000
7.425000
5.471000
6.191000
9.559000
2.175000
6.601000
7.531000
6.780000
6.746000
7.249000
3.841000
7.520000
0.703000
7.974000
8.823000
6.839000
11.348000
13.387000
5.902000
10.711000
4.433000
7.898000
10.091000
0.166000
5.493000
16.677000
12.754000
6.862000
11.576000
3.583000
6.448000
7.458000
18.884000
17.434000
11.168000
16.805000
8.854000
3.079000
3.241000
17.472000
10.949000
6.188000
7.401000
16.309000
17.155000
14.871000
12.596000
17.173000
9.394000
11.857000
9.248000
15.624000
6.058000
11.948000
4.911000
3.100000
1.025000
11.420000
5.680000
8.125000
5.385000
0.000000
7.319000
5.053000
7.568000
9.035000
11.043000
4.495000
12.240000
4.367000
1.642000
9.963000
2.696000
3.375000
6.499000
7.590000
3.254000
10.226000
4.199000
9.493000
9.200000
8.567000
5.837000
7.282000
1.135000
2.835000
10.704000
6.477000
15.910000
8.947000
4.932000
5.217000
8.825000
8.163000
2.728000
4.033000
4.765000
4.678000
3.272000
3.508000
6.196000
8.377000
11.829000
4.166000
7.521000
5.055000
3.266000
2.634000
2.758000
1.600000
6.632000
5.259000
9.434000
11.991000
1.431000
4.352000
2.966000
8.854000
1.059000
6.242000
5.405000
3.280000
4.745000
6.177000
6.571000
3.039000
4.318000
5.348000
3.525000
5.728000
7.153000
7.458000
7.180000
0.617000
4.849000
4.250000
3.038000
3.775000
4.861000
6.890000
10.830000
4.771000
7.841000
7.942000
2.443000
7.286000
12.320000
0.401000
5.833000
5.174000
4.034000
1.851000
6.527000
3.659000
12.295000
2.024000
3.410000
4.481000
12.285000
12.642000
7.233000
8.190000
3.895000
7.281000
5.616000
3.508000
6.570000
6.359000
7.972000
4.216000
4.434000
6.089000
10.124000
10.981000
8.869000
13.135000
10.550000
4.506000
13.188000
11.264000
4.883000
4.291000
5.335000
7.778000
3.987000
2.112000
2.389000
6.102000
9.225000
3.961000
5.182000
7.677000
0.000000
1.866000
17.165000
5.410000
7.572000
9.712000
9.039000
10.081000
17.749000
8.042000
2.997000
4.718000
12.929000
12.728000
12.556000
4.286000
6.540000
0.000000
7.827000
8.081000
4.634000
5.597000
7.030000
7.429000
14.998000
12.777000
7.723000
10.574000
5.197000
11.616000
11.113000
6.534000
4.821000
7.710000
13.168000
9.657000
3.952000
3.216000
14.448000
7.657000
10.374000
13.290000
14.248000
8.412000
7.333000
14.596000
12.383000
13.073000
8.273000
14.930000
5.281000
15.345000
1.915000
2.436000
6.530000
4.794000
11.402000
11.953000
11.723000
15.146000
15.646000
10.854000
14.781000
11.896000
13.223000
7.825000
7.287000
11.467000
18.535000
1.181000
13.043000
11.683000
3.130000
17.212000
15.225000
15.368000
11.875000
6.756000
6.691000
10.690000
8.756000
10.887000
13.854000
5.949000
18.982000
5.749000
23.161000
12.666000
7.853000
5.905000
14.743000
8.784000
10.427000
0.324000
15.260000
4.533000
14.936000
8.322000
12.555000
11.929000
4.486000
2.398000
7.314000
9.137000
14.192000
1.735000
9.314000
3.731000
5.734000
7.786000
10.573000
13.554000
14.772000
12.707000
5.634000
7.927000
19.637000
18.080000
6.632000
14.480000
11.860000
1.290000
0.000000
9.904000
6.247000
4.292000
5.546000
9.705000
7.192000
11.116000
10.548000
12.297000
8.283000
5.596000
0.450000
5.931000
6.177000
5.273000
4.726000
6.435000
3.990000
9.676000
13.023000
12.094000
4.645000
13.006000
7.384000
10.314000
14.459000
4.760000
9.001000
9.919000
7.657000
11.654000
7.872000
10.990000
7.261000
15.228000
6.447000
24.233000
9.580000
9.200000
8.066000
12.638000
16.896000
4.350000
16.559000
5.534000
8.489000
10.641000
16.539000
4.687000
6.733000
6.056000
8.362000
12.464000
3.437000
9.340000
8.271000
8.692000
3.999000
12.740000
4.104000
11.045000
25.430000
10.958000
6.243000
6.330000
15.357000
17.268000
3.614000
5.710000
9.636000
2.476000
10.964000
8.810000
12.870000
9.453000
11.844000
7.529000
7.819000
6.260000
14.378000
6.922000
2.901000
4.831000
10.865000
8.550000
8.060000
11.227000
6.653000
5.863000
12.855000
9.545000
11.545000
11.131000
9.228000
10.893000
2.398000
8.177000
13.317000
9.036000
6.261000
13.506000
8.736000
14.941000
11.339000
14.513000
7.640000
9.283000
7.305000
12.379000
12.219000
5.095000
11.104000
11.892000
2.151000
7.328000
12.827000
6.758000
1.737000
5.891000
14.105000
14.741000
5.737000
9.207000
8.729000
7.845000
7.530000
8.119000
8.798000
11.356000
11.237000
6.219000
12.110000
10.155000
14.299000
5.461000
8.305000
10.236000
5.180000
7.880000
7.843000
7.940000
12.765000
12.004000
10.211000
7.809000
5.627000
9.920000
4.895000
7.716000
8.815000
11.952000
8.281000
8.034000
4.908000
5.865000
8.617000
5.703000
2.778000
4.624000
9.965000
8.128000
4.410000
9.992000
7.294000
14.005000
5.835000
3.707000
5.140000
0.921000
4.962000
8.828000
9.680000
1.011000
1.158000
6.545000
7.120000
1.392000
7.608000
0.251000
8.174000
4.734000
3.995000
1.577000
2.727000
0.411000
5.437000
8.770000
0.000000
2.476000
4.007000
8.374000
2.955000
3.842000
6.595000
3.391000
4.066000
3.629000
2.514000
5.956000
7.161000
0.000000
6.899000
4.928000
5.144000
4.517000
8.877000
7.683000
3.588000
16.689000
4.908000
6.460000
5.375000
8.898000
15.808000
3.408000
3.924000
9.691000
2.681000
2.460000
5.829000
7.217000
4.016000
8.510000
6.919000
8.153000
3.452000
0.000000
7.247000
1.720000
14.234000
6.154000
8.183000
3.841000
6.550000
7.682000
3.522000
7.431000
1.085000
10.065000
11.915000
10.211000
10.831000
12.048000
13.049000
5.557000
6.589000
0.000000
7.046000
3.227000
5.113000
8.943000
17.079000
2.987000
10.760000
4.185000
5.512000
5.863000
0.000000
4.976000
0.000000
4.373000
14.002000
4.667000
3.861000
5.933000
4.699000
10.079000
4.053000
8.947000
10.172000
5.536000
15.145000
8.988000
5.589000
15.547000
10.173000
6.475000
11.886000
7.703000
3.988000
1.853000
7.666000
1.858000
3.288000
6.939000
5.124000
7.418000
9.788000
9.462000
12.266000
5.672000
4.848000
0.000000
3.016000
11.708000
7.581000
11.744000
0.948000
4.154000
0.000000
3.492000
3.762000
7.430000
3.821000
14.080000
2.290000
17.413000
10.668000
6.968000
7.225000
4.364000
15.898000
15.076000
2.809000
14.612000
0.056000
8.860000
13.769000
10.571000
10.425000
8.930000
9.053000
3.211000
2.331000
6.012000
10.602000
9.739000
5.279000
4.558000
5.608000
9.047000
9.347000
1.374000
8.362000
12.371000
10.222000
10.615000
12.777000
19.698000
7.475000
13.836000
13.990000
0.000000
2.904000
6.084000
3.747000
2.471000
13.299000
2.304000
8.033000
10.516000
13.904000
3.692000
11.864000
11.925000
1.804000
20.814000
10.419000
5.289000
5.492000
8.204000
6.076000
6.358000
4.105000
12.911000
13.112000
13.050000
9.014000
9.940000
11.121000
10.488000
14.549000
7.151000
4.713000
3.902000
12.612000
15.606000
8.867000
8.162000
6.366000
2.575000
15.218000
6.557000
15.504000
13.110000
9.345000
11.969000
13.620000
13.580000
2.766000
12.478000
6.626000
9.840000
6.779000
2.905000
10.679000
8.283000
11.483000
14.035000
8.298000
9.426000
3.096000
14.906000
14.907000
8.277000
15.447000
15.070000
2.299000
13.499000
8.182000
15.810000
10.634000
9.069000
14.170000
19.327000
7.410000
4.401000
13.475000
14.091000
3.551000
9.536000
15.585000
9.546000
10.509000
5.270000
15.492000
9.442000
3.967000
15.365000
8.253000
9.750000
12.030000
16.078000
9.875000
2.558000
2.419000
10.809000
14.860000
1.438000
9.699000
12.059000
4.802000
12.125000
14.019000
11.402000
8.954000
11.150000
7.574000
12.868000
6.213000
11.211000
13.156000
12.630000
8.998000
10.806000
12.734000
4.940000
7.642000
16.641000
8.592000
15.094000
8.048000
8.778000
11.932000
9.005000
9.101000
8.687000
9.012000
13.970000
11.227000
12.725000
6.308000
14.721000
5.016000
5.729000
6.962000
11.341000
14.400000
11.484000
15.809000
10.852000
8.366000
8.089000
12.057000
1.117000
11.783000
12.409000
6.752000
9.361000
14.424000
15.839000
10.679000
11.391000
14.481000
10.987000
6.414000
11.761000
2.534000
10.421000
9.710000
9.106000
11.552000
8.844000
16.037000
11.374000
12.768000
9.081000
13.514000
9.387000
11.046000
13.047000
7.935000
13.279000
12.782000
19.701000
13.303000
13.396000
12.596000
8.479000
9.875000
9.278000
10.939000
14.058000
14.584000
6.823000
13.008000
11.863000
5.052000
8.166000
15.384000
9.127000
13.663000
6.877000
9.484000
6.981000
9.963000
9.858000
11.569000
7.752000
13.003000
12.935000
12.740000
8.127000
17.717000
10.804000
8.134000
7.100000
15.210000
13.005000
10.410000
8.457000
15.288000
12.049000
9.119000
6.958000
9.362000
10.778000
13.864000
4.467000
11.475000
12.909000
10.146000
8.218000
15.134000
6.759000
14.700000
9.618000
13.602000
12.127000
12.245000
12.048000
9.329000
9.243000
4.444000
9.739000
17.266000
10.036000
12.045000
6.109000
6.251000
11.341000
14.316000
16.092000
8.383000
16.918000
12.265000
15.841000
7.696000
12.836000
11.384000
13.711000
19.733000
12.720000
16.117000
18.595000
12.855000
3.948000
14.703000
13.783000
10.941000
5.312000
6.307000
10.107000
18.214000
17.191000
15.160000
14.430000
6.196000
17.745000
5.628000
14.542000
10.267000
10.401000
16.566000
13.901000
10.678000
18.023000
18.373000
13.561000
11.788000
13.625000
8.512000
12.957000
10.690000
10.546000
12.234000
9.792000
8.142000
18.521000
13.384000
13.164000
10.630000
9.812000
16.122000
13.953000
16.566000
15.178000
5.041000
10.518000
13.567000
14.196000
15.289000
18.799000
12.341000
7.420000
11.944000
10.440000
11.572000
19.647000
9.532000
10.729000
13.529000
6.711000
9.185000
11.746000
11.185000
8.604000
14.772000
12.512000
13.949000
6.997000
12.020000
8.887000
13.232000
15.073000
12.429000
7.840000
16.232000
0.000000
14.065000
15.179000
11.235000
14.626000
10.233000
11.623000
15.350000
12.365000
14.144000
14.267000
15.056000
15.042000
14.261000
15.760000
12.444000
10.983000
5.137000
14.275000
15.078000
16.831000
6.348000
9.432000
11.610000
12.288000
10.898000
11.684000
15.706000
14.449000
11.700000
16.348000
14.941000
13.698000
15.057000
12.116000
13.216000
12.691000
11.515000
18.459000
6.707000
18.763000
7.456000
10.894000
18.584000
11.166000
11.981000
17.964000
18.774000
7.009000
16.535000
12.591000
9.705000
9.894000
16.243000
13.595000
8.033000
13.649000
19.024000
16.759000
10.096000
16.505000
16.457000
14.000000
16.068000
12.202000
8.555000
12.112000
14.918000
15.604000
15.409000
11.727000
15.919000
12.847000
12.038000
11.890000
12.398000
8.082000
17.097000
6.402000
8.959000
15.634000
12.698000
11.627000
9.914000
13.957000
15.528000
14.736000
15.689000
14.063000
14.974000
17.433000
15.433000
15.907000
17.398000
9.829000
16.396000
12.514000
8.231000
10.449000
11.845000
10.461000
17.100000
14.901000
13.468000
12.040000
10.354000
8.220000
7.364000
17.277000
17.949000
9.260000
14.892000
8.631000
11.746000
9.584000
12.879000
12.314000
12.515000
16.639000
12.688000
12.287000
11.958000
14.892000
12.417000
13.731000
9.980000
16.191000
12.611000
20.424000
15.126000
10.937000
10.083000
15.913000
9.857000
10.846000
12.494000
10.178000
12.480000
13.494000
15.885000
12.004000
14.151000
16.515000
8.276000
13.576000
17.658000
0.427000
12.901000
5.650000
10.642000
14.313000
12.723000
13.125000
15.910000
11.972000
15.620000
10.806000
12.723000
19.071000
14.111000
19.335000
15.652000
5.383000
11.099000
11.149000
11.214000
12.769000
12.010000
15.329000
7.117000
10.533000
11.660000
7.355000
11.705000
9.255000
15.747000
15.577000
10.272000
6.433000
17.556000
3.683000
10.713000
8.077000
16.191000
9.275000
9.537000
14.179000
16.212000
12.188000
14.185000
15.826000
13.272000
13.351000
13.040000
10.941000
12.216000
12.876000
10.453000
13.670000
12.887000
12.339000
12.073000
19.364000
19.717000
13.702000
7.088000
12.177000
6.011000
16.783000
12.377000
12.678000
15.455000
10.901000
15.939000
16.247000
18.026000
15.157000
10.819000
15.982000
14.908000
16.120000
7.731000
14.186000
15.826000
7.594000
12.806000
16.459000
12.495000
16.853000
11.941000
14.346000
9.741000
17.282000
16.114000
13.306000
12.912000
9.512000
15.331000
8.907000
16.754000
15.868000
11.821000
13.097000
19.086000
12.124000
16.747000
13.353000
16.029000
15.993000
10.239000
11.954000
13.301000
15.575000
17.262000
11.221000
16.370000
9.464000
13.787000
16.315000
8.329000
11.398000
16.983000
16.698000
9.674000
17.399000
14.320000
15.444000
12.796000
16.714000
7.967000
16.049000
17.990000
18.468000
8.682000
14.064000
13.160000
12.938000
16.289000
15.965000
14.347000
16.090000
15.755000
12.138000
17.443000
10.866000
14.552000
10.616000
17.991000
13.304000
14.424000
16.103000
12.084000
9.557000
17.907000
11.386000
14.483000
16.260000
5.358000
15.778000
13.285000
13.754000
16.134000
13.275000
16.831000
16.233000
16.522000
10.616000
17.307000
14.040000
15.911000
11.892000
17.770000
16.551000
14.268000
18.192000
13.191000
16.286000
14.265000
19.555000
17.239000
15.411000
14.471000
16.570000
2.836000
16.989000
5.430000
8.879000
18.674000
15.781000
14.585000
14.875000
16.725000
12.808000
12.052000
7.846000
14.984000
16.173000
9.636000
7.338000
18.386000
10.556000
13.852000
17.837000
12.232000
6.817000
10.699000
8.778000
14.739000
17.107000
12.343000
13.576000
10.287000
13.503000
7.666000
14.312000
14.311000
13.958000
13.987000
17.043000
18.269000
6.550000
18.743000
12.392000
20.635000
15.756000
18.549000
18.865000
19.526000
16.387000
10.363000
8.937000
8.307000
16.822000
16.305000
12.164000
16.147000
12.308000
17.213000
11.508000
17.167000
13.866000
17.623000
15.715000
17.547000
14.811000
10.397000
17.093000
14.989000
16.288000
18.538000
16.574000
19.478000
13.148000
17.950000
14.149000
15.783000
11.034000
12.946000
13.899000
15.583000
17.899000
17.214000
14.353000
13.831000
9.537000
17.305000
13.508000
9.553000
19.657000
12.988000
12.558000
12.207000
10.486000
16.624000
14.277000
13.479000
9.599000
17.428000
9.882000
13.530000
20.324000
10.878000
9.731000
15.742000
17.308000
15.004000
17.574000
6.914000
12.820000
20.208000
20.787000
16.859000
12.908000
13.391000
12.969000
12.586000
16.689000
16.014000
14.272000
13.065000
12.624000
16.943000
9.777000
14.300000
14.414000
14.300000
11.031000
19.050000
18.625000
11.748000
16.916000
13.292000
14.384000
14.645000
16.976000
19.047000
15.893000
15.675000
6.880000
17.937000
10.064000
11.423000
14.768000
17.021000
15.130000
19.508000
10.857000
13.983000
16.013000
15.268000
15.097000
10.868000
15.631000
10.785000
9.175000
11.836000
15.202000
16.083000
14.371000
10.985000
14.674000
13.630000
15.700000
11.124000
10.904000
14.354000
17.251000
10.246000
13.489000
8.766000
17.933000
13.224000
15.396000
17.295000
17.072000
18.269000
16.238000
17.775000
13.949000
17.970000
18.817000
9.471000
20.792000
18.221000
19.675000
12.225000
12.594000
17.714000
16.693000
13.044000
18.423000
18.228000
10.342000
16.657000
9.684000
16.138000
16.214000
20.060000
13.118000
11.558000
13.712000
13.311000
14.466000
2.442000
15.871000
14.635000
13.844000
21.005000
12.799000
7.236000
11.158000
14.387000
17.199000
14.977000
18.509000
21.869000
21.306000
11.098000
14.541000
18.415000
11.432000
10.929000
20.817000
11.231000
17.816000
15.876000
18.833000
20.327000
12.905000
9.178000
7.816000
15.564000
10.570000
20.582000
13.848000
14.095000
15.480000
16.790000
11.622000
13.047000
10.705000
15.022000
20.958000
11.741000
13.154000
17.745000
13.731000
15.501000
17.413000
14.818000
16.056000
19.054000
14.317000
5.750000
16.950000
19.773000
17.054000
12.082000
21.643000
13.379000
16.515000
13.102000
12.563000
17.612000
11.743000
19.079000
15.785000
15.994000
17.854000
15.809000
17.844000
15.815000
15.961000
12.687000
14.152000
11.474000
17.491000
13.394000
9.913000
12.210000
8.273000
8.752000
14.090000
17.855000
8.804000
15.066000
11.602000
9.390000
15.267000
13.069000
13.871000
11.477000
11.030000
10.941000
16.122000
12.847000
15.603000
16.022000
15.787000
13.572000
9.556000
14.606000
8.547000
13.030000
9.014000
7.461000
10.699000
7.759000
11.296000
17.214000
13.354000
8.625000
14.625000
16.772000
14.855000
17.680000
13.726000
11.502000
7.404000
10.775000
14.181000
11.244000
16.054000
15.882000
10.460000
11.577000
7.388000
9.423000
14.793000
12.620000
8.360000
9.205000
11.197000
0.000000
11.149000
13.753000
12.412000
14.367000
8.727000
11.448000
9.505000
15.223000
5.540000
8.006000
14.165000
2.746000
10.628000
13.999000
21.251000
11.001000
15.065000
13.381000
15.088000
9.317000
0.000000
6.522000
12.582000
11.256000
15.149000
13.689000
8.041000
10.107000
8.140000
5.210000
0.000000
6.016000
0.000000
0.000000
0.000000
0.000000
10.308000
0.000000
0.000000
0.000000
0.000000
0.000000
0.000000
5.129000
0.000000
0.000000
0.000000
0.000000
4.098000
0.000000
0.000000
0.000000
0.000000
0.000000
0.000000
0.000000
0.000000
7.411000
0.000000
0.000000
0.000000
0.000000
3.939000
0.000000
0.000000
8.442000
0.000000
13.972000
0.415000
14.577000
0.601000
3.897000
0.000000
0.000000
0.190000
0.000000
0.000000
7.163000
10.550000
0.000000
6.268000
8.457000
8.797000
0.000000
0.555000
0.000000
3.972000
0.000000
0.000000
0.000000
0.000000
0.000000
0.000000
0.000000
0.000000
0.000000
0.000000
2.758000
0.000000
0.000000
0.000000
1.800000
0.113000
0.000000
0.000000
10.625000
0.000000
0.000000
0.000000
0.000000
3.945000
6.795000
0.000000
2.950000
9.169000
1.822000
9.184000
3.282000
4.193000
0.000000
4.936000
0.000000
0.000000
0.000000
0.000000
2.507000
9.157000
0.000000
5.054000
0.000000
9.291000
9.284000
0.000000
4.552000
0.000000
0.000000
2.202000
0.000000
10.416000
0.000000
0.000000
0.000000
3.467000
0.000000
3.357000
5.781000
5.239000
6.872000
5.857000
4.408000
2.655000
0.000000
10.996000
0.000000
3.788000
4.114000
5.827000
0.000000
6.696000
2.557000
5.677000
5.212000
4.433000
5.817000
0.000000
0.000000
3.120000
6.270000
0.000000
6.810000
3.174000
0.000000
0.000000
4.711000
2.203000
5.890000
6.606000
4.108000
3.724000
0.000000
11.051000
7.650000
1.822000
10.142000
10.590000
4.111000
3.779000
5.809000
0.000000
3.114000
3.139000
5.504000
0.000000
5.574000
6.308000
11.068000
6.551000
6.843000
9.720000
3.938000
3.141000
4.381000
7.181000
9.750000
6.040000
3.068000
3.807000
6.456000
1.940000
0.000000
2.672000
0.000000
0.000000
0.000000
2.803000
4.876000
3.239000
10.202000
2.838000
7.835000
10.657000
0.000000
2.165000
9.276000
6.822000
5.977000
6.485000
3.957000
11.513000
4.923000
5.737000
4.894000
0.951000
0.000000
5.722000
7.923000
3.305000
4.959000
3.935000
3.305000
0.000000
1.333000
8.866000
2.921000
0.000000
0.000000
15.149000
4.791000
0.000000
1.553000
6.029000
8.961000
1.585000
0.000000
6.513000
9.621000
1.664000
6.675000
3.514000
13.142000
7.208000
7.747000
6.951000
1.834000
9.818000
8.612000
7.442000
10.181000
8.734000
6.949000
8.653000
7.988000
12.321000
0.000000
10.515000
4.098000
7.280000
7.636000
4.828000
7.583000
6.719000
9.597000
10.876000
5.990000
4.999000
7.433000
3.019000
7.183000
8.227000
0.000000
8.742000
6.834000
0.000000
7.970000
7.428000
0.636000
6.407000
10.836000
10.502000
11.198000
10.429000
1.918000
6.496000
0.325000
15.178000
8.925000
0.000000
7.712000
10.300000
12.298000
6.578000
10.865000
7.613000
6.123000
7.187000
4.246000
10.121000
3.181000
0.000000
8.363000
9.677000
9.747000
7.575000
12.272000
16.988000
5.387000
15.192000
4.277000
13.060000
1.568000
9.393000
9.967000
10.981000
10.605000
6.090000
8.386000
12.043000
2.253000
7.732000
8.667000
0.000000
12.165000
4.528000
15.102000
8.810000
9.034000
4.374000
8.209000
8.142000
12.077000
1.232000
9.043000
8.096000
9.699000
10.113000
4.352000
5.261000
4.753000
6.441000
9.176000
3.719000
14.295000
4.343000
5.932000
10.338000
6.052000
15.756000
10.882000
0.849000
2.352000
6.267000
3.668000
13.457000
6.320000
10.056000
2.059000
13.394000
6.406000
11.563000
0.000000
10.938000
3.794000
14.479000
9.740000
11.890000
11.164000
13.804000
8.121000
17.020000
2.046000
16.189000
1.387000
7.742000
6.274000
3.827000
5.556000
10.428000
6.920000
7.652000
4.626000
9.509000
9.506000
8.676000
8.435000
10.030000
6.889000
12.867000
9.500000
4.437000
4.734000
8.996000
3.036000
7.391000
5.102000
7.259000
4.996000
5.908000
4.818000
6.443000
5.080000
7.348000
0.000000
7.020000
3.765000
1.219000
10.480000
3.179000
8.087000
0.000000
4.050000
4.348000
8.805000
0.998000
2.895000
7.308000
4.795000
0.000000
2.727000
6.105000
0.000000
8.284000
2.206000
2.006000
6.969000
3.224000
5.141000
1.200000
4.224000
4.662000
0.000000
4.349000
4.321000
4.335000
5.146000
12.768000
5.177000
4.383000
1.897000
5.125000
2.021000
7.992000
6.183000
0.000000
5.846000
4.022000
6.975000
2.936000
1.299000
0.000000
6.956000
2.896000
4.111000
7.424000
2.319000
4.110000
5.741000
3.458000
4.235000
3.999000
2.043000
1.007000
3.513000
3.012000
6.562000
3.289000
7.592000
0.000000
5.268000
0.704000
1.569000
2.591000
1.963000
1.733000
3.429000
1.918000
2.642000
0.000000
6.865000
0.000000
4.398000
2.009000
5.191000
5.213000
3.397000
3.694000
0.000000
3.690000
6.729000
6.261000
6.026000
11.227000
8.363000
1.176000
3.020000
1.047000
5.195000
3.514000
7.020000
12.107000
6.656000
3.291000
6.491000
0.000000
12.435000
2.610000
7.353000
4.478000
2.384000
4.222000
8.693000
2.948000
8.468000
5.147000
0.961000
1.688000
2.425000
2.228000
7.121000
9.930000
0.000000
0.000000
1.730000
8.487000
5.746000
5.040000
2.046000
8.439000
8.054000
5.807000
3.061000
5.862000
4.328000
4.461000
1.899000
5.713000
3.678000
4.119000
2.942000
4.043000
1.290000
6.263000
4.094000
7.350000
4.447000
6.650000
2.555000
5.905000
6.731000
5.572000
5.521000
5.432000
13.954000
0.932000
6.463000
6.696000
4.910000
3.927000
6.787000
3.624000
4.176000
4.661000
2.581000
0.000000
3.895000
6.261000
7.054000
5.514000
4.770000
5.557000
16.997000
4.971000
5.329000
4.634000
9.471000
0.106000
8.350000
4.319000
6.139000
2.246000
7.535000
0.738000
3.490000
0.000000
11.239000
6.089000
2.773000
7.278000
7.695000
6.014000
6.645000
7.923000
5.023000
11.421000
4.410000
5.969000
9.820000
5.598000
7.262000
5.908000
0.981000
2.020000
2.550000
4.280000
6.501000
2.131000
2.995000
7.307000
7.374000
6.591000
5.476000
3.108000
5.601000
6.853000
1.238000
6.010000
3.258000
6.295000
12.138000
4.991000
9.373000
7.964000
1.777000
5.582000
3.726000
7.801000
10.178000
10.368000
5.485000
5.973000
2.933000
8.421000
4.548000
6.604000
2.908000
5.868000
3.388000
8.249000
0.813000
5.432000
3.760000
6.658000
4.896000
4.252000
6.119000
2.336000
4.995000
8.664000
3.781000
4.440000
6.561000
6.949000
7.943000
4.547000
5.570000
5.519000
2.669000
6.110000
6.126000
10.518000
6.374000
8.089000
5.521000
0.000000
9.413000
6.115000
4.939000
6.787000
5.303000
3.278000
6.279000
5.152000
4.188000
6.936000
7.449000
4.461000
11.749000
8.640000
7.049000
4.944000
2.939000
5.505000
7.669000
11.398000
10.578000
10.781000
4.608000
6.700000
6.918000
4.655000
6.502000
10.638000
0.465000
5.692000
7.777000
7.043000
5.322000
9.260000
9.297000
3.821000
4.597000
8.295000
11.473000
4.173000
7.853000
6.789000
9.343000
5.595000
6.715000
5.843000
9.411000
3.992000
4.520000
5.604000
3.357000
3.824000
5.427000
8.514000
7.159000
1.087000
5.410000
3.652000
5.403000
8.246000
6.663000
6.429000
3.127000
5.058000
12.304000
4.447000
7.664000
6.684000
7.968000
2.299000
10.551000
6.384000
4.566000
2.931000
6.041000
3.886000
3.713000
8.603000
4.802000
7.848000
8.161000
7.630000
9.026000
1.889000
12.391000
8.802000
3.299000
2.938000
11.233000
3.421000
2.849000
3.860000
4.234000
3.605000
4.167000
4.926000
12.378000
6.370000
10.431000
7.950000
4.193000
5.836000
6.700000
2.886000
5.921000
11.765000
3.196000
10.584000
7.549000
6.020000
4.287000
7.409000
7.260000
5.313000
10.769000
0.877000
4.606000
4.038000
9.455000
6.680000
5.194000
10.741000
7.176000
5.903000
4.529000
10.221000
4.944000
7.290000
14.504000
7.995000
7.323000
7.674000
5.636000
6.993000
5.129000
8.375000
5.391000
16.223000
5.866000
11.315000
9.207000
7.701000
10.603000
6.009000
6.954000
3.320000
5.217000
1.243000
5.253000
8.792000
6.774000
10.406000
3.696000
0.000000
8.368000
11.209000
6.250000
14.896000
10.944000
4.174000
5.567000
8.062000
7.009000
5.376000
8.630000
2.849000
7.679000
6.143000
8.387000
4.368000
2.328000
8.385000
3.671000
10.705000
7.157000
6.656000
5.482000
6.732000
5.850000
8.730000
15.970000
2.364000
2.168000
6.707000
5.208000
4.521000
8.304000
8.943000
4.990000
0.755000
6.578000
5.169000
5.173000
3.781000
3.930000
6.477000
10.913000
9.046000
7.856000
5.674000
7.383000
0.000000
9.615000
16.443000
6.247000
7.696000
11.697000
11.857000
4.120000
0.000000
11.004000
5.321000
4.434000
5.503000
6.868000
9.583000
10.374000
6.653000
14.821000
2.839000
6.726000
7.735000
1.560000
5.761000
7.802000
9.272000
6.390000
13.609000
6.559000
6.823000
6.388000
0.000000
0.000000
15.637000
3.253000
3.286000
3.003000
9.979000
6.713000
0.000000
6.857000
0.000000
6.983000
5.391000
0.000000
0.000000
5.352000
0.000000
2.727000
0.000000
0.000000
0.000000
0.111000
0.444000
0.264000
0.000000
0.000000
0.000000
0.000000
0.000000
0.000000
4.376000
1.900000
0.000000
0.851000
0.000000
0.000000
0.000000
3.587000
0.000000
0.000000
1.272000
0.836000
1.069000
0.000000
0.379000
0.000000
0.000000
0.000000
6.950000
0.000000
0.000000
0.105000
1.873000
0.000000
10.199000
0.351000
0.000000
2.723000
1.732000
0.578000
0.000000
5.087000
10.611000
0.000000
0.000000
2.910000
0.000000
2.694000
3.995000
0.641000
0.000000
0.000000
3.386000
0.000000
0.000000
0.000000
0.000000
1.220000
1.724000
4.555000
0.000000
5.627000
1.593000
0.000000
0.504000
3.279000
0.000000
1.007000
0.000000
8.571000
1.239000
5.010000
0.000000
2.713000
0.000000
0.000000
0.000000
1.742000
0.000000
3.293000
0.000000
0.000000
1.638000
1.096000
0.000000
1.714000
0.000000
1.791000
0.000000
0.000000
1.030000
1.068000
1.419000
5.160000
1.108000
2.783000
2.642000
0.805000
6.637000
2.568000
7.238000
0.000000
1.663000
4.478000
0.492000
0.000000
0.000000
0.000000
2.155000
10.172000
0.251000
4.915000
1.127000
6.049000
0.000000
3.820000
1.152000
0.000000
0.000000
2.061000
0.000000
0.516000
0.000000
0.000000
3.014000
0.000000
0.000000
7.691000
3.432000
3.932000
1.954000
0.000000
5.153000
3.922000
0.000000
0.000000
2.602000
0.000000
4.963000
1.699000
0.346000
0.000000
0.956000
1.387000
0.000000
4.960000
0.000000
3.837000
3.719000
1.289000
5.532000
0.000000
0.509000
0.000000
0.011000
4.501000
5.206000
9.671000
0.000000
0.000000
2.552000
0.000000
3.768000
4.583000
3.667000
5.839000
5.598000
5.498000
3.329000
0.416000
0.000000
0.000000
0.000000
0.000000
0.000000
0.000000
0.000000
1.768000
3.437000
0.000000
1.047000
0.000000
8.980000
0.000000
2.551000
2.175000
0.000000
3.654000
7.217000
4.785000
0.000000
0.000000
2.597000
0.809000
6.596000
7.267000
0.000000
7.579000
0.000000
5.243000
0.000000
4.919000
0.459000
1.715000
0.495000
0.000000
0.000000
2.011000
2.018000
0.000000
0.000000
0.923000
0.623000
0.000000
0.000000
0.000000
0.000000
3.144000
0.000000
1.688000
0.000000
0.000000
1.412000
0.261000
0.040000
0.000000
0.902000
0.000000
1.078000
1.717000
0.000000
0.000000
3.630000
1.842000
0.000000
0.030000
1.710000
0.000000
0.000000
0.000000
0.000000
0.000000
0.000000
0.000000
0.000000
0.000000
0.672000
2.469000
1.351000
0.519000
0.000000
2.455000
2.421000
0.000000
1.231000
0.000000
0.000000
0.000000
0.000000
0.000000
0.000000
1.677000
1.822000
0.547000
0.000000
1.591000
0.689000
0.000000
0.000000
0.000000
0.000000
0.000000
0.000000
1.337000
0.000000
0.000000
0.000000
1.242000
0.000000
0.000000
0.000000
0.000000
0.000000
0.000000
0.000000
0.000000
0.000000
0.000000
0.000000
0.000000
0.000000
0.450000
0.000000
0.303000
0.000000
0.209000
0.000000
0.000000
0.000000
0.072000
0.000000
0.000000
0.000000
0.000000
0.082000
0.000000
0.000000
0.000000
0.000000
0.000000
0.000000
0.009000
0.515000
0.000000
0.000000
0.000000
0.568000
0.131000
0.000000
0.000000
0.000000
0.000000
0.000000
0.000000
0.000000
0.000000
0.000000
0.000000
0.071000
0.000000
0.000000
0.014000
0.000000
0.000000
0.000000
0.000000
0.000000
0.217000
0.000000
0.000000
0.038000
0.000000
0.000000
0.000000
0.000000
0.000000
0.016000
0.000000
0.000000
0.000000
0.000000
0.020000
0.000000
0.000000
4.364000
0.042000
0.000000
0.000000
0.000000
0.000000
1.580000
0.306000
0.000000
0.000000
2.805000
0.000000
0.000000
0.020000
0.000000
0.000000
0.000000
0.000000
0.000000
0.000000
0.000000
0.000000
0.000000
0.000000
0.000000
0.000000
0.000000
0.000000
0.000000
1.140000
0.000000
0.000000
0.000000
0.000000
0.000000
0.000000
0.000000
0.000000
0.000000
0.000000
0.658000
0.000000
0.000000
0.000000
0.040000
0.144000
0.000000
0.000000
0.000000
0.000000
0.000000
0.000000
0.996000
0.000000
0.000000
1.621000
0.000000
0.000000
0.038000
0.000000
0.000000
0.000000
0.000000
0.000000
0.000000
0.000000
0.000000
0.000000
0.059000
0.000000
0.010000
0.000000
0.000000
0.000000
0.000000
0.000000
0.000000
0.000000
0.000000
0.000000
0.000000
0.000000
0.000000
0.000000
0.021000
0.000000
0.000000
0.000000
0.000000
0.473000
0.000000
0.000000
0.000000
0.000000
0.000000
0.000000
0.000000
0.000000
0.000000
0.000000
0.000000
0.000000
0.000000
0.001000
0.000000
0.053000
0.000000
0.000000
0.594000
0.000000
0.000000
0.000000
0.000000
0.000000
0.000000
0.832000
0.000000
0.000000
0.000000
0.000000
0.000000
0.000000
0.000000
2.607000
0.000000
0.000000
1.985000
0.000000
0.533000
0.000000
0.000000
0.000000
0.000000
0.000000
0.000000
0.000000
0.000000
0.000000
0.000000
0.000000
0.762000
0.000000
0.000000
0.000000
0.000000
0.000000
0.000000
0.000000
1.845000
0.000000
0.000000
0.000000
0.000000
0.000000
0.000000
0.000000
0.000000
0.013000
0.000000
0.000000
0.000000
0.000000
0.000000
0.000000
0.000000
0.688000
0.000000
0.000000
0.000000
0.000000
0.000000
0.000000
0.000000
0.000000
0.000000
0.000000
0.061000
0.000000
0.000000
0.737000
0.000000
0.000000
0.000000
0.000000
0.000000
0.000000
0.000000
0.000000
0.000000
0.564000
0.000000
0.000000
0.000000
0.000000
0.000000
0.148000
0.000000
0.000000
0.047000
0.000000
0.000000
0.801000
0.000000
0.000000
0.107000
0.000000
0.091000
2.401000
0.000000
0.000000
0.000000
0.000000
0.001000
2.446000
0.000000
0.000000
0.000000
0.000000
0.028000
0.000000
0.000000
0.369000
0.000000
0.000000
0.000000
0.304000
1.332000
0.000000
1.881000
0.000000
0.000000
0.784000
0.000000
0.482000
0.000000
0.000000
0.000000
0.000000
0.000000
1.329000
0.000000
0.000000
0.000000
0.000000
0.049000
0.000000
0.000000
0.000000
0.000000
0.000000
0.000000
0.000000
1.229000
0.000000
0.000000
0.000000
0.000000
0.000000
0.000000
0.000000
0.000000
0.000000
0.000000
0.000000
0.425000
0.000000
0.000000
0.000000
0.000000
0.008000
2.104000
0.000000
0.000000
0.000000
0.000000
0.000000
0.149000
0.000000
0.708000
0.408000
0.223000
1.587000
0.000000
0.000000
0.008000
0.000000
0.000000
0.000000
0.000000
0.000000
0.000000
0.000000
0.000000
0.000000
0.000000
0.000000
0.006000
0.000000
0.000000
0.478000
0.000000
0.000000
0.000000
0.991000
0.000000
0.000000
0.000000
0.000000
0.000000
0.000000
0.565000
0.000000
0.000000
0.000000
0.000000
0.635000
0.707000
0.370000
0.000000
0.000000
0.000000
0.032000
0.000000
0.000000
0.000000
0.000000
0.000000
0.000000
0.000000
0.000000
0.000000
0.000000
0.000000
0.000000
0.209000
0.000000
0.127000
0.000000
0.000000
0.000000
1.701000
0.000000
0.000000
0.000000
0.027000
0.000000
0.000000
0.000000
0.000000
0.000000
0.000000
1.762000
0.000000
0.000000
0.000000
0.253000
0.339000
1.067000
0.011000
0.000000
0.000000
0.000000
0.000000
0.000000
0.000000
0.000000
0.000000
0.000000
0.036000
0.000000
0.000000
0.000000
0.000000
0.000000
0.000000
3.369000
0.000000
0.000000
0.000000
0.000000
0.000000
1.085000
0.000000
0.000000
0.031000
0.000000
0.000000
0.000000
0.000000
0.000000
0.000000
0.000000
0.000000
0.000000
0.000000
1.049000
0.000000
0.169000
0.000000
0.000000
0.000000
0.000000
0.000000
0.000000
0.000000
0.000000
0.000000
0.000000
0.061000
0.000000
0.131000
0.000000
0.000000
0.000000
0.000000
1.658000
1.062000
0.000000
0.947000
0.000000
0.000000
0.093000
0.000000
0.000000
0.486000
0.000000
0.000000
0.000000
0.000000
0.000000
2.545000
0.000000
0.005000
0.000000
0.000000
0.000000
0.006000
0.000000
0.000000
0.000000
0.000000
0.000000
0.000000
0.000000
0.000000
0.000000
1.064000
0.000000
0.138000
0.095000
0.073000
0.000000
0.000000
0.000000
0.000000
0.000000
0.000000
0.000000
0.000000
0.000000
0.000000
0.000000
0.049000
0.000000
0.000000
1.007000
0.000000
0.000000
0.000000
0.000000
1.087000
0.000000
0.038000
0.000000
0.000000
0.000000
0.000000
0.000000
0.000000
0.000000
0.000000
0.000000
0.150000
0.000000
0.000000
0.000000
0.001000
0.000000
0.000000
0.000000
0.567000
0.000000
0.000000
0.000000
0.004000
0.006000
0.000000
0.206000
0.000000
0.000000
0.000000
0.039000
0.000000
0.000000
0.074000
0.000000
0.000000
0.066000
0.000000
0.000000
0.000000
0.000000
0.507000
0.000000
0.000000
0.000000
0.000000
0.000000
0.000000
0.000000
0.000000
0.000000
0.000000
0.000000
0.000000
0.000000
0.000000
0.000000
0.000000
0.000000
0.000000
0.000000
0.000000
0.000000
0.000000
0.000000
0.000000
0.000000
0.000000
0.000000
0.000000
1.516000
0.000000
0.000000
1.062000
0.000000
0.000000
0.000000
0.000000
0.000000
2.198000
0.178000
0.000000
0.000000
0.000000
0.024000
0.000000
0.000000
0.000000
0.000000
0.000000
0.000000
0.000000
0.000000
0.000000
0.000000
0.000000
0.637000
0.000000
0.028000
0.000000
0.000000
0.242000
0.000000
0.000000
0.225000
0.000000
0.000000
0.000000
0.135000
0.000000
0.000000
0.000000
0.111000
0.000000
0.000000
0.000000
0.000000
0.000000
0.000000
0.000000
0.000000
1.835000
0.000000
0.000000
0.000000
0.000000
0.000000
0.000000
0.478000
0.000000
0.000000
0.000000
0.000000
0.000000
0.000000
0.000000
1.180000
0.000000
0.000000
0.000000
0.000000
0.390000
0.991000
0.000000
0.000000
0.000000
0.000000
0.000000
0.000000
0.000000
0.000000
0.000000
0.000000
0.000000
0.000000
0.000000
0.000000
0.000000
0.000000
0.000000
0.000000
0.000000
0.000000
0.000000
0.000000
0.000000
0.000000
0.000000
0.000000
0.000000
0.000000
0.000000
0.000000
0.000000
0.000000
0.000000
0.000000
0.118000
0.000000
0.000000
0.000000
0.000000
0.000000
0.000000
0.000000
0.000000
0.000000
0.000000
0.057000
0.000000
0.051000
0.000000
0.000000
0.255000
0.000000
0.000000
0.000000
0.000000
0.000000
0.000000
0.000000
0.000000
0.588000
0.000000
0.000000
0.000000
0.000000
0.000000
0.000000
0.000000
0.000000
0.000000
0.000000
0.000000
0.000000
0.000000
0.000000
0.000000
0.063000
0.250000
0.239000
0.000000
0.000000
0.000000
0.000000
0.000000
0.000000
0.000000
0.000000
0.000000
0.000000
0.000000
0.000000
0.000000
0.000000
0.000000
0.086000
0.000000
0.000000
0.057000
0.000000
0.964000
0.000000
0.000000
0.000000
0.000000
0.000000
0.000000
0.000000
0.000000
0.000000
0.009000
0.078000
0.000000
0.000000
0.000000
0.000000
0.566000
0.000000
0.007000
0.000000
0.000000
0.000000
0.000000
0.000000
0.000000
0.065000
0.000000
0.160000
0.122000
0.000000
0.000000
0.000000
0.000000
0.000000
0.072000
0.000000
0.000000
0.000000
0.000000
0.203000
0.000000
0.000000
0.000000
0.000000
0.033000
0.000000
0.003000
0.000000
0.000000
0.000000
0.000000
0.228000
0.030000
0.000000
0.000000
0.000000
0.000000
0.000000
0.000000
0.000000
0.000000
0.000000
0.000000
0.000000
0.000000
0.000000
0.000000
0.000000
0.000000
0.000000
0.138000
0.000000
0.000000
0.000000
1.032000
0.000000
0.014000
0.000000
0.000000
0.036000
0.000000
0.000000
0.000000
0.000000
0.000000
0.000000
0.000000
0.000000
0.000000
0.000000
0.000000
0.000000
0.000000
0.000000
0.070000
0.015000
0.000000
0.000000
0.000000
0.000000
0.000000
0.024000
0.000000
0.000000
0.000000
0.000000
0.074000
0.073000
0.000000
0.020000
0.039000
0.000000
0.000000
0.000000
0.000000
0.000000
0.000000
0.012000
0.000000
0.000000
0.000000
0.000000
0.000000
0.000000
0.000000
0.000000
0.000000
0.000000
0.000000
0.000000
0.000000
0.000000
0.000000
0.000000
0.023000
0.000000
0.000000
0.000000
0.000000
0.000000
0.096000
0.038000
0.000000
0.000000
0.000000
0.001000
0.000000
0.000000
0.000000
0.000000
0.031000
0.000000
0.000000
0.000000
0.000000
0.000000
0.000000
0.000000
0.000000
0.542000
0.000000
0.000000
0.000000
0.000000
0.000000
0.000000
0.000000
0.048000
0.000000
0.000000
0.076000
0.047000
0.000000
0.000000
0.000000
0.358000
0.045000
0.000000
0.220000
0.000000
0.000000
0.099000
0.000000
0.000000
0.000000
0.000000
0.000000
0.000000
0.000000
0.000000
0.000000
0.000000
0.000000
0.000000
0.930000
0.000000
0.000000
0.000000
0.000000
0.000000
0.000000
0.142000
0.000000
0.027000
0.000000
0.000000
0.000000
0.000000
0.000000
0.000000
0.000000
0.082000
0.000000
0.000000
0.000000
0.000000
0.000000
0.000000
0.000000
0.000000
0.000000
0.118000
0.000000
0.847000
0.000000
0.000000
0.000000
0.000000
0.155000
0.000000
0.000000
0.000000
0.000000
0.000000
0.000000
0.485000
0.000000
0.000000
0.000000
0.000000
0.000000
0.000000
0.000000
0.091000
0.000000
0.000000
0.005000
0.000000
0.059000
0.000000
0.042000
0.000000
0.000000
0.000000
0.178000
0.000000
0.000000
0.859000
0.000000
0.815000
0.000000
0.000000
0.000000
0.000000
0.000000
0.000000
0.000000
0.000000
0.000000
0.000000
0.000000
0.000000
0.576000
0.000000
0.000000
0.000000
0.023000
0.000000
0.000000
0.000000
0.000000
0.000000
0.000000
0.000000
0.000000
0.000000
0.023000
0.000000
0.000000
0.000000
0.042000
0.018000
0.000000
0.000000
0.000000
0.000000
0.000000
0.000000
0.000000
0.000000
0.000000
0.024000
0.000000
0.000000
0.000000
0.000000
0.000000
0.047000
0.000000
0.000000
0.000000
0.000000
0.000000
0.000000
0.000000
0.046000
0.000000
0.000000
0.000000
0.000000
0.000000
0.000000
0.000000
0.000000
0.000000
0.000000
0.000000
0.000000
0.000000
0.000000
0.000000
0.019000
0.000000
0.000000
0.000000
0.000000
0.000000
0.000000
0.000000
0.000000
0.000000
0.000000
0.096000
0.000000
0.000000
0.000000
0.000000
0.000000
0.000000
0.000000
0.000000
0.000000
0.000000
0.000000
0.000000
0.000000
0.036000
0.000000
0.000000
0.000000
0.000000
0.000000
0.000000
0.000000
0.000000
0.000000
0.636000
0.000000
0.000000
0.000000
0.000000
0.000000
0.000000
0.000000
0.000000
0.000000
0.089000
0.000000
0.000000
0.000000
0.000000
0.000000
0.000000
0.000000
0.000000
0.000000
0.000000
0.000000
0.000000
0.000000
0.000000
0.000000
0.000000
0.300000
0.000000
0.000000
0.000000
0.000000
0.000000
0.000000
0.000000
0.000000
0.000000
0.000000
0.000000
0.125000
0.000000
0.000000
0.000000
0.000000
0.000000
0.000000
0.000000
0.000000
0.000000
0.000000
0.000000
0.000000
0.000000
0.000000
0.022000
0.000000
0.000000
0.000000
0.000000
0.000000
0.000000
0.000000
0.000000
0.000000
0.000000
0.000000
0.000000
0.000000
0.000000
0.000000
0.000000
0.000000
0.000000
0.000000
0.000000
0.000000
0.000000
0.000000
0.000000
0.000000
0.232000
0.000000
0.000000
0.000000
0.000000
0.000000
0.000000
0.000000
0.000000
0.000000
0.000000
0.001000
0.000000
0.000000
0.000000
0.000000
0.000000
0.000000
0.000000
0.000000
0.000000
0.000000
0.000000
0.000000
0.000000
0.000000
0.000000
0.000000
0.000000
0.000000
0.000000
0.008000
0.000000
0.000000
0.000000
0.000000
0.000000
0.000000
0.000000
0.000000
0.000000
0.000000
0.000000
0.000000
0.000000
0.000000
0.000000
0.000000
0.000000
0.000000
0.000000
0.000000
0.000000
0.000000
0.000000
0.000000
0.000000
0.000000
0.000000
0.000000
0.000000
0.000000
0.000000
0.000000
0.000000
0.000000
0.000000
0.006000
0.000000
0.141000
0.000000
0.022000
0.000000
0.000000
0.000000
0.312000
0.000000
0.000000
0.000000
0.000000
0.000000
0.000000
0.000000
0.000000
0.000000
0.000000
0.000000
0.000000
0.000000
0.000000
0.000000
0.111000
0.000000
0.000000
0.000000
0.000000
0.000000
0.000000
0.000000
0.000000
0.000000
0.000000
0.000000
0.000000
0.000000
0.000000
0.000000
0.000000
0.000000
0.000000
0.000000
0.000000
0.000000
0.000000
0.000000
0.008000
0.000000
0.000000
0.000000
0.000000
0.000000
0.000000
0.000000
0.081000
0.000000
0.000000
0.000000
0.000000
0.000000
0.000000
0.000000
0.000000
0.000000
0.000000
0.000000
0.019000
0.000000
0.000000
0.000000
0.000000
0.000000
0.000000
0.000000
0.000000
0.000000
0.000000
0.000000
0.000000
0.000000
0.000000
0.000000
0.000000
0.000000
0.000000
0.000000
0.000000
0.000000
0.000000
0.000000
0.000000
0.000000
0.000000
0.000000
0.000000
0.078000
0.000000
0.000000
0.000000
0.000000
0.000000
0.000000
0.000000
0.000000
0.000000
0.000000
0.000000
0.028000
0.000000
0.000000
0.000000
0.000000
0.000000
0.000000
0.000000
0.000000
0.000000
0.000000
0.020000
0.000000
0.000000
0.000000
0.000000
0.000000
0.000000
0.005000
0.000000
0.000000
0.000000
0.000000
0.000000
0.000000
0.000000
0.000000
0.000000
0.000000
0.000000
0.000000
0.000000
0.000000
0.000000
0.000000
0.000000
0.000000
0.000000
0.039000
0.000000
0.000000
0.000000
0.000000
0.000000
0.000000
0.000000
0.000000
0.000000
0.000000
0.000000
0.000000
0.000000
0.000000
0.035000
0.000000
0.000000
0.000000
0.000000
0.000000
0.000000
0.000000
0.000000
0.000000
0.000000
0.000000
0.000000
0.000000
0.000000
0.000000
0.000000
0.000000
0.030000
0.000000
0.000000
0.000000
0.000000
0.000000
0.000000
0.000000
0.000000
0.000000
0.000000
0.000000
0.000000
0.000000
0.000000
0.000000
0.000000
0.000000
0.000000
0.000000
0.000000
0.000000
0.000000
0.000000
0.000000
0.000000
0.011000
0.000000
0.000000
0.000000
0.000000
0.000000
0.000000
0.000000
0.000000
0.000000
0.000000
0.000000
0.000000
0.005000
0.000000
0.000000
0.000000
0.000000
0.000000
0.000000
0.000000
0.000000
0.000000
0.000000
0.000000
0.000000
0.000000
0.000000
0.000000
0.000000
0.000000
0.000000
0.000000
0.000000
0.000000
0.000000
0.000000
0.000000
0.000000
0.000000
0.000000
0.000000
0.000000
0.000000
0.000000
0.000000
0.000000
0.000000
0.000000
0.000000
0.000000
0.000000
0.000000
0.000000
0.000000
0.000000
0.000000
0.000000
0.002000
0.000000
0.000000
0.000000
0.000000
0.000000
0.000000
0.000000
0.000000
0.042000
0.000000
0.000000
0.115000
0.000000
0.000000
0.045000
0.000000
0.000000
0.000000
0.000000
0.000000
0.000000
0.000000
0.030000
0.000000
0.000000
0.000000
0.000000
0.000000
0.000000
0.000000
0.000000
0.000000
0.000000
0.000000
0.000000
0.000000
0.000000
0.000000
0.000000
0.000000
0.000000
0.000000
0.000000
0.000000
0.000000
0.000000
0.000000
0.000000
0.000000
0.000000
0.000000
0.000000
0.000000
0.000000
0.000000
0.000000
0.000000
0.000000
0.000000
0.000000
0.000000
0.000000
0.000000
0.000000
0.000000
0.000000
0.000000
0.000000
0.000000
0.000000
0.000000
0.103000
0.022000
0.000000
0.000000
0.000000
0.000000
0.000000
0.000000
0.000000
0.000000
0.000000
0.000000
0.000000
0.000000
0.000000
0.000000
0.000000
0.000000
0.000000
0.000000
0.000000
0.000000
0.000000
0.000000
0.000000
0.000000
0.000000
0.019000
0.000000
0.000000
0.000000
0.000000
0.000000
0.000000
0.000000
0.000000
0.000000
0.000000
0.000000
0.000000
0.000000
0.000000
0.000000
0.000000
0.000000
0.000000
0.000000
0.000000
0.000000
0.000000
0.000000
0.000000
0.000000
0.000000
0.000000
0.000000
0.000000
0.000000
0.000000
0.000000
0.000000
0.017000
0.000000
0.000000
0.000000
0.000000
0.000000
0.000000
0.000000
0.000000
0.000000
0.000000
0.000000
0.000000
0.000000
0.000000
0.000000
0.000000
0.000000
0.000000
0.000000
0.000000
0.000000
0.000000
0.000000
0.000000
0.006000
0.000000
0.000000
0.000000
0.000000
0.000000
0.000000
0.000000
0.000000
0.000000
0.000000
0.002000
0.000000
0.000000
0.000000
0.000000
0.054000
0.029000
0.000000
0.000000
0.000000
0.000000
0.000000
0.000000
0.000000
0.000000
0.000000
0.000000
0.000000
0.000000
0.000000
0.000000
0.000000
0.007000
0.000000
0.000000
0.000000
0.000000
0.000000
0.000000
0.060000
0.000000
0.000000
0.000000
0.000000
0.000000
0.000000
0.000000
0.000000
0.000000
0.000000
0.000000
0.000000
0.000000
0.000000
0.000000
0.000000
0.000000
0.000000
0.000000
0.000000
0.000000
0.000000
0.000000
0.000000
0.000000
0.000000
0.000000
0.000000
0.000000
0.000000
0.000000
0.000000
0.000000
0.000000
0.000000
0.000000
0.000000
0.000000
0.000000
0.000000
0.000000
0.000000
0.000000
0.000000
0.000000
0.000000
0.000000
0.000000
0.000000
0.000000
0.000000
0.000000
0.000000
0.000000
0.000000
0.000000
0.060000
0.000000
0.000000
0.000000
0.000000
0.000000
0.000000
0.000000
0.000000
0.000000
0.000000
0.000000
0.000000
0.000000
0.000000
0.000000
0.000000
0.000000
0.000000
0.000000
0.000000
0.000000
0.000000
0.000000
0.076000
0.000000
0.000000
0.000000
0.000000
0.000000
0.000000
0.000000
0.000000
0.000000
0.000000
0.000000
0.036000
0.000000
0.000000
0.000000
0.000000
0.000000
0.000000
0.000000
0.029000
0.000000
0.000000
0.000000
0.000000
0.000000
0.000000
0.000000
0.000000
0.000000
0.000000
0.000000
0.000000
0.000000
0.000000
0.000000
0.000000
0.000000
0.000000
0.000000
0.000000
0.000000
0.000000
0.000000
0.000000
0.000000
0.008000
0.000000
0.000000
0.000000
0.055000
0.000000
0.000000
0.000000
0.000000
0.000000
0.000000
0.000000
0.000000
0.000000
0.000000
0.000000
0.000000
0.000000
0.000000
0.000000
0.000000
0.000000
0.000000
0.000000
0.000000
0.000000
0.000000
0.000000
0.000000
0.000000
0.000000
0.000000
0.000000
0.000000
0.000000
0.000000
0.030000
0.000000
0.000000
0.000000
0.000000
0.000000
0.000000
0.000000
0.000000
0.000000
0.000000
0.000000
0.000000
0.000000
0.000000
0.000000
0.000000
0.000000
0.000000
0.000000
0.000000
0.000000
0.000000
0.000000
0.000000
0.000000
0.000000
0.000000
0.000000
0.000000
0.000000
0.000000
0.000000
0.000000
0.000000
0.000000
0.000000
0.000000
0.000000
0.000000
0.000000
0.029000
0.000000
0.000000
0.000000
0.000000
0.000000
0.000000
0.000000
0.000000
0.000000
0.000000
0.000000
0.000000
0.000000
0.000000
0.000000
0.000000
0.000000
0.000000
0.000000
0.000000
0.000000
0.000000
0.000000
0.000000
0.000000
0.000000
0.000000
0.000000
0.000000
0.000000
0.000000
0.000000
0.000000
0.000000
0.000000
0.000000
0.000000
0.000000
0.000000
0.000000
0.000000
0.000000
0.000000
0.000000
0.000000
0.000000
0.000000
0.000000
0.000000
0.000000
0.000000
0.000000
0.000000
0.000000
0.000000
0.000000
0.000000
0.000000
0.000000
0.000000
0.000000
0.000000
0.000000
0.000000
0.000000
0.000000
0.000000
0.000000
0.000000
0.000000
0.000000
0.000000
0.000000
0.000000
0.000000
0.000000
0.000000
0.000000
0.000000
0.000000
0.000000
0.000000
0.000000
0.000000
0.000000
0.000000
0.000000
0.000000
0.000000
0.000000
0.000000
0.000000
0.000000
0.000000
0.000000
0.000000
0.000000
0.000000
0.000000
0.000000
0.000000
0.000000
0.000000
0.000000
0.000000
0.000000
0.000000
0.000000
0.000000
0.000000
0.000000
0.000000
0.032000
0.000000
0.000000
0.000000
0.000000
0.019000
0.000000
0.000000
0.000000
0.000000
0.000000
0.000000
0.000000
0.000000
0.000000
0.114000
0.046000
0.000000
0.000000
0.000000
0.000000
0.122000
0.000000
0.000000
0.000000
0.000000
0.000000
0.000000
0.000000
0.000000
0.000000
0.000000
0.000000
0.000000
0.000000
0.000000
0.000000
0.000000
0.000000
0.000000
0.000000
0.000000
0.110000
0.000000
0.000000
0.000000
0.000000
0.000000
0.004000
0.000000
0.000000
0.000000
0.081000
0.000000
0.000000
0.000000
0.000000
0.000000
0.000000
0.000000
0.000000
0.000000
0.000000
0.000000
0.000000
0.000000
0.000000
0.000000
0.000000
0.000000
0.000000
0.000000
0.000000
0.000000
0.000000
0.000000
0.000000
0.025000
0.000000
0.000000
0.000000
0.000000
0.000000
0.000000
0.000000
0.000000
0.000000
