11.532000
8.013000
9.358000
11.672000
9.083000
15.519000
6.312000
13.476000
14.162000
14.695000
5.598000
13.826000
10.316000
12.468000
9.512000
13.972000
14.317000
13.522000
14.132000
8.127000
7.936000
10.016000
15.519000
7.059000
13.899000
17.811000
14.316000
12.931000
6.331000
9.729000
16.138000
16.948000
15.124000
14.311000
11.341000
9.942000
10.272000
10.693000
16.580000
15.675000
10.078000
11.526000
11.627000
14.569000
10.179000
8.176000
11.705000
9.080000
10.679000
13.364000
10.429000
13.097000
16.948000
4.447000
12.935000
13.214000
6.052000
15.666000
11.021000
11.513000
17.952000
16.747000
12.682000
16.783000
15.993000
6.420000
8.248000
6.332000
8.058000
16.173000
14.006000
11.628000
10.986000
10.510000
8.102000
9.280000
20.107000
5.130000
15.128000
12.234000
13.497000
13.268000
14.686000
14.089000
6.957000
16.320000
14.023000
14.984000
14.513000
9.058000
15.181000
8.736000
10.447000
14.903000
11.404000
16.826000
12.656000
4.822000
8.981000
15.826000
11.732000
9.160000
11.515000
12.346000
6.494000
7.731000
11.929000
15.371000
11.053000
15.496000
7.950000
13.680000
11.580000
17.093000
19.364000
13.769000
12.876000
15.521000
12.768000
10.622000
11.726000
6.407000
5.837000
14.412000
12.816000
4.800000
12.862000
7.352000
17.212000
13.135000
12.147000
11.032000
5.369000
11.453000
7.000000
13.379000
11.856000
10.350000
8.480000
7.491000
13.380000
13.646000
12.113000
13.018000
10.228000
9.016000
12.869000
15.045000
8.282000
14.900000
11.248000
11.697000
17.980000
17.775000
14.548000
13.049000
5.102000
13.199000
8.681000
9.672000
15.548000
16.805000
6.509000
12.921000
15.620000
12.188000
12.100000
12.512000
6.291000
14.064000
7.124000
8.146000
4.513000
7.406000
12.314000
7.875000
7.920000
12.126000
11.660000
11.238000
9.904000
9.843000
11.263000
9.723000
12.189000
11.196000
8.521000
12.977000
10.819000
13.731000
15.842000
13.981000
7.996000
12.996000
7.325000
11.545000
7.937000
11.164000
9.940000
15.056000
17.593000
9.453000
9.041000
5.536000
14.592000
11.242000
12.765000
11.925000
13.450000
14.496000
9.666000
14.457000
15.094000
14.128000
10.020000
11.190000
10.113000
15.780000
10.548000
12.596000
17.043000
12.124000
10.941000
9.831000
12.447000
13.218000
8.858000
8.209000
9.903000
10.806000
7.991000
9.888000
5.273000
5.615000
10.155000
10.958000
4.311000
7.817000
7.640000
4.821000
6.612000
11.676000
7.530000
8.182000
9.797000
11.185000
9.207000
15.436000
13.023000
10.558000
10.053000
11.969000
8.643000
13.442000
10.752000
5.024000
3.570000
11.237000
8.977000
11.040000
3.257000
16.896000
11.454000
10.492000
14.813000
12.344000
13.214000
9.325000
16.831000
20.602000
15.228000
10.423000
7.695000
8.532000
7.029000
4.928000
7.594000
13.918000
7.225000
12.166000
16.735000
10.964000
10.790000
7.123000
12.478000
9.568000
10.502000
10.552000
14.545000
8.930000
5.547000
9.966000
7.927000
9.499000
6.570000
10.694000
14.459000
3.614000
17.527000
20.635000
5.211000
3.802000
11.682000
6.475000
11.164000
5.519000
13.133000
15.998000
4.350000
8.931000
11.402000
14.559000
9.426000
12.405000
6.993000
9.079000
9.496000
8.118000
10.076000
7.198000
8.285000
7.085000
7.819000
8.836000
9.966000
5.811000
7.534000
9.890000
7.901000
7.522000
8.613000
8.259000
10.302000
18.003000
4.596000
11.329000
9.809000
7.190000
12.219000
8.460000
8.341000
6.647000
9.945000
21.981000
5.572000
4.663000
9.747000
3.652000
2.787000
5.040000
6.955000
9.689000
6.670000
9.875000
7.737000
9.485000
9.014000
5.729000
8.945000
8.642000
8.212000
8.939000
3.354000
2.793000
2.194000
3.784000
8.392000
4.358000
6.888000
14.303000
10.856000
5.229000
7.200000
13.711000
10.391000
5.419000
11.661000
8.172000
5.068000
9.539000
3.662000
7.474000
13.767000
8.146000
19.881000
10.195000
5.583000
19.079000
9.687000
6.886000
9.699000
13.224000
9.947000
6.458000
7.036000
15.743000
8.306000
15.720000
7.825000
15.406000
5.647000
13.394000
11.470000
9.036000
17.751000
10.080000
8.878000
8.868000
5.246000
12.315000
14.159000
14.759000
12.135000
12.398000
7.691000
6.353000
11.178000
12.827000
8.495000
11.910000
11.574000
8.635000
8.653000
10.416000
5.818000
9.597000
11.108000
9.487000
4.298000
7.290000
7.805000
9.417000
6.059000
11.023000
0.000000
7.479000
1.187000
8.204000
4.093000
10.022000
12.181000
8.517000
9.697000
11.757000
8.641000
8.693000
7.944000
8.790000
5.964000
10.306000
8.785000
9.140000
14.198000
6.771000
11.018000
14.156000
11.453000
7.713000
10.708000
3.906000
7.602000
12.577000
14.126000
12.599000
8.943000
14.392000
8.256000
13.554000
10.150000
10.003000
4.060000
7.698000
12.246000
6.000000
11.158000
5.532000
13.394000
4.355000
12.754000
12.491000
4.198000
12.862000
9.799000
16.759000
11.435000
10.029000
11.227000
16.050000
7.920000
7.559000
4.095000
4.426000
10.213000
10.484000
10.944000
16.596000
7.364000
17.314000
9.369000
11.724000
11.279000
5.604000
12.201000
14.210000
6.308000
11.045000
8.492000
6.798000
6.293000
10.383000
4.010000
7.789000
10.160000
5.672000
8.193000
6.348000
11.817000
13.348000
5.222000
8.625000
10.877000
9.200000
11.686000
9.384000
9.969000
5.865000
11.626000
7.432000
11.502000
12.059000
7.775000
5.720000
14.267000
8.563000
14.025000
19.985000
7.940000
7.679000
11.475000
16.870000
12.540000
8.791000
9.567000
6.680000
7.540000
7.262000
10.537000
10.172000
15.761000
13.031000
10.910000
16.879000
10.216000
10.439000
9.602000
17.658000
19.025000
5.344000
11.667000
13.541000
17.231000
14.628000
6.820000
7.604000
10.147000
8.714000
14.607000
4.104000
12.299000
10.658000
22.490000
23.535000
12.556000
8.689000
7.069000
14.186000
11.363000
14.037000
9.863000
8.336000
7.529000
5.588000
12.609000
8.684000
12.638000
5.773000
14.170000
11.592000
15.547000
12.565000
12.820000
9.245000
11.817000
14.734000
6.574000
10.728000
10.190000
12.180000
11.427000
15.127000
5.300000
8.798000
8.489000
9.840000
12.094000
7.066000
11.175000
10.850000
13.431000
12.218000
7.659000
11.779000
10.406000
10.358000
16.559000
9.888000
14.804000
12.410000
9.340000
10.752000
14.614000
6.009000
13.913000
11.398000
13.729000
17.545000
7.247000
13.027000
8.458000
10.127000
12.673000
8.442000
6.140000
11.892000
6.854000
10.613000
16.162000
12.485000
13.699000
12.405000
11.030000
12.056000
4.733000
4.412000
10.399000
12.358000
13.847000
12.189000
11.319000
6.691000
11.335000
9.623000
10.045000
12.941000
6.243000
10.669000
9.136000
13.083000
10.535000
14.287000
9.324000
9.196000
9.580000
5.673000
9.415000
13.876000
11.347000
12.835000
9.217000
11.362000
6.458000
2.385000
2.811000
13.189000
6.401000
5.810000
8.810000
7.753000
11.484000
10.614000
8.136000
7.497000
8.541000
8.627000
12.949000
15.533000
7.621000
6.694000
6.751000
11.679000
6.489000
9.760000
12.955000
8.915000
6.983000
8.698000
4.440000
9.064000
10.664000
6.309000
11.746000
7.771000
9.744000
7.002000
11.094000
10.393000
7.682000
9.268000
13.521000
16.383000
5.776000
9.066000
13.484000
9.845000
5.007000
8.764000
6.526000
9.925000
13.447000
10.834000
7.173000
0.524000
4.759000
5.777000
10.096000
7.845000
9.604000
15.899000
7.257000
10.489000
11.597000
8.379000
8.582000
8.202000
11.951000
10.374000
10.327000
9.180000
3.929000
7.429000
13.315000
9.953000
5.725000
11.999000
12.687000
9.783000
10.351000
12.716000
6.964000
8.294000
5.736000
7.472000
16.746000
13.180000
8.625000
10.242000
14.179000
10.100000
8.614000
17.131000
10.440000
5.536000
7.133000
8.305000
7.403000
12.701000
10.990000
6.719000
9.876000
15.442000
11.759000
10.709000
11.083000
9.122000
10.526000
7.455000
14.888000
11.274000
8.007000
11.298000
6.598000
15.426000
9.960000
11.167000
10.297000
14.560000
11.244000
10.396000
8.960000
4.762000
11.555000
15.112000
10.076000
7.197000
9.929000
10.398000
10.657000
5.886000
6.612000
7.406000
7.544000
11.536000
5.924000
10.725000
7.254000
11.395000
11.412000
11.343000
11.972000
9.178000
12.656000
9.743000
6.646000
10.555000
10.655000
6.760000
9.095000
15.408000
7.558000
10.801000
4.182000
8.045000
6.505000
9.599000
10.901000
13.819000
8.763000
7.758000
6.924000
7.611000
12.315000
12.518000
12.796000
4.080000
6.886000
12.763000
5.210000
12.929000
9.352000
11.068000
10.082000
8.375000
11.837000
7.564000
10.176000
11.727000
14.736000
11.748000
11.313000
13.737000
5.487000
8.482000
10.497000
17.214000
12.211000
5.792000
9.890000
13.770000
9.558000
10.186000
15.088000
8.832000
12.657000
13.030000
10.380000
22.155000
7.521000
16.277000
11.642000
12.352000
8.987000
5.415000
14.821000
9.394000
4.854000
7.857000
11.324000
13.354000
8.835000
4.859000
10.402000
8.537000
18.648000
7.239000
8.424000
9.645000
6.340000
11.305000
10.094000
5.700000
13.290000
12.582000
9.806000
7.943000
7.379000
8.770000
10.397000
9.852000
11.129000
8.129000
8.701000
15.345000
13.266000
9.990000
11.093000
6.978000
11.026000
10.456000
5.216000
7.482000
8.914000
6.373000
13.506000
6.189000
16.252000
8.948000
14.181000
8.206000
10.168000
9.890000
7.859000
8.066000
9.647000
9.025000
8.147000
11.587000
10.775000
10.083000
9.997000
9.352000
11.577000
9.381000
4.793000
8.626000
8.932000
17.607000
14.368000
8.790000
8.727000
8.832000
10.619000
14.855000
14.344000
11.085000
13.381000
13.434000
10.252000
5.986000
13.620000
16.888000
7.461000
8.041000
7.233000
11.157000
11.244000
10.698000
5.214000
5.744000
12.306000
11.355000
9.311000
15.763000
14.977000
15.508000
8.266000
9.251000
10.618000
13.188000
10.811000
8.442000
14.805000
10.941000
10.117000
16.769000
11.184000
8.038000
13.290000
3.691000
10.822000
13.726000
14.893000
8.964000
15.679000
15.337000
9.808000
7.255000
11.464000
6.107000
13.829000
9.012000
5.957000
8.727000
9.231000
2.290000
17.394000
12.112000
14.431000
8.385000
8.315000
9.605000
14.058000
16.404000
11.008000
5.219000
10.496000
15.266000
20.951000
17.469000
12.468000
16.285000
8.624000
12.437000
11.335000
13.233000
18.521000
9.205000
9.699000
7.420000
8.601000
13.435000
6.528000
11.558000
11.798000
10.785000
16.372000
15.957000
6.780000
18.156000
4.878000
13.692000
14.541000
15.329000
13.292000
15.882000
14.293000
4.915000
15.163000
19.209000
9.573000
6.339000
10.866000
13.346000
7.224000
8.097000
7.553000
12.346000
11.261000
10.095000
4.930000
3.847000
7.568000
5.300000
9.185000
15.910000
8.825000
4.433000
8.901000
7.109000
9.976000
8.573000
5.779000
6.671000
5.138000
8.854000
12.240000
4.410000
7.425000
14.888000
12.128000
9.314000
4.361000
11.857000
11.925000
6.191000
15.930000
6.862000
6.932000
5.428000
12.412000
10.515000
6.890000
7.401000
9.980000
16.350000
11.295000
16.530000
7.898000
11.420000
12.330000
7.520000
4.705000
11.391000
6.539000
9.399000
14.488000
4.288000
10.895000
10.737000
5.546000
10.008000
14.848000
9.658000
4.274000
6.953000
13.267000
13.043000
10.300000
7.545000
10.581000
7.748000
8.823000
7.145000
10.238000
19.919000
5.902000
7.677000
9.123000
6.177000
9.785000
5.014000
11.723000
10.065000
16.821000
7.249000
14.112000
5.416000
7.018000
3.437000
6.461000
12.754000
7.825000
9.607000
3.509000
19.318000
9.137000
5.540000
6.554000
10.981000
8.124000
6.058000
5.680000
15.057000
10.044000
6.839000
10.420000
12.506000
2.517000
15.401000
6.434000
14.305000
8.961000
15.130000
10.711000
8.245000
16.283000
9.458000
4.082000
12.150000
11.296000
3.100000
8.372000
9.322000
11.576000
10.083000
9.011000
8.798000
8.236000
12.664000
16.456000
9.813000
5.040000
8.891000
3.354000
6.420000
10.516000
7.900000
6.879000
9.111000
8.984000
10.232000
12.085000
8.360000
12.188000
15.756000
9.502000
9.674000
8.684000
11.576000
5.591000
16.772000
6.141000
11.903000
9.358000
11.368000
0.000000
11.087000
11.043000
10.701000
12.163000
12.233000
3.079000
7.723000
14.632000
11.237000
5.576000
5.398000
15.919000
6.099000
9.549000
7.697000
2.797000
10.656000
13.912000
10.314000
10.035000
12.043000
10.091000
5.494000
0.000000
7.291000
9.134000
4.923000
6.178000
0.000000
0.000000
0.805000
1.103000
0.982000
10.982000
5.363000
0.000000
13.537000
2.578000
3.481000
3.683000
0.448000
0.955000
4.827000
1.755000
2.232000
5.763000
4.846000
3.885000
6.188000
1.338000
7.112000
0.718000
12.907000
6.797000
4.376000
5.163000
6.518000
2.841000
3.336000
1.353000
2.288000
4.490000
7.146000
3.881000
6.188000
11.256000
1.609000
9.178000
13.615000
6.047000
7.695000
8.276000
15.022000
12.549000
0.000000
16.305000
8.401000
12.247000
3.689000
2.928000
6.188000
1.216000
5.228000
0.000000
0.000000
1.429000
1.947000
11.645000
1.897000
6.998000
6.562000
0.000000
18.356000
7.766000
4.734000
13.445000
6.014000
10.038000
3.347000
2.829000
6.016000
3.985000
5.377000
14.499000
3.926000
10.111000
7.408000
11.651000
20.366000
5.841000
0.000000
3.353000
4.356000
13.883000
15.867000
0.993000
7.927000
14.165000
5.493000
3.313000
2.101000
9.967000
3.863000
4.589000
10.647000
4.856000
6.433000
6.339000
1.493000
12.142000
12.477000
9.098000
7.223000
1.939000
5.360000
16.515000
7.912000
4.199000
11.307000
11.237000
11.654000
2.424000
10.953000
8.512000
1.729000
9.436000
20.582000
0.913000
0.000000
7.614000
3.846000
4.997000
2.229000
3.939000
7.503000
12.004000
8.039000
9.735000
3.313000
5.596000
0.000000
14.375000
11.568000
9.355000
5.084000
7.990000
13.995000
7.650000
10.427000
12.245000
6.414000
11.579000
11.965000
6.152000
4.444000
4.875000
7.370000
10.653000
8.068000
9.493000
8.297000
12.977000
10.751000
3.667000
4.742000
4.098000
9.984000
12.502000
10.060000
8.895000
10.228000
0.520000
10.412000
10.498000
9.739000
9.505000
5.959000
7.934000
8.625000
16.558000
5.791000
1.812000
1.454000
6.814000
6.690000
9.203000
8.719000
9.463000
10.878000
4.364000
10.868000
9.717000
5.337000
9.394000
7.829000
10.410000
7.705000
12.092000
8.565000
12.346000
8.036000
6.355000
8.065000
9.744000
11.156000
6.511000
7.632000
4.833000
7.077000
7.845000
7.551000
9.037000
5.672000
9.343000
17.015000
11.708000
8.290000
11.753000
8.125000
4.797000
9.171000
5.470000
9.485000
2.419000
7.822000
5.517000
9.536000
8.163000
8.140000
7.900000
6.161000
8.965000
6.675000
8.183000
7.457000
10.354000
7.151000
9.471000
7.004000
4.624000
9.125000
5.522000
8.128000
5.729000
9.743000
17.129000
7.120000
3.988000
7.698000
12.045000
8.988000
11.179000
7.217000
6.707000
11.537000
6.939000
8.736000
9.442000
8.174000
6.746000
0.563000
9.035000
3.821000
11.725000
4.909000
12.541000
7.165000
8.766000
9.069000
9.061000
9.655000
10.079000
3.987000
11.055000
10.211000
9.409000
13.547000
17.892000
8.778000
11.329000
6.557000
8.162000
8.277000
6.219000
19.088000
10.831000
7.921000
12.752000
6.307000
6.234000
6.629000
10.852000
8.281000
6.503000
8.125000
8.283000
3.527000
6.626000
11.512000
10.679000
5.835000
6.958000
12.136000
7.364000
0.668000
5.608000
9.788000
12.870000
11.943000
7.230000
6.142000
10.437000
10.425000
8.282000
8.828000
9.264000
9.328000
1.979000
14.091000
6.437000
12.308000
10.616000
11.546000
7.169000
7.092000
8.033000
6.902000
8.963000
9.162000
7.764000
7.321000
11.060000
5.407000
4.336000
12.782000
3.806000
7.703000
10.907000
6.215000
9.513000
7.639000
8.448000
13.788000
13.205000
7.880000
5.547000
8.039000
6.072000
10.654000
6.577000
14.426000
8.877000
7.020000
12.177000
7.685000
9.762000
13.085000
6.571000
15.037000
12.000000
10.632000
14.496000
8.086000
9.691000
16.191000
4.312000
8.712000
9.178000
5.678000
13.132000
11.334000
16.418000
11.671000
9.306000
7.486000
12.110000
11.553000
9.410000
0.947000
5.215000
12.063000
12.989000
6.084000
12.711000
9.668000
9.920000
9.233000
9.730000
8.181000
5.842000
10.897000
9.433000
9.427000
8.459000
12.332000
6.534000
8.953000
6.569000
9.801000
7.430000
14.030000
10.094000
9.840000
13.105000
4.741000
6.739000
9.639000
14.272000
9.881000
11.982000
0.000000
8.428000
9.191000
15.876000
9.976000
12.982000
10.216000
8.028000
12.565000
5.848000
6.959000
9.705000
10.764000
14.233000
10.452000
14.352000
9.606000
12.271000
7.224000
11.414000
11.425000
6.732000
10.378000
9.262000
3.888000
17.360000
9.085000
8.352000
6.271000
13.015000
11.056000
10.486000
19.833000
11.228000
10.377000
9.181000
6.960000
11.776000
4.734000
8.065000
5.355000
14.424000
8.701000
7.935000
11.070000
17.531000
8.259000
10.236000
13.927000
11.192000
9.049000
6.825000
10.766000
10.760000
10.578000
9.052000
11.086000
6.047000
6.012000
2.332000
13.382000
9.273000
9.728000
12.310000
7.809000
9.761000
11.615000
10.083000
8.218000
12.784000
17.067000
12.353000
12.622000
13.052000
13.896000
6.335000
11.127000
13.666000
4.659000
8.436000
3.020000
14.143000
13.766000
13.199000
6.471000
8.328000
8.510000
5.006000
10.664000
8.405000
8.871000
8.995000
17.108000
8.117000
10.516000
12.868000
16.492000
11.178000
10.440000
9.457000
14.075000
8.627000
10.106000
11.269000
14.154000
11.943000
8.383000
2.505000
7.468000
7.977000
11.744000
9.512000
14.549000
15.704000
7.617000
9.788000
10.683000
9.992000
12.090000
15.445000
11.829000
11.877000
11.961000
6.393000
15.804000
7.682000
12.011000
18.276000
12.988000
9.886000
9.965000
9.954000
8.230000
10.888000
7.046000
11.654000
8.374000
9.893000
18.763000
10.254000
10.718000
10.550000
12.202000
7.737000
6.742000
12.590000
7.733000
10.176000
8.460000
16.321000
12.736000
10.125000
15.893000
0.387000
12.115000
7.751000
12.721000
6.255000
6.537000
15.036000
4.203000
10.027000
11.726000
13.821000
7.584000
5.431000
9.587000
11.634000
11.367000
12.291000
7.715000
9.861000
10.438000
12.811000
8.610000
14.323000
9.588000
11.633000
16.358000
6.828000
12.627000
11.981000
8.060000
12.048000
12.480000
10.713000
6.390000
4.892000
13.296000
12.690000
6.386000
8.075000
6.617000
9.404000
5.505000
5.438000
5.283000
7.616000
17.535000
8.466000
8.446000
11.519000
6.340000
4.817000
10.075000
9.896000
4.759000
8.092000
13.159000
9.680000
4.862000
9.117000
6.575000
9.627000
9.039000
10.380000
7.699000
10.167000
7.731000
10.863000
6.232000
10.727000
8.241000
7.388000
10.637000
7.533000
11.806000
5.543000
11.680000
3.798000
11.810000
9.414000
11.077000
3.460000
5.664000
7.636000
10.157000
16.049000
15.644000
5.737000
11.334000
12.100000
9.163000
10.983000
6.104000
11.568000
5.231000
11.202000
5.622000
8.493000
9.901000
11.743000
6.031000
8.697000
3.184000
8.387000
10.693000
4.119000
9.851000
8.318000
7.829000
5.275000
18.463000
4.023000
9.418000
12.769000
7.735000
8.332000
4.375000
11.678000
11.341000
11.937000
11.134000
9.627000
5.826000
3.218000
9.054000
7.588000
10.272000
6.451000
5.817000
10.517000
11.926000
8.921000
12.314000
11.487000
8.418000
7.403000
5.571000
10.011000
3.263000
12.562000
11.735000
13.177000
13.301000
8.786000
10.758000
9.687000
10.831000
9.173000
12.264000
8.432000
16.093000
11.185000
9.976000
5.118000
9.916000
11.366000
7.564000
8.441000
5.663000
5.218000
15.637000
0.000000
9.998000
11.192000
4.575000
15.088000
15.178000
11.150000
10.037000
9.271000
9.870000
6.263000
7.601000
10.416000
5.021000
6.284000
8.457000
12.526000
8.524000
10.490000
14.606000
9.536000
10.685000
7.957000
9.239000
4.496000
12.930000
10.714000
13.451000
7.044000
12.918000
15.613000
5.601000
15.960000
5.491000
17.745000
9.078000
13.333000
5.465000
8.642000
5.526000
11.428000
10.340000
18.112000
10.728000
13.967000
11.576000
9.435000
14.429000
11.826000
10.165000
1.013000
6.794000
15.222000
4.578000
8.656000
10.634000
3.285000
13.628000
12.869000
7.097000
11.098000
8.752000
7.971000
8.031000
5.616000
6.479000
17.298000
11.725000
5.746000
12.373000
10.063000
6.787000
10.245000
11.771000
8.562000
9.140000
8.026000
7.833000
8.598000
10.628000
5.468000
10.583000
8.348000
10.247000
12.808000
9.223000
10.886000
13.915000
7.131000
8.784000
11.398000
22.157000
10.169000
8.033000
11.379000
6.553000
5.204000
9.054000
13.192000
12.830000
6.016000
7.951000
13.585000
6.941000
6.510000
7.295000
9.934000
5.308000
3.337000
6.553000
11.401000
10.015000
5.927000
6.199000
8.060000
11.467000
10.521000
13.215000
11.547000
7.745000
5.282000
6.956000
8.778000
4.441000
5.698000
6.791000
7.771000
17.611000
1.721000
7.620000
9.065000
7.470000
7.823000
6.606000
9.924000
4.245000
4.449000
10.144000
7.327000
7.916000
18.964000
6.442000
8.295000
4.926000
6.022000
9.273000
9.944000
10.374000
5.650000
5.141000
6.977000
6.626000
8.551000
5.756000
11.196000
6.726000
11.951000
5.401000
11.674000
7.420000
7.418000
11.040000
8.190000
7.213000
8.924000
11.348000
2.989000
13.548000
7.452000
15.729000
9.791000
14.378000
17.816000
7.922000
3.829000
4.919000
7.670000
6.363000
6.838000
11.740000
4.907000
13.032000
10.482000
6.043000
8.027000
6.756000
6.855000
9.436000
10.914000
10.746000
9.885000
6.580000
7.619000
2.555000
7.077000
12.112000
7.947000
9.306000
7.407000
8.760000
8.163000
9.141000
9.007000
7.982000
4.912000
10.919000
10.240000
3.738000
11.839000
13.001000
12.484000
5.066000
11.171000
10.561000
4.395000
5.733000
14.770000
5.956000
8.615000
11.336000
8.195000
14.062000
8.062000
9.068000
9.067000
9.108000
19.783000
12.266000
10.515000
6.758000
13.313000
11.662000
11.010000
7.957000
13.301000
7.505000
9.183000
5.632000
2.073000
5.305000
8.823000
8.147000
0.577000
8.438000
5.529000
8.419000
6.843000
6.945000
12.596000
9.699000
1.451000
4.091000
11.547000
3.735000
4.121000
5.054000
4.773000
2.398000
19.089000
6.799000
5.596000
12.806000
14.304000
2.436000
0.000000
8.675000
3.521000
9.752000
5.555000
5.934000
4.472000
3.118000
3.718000
10.359000
10.044000
3.517000
7.565000
11.211000
12.901000
14.224000
5.263000
8.458000
3.842000
12.477000
8.296000
9.402000
5.539000
5.604000
5.477000
7.483000
4.190000
10.394000
1.902000
6.306000
7.306000
10.164000
1.328000
11.006000
10.854000
6.130000
7.848000
8.862000
2.918000
4.270000
20.144000
1.559000
5.819000
7.285000
1.038000
4.136000
1.044000
1.550000
1.113000
3.810000
1.672000
2.508000
6.295000
4.777000
14.270000
4.504000
3.557000
2.683000
4.687000
0.228000
7.723000
12.891000
12.949000
3.014000
3.122000
6.059000
4.916000
0.000000
3.889000
1.376000
4.025000
1.007000
7.169000
5.270000
1.356000
3.547000
0.054000
5.821000
5.951000
1.372000
3.709000
8.999000
1.297000
2.463000
6.368000
1.736000
0.414000
4.395000
1.849000
11.112000
0.660000
10.491000
5.877000
4.921000
4.126000
1.579000
1.949000
6.370000
14.058000
0.542000
1.740000
7.841000
10.273000
2.472000
3.505000
3.921000
11.186000
10.619000
4.308000
10.349000
10.962000
5.461000
2.683000
0.000000
2.700000
5.625000
1.423000
3.963000
3.634000
0.000000
4.707000
5.925000
0.744000
4.032000
6.705000
5.653000
13.109000
1.717000
11.673000
0.000000
2.549000
7.172000
3.518000
4.080000
3.205000
0.000000
2.412000
11.745000
0.456000
11.905000
4.378000
0.449000
8.558000
2.901000
9.979000
11.761000
1.985000
2.663000
12.348000
2.113000
3.307000
12.254000
11.563000
0.000000
14.656000
2.780000
1.566000
9.705000
3.945000
9.177000
0.923000
5.813000
8.547000
13.264000
10.267000
9.699000
3.326000
2.053000
7.587000
11.335000
10.563000
11.487000
9.256000
8.385000
0.000000
2.753000
8.834000
5.970000
15.259000
3.369000
1.529000
5.576000
6.835000
0.744000
2.786000
0.446000
8.728000
6.668000
10.109000
7.564000
11.129000
15.965000
8.965000
3.609000
0.000000
2.163000
0.000000
9.925000
14.939000
11.666000
8.392000
2.342000
5.300000
8.780000
4.576000
0.715000
6.962000
13.721000
11.944000
2.294000
9.151000
11.181000
0.000000
8.795000
0.000000
5.329000
4.172000
3.841000
5.727000
3.497000
11.318000
11.776000
3.092000
13.336000
1.179000
9.095000
8.654000
11.511000
2.105000
2.488000
4.898000
12.420000
0.000000
1.928000
4.410000
7.269000
11.322000
10.730000
2.447000
4.319000
6.679000
10.955000
9.064000
7.595000
4.209000
0.866000
4.807000
12.622000
9.429000
3.983000
17.614000
10.031000
6.674000
6.514000
2.729000
3.930000
11.549000
5.875000
0.000000
3.791000
3.563000
0.000000
0.743000
5.941000
4.800000
7.971000
21.768000
5.055000
3.319000
5.922000
12.596000
4.399000
3.794000
0.000000
3.219000
9.974000
9.895000
4.249000
12.624000
0.255000
7.035000
4.162000
5.495000
5.891000
6.180000
5.145000
6.637000
11.181000
2.416000
6.683000
4.073000
1.515000
12.720000
4.475000
4.547000
12.073000
6.640000
7.292000
10.153000
1.879000
10.770000
7.247000
2.390000
7.513000
2.374000
6.200000
2.410000
1.610000
7.798000
8.029000
15.815000
4.924000
12.098000
15.384000
11.845000
6.822000
15.839000
9.497000
8.512000
6.101000
5.927000
1.279000
6.187000
6.134000
9.959000
3.724000
2.483000
10.653000
4.441000
12.377000
8.606000
7.014000
9.168000
9.888000
3.017000
1.934000
5.146000
6.977000
0.548000
14.604000
0.000000
8.932000
9.242000
7.228000
8.367000
12.397000
5.806000
11.119000
5.521000
17.511000
7.738000
6.754000
4.708000
2.394000
11.579000
0.000000
10.982000
5.810000
15.653000
4.588000
9.164000
5.856000
13.731000
0.622000
5.606000
9.087000
9.246000
4.860000
5.925000
6.578000
6.966000
10.583000
2.700000
13.238000
12.806000
6.895000
11.234000
16.963000
5.238000
15.016000
14.137000
13.644000
0.140000
11.095000
8.025000
5.431000
13.729000
7.394000
7.034000
11.522000
9.401000
6.521000
2.713000
5.009000
4.495000
4.038000
8.356000
7.049000
7.237000
12.320000
14.162000
8.423000
2.516000
9.803000
7.711000
11.947000
11.945000
2.336000
17.543000
3.575000
5.578000
2.363000
7.301000
12.938000
10.208000
6.121000
9.521000
10.781000
10.879000
12.630000
9.923000
10.954000
10.696000
6.424000
12.142000
10.250000
0.000000
11.573000
8.056000
17.739000
15.106000
11.001000
13.004000
6.612000
11.240000
3.315000
10.165000
7.860000
4.340000
5.920000
8.255000
23.342000
6.026000
7.190000
11.957000
6.109000
8.909000
14.773000
5.801000
7.690000
8.204000
1.911000
13.434000
7.102000
5.893000
12.256000
14.204000
9.300000
0.000000
8.002000
7.319000
11.724000
9.861000
5.063000
2.627000
8.123000
7.751000
8.652000
20.045000
7.461000
10.713000
11.777000
11.370000
4.567000
8.343000
9.594000
13.831000
10.861000
10.530000
3.320000
11.212000
7.604000
4.861000
9.108000
0.000000
8.657000
7.478000
10.134000
13.262000
11.263000
8.240000
11.211000
10.176000
8.372000
7.084000
8.589000
10.455000
5.816000
12.179000
10.624000
12.446000
11.101000
10.726000
7.046000
11.475000
5.006000
4.883000
9.373000
11.088000
10.197000
11.693000
11.748000
11.026000
12.303000
11.916000
13.813000
10.614000
12.471000
6.782000
12.947000
14.332000
3.444000
10.535000
4.844000
9.741000
7.752000
14.137000
10.770000
10.664000
14.027000
9.255000
5.148000
14.058000
13.936000
13.114000
11.921000
6.600000
8.255000
7.629000
9.867000
6.618000
12.217000
11.032000
10.889000
7.503000
7.681000
13.917000
15.223000
6.416000
9.573000
10.966000
11.503000
15.534000
8.457000
9.685000
7.739000
15.310000
4.928000
17.394000
14.808000
13.026000
10.268000
8.811000
13.708000
9.118000
8.264000
10.256000
15.566000
6.890000
11.551000
9.799000
13.031000
5.300000
1.672000
11.629000
10.400000
0.308000
5.648000
4.736000
8.563000
7.680000
15.911000
17.167000
3.847000
7.791000
8.977000
12.813000
10.547000
9.628000
10.563000
8.556000
14.754000
14.185000
12.485000
5.705000
11.120000
3.538000
10.353000
6.133000
11.690000
0.714000
13.843000
9.175000
9.296000
8.616000
5.748000
12.324000
8.944000
7.507000
14.365000
18.936000
7.022000
12.620000
3.704000
7.555000
12.230000
6.378000
0.184000
12.136000
12.411000
8.973000
4.364000
9.167000
9.321000
9.267000
6.111000
6.254000
5.392000
14.613000
13.317000
14.367000
10.594000
0.488000
14.294000
0.000000
15.343000
5.856000
8.751000
0.005000
7.404000
8.310000
7.094000
7.899000
4.741000
4.021000
5.991000
1.981000
5.333000
9.681000
5.278000
6.521000
8.954000
7.503000
1.119000
10.089000
10.830000
7.528000
9.179000
10.589000
16.489000
3.700000
5.274000
12.157000
0.000000
12.545000
3.874000
6.875000
1.419000
11.606000
7.398000
8.567000
5.371000
9.429000
21.752000
8.193000
6.284000
8.034000
15.006000
0.000000
12.807000
2.405000
11.622000
13.353000
12.404000
11.978000
8.823000
10.789000
7.259000
4.367000
4.247000
0.000000
11.110000
9.905000
1.352000
4.410000
16.387000
16.348000
6.330000
14.626000
8.823000
3.791000
10.067000
12.714000
13.399000
3.424000
7.621000
9.059000
7.236000
15.102000
10.880000
12.218000
10.558000
8.441000
5.979000
9.300000
12.678000
11.625000
10.544000
11.775000
15.553000
9.440000
11.756000
12.339000
11.942000
10.311000
5.402000
12.137000
13.379000
13.542000
12.536000
10.603000
12.832000
10.268000
11.722000
10.792000
11.857000
13.275000
3.994000
7.727000
10.842000
12.424000
19.456000
12.495000
4.188000
9.020000
12.379000
9.533000
11.719000
10.303000
18.549000
8.397000
3.573000
14.767000
11.539000
13.334000
4.373000
16.855000
12.599000
7.192000
6.279000
12.905000
12.936000
12.383000
7.278000
12.714000
3.932000
12.811000
4.368000
12.369000
4.009000
10.332000
16.884000
6.887000
6.988000
12.165000
15.967000
8.273000
15.395000
9.680000
11.614000
14.164000
14.474000
12.251000
12.420000
7.489000
14.989000
11.778000
6.879000
11.177000
8.840000
7.833000
13.482000
6.481000
11.819000
12.480000
4.733000
9.566000
3.080000
6.877000
14.077000
10.484000
8.756000
14.435000
14.484000
4.298000
12.043000
20.765000
15.801000
5.359000
7.161000
9.352000
11.293000
10.474000
14.424000
11.792000
14.639000
15.866000
15.377000
4.495000
13.503000
8.872000
21.055000
12.522000
12.318000
10.463000
15.022000
9.194000
4.405000
15.481000
10.703000
11.152000
10.960000
7.298000
11.350000
8.089000
6.052000
9.607000
13.483000
10.533000
10.727000
0.617000
12.422000
14.844000
11.674000
15.146000
5.115000
8.959000
11.010000
15.946000
8.454000
10.441000
13.574000
9.922000
13.631000
12.890000
10.664000
11.406000
12.423000
7.097000
17.630000
12.323000
15.818000
7.985000
7.516000
2.985000
13.456000
15.860000
5.093000
12.847000
13.762000
13.466000
15.124000
7.104000
7.362000
9.236000
9.801000
9.421000
15.136000
7.496000
7.777000
8.382000
17.141000
5.639000
8.032000
10.301000
7.831000
18.725000
8.071000
15.931000
3.623000
10.763000
3.829000
11.134000
6.565000
4.426000
4.702000
9.783000
8.604000
4.398000
4.051000
10.359000
5.773000
0.247000
2.373000
8.754000
6.615000
7.960000
7.722000
9.588000
5.891000
6.706000
7.559000
6.829000
6.030000
10.842000
5.040000
6.496000
5.979000
2.858000
8.121000
5.412000
6.257000
2.017000
3.955000
11.934000
5.695000
4.678000
8.879000
7.332000
9.347000
10.893000
0.574000
7.665000
10.976000
4.811000
5.273000
10.135000
7.387000
13.191000
3.553000
7.549000
2.964000
15.294000
8.935000
5.913000
11.547000
5.721000
4.370000
13.010000
11.809000
2.400000
12.796000
11.844000
5.762000
11.152000
6.453000
10.981000
13.474000
11.760000
0.929000
4.790000
10.000000
12.436000
5.110000
14.236000
9.973000
6.253000
14.313000
7.713000
4.541000
7.867000
5.428000
2.750000
6.381000
3.308000
10.312000
10.988000
7.761000
8.947000
11.976000
13.626000
4.585000
10.286000
12.843000
1.324000
10.554000
6.998000
7.398000
10.607000
7.167000
1.826000
12.321000
7.817000
5.438000
4.393000
10.906000
2.997000
13.304000
8.686000
6.846000
10.401000
14.591000
11.146000
16.490000
8.741000
8.681000
4.910000
11.649000
11.953000
6.120000
7.474000
9.506000
9.456000
5.701000
12.649000
8.800000
14.612000
11.070000
7.791000
1.448000
13.665000
9.924000
4.448000
1.772000
10.689000
9.724000
12.539000
10.754000
11.097000
2.448000
7.064000
13.753000
9.280000
13.000000
14.000000
15.105000
12.464000
5.657000
9.683000
5.581000
11.948000
8.243000
14.713000
7.431000
1.793000
12.335000
12.036000
10.553000
11.026000
5.684000
11.356000
12.227000
4.245000
11.443000
7.361000
13.949000
11.688000
9.358000
9.707000
7.568000
12.011000
14.835000
5.110000
15.914000
7.394000
4.011000
9.040000
0.000000
9.207000
14.871000
9.669000
12.034000
15.126000
10.583000
6.144000
8.233000
8.729000
9.212000
9.123000
12.340000
23.557000
11.279000
6.658000
13.593000
16.606000
8.431000
12.228000
8.546000
12.736000
11.979000
6.355000
10.583000
16.828000
10.913000
11.741000
7.793000
10.361000
7.531000
7.496000
3.596000
5.765000
9.665000
5.032000
16.660000
6.079000
22.918000
5.244000
8.963000
10.460000
8.605000
10.411000
5.518000
13.297000
8.982000
7.587000
7.518000
9.473000
7.435000
11.918000
15.267000
10.181000
10.188000
13.176000
14.763000
14.908000
14.162000
11.991000
9.375000
12.046000
15.086000
12.271000
12.968000
1.644000
2.771000
12.819000
24.233000
8.520000
9.829000
12.443000
11.665000
12.385000
12.265000
15.328000
9.479000
7.837000
13.793000
5.686000
9.041000
12.332000
9.783000
7.693000
7.900000
10.402000
9.971000
11.177000
17.035000
16.286000
9.382000
3.842000
10.563000
12.399000
8.666000
12.244000
8.860000
15.420000
14.201000
13.197000
11.954000
10.020000
16.858000
8.703000
14.090000
10.462000
12.440000
13.961000
11.772000
8.284000
9.986000
11.961000
2.136000
15.536000
8.151000
13.073000
10.449000
10.955000
8.595000
11.302000
7.283000
12.768000
13.371000
13.118000
13.552000
11.378000
13.896000
11.963000
12.663000
13.988000
13.181000
12.911000
13.442000
13.923000
12.417000
14.513000
13.080000
12.840000
12.482000
8.957000
12.021000
7.240000
15.146000
7.857000
18.747000
4.306000
12.299000
15.675000
10.839000
13.474000
16.121000
7.638000
7.173000
10.856000
12.227000
9.666000
14.963000
12.257000
8.860000
7.853000
11.731000
16.030000
6.047000
13.907000
13.949000
10.178000
9.536000
9.065000
9.387000
6.920000
13.136000
9.236000
10.646000
6.958000
7.130000
6.669000
11.820000
10.696000
11.361000
15.259000
14.347000
8.496000
15.331000
12.919000
8.699000
1.668000
14.488000
4.038000
11.489000
13.394000
9.853000
4.452000
9.406000
21.675000
15.470000
16.212000
15.193000
12.308000
8.107000
13.033000
8.558000
11.623000
13.426000
23.161000
10.699000
14.741000
9.128000
15.857000
8.265000
16.573000
10.246000
16.056000
13.050000
13.243000
14.486000
11.633000
7.692000
11.164000
11.583000
10.492000
15.425000
10.269000
13.422000
6.107000
6.552000
1.888000
11.654000
8.340000
8.986000
6.959000
6.950000
8.935000
4.464000
11.552000
14.446000
9.808000
11.903000
10.191000
10.440000
3.307000
12.700000
10.753000
13.398000
10.724000
7.872000
6.491000
11.624000
10.059000
7.114000
10.101000
8.060000
12.104000
10.460000
6.780000
10.428000
6.414000
11.161000
10.379000
8.321000
9.771000
13.029000
10.897000
9.053000
7.495000
8.797000
10.064000
6.576000
6.813000
9.583000
12.674000
3.781000
10.516000
26.530000
12.330000
9.883000
9.034000
9.894000
5.778000
14.974000
10.463000
3.438000
7.286000
15.742000
9.959000
7.075000
5.183000
9.188000
7.914000
8.775000
16.166000
5.621000
7.859000
10.610000
10.934000
8.438000
8.092000
7.016000
5.531000
7.178000
10.091000
11.563000
13.155000
8.666000
14.860000
9.124000
16.309000
7.744000
9.922000
10.395000
12.432000
12.232000
12.862000
16.348000
17.316000
6.928000
14.320000
10.717000
14.941000
10.133000
20.693000
9.035000
14.691000
5.682000
11.839000
16.103000
12.001000
14.683000
14.090000
14.221000
11.429000
10.033000
18.945000
9.455000
8.704000
14.080000
4.563000
15.812000
17.625000
9.118000
12.603000
6.164000
9.015000
6.801000
7.379000
13.118000
23.053000
10.037000
15.501000
11.856000
12.964000
15.499000
4.280000
7.395000
4.431000
16.092000
16.243000
10.275000
9.054000
13.072000
8.915000
3.241000
11.940000
15.370000
12.000000
5.066000
7.091000
8.474000
15.130000
9.930000
14.179000
8.716000
13.392000
7.354000
7.839000
4.032000
5.972000
7.614000
11.128000
12.782000
10.574000
7.809000
9.651000
12.936000
6.642000
6.928000
10.706000
4.986000
5.843000
10.275000
6.476000
7.230000
13.837000
14.346000
5.794000
6.216000
4.593000
8.509000
3.377000
12.911000
9.306000
15.194000
6.818000
6.986000
6.966000
6.226000
15.936000
16.289000
5.145000
15.146000
17.582000
7.991000
4.952000
9.104000
7.999000
7.142000
6.544000
11.367000
13.227000
10.360000
4.926000
11.553000
3.706000
8.718000
12.013000
8.083000
13.341000
16.651000
7.597000
8.060000
6.256000
15.396000
16.278000
9.120000
12.296000
7.859000
14.692000
17.144000
4.537000
20.061000
8.281000
3.362000
20.063000
17.021000
8.485000
11.178000
4.731000
8.496000
4.354000
12.588000
15.376000
12.321000
12.838000
6.331000
12.112000
7.466000
11.023000
5.484000
9.802000
13.545000
6.598000
3.484000
14.299000
3.922000
15.490000
6.004000
5.196000
4.375000
9.818000
9.466000
6.130000
18.468000
13.718000
14.366000
12.206000
11.909000
10.906000
10.541000
8.120000
9.581000
9.770000
6.823000
10.767000
13.396000
15.123000
10.727000
11.302000
14.330000
17.674000
15.214000
7.444000
11.964000
11.343000
15.065000
9.143000
2.411000
10.742000
9.846000
15.249000
7.098000
8.978000
11.865000
8.913000
7.555000
11.508000
17.480000
10.301000
15.455000
10.761000
10.364000
19.432000
12.000000
11.465000
8.054000
17.503000
10.471000
11.530000
5.214000
15.659000
15.831000
9.650000
10.495000
14.371000
12.415000
11.071000
12.524000
13.616000
7.911000
8.648000
6.657000
9.692000
10.438000
12.320000
5.254000
12.563000
11.879000
7.895000
8.849000
6.942000
11.138000
14.328000
6.254000
12.898000
13.102000
11.582000
12.310000
14.595000
6.776000
12.010000
15.332000
11.978000
12.579000
7.621000
11.263000
14.803000
14.588000
12.153000
10.484000
9.916000
10.036000
11.965000
2.940000
8.654000
10.538000
13.536000
16.139000
16.060000
10.679000
10.488000
12.030000
13.677000
13.863000
12.555000
14.656000
5.381000
7.900000
6.731000
11.020000
13.656000
14.417000
11.137000
10.677000
8.655000
5.806000
8.335000
12.829000
7.781000
7.374000
8.653000
9.686000
11.686000
17.714000
4.076000
11.071000
4.403000
11.949000
7.210000
9.733000
10.485000
7.697000
10.763000
9.852000
11.191000
7.272000
8.561000
11.952000
15.124000
6.990000
11.032000
9.135000
12.874000
16.204000
5.943000
12.580000
15.518000
13.821000
12.639000
15.807000
10.266000
10.296000
6.121000
12.495000
19.963000
14.993000
14.606000
11.518000
11.694000
6.540000
13.855000
9.991000
8.509000
19.896000
11.531000
9.646000
11.088000
10.125000
11.743000
15.914000
10.696000
10.787000
12.711000
10.948000
11.344000
10.616000
13.537000
15.985000
6.426000
12.086000
9.230000
15.633000
13.925000
4.867000
12.207000
9.213000
14.583000
10.546000
6.796000
5.769000
8.937000
14.886000
14.916000
22.237000
10.883000
13.609000
20.064000
12.347000
11.889000
13.311000
13.376000
13.801000
10.621000
15.716000
13.663000
6.489000
11.579000
13.217000
15.095000
9.334000
6.590000
12.717000
11.959000
6.552000
14.703000
5.793000
13.583000
8.997000
12.516000
10.404000
11.656000
16.294000
13.149000
15.192000
5.453000
13.830000
9.421000
9.796000
10.445000
8.179000
11.572000
13.657000
11.845000
8.946000
12.739000
13.038000
10.473000
14.064000
14.789000
9.209000
9.785000
8.776000
10.806000
15.812000
7.182000
12.444000
14.330000
6.552000
7.730000
19.444000
11.628000
9.287000
14.612000
9.852000
17.072000
12.728000
9.287000
9.184000
9.315000
16.989000
9.866000
3.382000
13.227000
3.860000
9.344000
16.570000
11.943000
9.061000
8.813000
12.160000
6.910000
6.262000
6.478000
10.310000
11.501000
4.652000
7.817000
4.304000
13.556000
7.537000
6.824000
11.160000
11.727000
12.248000
13.816000
19.292000
7.248000
11.627000
10.921000
7.653000
8.958000
10.652000
14.850000
14.047000
17.782000
9.598000
14.734000
12.451000
7.007000
18.510000
14.215000
6.950000
12.932000
13.475000
3.039000
11.549000
8.810000
11.099000
3.119000
6.486000
7.341000
7.791000
5.366000
4.816000
6.232000
4.551000
12.426000
12.769000
11.479000
10.325000
9.594000
4.872000
7.540000
0.443000
5.273000
14.270000
8.840000
6.233000
6.470000
2.447000
2.315000
5.764000
2.596000
6.972000
9.670000
8.267000
7.956000
8.406000
3.891000
11.105000
10.682000
0.000000
7.784000
9.178000
3.600000
10.570000
4.950000
2.383000
0.000000
19.118000
12.421000
8.414000
4.325000
11.931000
5.227000
6.803000
8.527000
9.620000
6.337000
5.505000
0.000000
9.840000
2.979000
12.478000
0.000000
6.146000
9.124000
9.357000
14.553000
9.385000
15.478000
6.308000
10.713000
15.004000
19.514000
2.514000
0.998000
7.999000
12.169000
9.477000
11.095000
6.401000
5.786000
7.477000
16.078000
1.491000
3.077000
16.337000
7.534000
11.781000
12.969000
10.121000
11.286000
10.277000
0.643000
12.073000
9.295000
12.063000
7.580000
7.518000
11.342000
10.412000
8.099000
4.793000
11.963000
18.778000
13.396000
5.195000
10.784000
9.239000
11.182000
8.838000
14.570000
20.113000
0.000000
19.126000
5.873000
12.986000
11.322000
15.795000
8.431000
6.782000
10.634000
12.986000
0.000000
9.375000
11.621000
5.716000
8.086000
14.469000
17.053000
9.483000
11.227000
11.985000
7.366000
8.502000
5.138000
5.478000
14.836000
3.427000
6.879000
7.032000
10.527000
0.314000
7.905000
6.995000
13.043000
9.933000
21.274000
16.562000
7.574000
4.564000
7.571000
12.912000
3.515000
10.324000
13.409000
7.847000
8.193000
7.627000
13.289000
13.511000
0.000000
9.882000
7.683000
7.125000
18.752000
16.931000
8.892000
9.282000
15.189000
6.346000
12.138000
15.492000
13.193000
16.238000
14.641000
6.931000
6.363000
1.469000
14.778000
18.129000
11.289000
19.094000
2.398000
10.806000
10.538000
6.632000
7.052000
8.350000
17.153000
9.005000
12.154000
10.226000
6.534000
11.265000
17.119000
4.893000
12.634000
10.119000
4.234000
5.217000
3.508000
15.048000
6.499000
4.033000
11.402000
6.260000
4.932000
13.861000
3.254000
14.033000
18.023000
7.579000
0.166000
6.196000
9.001000
10.704000
2.728000
10.124000
8.140000
11.991000
15.857000
4.114000
4.190000
3.948000
7.942000
7.763000
4.908000
2.634000
8.608000
9.963000
7.333000
7.429000
7.384000
7.154000
3.562000
11.043000
11.788000
5.749000
10.732000
1.642000
4.434000
9.178000
7.056000
15.190000
2.835000
10.081000
14.781000
8.472000
8.756000
9.039000
19.795000
7.841000
5.258000
8.271000
4.821000
4.166000
14.902000
7.657000
14.174000
10.130000
8.374000
13.044000
9.998000
4.794000
6.435000
8.602000
11.924000
3.130000
7.817000
7.253000
8.847000
9.352000
6.069000
4.726000
5.055000
3.375000
10.874000
4.861000
13.124000
6.056000
18.517000
16.665000
4.765000
8.869000
9.184000
10.863000
8.042000
7.562000
4.678000
1.290000
1.059000
8.567000
20.663000
9.388000
6.359000
8.550000
11.627000
8.322000
10.941000
5.461000
11.113000
5.335000
9.228000
13.357000
14.236000
5.522000
10.797000
9.434000
11.542000
2.696000
4.367000
17.907000
15.670000
5.949000
14.361000
7.590000
4.292000
16.586000
15.025000
9.545000
8.068000
13.635000
20.324000
7.030000
15.276000
9.937000
10.410000
8.854000
13.920000
11.981000
19.338000
7.521000
17.792000
6.108000
17.165000
18.547000
11.198000
9.002000
10.582000
15.078000
12.453000
13.722000
11.616000
18.868000
17.282000
13.963000
10.689000
8.083000
8.298000
7.286000
6.756000
13.118000
6.307000
3.987000
13.299000
11.224000
6.853000
16.500000
12.740000
12.454000
10.985000
11.264000
11.636000
13.701000
0.442000
11.571000
9.508000
12.632000
15.081000
10.216000
0.497000
9.671000
11.088000
12.040000
9.392000
16.090000
11.414000
7.468000
12.342000
14.074000
10.078000
6.276000
12.571000
13.953000
1.600000
12.288000
16.191000
11.324000
14.161000
8.377000
8.917000
15.395000
14.799000
12.812000
13.848000
11.052000
12.127000
14.572000
4.662000
18.972000
8.072000
7.486000
8.025000
7.282000
7.572000
13.598000
12.390000
15.810000
9.749000
10.023000
6.918000
13.602000
12.868000
6.531000
12.906000
13.602000
11.098000
13.199000
10.477000
18.982000
15.760000
7.720000
9.633000
13.422000
15.778000
10.375000
3.410000
14.329000
2.398000
12.434000
12.470000
16.092000
14.481000
13.210000
13.843000
17.403000
18.749000
16.798000
11.017000
10.760000
22.034000
14.036000
6.246000
13.243000
11.932000
12.053000
7.456000
9.774000
11.881000
15.115000
11.825000
13.209000
7.695000
10.937000
12.968000
18.986000
13.630000
12.259000
8.434000
14.143000
12.489000
11.502000
12.328000
14.258000
4.164000
17.155000
8.939000
13.170000
13.904000
9.715000
15.756000
12.255000
17.428000
9.913000
21.689000
17.352000
16.550000
10.758000
13.950000
10.674000
11.411000
11.040000
15.632000
13.712000
15.042000
13.899000
11.967000
17.969000
10.908000
11.168000
9.067000
15.460000
0.000000
14.367000
18.643000
6.852000
8.362000
18.255000
12.031000
9.614000
11.052000
10.798000
16.651000
25.430000
7.690000
12.922000
10.806000
15.919000
13.065000
13.808000
12.578000
18.023000
12.164000
5.053000
10.966000
9.340000
13.637000
20.157000
11.647000
10.173000
13.549000
14.175000
16.725000
11.861000
12.802000
11.677000
13.419000
14.221000
16.071000
12.884000
17.144000
12.975000
17.158000
20.757000
13.871000
5.385000
8.412000
12.018000
12.951000
13.144000
12.596000
12.522000
8.558000
14.745000
3.861000
11.740000
11.375000
16.583000
9.874000
12.777000
6.127000
8.947000
15.680000
18.201000
19.557000
10.738000
14.081000
13.086000
5.287000
18.221000
6.769000
13.360000
12.389000
15.138000
5.837000
6.663000
10.014000
12.413000
12.884000
14.874000
11.643000
12.935000
14.341000
12.216000
10.207000
13.016000
12.370000
15.273000
10.678000
10.108000
17.933000
10.867000
16.105000
9.013000
16.298000
25.610000
14.967000
10.075000
21.629000
12.847000
13.831000
10.812000
13.352000
12.832000
10.385000
12.550000
16.023000
14.805000
17.413000
13.649000
7.288000
18.093000
12.612000
18.876000
14.160000
15.406000
12.881000
4.666000
12.048000
11.786000
11.736000
12.911000
13.224000
11.821000
7.888000
9.428000
7.811000
15.704000
14.824000
8.401000
10.012000
16.297000
16.578000
16.535000
12.799000
13.702000
16.351000
15.880000
12.956000
13.112000
12.712000
3.577000
16.340000
10.406000
11.890000
10.944000
12.584000
13.079000
12.536000
5.303000
11.025000
12.087000
16.111000
13.333000
8.199000
12.314000
11.001000
13.689000
11.836000
9.236000
12.011000
8.021000
8.036000
13.060000
11.462000
20.084000
16.841000
16.988000
8.767000
12.925000
6.613000
11.853000
10.511000
13.168000
14.686000
9.161000
7.931000
11.662000
4.531000
15.871000
12.909000
8.647000
8.558000
9.480000
9.772000
4.992000
13.047000
13.895000
2.098000
13.279000
10.173000
10.538000
16.682000
13.499000
7.354000
9.854000
13.456000
17.855000
7.758000
10.893000
11.479000
17.196000
6.063000
13.596000
6.246000
11.031000
8.946000
7.231000
9.096000
12.283000
19.758000
13.886000
20.723000
16.689000
4.973000
10.747000
9.844000
17.834000
6.432000
13.872000
17.805000
13.493000
10.507000
10.984000
13.639000
13.085000
8.485000
14.700000
14.311000
15.016000
19.568000
13.763000
6.806000
14.545000
14.734000
7.902000
15.052000
13.489000
15.813000
20.079000
9.458000
9.606000
12.011000
11.460000
12.986000
10.525000
26.185000
7.327000
12.082000
19.910000
13.305000
20.809000
18.379000
16.715000
14.470000
8.256000
10.280000
18.465000
18.768000
14.828000
10.461000
11.402000
13.529000
8.186000
11.360000
12.294000
11.417000
12.530000
10.319000
7.520000
16.471000
20.046000
7.256000
15.983000
13.554000
5.220000
17.840000
7.650000
14.659000
16.111000
17.034000
16.505000
12.399000
16.839000
11.824000
15.141000
7.539000
10.864000
17.664000
13.956000
8.527000
6.845000
19.933000
11.873000
8.741000
9.111000
15.241000
12.656000
18.180000
4.634000
6.883000
12.923000
14.144000
12.396000
15.808000
20.070000
14.290000
6.858000
13.175000
7.767000
12.183000
11.986000
10.427000
5.174000
7.120000
7.957000
17.402000
13.631000
0.324000
12.860000
14.289000
6.893000
17.072000
3.961000
12.988000
11.831000
7.972000
6.530000
5.728000
4.034000
2.443000
11.173000
12.828000
5.270000
8.692000
5.891000
17.456000
6.632000
1.205000
4.908000
2.112000
7.153000
5.833000
5.405000
6.089000
7.786000
8.190000
3.272000
5.052000
6.570000
1.181000
4.486000
4.506000
5.596000
2.436000
14.733000
15.138000
4.883000
5.410000
3.508000
22.346000
8.975000
5.534000
2.389000
10.770000
1.866000
7.657000
4.740000
5.182000
13.338000
5.259000
12.624000
14.042000
17.650000
10.941000
4.250000
5.931000
9.758000
16.539000
5.703000
17.003000
2.766000
4.533000
11.720000
15.791000
17.749000
12.013000
4.352000
13.470000
17.814000
13.353000
13.216000
15.898000
16.031000
10.612000
3.038000
20.816000
22.147000
3.216000
9.841000
17.066000
2.997000
0.617000
12.612000
12.906000
18.627000
12.689000
4.645000
7.281000
4.286000
7.458000
12.889000
14.613000
15.624000
6.540000
14.104000
8.119000
10.654000
1.915000
0.000000
16.689000
19.114000
0.000000
2.024000
4.216000
12.158000
14.612000
3.895000
13.562000
10.449000
6.758000
13.742000
3.731000
2.727000
12.759000
5.348000
10.288000
14.907000
15.179000
9.225000
14.982000
3.775000
7.143000
13.124000
3.280000
17.191000
15.783000
17.254000
14.809000
15.376000
11.365000
1.851000
1.873000
1.392000
17.100000
12.841000
9.734000
17.317000
16.068000
13.045000
7.591000
5.197000
21.274000
13.815000
17.199000
10.954000
11.333000
16.203000
16.122000
17.541000
13.949000
12.050000
3.525000
15.120000
6.527000
13.000000
15.851000
6.261000
9.858000
9.157000
18.267000
18.423000
16.083000
13.396000
16.309000
13.983000
3.039000
8.287000
5.281000
13.342000
11.942000
3.659000
13.891000
11.997000
12.642000
14.753000
20.973000
6.733000
17.949000
15.079000
13.074000
12.550000
15.837000
13.887000
15.335000
2.758000
14.343000
7.420000
11.708000
14.791000
13.598000
7.677000
23.403000
13.280000
14.522000
14.085000
13.491000
15.564000
11.344000
12.083000
14.681000
14.948000
15.715000
6.248000
13.175000
9.924000
4.291000
7.180000
14.330000
18.234000
8.890000
15.151000
13.102000
6.247000
16.416000
15.147000
14.105000
13.005000
9.354000
6.177000
16.639000
16.355000
11.378000
14.452000
17.262000
13.632000
14.982000
15.742000
16.114000
8.815000
20.468000
10.440000
12.394000
14.751000
14.517000
4.849000
13.269000
12.208000
8.554000
13.017000
12.145000
16.563000
8.374000
13.277000
8.630000
12.443000
9.964000
10.080000
11.232000
8.969000
15.255000
7.802000
19.769000
15.110000
4.318000
17.064000
8.826000
8.395000
8.264000
5.634000
14.889000
13.160000
6.732000
14.350000
15.120000
8.434000
8.758000
14.918000
12.021000
10.623000
18.349000
9.260000
11.250000
4.481000
14.874000
13.387000
10.573000
9.579000
14.195000
9.430000
12.811000
13.974000
5.597000
15.456000
14.135000
10.915000
11.264000
6.403000
17.239000
13.244000
10.772000
16.630000
14.315000
17.249000
10.403000
15.520000
12.426000
9.996000
9.583000
13.949000
8.822000
13.268000
12.210000
13.495000
3.816000
9.547000
15.967000
16.842000
12.662000
15.822000
1.135000
5.533000
15.449000
8.537000
21.516000
11.019000
10.904000
10.047000
13.668000
7.676000
13.864000
20.715000
20.863000
12.597000
13.858000
13.974000
10.390000
17.641000
6.498000
13.490000
14.331000
16.079000
10.825000
12.607000
8.162000
3.131000
8.782000
16.209000
13.306000
10.451000
7.778000
13.510000
14.506000
9.393000
12.025000
6.154000
12.256000
8.167000
9.253000
4.997000
7.722000
13.329000
11.751000
7.373000
13.221000
16.024000
17.995000
2.934000
12.945000
9.406000
11.320000
14.261000
8.864000
13.561000
11.308000
7.803000
10.222000
12.227000
16.794000
10.810000
14.363000
13.659000
7.056000
15.307000
13.240000
15.223000
9.664000
9.136000
16.014000
4.154000
11.905000
7.728000
14.300000
7.995000
11.709000
11.587000
17.190000
10.509000
10.717000
15.539000
10.993000
10.251000
11.885000
18.496000
12.903000
13.615000
16.294000
2.173000
10.409000
14.307000
6.621000
11.103000
8.660000
8.509000
14.673000
7.265000
9.717000
5.179000
10.996000
14.639000
10.101000
15.265000
5.359000
5.611000
10.608000
24.578000
5.913000
8.420000
13.600000
11.560000
8.316000
2.541000
11.326000
5.754000
11.649000
9.952000
1.826000
10.908000
20.822000
8.248000
10.865000
3.414000
8.786000
6.155000
7.223000
11.737000
2.474000
7.110000
7.691000
6.387000
4.830000
8.432000
9.591000
6.727000
7.067000
9.671000
1.735000
4.481000
12.961000
6.294000
13.866000
10.029000
7.410000
11.262000
20.244000
15.918000
14.736000
9.938000
18.021000
10.415000
7.787000
10.149000
20.180000
14.058000
12.051000
9.067000
20.559000
7.496000
12.868000
13.597000
9.351000
13.873000
1.821000
13.132000
13.874000
8.173000
4.633000
11.068000
7.001000
9.947000
15.531000
14.815000
1.651000
16.714000
13.258000
10.236000
8.902000
6.584000
12.707000
13.223000
14.727000
11.643000
12.472000
16.121000
16.500000
14.552000
16.104000
16.915000
12.908000
10.174000
9.228000
15.940000
11.103000
16.890000
9.944000
14.286000
14.645000
4.262000
5.221000
11.481000
8.505000
14.395000
11.866000
15.455000
9.377000
9.310000
10.426000
6.515000
8.731000
15.156000
4.093000
16.501000
7.942000
12.491000
1.998000
21.145000
2.966000
3.974000
12.814000
14.740000
11.330000
13.616000
12.184000
7.888000
8.243000
15.019000
13.835000
8.585000
7.983000
7.205000
13.355000
7.738000
5.553000
7.472000
10.140000
12.151000
16.534000
12.688000
14.318000
9.351000
10.068000
14.015000
9.031000
1.590000
14.276000
4.193000
8.382000
9.022000
19.134000
9.897000
14.271000
7.172000
7.215000
7.793000
21.524000
16.747000
11.702000
12.678000
4.338000
8.806000
9.776000
15.525000
13.035000
11.617000
11.865000
12.900000
9.753000
13.576000
16.266000
15.634000
8.582000
10.270000
9.781000
13.514000
14.578000
12.744000
13.040000
17.405000
8.331000
10.400000
12.705000
12.470000
13.623000
12.485000
13.990000
8.365000
14.353000
10.191000
10.655000
16.900000
13.260000
15.763000
13.293000
14.275000
15.218000
4.480000
8.272000
11.930000
17.426000
13.154000
11.976000
15.376000
18.471000
12.777000
6.809000
10.887000
8.910000
15.843000
17.947000
14.337000
10.161000
16.019000
5.448000
14.064000
6.963000
13.317000
9.423000
13.689000
14.384000
9.074000
8.600000
16.519000
16.014000
14.700000
12.444000
8.947000
11.871000
8.894000
16.343000
12.938000
6.337000
10.168000
14.560000
14.508000
12.297000
19.495000
9.851000
13.285000
7.637000
7.396000
6.328000
5.650000
10.453000
11.407000
7.761000
13.783000
11.497000
15.280000
16.375000
10.905000
15.220000
8.071000
18.259000
8.101000
5.240000
10.222000
10.811000
15.812000
4.088000
7.937000
16.732000
15.755000
12.707000
14.390000
15.835000
13.063000
11.124000
11.467000
14.025000
11.160000
7.666000
8.355000
6.538000
12.116000
15.220000
10.191000
14.554000
13.451000
9.283000
14.753000
14.592000
8.941000
12.054000
10.567000
16.398000
7.464000
11.059000
10.419000
14.834000
11.234000
16.194000
13.850000
9.712000
9.464000
17.277000
17.837000
9.638000
11.692000
15.912000
9.754000
13.854000
13.506000
11.706000
8.789000
13.643000
14.471000
9.767000
4.560000
12.471000
13.461000
15.225000
7.731000
11.034000
11.773000
17.045000
9.388000
10.158000
10.574000
8.273000
13.372000
12.265000
11.929000
19.882000
8.776000
17.212000
8.654000
12.521000
12.187000
12.705000
12.301000
11.844000
19.081000
10.314000
10.133000
5.841000
9.904000
12.049000
14.596000
14.864000
8.153000
11.638000
4.745000
14.414000
14.313000
13.494000
15.076000
11.821000
12.032000
7.642000
12.571000
15.878000
14.535000
13.545000
10.974000
11.999000
10.536000
8.810000
12.782000
8.963000
4.333000
18.708000
14.973000
13.668000
11.896000
17.204000
13.938000
14.332000
13.733000
10.211000
20.002000
15.018000
13.964000
14.901000
9.705000
14.032000
12.448000
11.561000
4.932000
11.886000
12.391000
8.040000
13.457000
8.051000
14.883000
16.666000
9.921000
6.854000
14.858000
12.489000
9.039000
12.784000
17.779000
9.657000
11.139000
18.386000
11.186000
9.462000
7.804000
10.229000
12.057000
14.755000
10.603000
17.455000
13.358000
16.188000
7.287000
12.781000
10.571000
11.116000
15.270000
14.111000
11.393000
9.981000
12.460000
16.314000
13.955000
13.660000
13.332000
8.287000
13.287000
11.461000
13.005000
12.155000
12.839000
15.100000
15.152000
10.250000
12.192000
10.093000
18.680000
5.827000
11.279000
8.880000
13.244000
16.805000
15.170000
13.057000
18.548000
9.884000
14.743000
10.400000
12.450000
10.669000
12.782000
3.659000
9.329000
11.339000
15.223000
14.134000
6.311000
14.646000
11.989000
14.036000
11.723000
7.913000
17.096000
8.855000
12.962000
16.382000
16.238000
6.942000
18.787000
12.723000
14.268000
5.511000
16.528000
14.549000
12.794000
9.143000
13.711000
10.010000
14.880000
10.968000
14.385000
22.088000
13.353000
9.934000
9.865000
10.115000
8.787000
7.255000
3.952000
9.416000
13.270000
11.540000
13.217000
7.648000
12.041000
11.099000
12.722000
11.928000
8.271000
11.617000
9.419000
26.585000
11.131000
14.234000
12.084000
12.065000
6.126000
13.044000
16.457000
8.670000
7.920000
8.561000
20.982000
13.412000
6.673000
7.363000
10.109000
10.308000
10.463000
10.594000
5.792000
6.940000
10.048000
11.393000
10.554000
13.595000
11.850000
10.449000
15.069000
13.439000
7.533000
4.377000
6.277000
12.700000
13.620000
16.941000
8.495000
17.190000
7.568000
7.924000
14.016000
15.549000
11.727000
10.364000
17.728000
7.286000
16.323000
6.635000
14.248000
14.427000
14.148000
9.115000
11.211000
12.018000
21.371000
12.278000
12.246000
6.570000
9.015000
10.325000
15.041000
16.144000
17.145000
11.463000
3.374000
12.722000
5.652000
13.302000
11.264000
6.974000
17.177000
10.881000
12.943000
11.032000
15.195000
11.749000
15.219000
16.232000
10.442000
15.371000
16.315000
15.583000
17.021000
11.853000
13.026000
8.554000
17.770000
12.005000
4.995000
17.461000
11.836000
9.138000
4.943000
8.930000
10.487000
11.492000
10.401000
18.072000
8.702000
12.139000
9.156000
15.168000
8.313000
10.998000
9.921000
9.909000
7.243000
16.959000
10.955000
13.423000
7.803000
13.615000
17.927000
9.928000
12.318000
13.353000
9.933000
11.410000
19.446000
11.373000
4.529000
14.651000
12.887000
13.602000
10.523000
10.550000
15.300000
19.205000
13.555000
6.037000
11.860000
13.198000
12.180000
14.162000
14.607000
8.663000
9.897000
4.615000
11.251000
10.633000
16.858000
8.685000
7.519000
6.940000
12.748000
7.750000
8.283000
10.726000
13.036000
9.208000
14.900000
12.911000
12.172000
14.002000
8.666000
13.469000
6.880000
7.679000
6.219000
7.588000
10.176000
11.744000
12.644000
7.155000
12.057000
10.392000
11.349000
10.239000
7.822000
10.170000
4.853000
6.030000
6.105000
8.745000
13.299000
11.173000
8.352000
14.476000
8.491000
4.015000
10.331000
4.115000
7.370000
2.621000
5.503000
11.005000
11.232000
10.792000
14.430000
14.749000
15.532000
3.956000
5.803000
5.658000
12.328000
5.442000
11.034000
13.488000
10.686000
11.623000
15.355000
7.003000
11.592000
13.698000
6.941000
7.205000
14.957000
13.454000
8.082000
4.925000
13.613000
11.899000
4.674000
8.176000
6.143000
8.011000
9.245000
9.618000
5.977000
10.089000
9.876000
5.252000
13.918000
23.322000
12.233000
6.265000
9.604000
13.737000
12.281000
14.956000
15.411000
10.516000
6.815000
7.415000
10.179000
8.079000
8.752000
5.859000
11.034000
7.978000
5.363000
13.452000
6.683000
12.678000
10.126000
12.216000
10.600000
13.840000
8.849000
9.177000
16.051000
8.352000
10.555000
7.336000
6.386000
4.449000
13.285000
9.495000
8.806000
9.021000
11.034000
14.405000
2.285000
12.302000
10.876000
12.706000
8.831000
9.025000
10.250000
6.135000
9.711000
12.937000
12.172000
11.401000
11.428000
15.619000
9.439000
13.983000
14.885000
14.305000
13.267000
7.318000
8.104000
7.070000
8.863000
11.547000
12.015000
14.471000
10.377000
8.047000
9.533000
15.790000
16.263000
7.561000
13.774000
16.361000
15.205000
5.684000
11.568000
7.981000
6.880000
12.010000
8.984000
9.907000
2.469000
12.392000
7.647000
7.124000
13.620000
13.091000
13.069000
14.980000
8.357000
13.083000
1.451000
8.639000
4.079000
15.409000
0.000000
7.236000
13.887000
5.356000
7.818000
7.869000
2.149000
10.294000
10.237000
10.813000
10.357000
8.633000
5.262000
9.402000
12.076000
12.890000
6.785000
10.841000
17.504000
9.807000
14.220000
7.933000
13.044000
5.357000
11.806000
3.305000
11.707000
10.012000
1.817000
6.516000
6.676000
4.600000
12.258000
4.523000
7.129000
15.454000
14.179000
13.170000
12.930000
11.861000
3.867000
10.342000
10.035000
18.650000
11.664000
4.124000
9.390000
12.698000
9.311000
7.102000
12.408000
8.253000
4.418000
14.300000
12.563000
11.077000
12.410000
4.827000
9.638000
6.501000
8.000000
3.868000
12.042000
8.499000
4.568000
16.765000
7.955000
15.915000
9.605000
13.169000
14.510000
11.520000
10.949000
12.057000
10.252000
8.954000
10.914000
9.885000
10.835000
10.788000
10.704000
5.146000
7.034000
9.975000
8.654000
4.267000
15.782000
8.939000
9.260000
8.283000
6.819000
10.615000
5.145000
9.743000
7.024000
2.586000
5.222000
9.671000
3.485000
7.266000
6.569000
6.227000
15.947000
11.750000
11.174000
9.845000
4.517000
10.658000
11.697000
11.404000
5.666000
5.219000
2.245000
13.526000
8.858000
17.009000
5.983000
10.866000
9.992000
8.538000
6.715000
14.480000
4.270000
13.092000
12.220000
10.670000
14.231000
1.558000
13.387000
6.069000
10.323000
7.189000
3.072000
9.249000
8.862000
10.229000
10.226000
5.415000
13.595000
12.511000
11.952000
3.688000
4.720000
8.804000
7.139000
10.793000
12.908000
10.771000
7.192000
8.169000
6.089000
7.748000
14.310000
9.967000
19.062000
6.981000
4.902000
9.858000
10.641000
7.753000
12.964000
11.235000
13.302000
10.049000
11.863000
12.793000
12.536000
8.707000
10.546000
5.985000
8.404000
11.860000
11.104000
7.752000
6.823000
4.288000
13.235000
12.287000
14.626000
14.892000
12.232000
13.554000
16.756000
8.592000
15.303000
5.648000
12.885000
8.049000
6.957000
11.170000
8.399000
13.566000
13.561000
4.233000
11.301000
9.212000
9.863000
15.097000
7.870000
7.058000
7.630000
12.777000
11.010000
17.009000
10.694000
11.563000
12.725000
6.849000
6.104000
3.785000
9.355000
8.479000
13.304000
11.045000
5.279000
9.792000
5.394000
12.212000
13.624000
8.706000
8.915000
12.515000
12.666000
10.729000
9.963000
6.594000
12.332000
5.224000
10.354000
4.123000
12.846000
7.738000
10.445000
11.214000
12.813000
11.017000
15.816000
8.680000
8.736000
12.917000
10.697000
10.645000
8.817000
8.547000
6.878000
10.898000
9.149000
11.542000
14.090000
14.019000
9.042000
14.196000
13.311000
10.476000
11.456000
14.152000
15.806000
14.512000
9.361000
10.154000
13.906000
11.089000
14.049000
11.746000
12.975000
10.048000
3.953000
14.449000
7.486000
12.245000
11.150000
11.761000
9.226000
12.020000
7.935000
9.377000
8.517000
10.760000
6.707000
13.585000
5.922000
12.855000
10.233000
7.840000
9.065000
12.973000
13.044000
9.843000
14.088000
9.200000
4.232000
9.816000
8.435000
5.516000
9.914000
13.238000
18.716000
14.927000
12.234000
11.062000
12.377000
6.996000
13.008000
11.941000
9.739000
11.221000
8.173000
6.105000
18.403000
3.357000
12.040000
12.125000
9.427000
6.550000
10.164000
14.264000
18.053000
7.150000
4.329000
9.809000
6.230000
10.702000
6.760000
7.768000
6.043000
12.832000
11.374000
11.462000
8.605000
9.781000
4.403000
14.638000
15.965000
8.366000
12.453000
9.541000
13.010000
6.811000
12.874000
5.143000
11.484000
10.165000
10.422000
7.893000
20.792000
10.517000
13.213000
14.299000
8.604000
19.335000
6.915000
14.790000
12.193000
9.387000
8.293000
10.358000
10.390000
9.571000
9.495000
7.173000
12.316000
12.059000
16.448000
11.651000
14.738000
9.127000
13.732000
15.823000
11.401000
8.686000
7.063000
8.687000
4.553000
9.462000
8.120000
3.362000
8.478000
15.076000
8.248000
12.066000
11.341000
10.444000
5.233000
14.969000
12.678000
9.005000
11.173000
3.109000
13.254000
13.480000
14.565000
12.030000
7.717000
11.510000
8.682000
10.330000
16.191000
8.881000
14.608000
8.846000
10.755000
11.731000
11.103000
13.825000
3.649000
10.433000
14.021000
14.503000
4.971000
11.783000
13.625000
16.822000
12.077000
5.759000
15.073000
13.099000
4.940000
9.081000
14.002000
16.383000
10.720000
11.348000
17.259000
15.115000
13.959000
13.273000
10.147000
6.452000
8.983000
14.448000
4.933000
12.658000
10.239000
8.271000
8.815000
9.288000
17.223000
12.523000
15.107000
8.238000
8.631000
17.184000
14.063000
13.136000
12.630000
6.779000
13.309000
14.585000
13.047000
13.951000
12.835000
13.233000
13.970000
6.977000
11.660000
16.566000
10.588000
13.654000
7.488000
7.014000
4.297000
15.202000
11.778000
10.498000
8.520000
8.732000
12.377000
13.529000
5.089000
7.175000
7.779000
14.162000
4.005000
3.454000
13.376000
10.689000
12.405000
13.724000
7.414000
8.832000
2.550000
11.405000
7.766000
8.601000
10.808000
6.963000
10.101000
12.584000
11.295000
17.767000
10.071000
7.678000
13.353000
10.270000
13.000000
7.628000
8.704000
10.392000
12.025000
9.038000
11.748000
10.070000
5.374000
8.344000
14.065000
6.258000
8.279000
8.037000
8.367000
8.749000
6.168000
5.267000
9.498000
14.052000
11.441000
9.829000
6.358000
13.488000
7.324000
5.584000
2.172000
10.728000
8.853000
11.378000
6.223000
5.072000
8.429000
13.601000
11.343000
10.605000
10.333000
10.549000
12.864000
8.682000
13.226000
7.756000
8.816000
13.654000
9.008000
6.234000
8.700000
10.436000
7.983000
9.607000
6.997000
12.907000
3.898000
8.354000
4.378000
10.511000
8.963000
11.110000
7.427000
2.900000
6.805000
10.078000
6.940000
6.006000
11.280000
9.556000
12.723000
7.968000
8.295000
6.569000
6.194000
10.261000
1.966000
6.272000
9.676000
8.570000
6.206000
4.385000
6.583000
3.588000
6.481000
2.705000
6.620000
8.536000
4.604000
5.822000
8.575000
3.744000
10.183000
4.834000
12.004000
4.791000
11.497000
5.898000
9.629000
11.422000
10.756000
9.345000
12.302000
6.684000
11.293000
2.757000
5.800000
12.196000
5.964000
7.180000
10.317000
6.752000
15.809000
10.225000
7.256000
11.572000
4.978000
7.589000
5.929000
4.297000
7.975000
13.217000
8.861000
14.871000
7.292000
4.460000
6.492000
7.731000
15.831000
5.160000
5.663000
8.347000
10.291000
9.000000
6.803000
5.413000
17.272000
6.422000
11.386000
6.127000
6.872000
10.695000
5.422000
8.888000
13.505000
7.113000
6.782000
7.366000
11.217000
3.658000
9.077000
15.279000
7.528000
4.271000
3.874000
8.592000
17.765000
3.053000
3.166000
20.033000
0.893000
9.282000
7.471000
7.109000
7.052000
9.384000
10.974000
3.075000
3.317000
10.920000
7.758000
8.659000
17.582000
7.598000
8.381000
13.153000
10.601000
17.587000
7.043000
7.462000
9.619000
6.499000
16.533000
10.053000
4.896000
14.401000
15.092000
5.720000
5.716000
11.928000
13.580000
13.102000
15.191000
6.580000
9.500000
6.477000
11.899000
10.902000
11.222000
12.743000
20.834000
4.013000
14.443000
8.651000
6.432000
4.886000
17.518000
11.284000
9.150000
7.592000
12.045000
13.107000
15.580000
7.149000
9.258000
12.309000
3.171000
6.299000
7.025000
10.267000
6.510000
14.778000
6.617000
6.841000
10.513000
5.190000
10.719000
6.597000
7.024000
9.001000
8.980000
20.788000
4.221000
8.905000
10.066000
7.475000
16.078000
14.941000
10.945000
4.895000
10.469000
8.417000
15.395000
10.541000
14.287000
6.000000
4.557000
11.341000
18.625000
13.932000
10.287000
9.949000
9.750000
10.429000
14.944000
4.978000
11.569000
9.483000
10.878000
11.080000
6.980000
17.308000
14.192000
15.285000
21.233000
15.026000
6.868000
16.041000
10.872000
10.518000
12.616000
7.572000
20.298000
17.472000
15.442000
12.328000
10.923000
10.778000
9.278000
19.740000
15.733000
17.586000
4.252000
11.693000
10.709000
9.875000
5.384000
13.899000
7.489000
9.716000
10.310000
11.870000
11.340000
9.795000
10.789000
12.444000
10.612000
16.395000
10.873000
14.482000
6.859000
20.136000
11.114000
21.643000
9.613000
17.054000
11.706000
15.218000
9.607000
12.991000
10.754000
16.726000
9.079000
14.732000
8.173000
20.329000
13.198000
4.952000
10.644000
15.994000
3.948000
15.345000
11.932000
15.045000
12.962000
20.011000
15.370000
18.415000
22.080000
11.211000
11.954000
12.706000
17.160000
11.945000
7.517000
12.864000
8.360000
8.982000
14.932000
15.913000
5.359000
11.662000
3.862000
13.917000
11.237000
16.078000
12.944000
20.082000
20.787000
15.867000
11.477000
14.829000
4.755000
15.855000
7.717000
16.260000
16.339000
2.615000
8.168000
7.922000
14.080000
7.940000
14.292000
16.075000
5.689000
15.953000
9.440000
7.038000
17.151000
11.602000
12.736000
8.493000
9.890000
15.092000
11.709000
16.912000
9.248000
16.267000
13.551000
16.277000
12.325000
13.584000
8.465000
17.377000
16.974000
12.651000
17.416000
12.703000
18.243000
13.354000
11.716000
13.710000
15.579000
6.158000
13.549000
17.636000
12.569000
15.473000
8.941000
13.238000
11.674000
8.888000
11.419000
14.659000
8.682000
4.739000
12.551000
13.373000
11.898000
8.805000
11.775000
14.176000
14.553000
14.241000
7.101000
10.664000
16.747000
17.920000
5.990000
18.257000
13.487000
7.787000
3.521000
15.646000
15.478000
7.294000
11.977000
12.298000
7.756000
11.684000
12.200000
14.077000
14.488000
16.696000
11.841000
11.046000
14.606000
16.841000
19.132000
12.794000
11.209000
15.902000
7.442000
15.038000
20.645000
15.478000
12.836000
12.909000
8.546000
16.009000
16.272000
10.140000
11.369000
8.512000
10.705000
12.957000
9.720000
14.772000
14.153000
10.966000
13.465000
11.323000
16.915000
13.357000
12.653000
14.384000
14.925000
14.400000
13.508000
16.969000
11.016000
8.464000
15.099000
14.674000
10.947000
6.871000
9.245000
11.344000
17.556000
15.480000
8.314000
15.181000
10.973000
18.898000
12.119000
13.660000
11.892000
14.309000
11.761000
14.392000
8.512000
15.146000
8.492000
16.191000
15.359000
10.338000
9.250000
12.728000
12.308000
11.952000
11.712000
14.994000
15.296000
19.709000
15.110000
8.329000
17.856000
15.689000
10.171000
8.998000
15.503000
13.110000
15.411000
14.477000
12.188000
12.586000
11.357000
17.564000
13.973000
12.909000
15.183000
7.816000
17.819000
12.926000
12.285000
11.480000
10.487000
18.526000
14.710000
9.122000
9.265000
12.855000
15.590000
12.041000
12.562000
11.299000
8.727000
13.579000
11.374000
16.150000
12.343000
9.722000
12.643000
18.214000
12.622000
9.710000
8.660000
14.141000
13.636000
15.267000
13.548000
16.566000
12.138000
7.944000
15.227000
14.500000
14.860000
17.528000
15.826000
11.195000
9.596000
13.713000
10.809000
16.696000
16.647000
11.827000
16.448000
16.609000
12.048000
14.362000
0.000000
16.754000
17.678000
11.789000
15.134000
12.553000
16.892000
6.011000
13.776000
16.964000
13.707000
12.291000
9.980000
9.462000
11.875000
11.205000
13.659000
15.397000
17.307000
11.099000
16.186000
10.293000
10.718000
7.359000
15.289000
16.282000
16.148000
14.659000
8.592000
12.141000
15.422000
15.690000
12.691000
11.782000
16.922000
16.232000
5.483000
12.734000
14.330000
15.288000
8.959000
14.875000
13.567000
16.197000
13.203000
17.979000
11.434000
10.897000
20.263000
13.345000
17.395000
14.723000
17.028000
10.421000
17.022000
12.494000
8.927000
11.774000
18.027000
12.936000
10.103000
10.804000
9.801000
17.266000
14.607000
10.802000
17.547000
9.431000
14.765000
12.558000
15.384000
11.142000
0.000000
14.721000
10.989000
11.460000
12.891000
15.982000
17.213000
15.841000
10.642000
15.569000
9.166000
12.721000
17.156000
10.939000
7.952000
7.135000
16.154000
13.164000
15.126000
10.486000
11.103000
7.261000
5.393000
8.952000
16.656000
14.157000
6.877000
15.322000
14.626000
15.604000
8.228000
10.987000
14.180000
6.548000
19.086000
12.343000
11.689000
5.828000
14.430000
12.631000
8.943000
11.386000
0.000000
11.785000
20.006000
0.000000
0.000000
0.304000
0.000000
0.000000
0.000000
0.804000
0.000000
12.140000
0.000000
13.466000
0.000000
0.000000
0.000000
0.000000
0.000000
0.000000
0.000000
8.800000
0.000000
0.000000
0.000000
0.000000
8.320000
1.544000
0.000000
0.000000
0.000000
7.977000
0.000000
0.000000
0.000000
0.000000
8.909000
0.000000
10.389000
10.165000
0.000000
0.000000
0.000000
0.000000
1.178000
7.268000
0.000000
12.589000
0.000000
0.000000
0.000000
9.274000
4.127000
7.525000
0.000000
11.207000
7.427000
0.000000
8.473000
8.879000
0.000000
6.514000
0.000000
2.342000
0.000000
12.714000
10.992000
12.889000
0.000000
7.396000
10.858000
0.000000
0.470000
16.554000
0.506000
7.809000
9.297000
0.000000
12.655000
0.000000
2.708000
10.284000
0.000000
10.546000
7.922000
0.000000
14.371000
5.978000
8.546000
0.000000
0.000000
5.208000
0.415000
11.629000
0.000000
10.829000
10.584000
6.719000
0.000000
10.737000
6.781000
11.603000
0.000000
10.406000
8.525000
3.844000
12.344000
6.577000
12.452000
12.096000
7.580000
13.601000
12.680000
0.000000
0.000000
0.000000
0.139000
4.916000
9.586000
0.000000
13.565000
8.388000
8.429000
0.000000
0.000000
11.683000
13.381000
0.000000
0.161000
0.000000
0.000000
6.682000
7.083000
0.000000
3.417000
3.012000
9.763000
1.654000
0.979000
7.605000
0.000000
3.774000
15.776000
9.090000
13.588000
0.000000
7.597000
10.171000
0.000000
0.000000
0.000000
7.663000
13.720000
14.942000
12.649000
11.942000
0.000000
12.719000
7.603000
11.310000
12.527000
13.385000
0.000000
7.827000
0.000000
6.969000
6.527000
0.000000
0.000000
6.364000
0.000000
13.765000
0.000000
11.538000
9.217000
0.000000
3.636000
16.241000
10.503000
13.871000
13.090000
8.412000
0.000000
11.868000
10.265000
7.849000
0.000000
10.659000
8.329000
5.468000
3.317000
0.000000
9.563000
12.388000
5.149000
7.596000
1.339000
9.020000
12.528000
8.357000
3.992000
6.811000
9.045000
4.995000
6.399000
10.414000
9.161000
5.542000
2.322000
6.243000
0.000000
5.752000
7.305000
5.332000
11.512000
13.056000
8.820000
0.000000
9.414000
10.140000
8.809000
5.429000
9.528000
0.000000
7.798000
14.347000
1.672000
7.373000
11.579000
11.705000
8.734000
8.936000
7.502000
10.106000
8.558000
4.573000
0.000000
10.937000
11.656000
0.000000
7.597000
2.263000
5.548000
10.707000
9.610000
13.748000
5.527000
3.532000
8.119000
6.417000
6.617000
7.411000
6.539000
2.921000
5.221000
11.828000
2.580000
11.958000
3.777000
7.336000
3.628000
9.223000
4.479000
3.267000
5.931000
6.209000
5.289000
9.807000
4.674000
0.763000
5.672000
7.780000
0.000000
7.496000
10.404000
9.431000
8.659000
5.726000
6.307000
7.539000
11.045000
4.459000
10.879000
1.006000
2.265000
1.655000
1.719000
2.045000
0.000000
7.802000
6.267000
4.463000
2.764000
5.280000
4.403000
0.589000
5.821000
0.766000
1.074000
9.187000
0.996000
0.842000
3.145000
0.000000
2.139000
3.367000
0.572000
2.760000
0.000000
8.577000
0.000000
3.682000
2.483000
0.000000
4.346000
1.093000
2.223000
3.150000
2.659000
1.099000
1.745000
5.757000
4.053000
0.000000
2.691000
4.405000
2.679000
4.011000
0.000000
0.205000
0.000000
0.000000
1.360000
0.000000
0.984000
2.283000
0.888000
0.000000
3.173000
0.000000
4.049000
1.501000
0.000000
0.000000
0.234000
0.000000
0.154000
0.000000
1.940000
0.000000
0.000000
5.432000
0.000000
0.000000
0.000000
0.945000
0.000000
0.000000
0.000000
0.450000
0.000000
0.000000
0.000000
0.000000
0.000000
0.000000
0.000000
0.000000
8.887000
0.000000
0.000000
0.000000
0.000000
0.000000
0.936000
0.000000
0.000000
1.378000
0.000000
0.000000
0.000000
0.500000
0.000000
0.359000
0.000000
5.637000
0.000000
0.000000
0.887000
0.000000
0.773000
1.592000
3.364000
0.000000
0.889000
0.000000
0.000000
0.000000
0.000000
0.000000
0.000000
0.000000
0.000000
0.000000
0.000000
0.000000
1.501000
0.000000
0.000000
0.000000
0.258000
0.978000
0.000000
0.254000
0.000000
0.000000
0.000000
0.000000
0.000000
0.000000
0.000000
3.037000
0.000000
0.000000
0.000000
0.000000
0.000000
0.000000
0.000000
0.000000
0.000000
0.160000
0.000000
0.000000
0.000000
0.000000
1.440000
0.000000
0.000000
0.000000
0.000000
0.000000
0.000000
0.000000
0.000000
0.000000
0.000000
1.536000
0.732000
0.000000
0.010000
0.000000
0.000000
0.000000
0.000000
0.000000
0.000000
0.000000
0.000000
0.000000
0.000000
0.909000
0.000000
0.000000
0.000000
0.000000
0.000000
0.000000
0.000000
0.000000
0.000000
0.000000
0.000000
0.000000
0.000000
0.000000
0.000000
0.000000
0.000000
0.000000
0.000000
0.000000
3.155000
0.000000
0.190000
1.206000
0.000000
0.000000
0.000000
0.000000
0.000000
0.952000
0.000000
1.025000
1.565000
0.000000
0.000000
0.000000
0.000000
0.000000
1.278000
0.000000
0.316000
0.000000
0.000000
0.000000
0.000000
0.000000
0.156000
0.000000
0.000000
0.000000
1.173000
0.000000
0.269000
0.038000
2.574000
0.000000
0.000000
0.000000
0.000000
0.000000
0.238000
0.000000
0.000000
0.000000
0.000000
1.829000
0.000000
0.000000
0.000000
0.392000
0.000000
1.572000
0.000000
2.795000
0.000000
0.000000
0.000000
0.729000
0.000000
0.000000
0.000000
0.000000
0.000000
0.000000
0.000000
0.500000
0.000000
0.000000
0.000000
0.000000
0.000000
2.102000
0.000000
0.000000
0.000000
0.000000
0.000000
0.000000
0.000000
0.802000
0.057000
0.000000
0.000000
1.319000
0.000000
0.000000
0.000000
1.242000
1.689000
0.000000
0.963000
0.000000
0.000000
0.000000
0.000000
0.000000
0.000000
0.000000
0.000000
0.000000
0.000000
0.000000
0.000000
0.885000
0.000000
0.000000
0.000000
0.000000
0.000000
0.000000
0.000000
0.000000
0.127000
0.000000
0.000000
0.000000
0.000000
0.000000
1.208000
0.184000
0.176000
0.000000
0.000000
0.000000
0.000000
0.621000
1.913000
0.000000
0.000000
1.313000
0.000000
0.617000
0.000000
1.199000
0.000000
0.000000
0.000000
0.580000
0.000000
0.000000
0.000000
0.775000
0.000000
0.000000
0.000000
0.000000
0.000000
0.000000
0.000000
2.842000
0.000000
2.478000
0.000000
0.000000
0.180000
1.994000
0.529000
1.393000
1.553000
0.000000
0.000000
0.000000
0.000000
0.000000
0.000000
0.000000
0.000000
0.000000
0.000000
0.000000
0.000000
0.596000
0.000000
1.196000
0.000000
0.000000
1.049000
0.439000
0.229000
0.000000
0.000000
0.000000
0.000000
0.000000
0.101000
0.000000
2.202000
0.903000
0.000000
0.000000
3.663000
0.000000
0.000000
0.000000
0.000000
0.000000
0.068000
0.000000
0.000000
0.000000
1.665000
0.000000
0.000000
0.610000
0.000000
0.010000
0.000000
0.000000
1.939000
0.000000
0.000000
0.000000
0.000000
0.000000
0.000000
1.445000
0.042000
0.000000
0.607000
1.454000
0.528000
0.000000
0.000000
0.239000
0.000000
0.000000
0.000000
0.000000
0.000000
0.000000
0.047000
0.000000
1.754000
3.257000
3.743000
0.000000
2.169000
0.000000
0.000000
0.862000
0.000000
0.000000
0.000000
0.161000
0.000000
0.000000
0.000000
0.001000
0.000000
0.558000
0.000000
0.000000
0.000000
3.956000
0.000000
0.000000
0.000000
0.000000
0.000000
0.578000
0.000000
0.000000
0.000000
1.556000
0.087000
0.000000
0.000000
1.077000
0.571000
0.000000
0.000000
0.000000
0.000000
4.187000
0.000000
1.175000
0.000000
0.000000
0.000000
0.000000
0.000000
0.000000
0.000000
0.000000
0.000000
0.996000
0.000000
0.000000
0.000000
1.417000
2.093000
0.000000
0.000000
3.817000
0.000000
2.709000
0.000000
0.000000
0.000000
0.000000
0.000000
0.000000
0.000000
0.000000
0.107000
0.000000
0.000000
2.157000
0.000000
0.138000
0.000000
0.000000
0.000000
0.000000
2.663000
0.837000
0.000000
0.000000
0.355000
0.000000
0.000000
0.000000
0.000000
0.000000
0.000000
0.000000
0.502000
0.000000
2.728000
0.000000
0.000000
0.000000
1.242000
0.507000
0.000000
0.000000
0.000000
0.000000
1.809000
2.119000
2.136000
0.594000
0.000000
0.103000
0.000000
0.000000
2.004000
0.000000
0.000000
0.000000
0.000000
0.000000
3.370000
1.543000
0.000000
0.000000
0.000000
0.000000
0.000000
0.000000
0.268000
0.570000
0.000000
0.000000
0.000000
0.000000
0.859000
0.000000
0.000000
0.000000
0.000000
0.000000
0.000000
0.000000
0.000000
0.822000
0.138000
1.503000
0.000000
0.000000
1.005000
0.000000
2.443000
0.000000
2.850000
0.000000
0.000000
0.000000
0.000000
2.205000
0.000000
0.000000
0.000000
0.007000
1.463000
0.131000
0.000000
0.732000
0.000000
0.000000
0.000000
0.000000
0.000000
0.226000
0.000000
0.000000
0.000000
0.000000
1.947000
2.573000
0.000000
0.000000
0.194000
0.030000
0.891000
0.000000
0.568000
0.000000
0.000000
1.662000
0.836000
0.250000
0.097000
0.000000
3.502000
0.000000
0.000000
3.261000
0.179000
0.000000
0.918000
0.000000
0.000000
3.961000
0.000000
0.402000
0.000000
0.000000
2.708000
0.000000
0.000000
0.045000
0.000000
0.374000
0.000000
0.000000
0.112000
0.000000
0.000000
0.000000
0.082000
0.637000
0.184000
0.106000
4.017000
1.060000
1.557000
0.000000
2.046000
0.000000
0.000000
0.000000
0.000000
0.000000
0.000000
0.133000
0.000000
2.095000
0.000000
0.000000
1.094000
0.000000
0.000000
0.000000
0.000000
0.000000
0.034000
0.415000
1.328000
0.000000
2.592000
0.000000
0.000000
0.000000
1.619000
0.000000
0.000000
1.587000
0.906000
0.000000
1.903000
0.000000
0.000000
0.000000
0.000000
0.000000
0.000000
0.778000
0.000000
0.000000
0.000000
0.000000
0.000000
1.639000
0.548000
0.000000
0.000000
0.000000
0.989000
0.000000
0.277000
1.929000
0.000000
0.000000
0.416000
2.548000
0.000000
0.063000
0.000000
0.000000
0.000000
1.113000
0.997000
0.000000
1.731000
0.000000
0.000000
0.000000
0.000000
0.000000
0.000000
0.000000
0.931000
0.000000
0.000000
0.000000
0.000000
0.000000
0.096000
0.000000
1.071000
1.847000
1.074000
0.000000
0.351000
0.096000
0.364000
0.000000
0.536000
0.000000
0.000000
3.347000
0.503000
1.229000
0.000000
0.000000
0.000000
0.000000
0.000000
0.423000
0.000000
0.017000
1.752000
0.000000
0.000000
0.000000
0.000000
0.000000
0.000000
0.000000
0.000000
0.000000
0.540000
2.276000
0.000000
0.000000
2.542000
0.000000
0.000000
0.000000
0.000000
0.141000
0.000000
0.000000
0.000000
0.000000
0.000000
0.340000
0.627000
0.000000
0.000000
0.000000
0.000000
0.000000
0.000000
0.000000
0.000000
0.000000
1.151000
0.000000
0.000000
0.989000
0.086000
0.000000
0.000000
0.000000
0.000000
0.000000
0.000000
0.000000
0.000000
0.000000
0.000000
0.000000
0.000000
0.000000
0.000000
0.837000
0.001000
0.000000
0.000000
0.000000
0.300000
0.000000
1.047000
0.000000
0.000000
0.144000
0.000000
0.000000
0.000000
0.000000
0.000000
0.256000
0.000000
0.000000
0.000000
0.000000
0.000000
0.000000
0.000000
0.000000
0.908000
0.000000
0.115000
0.000000
0.000000
0.459000
0.000000
0.000000
0.000000
0.000000
0.331000
0.810000
0.000000
0.048000
0.000000
0.000000
0.000000
0.000000
0.000000
0.000000
0.000000
0.000000
0.065000
0.000000
0.000000
0.000000
1.102000
1.322000
0.000000
0.000000
1.355000
0.000000
0.000000
0.184000
0.716000
0.000000
0.543000
0.000000
0.000000
0.000000
0.000000
0.024000
0.054000
0.000000
0.000000
0.000000
0.000000
0.000000
0.000000
1.242000
0.000000
0.000000
0.000000
0.000000
0.286000
0.000000
0.057000
0.000000
0.000000
0.000000
0.000000
0.000000
0.000000
0.000000
0.000000
0.000000
0.000000
1.493000
0.000000
0.000000
0.000000
0.000000
0.000000
0.000000
0.000000
0.000000
0.182000
1.208000
0.007000
0.399000
0.000000
0.000000
0.040000
0.000000
0.000000
0.000000
0.000000
0.019000
0.000000
0.000000
0.158000
0.000000
0.000000
0.000000
0.000000
1.805000
0.069000
0.038000
0.000000
0.000000
0.000000
0.023000
0.000000
0.000000
0.031000
0.000000
0.000000
0.000000
0.000000
0.000000
0.000000
0.000000
0.000000
0.000000
0.000000
0.000000
0.000000
0.000000
0.003000
0.000000
0.000000
0.000000
0.510000
0.000000
1.510000
0.000000
0.000000
0.000000
0.000000
0.000000
0.745000
0.000000
0.275000
0.000000
0.265000
0.000000
1.013000
0.000000
0.000000
0.478000
0.000000
0.000000
0.000000
0.010000
0.000000
0.000000
0.000000
0.427000
0.000000
0.000000
0.237000
0.361000
0.000000
0.000000
0.000000
0.051000
2.220000
0.000000
0.006000
0.000000
0.000000
0.524000
0.318000
0.000000
0.000000
0.000000
1.167000
0.000000
0.637000
0.000000
0.479000
0.000000
0.000000
0.769000
0.000000
0.000000
0.111000
0.000000
0.111000
0.000000
0.000000
0.016000
0.000000
0.382000
0.000000
0.000000
0.000000
0.243000
0.000000
0.000000
0.000000
0.000000
0.000000
0.000000
0.000000
0.000000
0.000000
0.000000
0.000000
0.000000
0.000000
0.000000
0.704000
0.000000
0.000000
0.037000
0.000000
0.000000
0.000000
0.306000
0.071000
0.000000
0.000000
0.000000
0.000000
0.000000
0.000000
0.000000
0.520000
0.000000
0.000000
0.000000
0.000000
0.000000
0.051000
0.000000
0.277000
0.151000
0.000000
0.000000
0.000000
0.000000
0.000000
0.000000
0.190000
0.009000
0.000000
0.000000
0.001000
0.000000
0.483000
1.658000
0.000000
0.000000
0.492000
0.000000
0.000000
0.000000
0.000000
0.000000
0.000000
0.000000
0.522000
0.000000
0.000000
0.000000
0.000000
0.000000
0.000000
0.000000
0.000000
0.023000
0.000000
0.000000
0.000000
0.000000
0.000000
0.000000
0.000000
0.024000
0.000000
0.000000
0.055000
0.000000
0.000000
0.000000
0.000000
0.061000
0.000000
0.000000
0.000000
0.000000
0.000000
0.356000
0.000000
0.000000
0.000000
0.000000
0.000000
0.507000
0.559000
0.000000
0.000000
0.000000
0.000000
0.000000
0.000000
0.000000
0.000000
0.000000
0.000000
0.000000
0.041000
0.000000
0.000000
0.000000
0.000000
0.000000
0.000000
0.000000
0.000000
0.303000
0.000000
0.000000
0.000000
0.047000
0.000000
0.000000
0.142000
0.000000
0.000000
0.000000
0.000000
0.000000
0.000000
0.332000
0.154000
0.000000
0.000000
0.000000
0.000000
0.000000
0.001000
0.000000
0.000000
0.000000
0.000000
0.000000
0.619000
0.000000
0.000000
0.000000
0.405000
0.000000
0.091000
0.000000
0.000000
0.000000
0.000000
0.000000
0.000000
0.000000
0.859000
0.000000
0.050000
0.000000
0.000000
0.000000
0.000000
0.000000
0.000000
0.000000
0.000000
0.000000
0.000000
1.787000
0.000000
0.000000
0.000000
0.000000
0.764000
0.000000
0.000000
0.000000
0.000000
0.000000
0.000000
0.000000
0.000000
0.000000
0.000000
0.000000
0.000000
0.000000
0.000000
0.050000
0.000000
0.000000
0.000000
0.000000
0.000000
0.000000
0.241000
0.000000
0.000000
0.000000
0.000000
0.056000
0.000000
0.000000
0.000000
0.000000
0.000000
0.000000
0.385000
0.000000
0.000000
0.000000
0.000000
0.375000
0.000000
0.000000
0.000000
0.000000
0.000000
0.000000
0.506000
0.000000
0.000000
0.000000
0.000000
0.000000
0.000000
0.000000
0.000000
0.000000
0.000000
0.000000
0.105000
0.000000
0.000000
0.000000
0.000000
0.000000
0.000000
0.162000
0.000000
0.000000
0.004000
0.000000
0.000000
0.000000
0.000000
0.000000
0.000000
0.000000
0.000000
0.000000
0.000000
0.000000
0.000000
0.000000
0.007000
0.000000
0.000000
0.000000
0.252000
0.000000
0.000000
0.000000
0.000000
0.000000
0.000000
0.000000
0.000000
0.254000
0.000000
0.000000
0.000000
0.000000
0.000000
0.000000
0.389000
0.645000
0.000000
0.000000
0.000000
0.000000
0.000000
0.000000
0.000000
0.000000
0.000000
0.000000
0.004000
0.000000
0.000000
0.000000
0.000000
0.000000
0.047000
0.000000
0.000000
0.000000
0.000000
0.000000
0.000000
0.000000
0.149000
0.000000
0.000000
0.000000
0.000000
0.000000
0.000000
0.000000
0.000000
0.155000
0.000000
0.000000
0.000000
0.000000
0.000000
0.000000
0.148000
0.000000
0.000000
0.000000
0.000000
0.000000
0.319000
0.034000
0.073000
0.000000
0.000000
0.000000
0.000000
0.000000
0.293000
0.000000
0.000000
0.000000
0.000000
0.002000
0.000000
0.000000
1.238000
0.000000
0.000000
0.000000
0.000000
0.000000
0.000000
0.000000
1.416000
0.000000
0.576000
0.000000
0.000000
0.000000
0.780000
0.000000
0.000000
0.000000
0.000000
0.000000
0.000000
0.000000
0.000000
0.000000
0.000000
0.000000
0.000000
0.000000
0.000000
0.183000
0.000000
0.000000
0.104000
0.000000
0.519000
0.000000
0.000000
0.000000
0.000000
0.000000
0.042000
0.000000
0.000000
0.000000
0.000000
0.000000
0.000000
0.000000
0.000000
0.000000
0.000000
0.000000
0.005000
0.000000
0.000000
0.000000
0.000000
0.000000
0.000000
0.000000
0.000000
0.000000
0.000000
0.000000
0.000000
0.000000
0.000000
0.000000
0.000000
0.290000
0.000000
0.000000
0.074000
0.000000
0.072000
0.000000
0.000000
0.000000
0.000000
0.000000
0.000000
0.190000
0.000000
0.000000
0.000000
0.000000
0.000000
0.000000
0.000000
0.000000
0.000000
0.000000
0.000000
0.000000
0.000000
0.000000
0.435000
0.000000
0.000000
0.000000
0.000000
0.000000
0.000000
0.000000
0.223000
0.000000
0.178000
0.000000
0.000000
0.000000
0.000000
0.000000
0.000000
0.000000
0.000000
0.000000
0.000000
0.158000
0.000000
0.000000
0.000000
0.294000
0.000000
0.000000
0.000000
0.000000
0.000000
0.000000
0.000000
0.000000
0.000000
0.046000
0.000000
0.012000
0.000000
0.000000
0.000000
0.000000
0.000000
0.000000
0.000000
0.000000
0.000000
0.000000
0.000000
0.000000
0.000000
0.000000
0.000000
0.000000
0.000000
0.000000
0.025000
0.000000
0.000000
0.159000
0.000000
0.000000
0.000000
0.000000
0.000000
0.000000
0.000000
0.000000
0.000000
0.000000
0.000000
0.000000
0.509000
0.000000
0.000000
0.000000
0.000000
0.000000
0.000000
0.000000
0.000000
0.000000
0.000000
0.000000
0.000000
0.000000
0.000000
0.000000
0.000000
0.155000
0.000000
0.148000
0.000000
0.000000
0.000000
0.000000
0.038000
0.000000
0.000000
0.000000
0.000000
0.000000
0.000000
0.000000
0.000000
0.000000
0.000000
0.000000
0.000000
0.000000
0.000000
0.000000
0.000000
0.000000
0.000000
0.000000
0.000000
0.000000
0.000000
0.000000
0.000000
0.000000
0.000000
0.000000
0.006000
0.000000
0.000000
0.000000
0.086000
0.000000
0.000000
0.000000
0.000000
0.000000
0.000000
0.000000
0.000000
0.000000
0.000000
0.000000
0.000000
0.000000
0.000000
0.000000
0.015000
0.000000
0.000000
0.000000
0.000000
0.000000
0.137000
0.000000
0.000000
0.278000
0.126000
0.000000
0.000000
0.144000
0.067000
0.000000
0.000000
0.000000
0.000000
0.000000
0.000000
0.000000
0.000000
0.000000
0.000000
0.000000
0.000000
0.000000
0.000000
0.000000
0.000000
0.000000
0.000000
0.000000
0.000000
0.000000
0.259000
0.000000
0.082000
0.000000
0.000000
0.295000
0.000000
0.000000
0.000000
0.000000
0.000000
0.000000
0.000000
0.000000
0.000000
0.000000
0.032000
0.030000
0.000000
0.000000
0.000000
0.000000
0.000000
0.000000
0.000000
0.000000
0.000000
0.000000
0.000000
0.000000
0.000000
0.000000
0.009000
0.000000
0.000000
0.000000
0.000000
0.033000
0.000000
0.000000
0.000000
0.000000
0.000000
0.000000
0.000000
0.000000
0.000000
0.067000
0.000000
0.000000
0.000000
0.000000
0.000000
0.000000
0.000000
0.160000
0.000000
0.000000
0.000000
0.000000
0.000000
0.000000
0.000000
0.000000
0.000000
0.000000
0.000000
0.000000
0.207000
0.000000
0.000000
0.000000
0.000000
0.135000
0.000000
0.000000
0.000000
0.000000
0.000000
0.000000
0.000000
0.158000
0.000000
0.000000
0.000000
0.036000
0.000000
0.000000
0.000000
0.000000
0.066000
0.038000
0.002000
0.027000
0.000000
0.018000
0.000000
0.000000
0.000000
0.263000
0.000000
0.000000
0.000000
0.276000
0.096000
0.000000
0.000000
0.000000
0.000000
0.000000
0.000000
0.000000
0.000000
0.000000
0.000000
0.043000
0.000000
0.000000
0.000000
0.058000
0.000000
0.000000
0.000000
0.000000
0.000000
0.000000
0.000000
0.000000
0.055000
0.000000
0.000000
0.084000
0.000000
0.000000
0.022000
0.000000
0.000000
0.000000
0.000000
0.000000
0.000000
0.000000
0.000000
0.000000
0.000000
0.000000
0.000000
0.000000
0.000000
0.000000
0.000000
0.000000
0.000000
0.000000
0.000000
0.012000
0.000000
0.000000
0.000000
0.000000
0.000000
0.000000
0.000000
0.000000
0.000000
0.000000
0.000000
0.000000
0.000000
0.000000
0.095000
0.000000
0.000000
0.000000
0.000000
0.000000
0.000000
0.000000
0.000000
0.000000
0.000000
0.000000
0.000000
0.000000
0.000000
0.000000
0.000000
0.334000
0.000000
0.000000
0.000000
0.000000
0.000000
0.000000
0.000000
0.000000
0.000000
0.000000
0.000000
0.000000
0.000000
0.000000
0.000000
0.000000
0.000000
0.000000
0.000000
0.075000
0.048000
0.115000
0.000000
0.000000
0.000000
0.000000
0.000000
0.000000
0.000000
0.000000
0.000000
0.000000
0.000000
0.000000
0.000000
0.000000
0.000000
0.000000
0.000000
0.000000
0.000000
0.000000
0.000000
0.000000
0.000000
0.000000
0.000000
0.000000
0.075000
0.011000
0.000000
0.000000
0.000000
0.000000
0.000000
0.000000
0.116000
0.078000
0.000000
0.000000
0.000000
0.056000
0.000000
0.000000
0.000000
0.000000
0.000000
0.000000
0.000000
0.000000
0.000000
0.000000
0.000000
0.000000
0.000000
0.000000
0.039000
0.000000
0.000000
0.000000
0.000000
0.000000
0.000000
0.000000
0.000000
0.000000
0.000000
0.000000
0.000000
0.000000
0.000000
0.000000
0.000000
0.000000
0.043000
0.000000
0.045000
0.000000
0.000000
0.000000
0.033000
0.000000
0.000000
0.000000
0.000000
0.000000
0.000000
0.000000
0.000000
0.000000
0.000000
0.000000
0.000000
0.000000
0.000000
0.000000
0.000000
0.000000
0.000000
0.000000
0.000000
0.000000
0.199000
0.083000
0.000000
0.000000
0.000000
0.228000
0.000000
0.000000
0.000000
0.000000
0.000000
0.000000
0.000000
0.000000
0.000000
0.025000
0.000000
0.000000
0.000000
0.000000
0.000000
0.000000
0.000000
0.000000
0.000000
0.000000
0.000000
0.000000
0.000000
0.000000
0.000000
0.000000
0.000000
0.000000
0.000000
0.138000
0.076000
0.000000
0.000000
0.000000
0.000000
0.000000
0.000000
0.000000
0.000000
0.000000
0.000000
0.000000
0.000000
0.000000
0.000000
0.000000
0.000000
0.000000
0.000000
0.000000
0.000000
0.000000
0.000000
0.000000
0.000000
0.000000
0.000000
0.000000
0.000000
0.000000
0.000000
0.000000
0.000000
0.000000
0.000000
0.000000
0.000000
0.000000
0.000000
0.000000
0.000000
0.000000
0.000000
0.000000
0.001000
0.000000
0.000000
0.000000
0.000000
0.000000
0.000000
0.000000
0.000000
0.000000
0.079000
0.000000
0.000000
0.000000
0.000000
0.000000
0.000000
0.000000
0.000000
0.000000
0.000000
0.000000
0.000000
0.000000
0.000000
0.000000
0.000000
0.000000
0.000000
0.000000
0.000000
0.000000
0.000000
0.000000
0.000000
0.000000
0.000000
0.000000
0.000000
0.000000
0.000000
0.000000
0.000000
0.000000
0.000000
0.000000
0.000000
0.000000
0.000000
0.000000
0.000000
0.022000
0.000000
0.000000
0.000000
0.000000
0.000000
0.000000
0.000000
0.000000
0.000000
0.000000
0.000000
0.000000
0.000000
0.000000
0.000000
0.000000
0.000000
0.000000
0.000000
0.000000
0.036000
0.000000
0.000000
0.000000
0.000000
0.000000
0.000000
0.000000
0.000000
0.000000
0.000000
0.000000
0.000000
0.000000
0.015000
0.000000
0.000000
0.000000
0.000000
0.058000
0.000000
0.000000
0.000000
0.000000
0.000000
0.091000
0.000000
0.000000
0.000000
0.000000
0.000000
0.000000
0.000000
0.000000
0.000000
0.000000
0.000000
0.000000
0.000000
0.000000
0.000000
0.000000
0.000000
0.000000
0.000000
0.000000
0.000000
0.000000
0.000000
0.000000
0.000000
0.000000
0.000000
0.000000
0.000000
0.000000
0.000000
0.000000
0.000000
0.066000
0.000000
0.000000
0.000000
0.000000
0.000000
0.000000
0.000000
0.000000
0.000000
0.000000
0.000000
0.000000
0.000000
0.000000
0.000000
0.000000
0.000000
0.000000
0.000000
0.000000
0.000000
0.000000
0.000000
0.000000
0.000000
0.000000
0.000000
0.000000
0.000000
0.000000
0.000000
0.000000
0.000000
0.074000
0.000000
0.000000
0.000000
0.000000
0.000000
0.000000
0.000000
0.000000
0.000000
0.000000
0.000000
0.000000
0.000000
0.000000
0.000000
0.000000
0.000000
0.000000
0.000000
0.000000
0.000000
0.000000
0.000000
0.000000
0.000000
0.000000
0.000000
0.000000
0.000000
0.000000
0.000000
0.000000
0.000000
0.000000
0.000000
0.000000
0.000000
0.000000
0.000000
0.000000
0.000000
0.000000
0.000000
0.000000
0.000000
0.000000
0.000000
0.000000
0.000000
0.000000
0.000000
0.000000
0.000000
0.000000
0.000000
0.000000
0.000000
0.000000
0.000000
0.000000
0.000000
0.000000
0.000000
0.080000
0.000000
0.000000
0.000000
0.000000
0.000000
0.000000
0.000000
0.000000
0.000000
0.000000
0.032000
0.000000
0.000000
0.000000
0.000000
0.000000
0.000000
0.000000
0.000000
0.000000
0.000000
0.000000
0.000000
0.000000
0.000000
0.000000
0.000000
0.055000
0.000000
0.000000
0.045000
0.000000
0.000000
0.000000
0.000000
0.000000
0.000000
0.000000
0.000000
0.000000
0.000000
0.000000
0.000000
0.000000
0.000000
0.046000
0.000000
0.000000
0.045000
0.000000
0.000000
0.000000
0.000000
0.049000
0.000000
0.000000
0.045000
0.000000
0.000000
0.000000
0.000000
0.000000
0.000000
0.000000
0.000000
0.000000
0.042000
0.000000
0.000000
0.000000
0.000000
0.131000
0.000000
0.000000
0.000000
0.000000
0.000000
0.000000
0.000000
0.000000
0.000000
0.000000
0.000000
0.000000
0.000000
0.000000
0.000000
0.000000
0.000000
0.000000
0.000000
0.169000
0.000000
0.000000
0.000000
0.020000
0.029000
0.000000
0.000000
0.000000
0.000000
0.000000
0.000000
0.000000
0.000000
0.000000
0.000000
0.141000
0.000000
0.000000
0.089000
0.000000
0.000000
0.000000
0.000000
0.081000
0.000000
0.000000
0.000000
0.000000
0.000000
0.000000
0.000000
0.110000
0.000000
0.000000
0.000000
0.000000
0.000000
0.081000
0.000000
0.004000
0.000000
0.000000
0.000000
0.000000
0.000000
0.081000
0.000000
0.000000
0.000000
0.000000
0.000000
0.000000
0.000000
0.000000
0.000000
0.000000
0.000000
0.000000
0.000000
0.000000
0.000000
0.000000
0.000000
0.000000
0.000000
0.000000
0.000000
0.000000
0.000000
0.000000
0.000000
0.000000
0.000000
0.000000
0.000000
0.000000
0.122000
0.000000
0.000000
0.000000
0.000000
0.000000
0.000000
0.000000
0.000000
0.000000
0.000000
0.000000
0.000000
0.000000
0.000000
0.000000
0.000000
0.000000
0.000000
0.000000
0.000000
0.000000
0.000000
0.000000
0.000000
0.000000
0.000000
0.000000
0.000000
0.000000
0.000000
0.000000
0.000000
