9.924000
12.051000
14.889000
10.390000
16.630000
12.597000
10.804000
16.395000
9.579000
17.816000
11.649000
11.330000
11.905000
12.607000
12.426000
16.024000
15.120000
12.544000
7.453000
12.782000
19.489000
13.974000
13.221000
11.622000
10.904000
13.649000
20.109000
9.583000
15.265000
11.264000
19.675000
15.878000
12.889000
13.561000
21.524000
12.908000
5.913000
17.072000
7.742000
8.969000
17.680000
14.843000
14.488000
18.203000
11.751000
5.574000
13.753000
3.813000
14.331000
5.013000
14.767000
7.324000
9.664000
15.480000
11.308000
19.004000
16.056000
9.475000
11.237000
13.272000
14.923000
12.968000
15.679000
11.942000
10.047000
11.885000
11.530000
17.641000
7.995000
17.249000
18.057000
6.403000
8.660000
13.268000
17.084000
8.719000
11.492000
8.370000
13.293000
16.656000
10.884000
15.022000
21.797000
16.358000
9.631000
13.974000
18.473000
13.396000
10.294000
15.329000
9.230000
16.651000
13.953000
8.292000
11.059000
10.167000
12.256000
12.348000
12.571000
8.978000
7.707000
10.621000
16.298000
15.100000
11.019000
12.454000
12.811000
11.857000
11.961000
10.612000
12.951000
11.647000
9.040000
13.379000
6.364000
16.068000
14.064000
11.756000
5.877000
19.432000
10.253000
0.324000
17.480000
3.920000
13.949000
6.530000
11.978000
8.947000
17.782000
13.536000
9.964000
8.162000
7.942000
11.035000
13.170000
3.235000
8.325000
10.623000
12.563000
14.570000
12.901000
10.728000
12.086000
5.050000
14.588000
13.863000
14.276000
4.883000
8.509000
10.168000
5.761000
6.643000
15.857000
11.363000
5.626000
10.473000
7.803000
9.712000
15.733000
9.341000
14.918000
11.835000
16.383000
5.514000
10.445000
11.967000
13.038000
18.071000
3.193000
14.305000
6.499000
10.863000
11.897000
9.164000
11.539000
13.831000
6.949000
5.939000
8.346000
16.209000
0.000000
2.547000
14.315000
3.977000
6.394000
8.318000
7.056000
18.267000
7.419000
14.553000
5.281000
9.349000
7.358000
3.474000
2.230000
2.193000
3.514000
4.337000
2.766000
11.748000
3.558000
8.048000
6.054000
5.728000
6.632000
12.011000
5.716000
3.556000
5.270000
9.413000
4.141000
4.482000
5.036000
4.545000
8.692000
2.943000
4.948000
5.458000
7.571000
4.726000
7.778000
4.754000
6.777000
6.177000
11.644000
10.214000
5.497000
1.369000
13.668000
5.784000
4.845000
7.888000
6.247000
8.608000
3.105000
12.639000
3.493000
7.388000
7.615000
8.704000
13.537000
7.544000
3.000000
1.475000
18.258000
4.533000
3.221000
4.250000
3.775000
9.733000
13.510000
7.809000
4.013000
8.119000
4.969000
18.701000
4.593000
8.139000
5.174000
1.866000
5.228000
6.552000
2.101000
3.038000
4.481000
2.397000
9.164000
7.911000
13.707000
2.024000
14.330000
8.756000
13.311000
15.307000
5.729000
5.891000
7.616000
6.089000
4.377000
17.207000
12.975000
19.318000
4.908000
9.606000
7.458000
4.771000
15.179000
9.456000
5.348000
8.913000
6.689000
7.972000
5.405000
11.366000
9.225000
6.278000
4.286000
13.718000
9.462000
5.259000
11.336000
21.938000
4.898000
8.516000
3.961000
5.596000
9.406000
8.264000
7.281000
7.153000
9.088000
5.182000
6.540000
5.052000
4.352000
8.001000
9.180000
16.438000
10.141000
2.758000
4.291000
11.615000
8.190000
4.729000
6.752000
16.297000
3.280000
3.285000
7.180000
18.500000
3.525000
1.181000
16.989000
13.297000
12.930000
5.469000
3.544000
7.010000
3.321000
6.506000
15.124000
11.688000
10.313000
5.123000
13.243000
5.464000
22.146000
2.525000
5.468000
12.332000
6.758000
14.977000
11.414000
12.736000
14.015000
2.215000
17.742000
12.036000
5.741000
13.855000
4.634000
2.997000
13.371000
3.278000
4.655000
15.936000
9.916000
2.874000
5.499000
10.813000
7.399000
4.200000
6.261000
9.157000
0.729000
8.965000
5.469000
6.402000
18.085000
17.607000
14.905000
12.216000
12.450000
6.570000
8.331000
5.860000
10.409000
9.110000
7.404000
10.839000
10.696000
7.533000
4.034000
3.510000
12.022000
17.271000
11.665000
18.349000
17.126000
14.591000
14.224000
5.931000
6.119000
13.963000
6.004000
7.733000
13.887000
9.235000
11.623000
14.863000
4.113000
4.059000
10.181000
6.527000
15.396000
9.991000
5.833000
15.460000
15.478000
8.760000
8.496000
15.659000
12.115000
5.587000
10.873000
6.733000
12.571000
6.380000
14.058000
15.481000
4.645000
13.304000
8.993000
17.021000
10.044000
9.041000
12.819000
6.510000
5.197000
12.321000
8.729000
4.715000
11.649000
5.237000
11.843000
9.140000
15.536000
14.353000
16.238000
15.141000
17.064000
6.828000
13.665000
10.353000
14.683000
13.844000
11.479000
10.583000
9.466000
6.822000
10.531000
8.975000
9.708000
9.579000
13.637000
12.132000
14.330000
5.802000
16.558000
2.308000
5.270000
5.663000
10.689000
9.937000
14.606000
13.950000
8.935000
13.933000
15.267000
7.451000
15.893000
19.174000
11.944000
14.770000
15.680000
7.957000
6.479000
10.856000
11.916000
1.150000
12.397000
8.920000
12.034000
7.155000
11.185000
10.170000
13.603000
13.292000
9.410000
14.978000
18.050000
11.786000
14.751000
10.718000
21.158000
15.948000
13.176000
16.888000
15.249000
14.612000
14.104000
14.319000
9.900000
17.341000
9.973000
3.771000
10.983000
16.689000
17.519000
8.829000
16.382000
16.391000
16.105000
14.559000
12.769000
12.093000
1.010000
9.272000
8.285000
8.387000
10.748000
5.520000
5.571000
5.597000
7.178000
13.197000
12.278000
13.712000
11.343000
3.952000
8.385000
8.062000
10.460000
5.526000
17.184000
14.481000
7.833000
14.279000
10.714000
9.174000
12.905000
11.964000
10.512000
14.272000
12.048000
13.924000
10.583000
16.759000
10.754000
8.436000
18.559000
14.809000
7.677000
15.445000
16.278000
9.998000
10.561000
10.401000
17.054000
11.978000
11.420000
7.124000
13.451000
9.068000
5.154000
15.259000
15.490000
12.644000
11.103000
3.468000
9.092000
11.462000
18.126000
12.851000
16.355000
13.453000
4.486000
8.999000
9.497000
3.961000
8.963000
15.203000
5.826000
17.298000
11.483000
11.237000
14.790000
14.641000
16.985000
4.751000
20.253000
9.163000
15.004000
18.749000
20.144000
9.327000
8.300000
12.923000
7.696000
3.039000
12.299000
7.113000
14.429000
9.273000
12.470000
9.536000
5.089000
14.646000
12.627000
11.906000
7.362000
11.547000
9.306000
16.340000
15.236000
9.901000
10.240000
11.626000
16.014000
15.268000
17.052000
8.394000
11.380000
22.987000
6.920000
9.830000
14.042000
14.967000
16.847000
20.582000
15.088000
13.047000
14.989000
14.062000
17.204000
24.028000
11.428000
16.350000
11.102000
9.674000
9.584000
11.563000
27.565000
10.044000
8.040000
13.031000
18.541000
15.940000
10.477000
8.700000
7.756000
16.578000
11.963000
13.342000
13.387000
5.054000
9.435000
10.083000
7.564000
17.296000
11.181000
5.971000
13.199000
3.184000
9.795000
8.708000
7.518000
13.301000
17.529000
6.133000
8.527000
11.740000
15.880000
5.066000
18.201000
19.568000
10.966000
3.286000
15.047000
10.605000
12.375000
13.474000
11.945000
5.052000
12.340000
13.583000
12.524000
12.712000
8.344000
17.558000
16.166000
15.632000
17.546000
12.025000
10.202000
14.488000
11.198000
9.132000
9.387000
14.572000
10.211000
4.578000
13.902000
14.963000
10.078000
8.107000
14.085000
14.842000
17.259000
0.617000
12.172000
5.901000
8.245000
11.222000
20.663000
10.799000
6.790000
7.442000
10.498000
13.511000
3.336000
11.778000
21.661000
11.134000
8.524000
10.392000
5.109000
18.838000
10.462000
6.997000
13.118000
7.744000
5.602000
10.069000
13.000000
6.264000
20.960000
13.306000
8.367000
10.989000
8.700000
11.645000
7.628000
9.783000
13.799000
5.979000
13.970000
9.321000
8.897000
7.488000
12.410000
12.812000
13.000000
16.096000
23.342000
8.493000
7.435000
5.634000
10.588000
6.432000
12.802000
16.974000
1.668000
17.771000
11.076000
15.421000
12.694000
14.287000
10.188000
9.846000
5.705000
11.405000
6.127000
15.138000
15.095000
9.345000
6.363000
11.481000
14.052000
12.747000
15.919000
6.791000
10.067000
16.534000
12.577000
17.264000
9.031000
3.791000
10.310000
4.834000
8.651000
12.506000
7.778000
1.323000
0.913000
3.926000
10.902000
3.522000
11.221000
10.754000
1.429000
12.353000
6.358000
10.874000
7.621000
12.890000
3.874000
9.781000
4.459000
12.584000
9.602000
16.282000
6.111000
7.398000
15.138000
8.980000
10.089000
1.794000
13.724000
3.930000
6.887000
5.333000
6.657000
9.250000
2.342000
11.096000
11.484000
4.405000
5.267000
8.340000
16.828000
7.097000
9.203000
11.952000
10.842000
19.881000
3.994000
9.079000
9.267000
3.864000
7.404000
6.988000
7.503000
11.110000
7.419000
9.429000
8.954000
7.233000
5.274000
5.856000
10.474000
7.899000
8.490000
12.244000
15.687000
4.808000
5.735000
0.520000
8.974000
12.046000
3.023000
13.353000
3.313000
12.021000
11.386000
12.379000
2.329000
3.131000
12.360000
7.555000
5.364000
15.455000
6.378000
12.059000
11.443000
2.578000
5.748000
0.184000
8.328000
13.864000
4.923000
6.284000
1.939000
7.507000
2.829000
6.521000
0.000000
4.530000
9.153000
4.376000
6.021000
5.392000
15.885000
4.410000
10.364000
5.371000
10.808000
0.805000
0.000000
4.021000
4.741000
10.484000
6.662000
21.381000
1.353000
10.594000
0.000000
4.896000
11.708000
10.831000
9.405000
10.535000
10.842000
2.400000
5.402000
6.518000
0.237000
5.470000
3.689000
13.876000
2.288000
14.613000
1.216000
5.806000
5.363000
0.000000
0.955000
1.119000
0.982000
12.521000
2.229000
8.973000
10.416000
3.846000
3.481000
2.232000
0.000000
17.844000
1.994000
4.356000
6.307000
2.101000
13.334000
10.913000
5.791000
12.988000
21.973000
3.885000
10.906000
7.022000
19.919000
21.363000
1.338000
1.086000
5.770000
4.997000
5.596000
4.742000
1.454000
4.846000
9.178000
3.985000
6.047000
5.841000
13.495000
0.448000
17.144000
0.000000
10.015000
9.065000
10.101000
2.841000
16.550000
7.408000
18.471000
3.667000
3.353000
16.456000
9.179000
11.481000
1.103000
8.276000
12.423000
3.508000
5.228000
6.797000
2.405000
0.000000
0.993000
8.977000
12.082000
3.424000
15.395000
1.947000
14.933000
16.019000
3.881000
0.668000
3.683000
8.089000
4.589000
8.963000
6.273000
0.000000
10.708000
10.147000
1.812000
4.827000
1.609000
12.420000
4.875000
8.790000
6.188000
0.718000
6.960000
12.246000
4.336000
16.883000
11.883000
15.052000
2.928000
6.178000
14.614000
1.493000
7.146000
10.466000
8.853000
0.000000
0.000000
11.422000
7.659000
4.009000
14.804000
11.817000
0.000000
10.727000
13.017000
16.747000
14.681000
17.214000
7.223000
12.188000
2.332000
6.820000
11.348000
14.607000
17.397000
9.436000
12.374000
14.805000
17.915000
4.098000
11.555000
11.052000
18.325000
7.941000
16.068000
9.236000
12.189000
12.335000
3.932000
7.941000
9.300000
12.697000
9.558000
9.098000
19.072000
6.742000
8.290000
14.443000
2.797000
0.524000
11.579000
14.578000
0.000000
11.413000
10.944000
15.316000
9.633000
12.218000
1.755000
5.180000
10.364000
3.704000
11.576000
10.333000
0.000000
3.347000
1.550000
4.090000
7.077000
5.517000
19.557000
11.499000
11.103000
8.218000
4.145000
0.000000
10.160000
4.833000
14.499000
10.332000
7.650000
9.663000
17.199000
11.703000
10.460000
12.565000
2.424000
10.045000
4.733000
7.775000
15.720000
9.233000
9.123000
7.364000
1.897000
9.463000
6.732000
8.027000
0.000000
9.080000
13.788000
23.932000
8.816000
8.283000
8.284000
10.830000
16.578000
10.286000
13.269000
7.175000
9.743000
4.735000
5.547000
4.157000
3.313000
15.024000
8.221000
7.748000
5.959000
0.947000
23.270000
13.044000
6.617000
12.663000
8.495000
14.198000
16.870000
12.092000
9.605000
8.567000
12.480000
6.985000
7.777000
15.310000
12.332000
10.498000
9.533000
6.006000
13.493000
5.494000
5.402000
9.162000
10.601000
5.884000
11.852000
8.401000
15.716000
7.457000
7.094000
4.011000
5.215000
5.972000
22.062000
8.065000
9.343000
14.148000
10.822000
13.447000
18.083000
11.943000
6.902000
12.579000
12.235000
9.639000
11.662000
19.091000
4.496000
12.553000
5.355000
9.296000
7.703000
10.713000
9.607000
12.301000
5.145000
8.039000
11.150000
10.743000
9.239000
8.140000
11.512000
10.632000
13.487000
7.940000
7.921000
10.354000
9.905000
10.027000
9.258000
4.490000
13.394000
12.405000
3.806000
7.695000
11.940000
12.784000
4.537000
9.851000
14.597000
7.020000
12.502000
13.555000
10.157000
11.726000
10.267000
7.165000
11.690000
16.154000
16.416000
7.829000
4.373000
10.437000
13.654000
15.876000
9.556000
7.364000
10.920000
9.258000
21.402000
11.055000
9.570000
12.346000
13.506000
8.492000
18.511000
9.128000
11.757000
8.332000
11.173000
9.178000
18.356000
14.195000
9.790000
13.936000
9.052000
6.255000
10.038000
15.447000
4.844000
6.216000
9.207000
5.376000
10.534000
5.927000
10.754000
7.816000
5.326000
15.852000
9.735000
8.965000
11.753000
7.517000
7.139000
10.728000
9.551000
6.271000
7.176000
8.565000
4.564000
8.953000
11.861000
5.678000
0.000000
8.428000
16.051000
11.928000
9.306000
14.639000
9.529000
6.152000
10.377000
17.314000
8.895000
5.990000
8.719000
10.036000
10.060000
7.262000
7.639000
8.068000
7.024000
12.265000
16.772000
15.183000
14.236000
8.641000
3.757000
5.431000
11.398000
11.329000
8.742000
9.567000
12.811000
10.291000
13.086000
13.217000
17.107000
4.878000
13.488000
9.999000
6.814000
7.705000
7.934000
10.413000
17.173000
6.471000
6.872000
9.433000
9.717000
15.226000
6.510000
8.039000
13.169000
9.566000
10.053000
11.089000
14.928000
13.345000
4.095000
11.018000
6.200000
6.499000
7.366000
7.367000
8.086000
11.601000
15.548000
15.456000
9.245000
7.983000
10.658000
15.149000
7.829000
8.028000
13.491000
11.899000
13.626000
10.695000
2.927000
6.477000
10.768000
8.939000
14.541000
15.930000
10.676000
5.095000
10.490000
10.186000
7.601000
7.149000
11.782000
7.679000
3.020000
9.728000
5.377000
10.549000
12.793000
9.384000
12.332000
6.961000
6.840000
8.517000
20.107000
13.505000
15.026000
5.372000
9.676000
7.100000
8.905000
4.757000
8.512000
8.954000
7.787000
11.045000
12.444000
4.368000
11.441000
16.037000
12.325000
17.395000
3.072000
8.404000
8.213000
12.212000
8.858000
9.705000
9.008000
13.554000
6.299000
8.499000
10.487000
7.192000
15.815000
11.929000
17.138000
9.715000
6.033000
12.497000
12.291000
18.005000
9.729000
11.279000
18.091000
5.615000
12.004000
8.493000
14.480000
9.035000
10.947000
11.706000
7.180000
17.938000
10.612000
8.524000
20.739000
11.170000
9.074000
18.786000
8.127000
8.915000
9.260000
11.167000
7.024000
16.942000
11.049000
14.030000
14.576000
10.245000
9.500000
11.453000
9.111000
10.287000
14.210000
12.285000
14.236000
10.301000
14.162000
20.366000
20.070000
11.087000
9.607000
8.465000
20.061000
16.092000
11.008000
4.946000
11.284000
10.705000
8.452000
4.978000
7.822000
11.344000
5.601000
18.516000
11.731000
14.305000
13.027000
18.046000
15.811000
11.697000
23.322000
8.169000
11.558000
17.840000
11.201000
18.459000
6.713000
6.014000
10.317000
11.234000
23.488000
12.114000
17.144000
7.784000
15.816000
12.043000
5.795000
10.621000
7.298000
15.666000
8.654000
13.584000
19.955000
10.154000
9.530000
10.898000
7.487000
7.944000
11.836000
8.592000
11.404000
3.999000
7.266000
10.985000
15.442000
14.506000
21.672000
7.224000
20.765000
8.592000
17.928000
11.726000
4.309000
12.868000
15.303000
10.704000
19.234000
12.977000
8.102000
9.394000
6.069000
11.301000
9.984000
10.713000
11.860000
15.130000
11.769000
12.491000
8.791000
11.365000
9.446000
7.971000
15.335000
14.343000
5.173000
11.146000
11.952000
9.716000
11.674000
7.500000
12.969000
10.469000
10.704000
10.513000
10.841000
17.933000
9.843000
4.447000
5.222000
12.302000
10.872000
10.406000
5.278000
11.716000
16.309000
16.214000
14.903000
8.420000
6.715000
18.925000
13.562000
11.298000
9.863000
14.496000
16.805000
8.712000
20.588000
7.636000
9.149000
13.132000
24.408000
14.248000
15.359000
10.949000
14.144000
9.942000
10.993000
17.005000
13.085000
10.806000
6.407000
9.042000
19.456000
12.183000
8.633000
11.925000
17.043000
17.555000
7.189000
10.239000
6.312000
14.984000
10.697000
14.128000
8.805000
16.320000
3.872000
12.990000
9.162000
14.151000
11.520000
13.527000
19.769000
13.632000
14.672000
9.200000
7.137000
15.481000
12.000000
6.569000
14.512000
13.915000
16.205000
3.357000
10.429000
7.614000
14.126000
15.115000
13.713000
8.977000
12.717000
11.327000
14.311000
17.565000
15.756000
12.909000
8.058000
11.645000
21.148000
16.977000
14.571000
12.377000
11.404000
10.359000
8.176000
9.845000
14.089000
17.190000
10.168000
9.355000
11.070000
9.739000
17.531000
11.674000
16.023000
8.712000
10.653000
11.192000
9.346000
17.543000
7.870000
8.117000
13.526000
10.323000
22.918000
8.530000
16.211000
9.083000
10.214000
4.928000
16.969000
11.964000
16.093000
6.021000
5.494000
9.735000
9.058000
12.768000
11.177000
13.831000
8.037000
12.913000
11.976000
6.420000
13.031000
7.352000
11.182000
11.750000
9.783000
10.637000
8.538000
13.426000
7.936000
10.679000
14.000000
11.158000
5.842000
9.549000
17.022000
8.407000
15.383000
16.210000
5.598000
16.673000
11.532000
14.686000
6.946000
13.609000
8.984000
14.001000
9.871000
13.816000
8.957000
12.411000
10.873000
9.717000
11.903000
10.683000
12.123000
9.131000
7.169000
7.626000
14.156000
5.447000
9.458000
6.420000
13.010000
11.580000
12.977000
14.745000
10.769000
15.182000
9.973000
16.414000
12.202000
9.483000
6.047000
3.818000
15.124000
6.957000
8.653000
17.403000
8.061000
23.535000
10.878000
7.761000
3.829000
7.059000
8.506000
7.990000
15.501000
15.982000
17.892000
25.416000
16.892000
5.454000
7.503000
13.214000
5.014000
15.822000
13.826000
16.606000
14.165000
3.567000
13.556000
11.965000
13.631000
6.785000
13.766000
23.827000
10.048000
11.341000
13.199000
17.918000
9.969000
19.896000
12.982000
14.821000
12.142000
14.765000
8.741000
14.966000
11.237000
7.985000
12.907000
7.713000
8.724000
21.841000
12.772000
12.063000
15.960000
16.922000
10.411000
11.373000
10.412000
8.584000
19.781000
14.569000
14.316000
15.218000
13.152000
19.050000
11.563000
11.776000
7.106000
11.547000
15.136000
11.547000
7.480000
10.753000
4.797000
12.606000
10.427000
10.554000
8.682000
10.165000
14.799000
17.658000
4.431000
18.648000
10.111000
7.038000
8.382000
8.064000
8.193000
19.375000
10.232000
7.291000
5.639000
7.572000
6.615000
14.763000
7.793000
13.145000
8.655000
4.909000
10.455000
15.810000
10.868000
8.538000
9.421000
11.891000
16.884000
12.580000
12.030000
7.781000
17.692000
10.194000
9.047000
17.141000
19.676000
10.934000
11.032000
12.248000
14.595000
7.837000
13.975000
13.045000
11.295000
10.751000
7.370000
7.001000
9.427000
12.524000
17.582000
8.205000
10.375000
8.657000
11.177000
7.245000
9.135000
12.255000
13.382000
16.404000
12.555000
17.865000
12.632000
10.861000
5.531000
19.304000
12.227000
11.105000
9.959000
6.227000
10.395000
10.020000
11.579000
3.905000
9.796000
10.623000
14.155000
5.894000
8.151000
11.600000
8.248000
17.450000
6.489000
11.286000
7.583000
6.188000
9.328000
11.725000
12.163000
10.785000
15.919000
7.559000
8.454000
7.764000
9.280000
13.793000
24.578000
20.597000
17.803000
22.580000
10.441000
13.981000
3.842000
11.006000
7.801000
9.479000
15.119000
13.894000
17.129000
9.080000
13.899000
13.149000
2.794000
10.981000
9.857000
15.093000
11.293000
9.458000
7.092000
10.240000
12.596000
16.021000
11.822000
14.006000
7.488000
13.972000
11.490000
16.078000
11.856000
6.498000
22.843000
8.681000
13.364000
15.790000
11.518000
11.406000
11.501000
7.935000
13.004000
10.312000
14.307000
11.402000
4.038000
4.875000
9.249000
11.152000
20.267000
10.410000
10.763000
11.872000
15.017000
7.653000
6.531000
15.094000
11.088000
9.358000
9.236000
5.314000
10.109000
11.873000
12.711000
12.233000
18.043000
10.196000
12.851000
4.452000
11.238000
11.060000
14.632000
13.456000
13.446000
16.586000
8.181000
13.620000
12.532000
3.692000
9.473000
14.782000
11.263000
10.883000
10.078000
13.598000
17.207000
12.383000
17.258000
11.614000
12.262000
10.656000
14.329000
14.304000
11.127000
10.763000
11.945000
11.344000
10.760000
7.230000
9.870000
14.993000
10.703000
8.125000
7.232000
11.725000
13.224000
9.730000
11.280000
13.602000
6.076000
6.516000
10.440000
3.863000
15.086000
22.312000
8.116000
17.674000
1.979000
12.673000
13.016000
5.859000
6.531000
15.526000
4.464000
16.780000
7.208000
9.967000
5.695000
12.624000
14.392000
10.429000
17.434000
21.371000
9.928000
10.268000
11.137000
9.373000
18.971000
8.507000
8.982000
14.734000
12.752000
11.760000
14.583000
20.951000
9.287000
11.502000
6.716000
11.324000
14.313000
13.628000
9.733000
11.949000
15.228000
9.893000
10.572000
8.558000
12.782000
6.450000
14.426000
10.378000
16.191000
9.864000
15.499000
13.176000
13.296000
5.979000
13.466000
6.618000
11.120000
14.352000
8.800000
19.701000
10.125000
15.110000
5.337000
7.550000
12.150000
10.491000
15.276000
7.321000
7.240000
14.143000
12.100000
15.025000
10.099000
11.134000
6.749000
10.907000
0.563000
11.809000
6.998000
12.187000
10.950000
15.384000
16.009000
13.043000
19.309000
5.407000
18.964000
13.105000
14.803000
12.318000
11.952000
5.045000
13.342000
8.849000
10.179000
10.176000
11.269000
9.785000
3.246000
12.112000
9.986000
9.319000
11.531000
17.402000
11.191000
10.954000
9.724000
13.769000
11.819000
6.879000
17.938000
11.153000
8.233000
11.333000
2.956000
12.832000
11.043000
15.092000
21.287000
8.909000
16.492000
15.429000
6.437000
12.565000
7.332000
11.198000
1.994000
8.872000
15.038000
1.888000
3.955000
7.167000
18.945000
8.563000
9.829000
17.155000
7.534000
12.612000
16.551000
8.838000
19.824000
10.717000
11.401000
16.673000
7.531000
6.224000
12.390000
5.071000
14.185000
6.658000
11.621000
9.458000
6.234000
9.852000
11.743000
9.760000
17.367000
20.157000
11.026000
10.412000
12.136000
0.929000
8.329000
8.021000
5.848000
23.350000
3.588000
15.337000
0.574000
4.011000
10.653000
15.915000
12.264000
15.842000
14.513000
3.172000
22.061000
7.665000
4.409000
8.056000
7.817000
5.913000
5.721000
5.773000
6.257000
5.110000
13.602000
5.657000
14.204000
1.793000
7.468000
5.232000
3.553000
4.585000
4.426000
9.616000
8.340000
7.713000
4.306000
8.899000
6.496000
4.184000
5.635000
11.139000
6.254000
9.506000
4.790000
7.960000
12.010000
6.047000
8.725000
10.402000
9.669000
10.732000
9.683000
12.701000
11.160000
18.023000
8.391000
10.135000
5.110000
1.672000
12.829000
8.754000
6.829000
6.072000
4.368000
12.011000
11.212000
11.823000
18.180000
22.402000
7.568000
10.454000
7.361000
10.361000
3.623000
6.144000
7.867000
13.698000
13.786000
15.947000
23.531000
7.104000
17.819000
11.479000
7.975000
10.535000
3.833000
18.875000
19.191000
10.563000
9.614000
7.503000
11.727000
7.549000
15.222000
4.448000
9.707000
5.040000
7.690000
4.702000
7.604000
5.244000
4.245000
7.833000
11.032000
5.428000
17.316000
11.687000
16.883000
11.628000
11.105000
7.515000
27.167000
10.133000
16.736000
4.541000
17.748000
11.929000
9.184000
12.185000
11.965000
7.796000
9.124000
13.243000
12.869000
2.598000
5.816000
9.175000
9.931000
13.656000
10.564000
14.541000
14.151000
10.976000
8.372000
6.950000
5.006000
8.544000
6.803000
17.592000
7.685000
2.263000
13.175000
10.164000
13.583000
10.686000
9.315000
14.908000
7.658000
14.330000
4.532000
10.988000
8.434000
18.050000
6.739000
14.046000
9.209000
9.685000
16.651000
6.663000
12.348000
6.141000
18.725000
7.617000
4.990000
9.195000
6.706000
10.982000
12.443000
7.466000
14.162000
16.528000
17.105000
11.943000
9.954000
8.460000
12.727000
15.509000
13.813000
14.734000
16.988000
9.512000
10.303000
10.094000
7.566000
12.436000
9.385000
11.265000
6.453000
17.204000
9.497000
10.325000
11.771000
10.712000
7.075000
16.981000
5.753000
9.799000
12.471000
17.428000
4.893000
9.282000
13.060000
11.308000
10.806000
15.187000
9.959000
12.154000
9.352000
16.821000
8.561000
18.314000
17.874000
8.616000
12.083000
15.181000
14.469000
12.634000
18.426000
9.287000
12.136000
5.762000
19.830000
14.723000
11.487000
5.898000
7.559000
7.341000
10.397000
14.789000
9.194000
16.766000
13.177000
9.039000
7.872000
9.513000
13.542000
5.273000
8.834000
9.588000
11.065000
9.040000
8.121000
12.868000
9.840000
7.791000
13.396000
10.787000
10.953000
13.026000
8.703000
8.117000
7.720000
14.332000
7.584000
11.146000
11.961000
8.288000
11.496000
10.439000
21.165000
10.359000
7.237000
8.374000
8.296000
14.844000
8.686000
15.332000
5.393000
17.404000
15.925000
18.843000
13.159000
13.474000
14.549000
9.013000
13.227000
12.321000
7.995000
14.264000
8.944000
10.578000
14.270000
10.689000
10.012000
8.060000
12.721000
22.504000
9.580000
16.111000
13.453000
16.916000
6.254000
11.542000
6.629000
7.125000
11.791000
10.108000
7.562000
11.202000
8.892000
9.788000
12.989000
13.342000
16.014000
16.118000
11.918000
14.233000
16.794000
12.153000
15.296000
12.153000
12.482000
10.888000
20.924000
9.191000
8.810000
16.333000
11.915000
13.742000
13.118000
12.806000
11.549000
15.092000
3.596000
9.271000
17.589000
11.857000
13.630000
16.083000
10.624000
11.541000
15.037000
10.906000
9.280000
6.910000
5.817000
14.958000
8.091000
11.564000
20.817000
15.977000
14.143000
13.279000
18.687000
10.216000
8.432000
12.522000
10.380000
15.857000
12.404000
15.195000
14.191000
19.015000
17.065000
18.367000
11.099000
21.433000
11.716000
11.924000
13.657000
9.594000
12.870000
11.720000
18.415000
17.131000
15.614000
18.669000
12.399000
15.689000
11.625000
12.288000
15.673000
9.190000
10.034000
12.114000
11.507000
11.792000
11.227000
14.036000
10.125000
8.608000
20.834000
8.654000
14.261000
14.639000
13.848000
16.092000
6.079000
9.587000
20.063000
3.241000
14.323000
9.944000
11.981000
16.855000
11.416000
19.645000
13.988000
12.142000
6.931000
8.389000
13.025000
7.730000
14.739000
9.922000
11.475000
11.342000
12.421000
16.957000
14.874000
19.737000
11.088000
8.702000
13.943000
20.110000
14.686000
8.008000
15.791000
4.910000
15.715000
16.117000
13.548000
12.536000
16.623000
12.550000
12.000000
11.890000
8.068000
11.522000
10.921000
15.492000
18.189000
9.995000
15.041000
11.037000
7.178000
8.140000
13.716000
11.643000
4.168000
10.664000
9.397000
15.376000
18.535000
9.547000
16.567000
14.743000
4.038000
12.230000
11.944000
8.328000
16.060000
12.422000
22.317000
19.929000
11.090000
4.907000
17.728000
11.224000
9.852000
12.327000
10.789000
16.640000
16.583000
6.031000
8.785000
19.647000
14.047000
21.981000
11.986000
5.616000
8.282000
16.083000
18.752000
17.251000
7.668000
13.032000
14.489000
12.123000
13.366000
18.263000
3.573000
17.153000
13.352000
13.966000
6.460000
10.810000
16.950000
7.825000
4.363000
15.670000
12.179000
19.956000
12.255000
12.943000
10.254000
13.085000
17.200000
12.839000
13.609000
18.819000
10.486000
17.094000
10.678000
7.344000
16.339000
17.119000
12.961000
14.466000
14.137000
20.424000
19.190000
17.650000
14.273000
15.644000
9.866000
15.138000
8.446000
14.484000
10.897000
13.949000
17.229000
10.250000
12.158000
13.387000
18.403000
16.626000
19.821000
14.808000
15.826000
18.975000
8.509000
8.405000
14.181000
14.162000
7.733000
6.029000
11.569000
18.736000
19.126000
12.217000
14.674000
13.428000
25.072000
19.024000
14.317000
23.659000
14.626000
12.769000
8.241000
15.818000
13.373000
15.867000
8.958000
7.884000
13.549000
17.716000
15.837000
14.586000
14.317000
11.344000
12.635000
17.890000
6.798000
8.448000
16.160000
13.596000
17.328000
20.842000
10.996000
12.328000
14.439000
16.320000
12.413000
10.880000
16.635000
16.546000
9.041000
19.782000
10.764000
16.934000
10.877000
12.799000
10.090000
9.922000
11.637000
17.593000
12.484000
19.289000
12.188000
16.898000
18.003000
17.399000
16.657000
6.845000
14.076000
18.269000
17.498000
20.381000
18.547000
7.799000
18.643000
9.998000
9.483000
8.459000
7.698000
17.167000
20.327000
14.344000
13.214000
15.433000
7.289000
10.723000
18.763000
15.115000
10.011000
8.990000
10.647000
5.964000
12.112000
11.329000
11.844000
14.361000
7.506000
9.499000
9.726000
7.219000
21.362000
18.259000
12.484000
9.687000
10.790000
10.998000
11.570000
9.406000
16.890000
7.650000
13.360000
19.078000
15.763000
19.132000
11.682000
15.483000
4.311000
12.478000
12.013000
11.108000
10.078000
12.310000
16.121000
12.166000
10.293000
14.755000
14.445000
14.027000
14.490000
8.000000
11.454000
13.387000
14.309000
6.817000
0.000000
13.224000
9.966000
15.310000
8.259000
14.545000
16.387000
13.232000
18.982000
17.165000
4.198000
10.552000
9.485000
18.023000
5.589000
14.795000
9.369000
10.003000
18.347000
6.998000
10.669000
9.384000
17.556000
9.483000
4.630000
18.549000
7.123000
17.255000
7.695000
5.222000
6.590000
14.025000
9.040000
8.449000
17.590000
13.659000
17.544000
11.164000
15.192000
7.224000
15.636000
6.386000
6.899000
15.826000
9.228000
15.415000
15.701000
9.409000
8.635000
12.698000
14.941000
14.241000
17.964000
11.098000
16.762000
15.433000
11.376000
20.513000
16.155000
10.216000
9.325000
8.878000
3.257000
6.691000
11.682000
17.561000
13.476000
3.570000
4.426000
13.992000
8.605000
11.574000
7.029000
12.405000
8.806000
16.148000
13.492000
17.714000
20.406000
8.532000
8.941000
16.741000
9.536000
5.947000
17.636000
10.022000
5.547000
17.213000
17.586000
12.124000
9.429000
22.413000
19.518000
11.954000
19.013000
1.794000
21.205000
20.803000
14.160000
8.722000
8.625000
12.164000
17.765000
17.377000
13.081000
4.508000
12.138000
11.164000
4.010000
14.953000
13.677000
19.054000
10.066000
18.538000
11.040000
11.910000
13.203000
17.678000
4.397000
20.170000
12.721000
15.827000
9.966000
11.977000
11.299000
20.757000
8.100000
4.805000
3.958000
8.639000
7.516000
9.454000
12.862000
9.025000
14.258000
18.257000
6.964000
12.909000
14.553000
20.527000
5.049000
8.613000
7.474000
10.502000
15.734000
8.285000
17.764000
16.138000
14.710000
10.357000
7.901000
10.021000
11.817000
14.299000
16.820000
12.234000
6.550000
19.971000
12.398000
15.341000
17.096000
18.624000
7.534000
15.898000
19.116000
16.120000
13.938000
19.026000
11.585000
4.921000
13.357000
21.247000
5.395000
13.508000
9.743000
7.943000
2.469000
10.179000
7.202000
12.489000
12.551000
13.153000
12.508000
9.020000
11.127000
15.743000
13.918000
18.868000
8.852000
14.460000
8.288000
7.225000
7.737000
9.885000
4.945000
5.576000
13.731000
2.912000
12.041000
12.323000
8.831000
6.545000
4.822000
12.541000
9.885000
14.626000
3.842000
19.125000
7.092000
7.469000
12.926000
20.389000
11.350000
18.401000
14.570000
10.802000
2.290000
12.841000
13.133000
14.654000
8.179000
12.807000
14.090000
15.778000
11.806000
16.448000
7.754000
15.310000
6.452000
11.627000
14.159000
7.681000
12.220000
11.280000
3.747000
9.625000
15.534000
10.555000
5.289000
12.428000
8.556000
16.650000
16.747000
9.392000
6.569000
2.331000
3.551000
13.028000
13.235000
23.613000
8.011000
13.083000
8.253000
3.196000
6.076000
1.187000
1.464000
4.408000
10.176000
11.435000
4.928000
6.331000
5.448000
14.220000
16.977000
7.431000
4.053000
6.286000
10.553000
5.512000
11.107000
16.552000
4.517000
14.885000
20.078000
18.252000
16.829000
9.907000
5.519000
10.596000
9.462000
4.358000
14.510000
16.025000
8.686000
3.288000
5.926000
2.476000
4.016000
20.381000
12.049000
1.085000
14.607000
3.841000
3.902000
3.492000
4.803000
2.701000
0.411000
17.261000
2.972000
3.077000
5.437000
4.749000
7.683000
2.460000
3.924000
1.858000
5.018000
5.144000
4.105000
9.446000
2.736000
7.955000
4.373000
10.755000
4.129000
4.283000
6.196000
15.619000
19.934000
9.469000
7.129000
21.082000
12.057000
10.516000
12.209000
11.592000
2.987000
11.096000
1.960000
6.516000
3.995000
3.629000
15.205000
0.933000
20.787000
1.438000
3.353000
0.000000
12.706000
8.984000
1.787000
6.412000
6.589000
5.822000
4.399000
12.328000
8.849000
9.177000
16.521000
22.201000
7.124000
3.452000
22.759000
5.985000
1.577000
4.713000
5.375000
7.161000
14.604000
4.674000
16.141000
4.976000
8.357000
6.154000
3.408000
12.890000
21.306000
15.278000
15.006000
17.077000
9.189000
3.391000
8.748000
4.082000
7.869000
8.564000
5.502000
6.899000
6.366000
10.047000
18.269000
8.047000
8.284000
15.099000
7.563000
10.835000
9.402000
7.740000
5.648000
7.266000
12.185000
4.933000
8.973000
11.401000
10.124000
6.952000
20.490000
1.483000
4.185000
12.861000
5.829000
7.432000
13.168000
5.012000
2.904000
7.610000
17.838000
4.739000
2.490000
6.929000
5.155000
2.649000
7.523000
7.581000
5.506000
17.850000
7.037000
5.453000
7.612000
0.000000
15.855000
9.697000
21.823000
2.514000
15.039000
13.545000
14.978000
5.422000
9.587000
16.726000
4.500000
2.586000
8.444000
14.180000
10.183000
7.910000
6.901000
2.299000
10.126000
10.955000
4.793000
6.869000
9.279000
3.230000
14.400000
10.012000
8.952000
19.011000
5.863000
18.276000
12.848000
2.955000
18.314000
7.522000
3.840000
12.444000
15.976000
12.348000
4.216000
5.276000
6.196000
2.347000
1.117000
7.028000
18.009000
10.385000
16.811000
5.594000
6.033000
7.004000
7.701000
3.016000
12.806000
4.440000
3.482000
9.860000
8.850000
4.401000
18.521000
7.240000
13.574000
12.843000
3.320000
21.326000
6.404000
6.787000
10.895000
8.107000
7.451000
5.027000
15.217000
8.072000
13.384000
4.699000
0.000000
10.902000
17.685000
12.978000
15.532000
5.124000
11.015000
8.365000
9.049000
16.251000
11.035000
4.712000
14.500000
12.207000
6.737000
15.492000
13.887000
20.113000
8.553000
11.671000
4.975000
9.091000
21.263000
3.227000
13.482000
7.543000
9.711000
6.941000
7.376000
12.304000
3.141000
6.396000
12.993000
12.477000
9.088000
14.350000
8.227000
14.384000
7.115000
9.808000
17.739000
10.011000
14.778000
16.143000
15.397000
6.987000
15.911000
12.364000
17.853000
8.373000
8.901000
10.798000
17.356000
6.577000
20.028000
6.606000
10.416000
9.865000
2.681000
9.495000
13.266000
15.831000
9.150000
5.557000
15.912000
16.383000
9.092000
9.895000
20.792000
13.209000
12.649000
8.990000
13.329000
13.190000
6.488000
5.956000
13.602000
6.338000
12.424000
3.645000
6.856000
11.623000
14.700000
11.981000
11.375000
13.073000
11.547000
16.983000
15.067000
8.414000
17.920000
14.033000
9.533000
16.606000
9.492000
16.535000
8.467000
7.329000
13.840000
17.663000
10.691000
20.602000
6.611000
13.102000
8.923000
6.418000
17.511000
12.485000
10.746000
1.708000
7.236000
23.394000
10.960000
11.855000
11.654000
12.782000
22.300000
10.696000
16.735000
18.027000
20.187000
9.478000
10.338000
1.585000
7.685000
17.913000
15.331000
15.345000
17.307000
14.221000
7.622000
20.324000
14.384000
18.676000
10.589000
11.088000
9.572000
10.515000
12.265000
3.967000
15.073000
10.520000
19.740000
13.110000
10.429000
5.143000
2.371000
16.798000
8.895000
3.030000
8.947000
17.716000
11.105000
15.973000
12.586000
14.835000
11.821000
14.592000
10.473000
13.193000
15.700000
9.657000
7.561000
12.698000
12.917000
12.342000
22.490000
10.377000
11.683000
11.152000
4.167000
17.277000
11.116000
8.609000
11.104000
12.194000
7.120000
5.640000
13.317000
10.702000
16.067000
13.511000
12.743000
15.225000
10.955000
14.333000
8.352000
9.351000
8.018000
12.432000
14.579000
15.575000
8.574000
10.571000
11.486000
15.704000
11.734000
14.234000
9.828000
11.239000
10.190000
21.476000
12.678000
15.970000
18.627000
10.920000
4.148000
17.299000
20.645000
16.660000
12.904000
6.136000
11.785000
16.759000
12.392000
15.280000
12.037000
6.360000
11.131000
15.149000
11.164000
11.896000
16.809000
10.550000
14.596000
10.056000
13.442000
19.334000
9.956000
13.232000
7.495000
13.494000
10.428000
7.410000
5.453000
13.783000
10.578000
16.049000
18.986000
17.430000
14.559000
7.008000
11.034000
8.255000
15.770000
2.573000
12.285000
5.437000
0.000000
9.095000
14.628000
11.684000
18.845000
1.780000
0.000000
14.268000
8.624000
11.339000
12.832000
10.893000
12.840000
17.373000
4.403000
13.874000
11.440000
15.763000
11.763000
12.084000
17.151000
0.000000
15.943000
9.313000
11.428000
9.707000
12.596000
14.659000
13.774000
12.581000
9.722000
0.000000
16.375000
6.069000
11.886000
9.391000
15.073000
9.749000
9.618000
9.052000
8.360000
9.411000
10.103000
10.295000
10.419000
8.077000
4.736000
11.541000
14.192000
7.480000
10.613000
14.471000
11.689000
0.000000
14.772000
12.688000
11.583000
8.666000
12.707000
14.613000
13.224000
11.820000
16.203000
7.072000
17.443000
17.336000
0.164000
15.755000
16.696000
17.437000
12.911000
14.313000
10.023000
14.936000
0.000000
0.413000
17.142000
15.492000
10.488000
12.158000
7.224000
12.007000
10.222000
12.257000
7.287000
0.000000
9.021000
9.578000
8.695000
10.486000
11.730000
12.377000
10.660000
11.217000
4.627000
8.815000
0.223000
0.000000
0.000000
0.000000
0.000000
14.096000
0.000000
1.215000
0.000000
13.457000
10.423000
0.000000
4.199000
0.000000
10.723000
0.000000
0.000000
8.576000
12.406000
0.000000
0.000000
7.966000
0.000000
8.146000
0.000000
0.000000
6.753000
0.000000
0.000000
0.000000
9.715000
4.886000
0.000000
0.000000
0.000000
1.155000
0.000000
1.814000
0.000000
21.782000
0.000000
0.000000
0.620000
6.919000
0.000000
7.453000
0.000000
0.000000
5.979000
0.282000
0.000000
5.684000
3.297000
10.474000
0.000000
0.000000
0.000000
3.071000
8.873000
0.000000
0.535000
10.267000
6.921000
10.660000
0.000000
3.336000
7.768000
5.768000
11.886000
0.000000
14.900000
0.000000
9.675000
0.607000
8.722000
11.341000
9.760000
12.706000
8.957000
0.000000
0.000000
16.777000
14.242000
12.851000
11.581000
4.540000
11.137000
0.000000
1.377000
0.000000
8.410000
11.069000
9.424000
0.000000
9.940000
11.626000
11.828000
15.120000
11.969000
14.175000
8.640000
0.508000
10.707000
14.640000
17.965000
10.453000
0.000000
4.926000
2.430000
0.000000
10.808000
8.651000
7.029000
10.605000
2.143000
12.500000
0.742000
0.000000
7.064000
13.673000
0.000000
9.822000
3.729000
12.704000
17.411000
13.952000
0.000000
14.707000
2.160000
0.952000
13.581000
11.912000
11.308000
13.851000
4.686000
14.216000
9.338000
13.917000
13.120000
10.657000
10.385000
6.330000
8.788000
17.634000
12.942000
0.000000
7.985000
11.971000
16.494000
12.489000
20.472000
0.000000
9.330000
10.714000
15.963000
15.124000
12.352000
14.082000
10.322000
9.461000
0.000000
8.170000
10.648000
7.830000
11.085000
12.796000
10.996000
0.000000
13.899000
10.002000
9.361000
8.926000
6.451000
0.000000
14.803000
0.000000
5.552000
9.771000
15.840000
21.340000
10.052000
8.781000
9.369000
0.000000
11.814000
11.697000
13.821000
15.086000
14.424000
9.909000
5.864000
12.572000
7.470000
7.588000
16.495000
12.348000
13.951000
16.263000
16.820000
17.483000
8.040000
9.263000
11.651000
12.855000
7.591000
0.000000
6.024000
13.005000
4.603000
12.055000
10.184000
12.133000
12.943000
0.000000
7.086000
11.624000
9.419000
12.450000
10.240000
18.806000
9.653000
6.525000
17.145000
13.556000
9.126000
11.461000
15.191000
14.394000
12.278000
6.299000
18.436000
0.000000
15.271000
11.295000
5.476000
12.111000
11.049000
0.000000
9.195000
10.092000
1.197000
10.099000
9.207000
6.105000
14.112000
7.792000
10.927000
12.767000
14.648000
15.049000
10.583000
12.162000
0.000000
10.299000
3.843000
13.273000
14.183000
12.919000
9.707000
14.055000
13.020000
9.069000
1.603000
5.434000
16.799000
12.376000
10.569000
7.674000
11.086000
9.807000
13.967000
0.000000
7.178000
0.000000
12.630000
6.914000
5.953000
5.406000
10.345000
9.204000
9.217000
15.172000
12.081000
8.323000
10.361000
8.013000
12.130000
9.869000
9.305000
13.076000
4.937000
7.786000
15.170000
5.524000
9.546000
9.962000
11.100000
13.102000
11.965000
18.033000
13.948000
9.851000
11.375000
4.828000
0.000000
7.442000
10.947000
10.666000
13.182000
6.755000
16.433000
12.429000
14.878000
15.607000
0.000000
11.247000
13.377000
14.552000
10.958000
12.801000
12.805000
16.766000
9.490000
13.647000
4.444000
7.040000
12.501000
9.603000
7.692000
8.704000
9.152000
6.605000
10.383000
13.276000
11.052000
9.891000
9.927000
19.703000
8.755000
9.538000
14.118000
16.556000
6.502000
10.429000
12.131000
12.610000
9.231000
11.514000
5.595000
7.528000
6.393000
13.608000
14.188000
11.891000
12.804000
6.945000
7.597000
8.317000
0.000000
15.774000
5.989000
11.763000
14.545000
10.939000
10.165000
5.994000
9.258000
15.944000
13.774000
10.938000
3.132000
6.591000
7.494000
8.954000
8.552000
13.763000
5.243000
8.448000
8.622000
11.862000
10.818000
7.599000
14.946000
9.557000
11.727000
8.668000
8.416000
8.155000
10.646000
11.970000
8.934000
7.138000
10.173000
7.920000
14.064000
7.558000
9.547000
9.681000
9.322000
13.279000
17.570000
11.117000
10.115000
15.214000
10.461000
7.091000
14.755000
8.591000
8.903000
12.216000
14.708000
12.999000
14.269000
15.490000
22.993000
8.878000
12.760000
9.086000
11.092000
7.445000
9.842000
8.111000
3.237000
12.143000
0.000000
8.151000
6.949000
15.264000
13.568000
2.785000
5.202000
4.978000
5.161000
4.437000
16.426000
6.629000
9.960000
3.609000
9.344000
3.778000
8.981000
9.309000
7.730000
7.827000
0.761000
5.522000
6.913000
16.570000
13.893000
9.863000
15.301000
10.160000
11.970000
15.806000
8.751000
8.357000
8.874000
11.021000
17.015000
4.902000
11.848000
5.522000
11.030000
9.747000
7.558000
12.275000
3.929000
10.273000
5.531000
9.439000
5.940000
4.784000
7.600000
10.275000
14.962000
12.683000
9.565000
10.333000
9.203000
10.772000
13.286000
3.708000
9.178000
5.901000
4.917000
6.663000
4.845000
13.175000
7.940000
3.381000
5.926000
13.697000
9.875000
13.066000
5.213000
18.806000
4.286000
5.460000
10.663000
4.691000
8.264000
7.636000
9.316000
6.174000
5.150000
9.113000
0.682000
11.381000
11.563000
18.355000
8.750000
20.853000
7.461000
5.054000
7.609000
5.684000
3.153000
10.918000
9.527000
10.961000
4.856000
0.000000
9.657000
3.183000
11.311000
7.069000
15.684000
6.940000
6.461000
14.497000
8.675000
3.023000
1.503000
3.331000
7.667000
0.000000
7.576000
8.682000
11.493000
7.538000
10.529000
7.680000
8.253000
0.536000
18.604000
14.438000
7.069000
10.994000
7.888000
13.313000
14.334000
4.786000
13.403000
2.466000
5.363000
7.821000
4.026000
6.061000
12.259000
16.812000
3.075000
11.980000
7.852000
18.720000
8.585000
3.910000
22.620000
14.046000
4.587000
1.340000
8.317000
13.652000
10.412000
7.333000
6.593000
9.964000
9.154000
6.057000
11.609000
12.004000
5.951000
4.041000
12.354000
7.873000
6.002000
10.777000
4.801000
9.375000
10.153000
8.793000
10.730000
17.045000
9.611000
8.093000
8.977000
9.060000
7.967000
7.133000
6.503000
7.711000
6.327000
10.074000
9.485000
7.273000
8.028000
9.415000
6.680000
10.668000
11.784000
13.960000
11.512000
13.342000
6.452000
14.267000
7.661000
9.687000
8.476000
11.536000
10.959000
13.594000
6.604000
1.340000
7.293000
13.485000
16.130000
9.435000
8.437000
5.932000
6.852000
8.564000
7.674000
11.789000
3.371000
12.575000
6.594000
9.118000
10.348000
12.217000
9.907000
16.615000
11.564000
9.999000
12.701000
8.760000
13.069000
7.604000
12.030000
14.780000
13.621000
20.611000
10.321000
10.929000
7.751000
5.786000
7.608000
11.482000
16.172000
13.386000
9.744000
4.331000
5.612000
4.711000
5.591000
6.335000
5.728000
14.362000
7.860000
10.417000
11.298000
6.769000
12.164000
10.565000
13.692000
4.332000
16.551000
6.334000
13.167000
7.793000
9.198000
3.333000
7.500000
7.892000
13.487000
9.234000
8.529000
14.758000
14.401000
1.848000
5.666000
7.679000
14.312000
8.981000
6.245000
3.156000
8.154000
11.591000
6.215000
6.683000
11.963000
8.956000
5.856000
10.955000
14.007000
9.543000
9.471000
8.713000
10.881000
13.487000
9.909000
7.681000
11.283000
11.179000
11.535000
10.014000
7.853000
7.119000
9.727000
11.532000
12.441000
11.624000
9.488000
16.230000
10.096000
7.239000
8.338000
10.417000
11.425000
10.446000
12.888000
14.977000
15.915000
6.866000
8.756000
11.962000
10.459000
10.177000
7.586000
12.557000
4.920000
7.995000
7.002000
8.608000
8.808000
15.228000
12.546000
12.279000
4.702000
8.784000
10.041000
13.121000
5.530000
9.819000
7.673000
6.876000
5.715000
7.383000
13.173000
13.143000
12.149000
15.198000
11.816000
5.690000
10.666000
15.602000
7.177000
6.889000
9.257000
5.918000
8.671000
5.747000
9.553000
15.194000
11.305000
9.997000
21.637000
11.869000
7.510000
14.688000
7.455000
5.176000
13.952000
8.675000
4.086000
20.487000
9.032000
10.304000
5.557000
11.401000
12.785000
5.535000
18.530000
6.679000
13.086000
13.124000
11.358000
3.964000
8.721000
10.650000
3.712000
10.253000
7.096000
12.107000
13.001000
6.369000
5.152000
16.346000
5.189000
8.464000
8.806000
12.127000
8.346000
6.951000
10.924000
13.092000
4.028000
12.798000
11.695000
17.714000
7.399000
9.930000
7.110000
13.128000
6.195000
9.355000
11.506000
15.188000
14.575000
11.900000
11.619000
4.330000
13.975000
2.563000
8.943000
7.921000
5.087000
10.124000
11.717000
17.626000
10.599000
6.471000
13.997000
12.735000
10.199000
10.327000
4.167000
10.193000
11.236000
7.321000
6.311000
9.842000
7.868000
9.259000
10.743000
13.655000
8.394000
0.000000
10.258000
7.894000
9.867000
17.307000
7.287000
13.654000
4.441000
8.231000
14.140000
10.647000
6.855000
13.988000
6.037000
13.333000
9.298000
13.399000
7.958000
8.253000
11.123000
7.250000
8.964000
5.650000
7.163000
5.635000
9.169000
9.744000
8.987000
9.188000
6.066000
5.145000
5.383000
10.440000
12.350000
12.862000
6.785000
5.738000
10.675000
8.660000
10.444000
13.279000
8.504000
21.694000
13.465000
11.792000
17.102000
11.786000
14.368000
14.058000
13.561000
6.377000
9.471000
10.115000
13.337000
7.614000
10.148000
7.711000
10.231000
9.778000
12.163000
12.947000
9.069000
2.760000
12.769000
14.193000
9.215000
9.200000
10.058000
6.096000
8.674000
8.277000
7.439000
6.552000
8.199000
5.447000
9.581000
11.157000
8.168000
7.758000
4.661000
12.429000
6.558000
12.104000
11.048000
6.463000
4.581000
11.170000
3.810000
15.416000
11.513000
11.378000
10.438000
6.155000
9.243000
3.890000
11.179000
5.483000
13.886000
7.999000
18.028000
16.427000
7.505000
8.919000
6.325000
14.560000
5.622000
10.933000
16.997000
13.709000
3.102000
10.872000
12.864000
9.435000
11.128000
7.292000
7.500000
8.610000
8.474000
7.642000
14.513000
14.294000
7.669000
6.865000
5.787000
10.767000
13.885000
14.029000
3.250000
11.483000
9.805000
9.941000
14.787000
11.277000
14.397000
10.262000
10.746000
9.072000
12.976000
12.757000
8.335000
8.524000
13.545000
11.498000
9.980000
11.500000
14.726000
6.308000
9.052000
8.010000
10.896000
15.770000
10.147000
3.020000
12.926000
9.873000
11.033000
10.894000
11.982000
8.145000
5.066000
4.487000
15.100000
9.789000
6.270000
5.345000
10.245000
23.573000
9.642000
7.711000
8.793000
12.045000
9.585000
4.111000
16.035000
11.281000
9.223000
10.724000
6.817000
14.122000
5.910000
11.253000
12.589000
10.379000
10.636000
9.416000
21.166000
14.763000
9.749000
11.085000
8.190000
5.904000
13.652000
9.980000
15.848000
7.230000
6.355000
1.013000
8.980000
13.748000
9.023000
9.351000
10.641000
12.558000
14.168000
21.866000
8.785000
9.144000
14.699000
11.679000
2.827000
9.620000
7.755000
9.863000
11.238000
17.424000
11.141000
8.199000
6.888000
6.891000
12.813000
5.132000
9.227000
10.036000
8.544000
9.307000
4.326000
4.830000
7.060000
10.480000
5.465000
15.605000
8.530000
5.425000
7.396000
4.623000
7.824000
11.000000
10.793000
11.854000
7.058000
9.609000
16.008000
6.625000
12.679000
7.546000
12.312000
6.527000
3.952000
8.489000
12.674000
5.739000
4.862000
12.842000
7.373000
11.479000
8.393000
9.626000
3.632000
7.181000
12.939000
11.940000
5.043000
10.544000
7.993000
5.108000
7.397000
15.126000
11.773000
13.885000
8.364000
10.415000
8.563000
13.478000
4.236000
7.650000
2.219000
5.179000
8.772000
1.330000
8.968000
8.782000
7.658000
8.514000
10.239000
3.920000
13.911000
9.515000
8.538000
9.310000
12.294000
12.517000
6.100000
15.269000
9.430000
5.886000
7.823000
4.730000
10.310000
14.078000
8.960000
12.027000
8.195000
8.639000
14.226000
6.297000
6.094000
9.216000
7.198000
3.468000
11.863000
10.759000
11.182000
5.206000
10.334000
10.185000
9.600000
11.370000
3.023000
10.751000
9.496000
11.251000
9.708000
1.755000
13.319000
0.313000
6.033000
14.615000
6.164000
9.637000
9.365000
8.884000
7.072000
5.442000
5.537000
14.421000
5.625000
23.332000
12.421000
6.690000
5.861000
9.561000
8.169000
14.606000
10.119000
6.252000
15.090000
7.601000
4.731000
2.780000
5.664000
5.728000
2.642000
5.286000
11.303000
7.382000
10.950000
6.325000
13.445000
10.960000
1.873000
6.340000
6.544000
10.790000
4.272000
5.025000
19.498000
6.134000
8.671000
5.026000
5.629000
7.361000
7.478000
5.628000
4.883000
0.387000
5.204000
5.899000
10.886000
8.467000
8.958000
7.992000
9.339000
15.453000
7.775000
2.892000
4.881000
7.826000
4.839000
6.701000
4.794000
3.460000
8.829000
8.783000
4.575000
12.299000
4.559000
11.155000
2.878000
5.454000
10.262000
10.265000
12.220000
2.629000
5.333000
13.321000
9.121000
10.028000
8.025000
9.128000
8.743000
4.469000
7.377000
14.589000
14.261000
11.122000
9.960000
8.159000
17.464000
6.965000
4.654000
7.663000
7.838000
8.642000
5.251000
1.949000
3.487000
18.291000
12.685000
3.427000
11.681000
7.115000
6.016000
4.854000
5.885000
14.936000
11.553000
10.832000
8.457000
2.103000
8.034000
6.632000
10.296000
8.086000
12.730000
3.834000
6.480000
2.931000
7.722000
8.941000
7.332000
6.608000
7.591000
6.162000
5.449000
11.219000
11.631000
9.708000
6.400000
7.234000
7.563000
6.087000
0.000000
2.342000
4.763000
7.452000
10.312000
23.835000
2.915000
20.977000
6.927000
4.706000
7.416000
6.570000
7.325000
9.418000
4.915000
8.679000
9.340000
6.780000
7.240000
11.810000
12.098000
11.987000
0.000000
10.533000
8.004000
8.363000
7.943000
9.469000
10.031000
15.366000
8.534000
8.263000
5.232000
10.863000
15.948000
6.168000
1.937000
12.914000
10.994000
5.297000
5.152000
1.059000
3.087000
4.190000
7.755000
12.652000
7.380000
12.722000
1.404000
4.023000
10.097000
2.410000
6.665000
10.782000
4.467000
11.568000
8.939000
4.726000
7.534000
7.655000
8.304000
2.033000
8.699000
6.328000
11.435000
5.118000
5.879000
10.630000
22.094000
12.569000
6.167000
2.161000
12.318000
6.261000
7.976000
1.390000
9.152000
4.245000
5.006000
9.373000
18.432000
9.191000
4.430000
7.564000
18.979000
10.764000
7.695000
5.432000
10.208000
9.386000
4.574000
3.697000
8.881000
13.548000
4.628000
10.625000
8.359000
12.016000
2.762000
22.938000
8.424000
2.217000
8.307000
6.253000
1.770000
17.756000
9.351000
7.596000
10.622000
10.663000
5.601000
13.344000
4.822000
0.000000
5.249000
8.712000
8.683000
9.888000
2.010000
7.536000
9.007000
5.117000
2.988000
9.365000
6.227000
12.933000
3.957000
2.595000
15.401000
6.621000
0.000000
0.000000
3.690000
8.657000
10.875000
5.943000
10.735000
10.945000
12.300000
1.260000
12.144000
4.296000
4.201000
0.000000
0.000000
8.496000
2.778000
0.000000
2.244000
3.013000
2.900000
5.532000
11.733000
2.655000
10.497000
12.558000
0.886000
5.145000
8.136000
12.950000
9.500000
5.353000
4.663000
4.792000
4.232000
5.159000
1.155000
2.917000
7.929000
5.108000
7.172000
12.172000
0.000000
14.613000
3.974000
12.217000
8.888000
18.494000
3.795000
7.281000
4.999000
3.012000
8.754000
0.780000
7.533000
6.051000
5.596000
19.251000
1.984000
5.153000
11.396000
24.258000
2.246000
2.270000
14.442000
0.000000
11.724000
1.319000
19.828000
7.339000
6.846000
3.003000
4.018000
2.416000
9.178000
9.911000
3.652000
1.967000
22.082000
1.419000
7.875000
10.287000
13.883000
8.914000
2.219000
8.727000
0.000000
11.283000
8.291000
2.225000
3.734000
20.107000
8.507000
9.816000
9.667000
10.319000
0.000000
10.392000
14.888000
0.210000
5.084000
3.421000
6.653000
13.257000
14.981000
14.087000
9.388000
9.431000
17.502000
9.277000
19.252000
0.664000
12.344000
5.461000
8.918000
0.535000
2.294000
15.103000
5.714000
4.859000
4.352000
0.692000
10.430000
3.920000
3.210000
10.082000
7.996000
8.318000
6.745000
3.480000
6.823000
7.591000
11.064000
6.895000
0.510000
7.348000
7.995000
3.383000
11.729000
5.456000
5.126000
6.979000
12.923000
9.285000
2.570000
7.610000
6.185000
7.469000
6.776000
0.000000
0.000000
11.840000
10.643000
2.908000
1.501000
6.620000
7.384000
2.600000
8.041000
10.835000
8.965000
18.675000
8.601000
4.144000
5.859000
1.423000
8.368000
10.654000
19.487000
10.897000
17.193000
3.486000
5.721000
8.595000
14.894000
8.816000
1.944000
15.789000
8.953000
8.803000
10.281000
8.149000
8.693000
5.386000
11.500000
10.069000
10.593000
9.053000
10.401000
8.239000
10.762000
5.764000
6.231000
6.321000
6.083000
9.992000
7.478000
4.326000
5.299000
0.000000
2.897000
8.761000
5.922000
5.083000
5.558000
11.425000
10.192000
11.091000
12.235000
20.085000
9.592000
8.021000
6.922000
1.734000
8.326000
13.118000
5.821000
4.291000
5.947000
9.970000
6.109000
2.075000
10.638000
4.400000
7.900000
7.640000
5.005000
9.473000
8.313000
12.656000
6.660000
6.802000
5.841000
7.440000
4.156000
8.136000
10.810000
4.092000
12.206000
6.528000
4.376000
11.877000
6.110000
6.993000
4.148000
4.669000
20.504000
11.642000
4.828000
8.879000
8.980000
11.079000
7.352000
4.534000
9.935000
5.875000
9.401000
10.782000
8.129000
7.514000
5.689000
9.991000
7.169000
14.014000
1.865000
13.354000
4.571000
7.067000
1.543000
12.470000
11.564000
8.675000
10.675000
7.019000
6.063000
10.537000
0.000000
8.456000
8.290000
7.528000
11.787000
6.585000
10.526000
10.554000
7.307000
7.053000
1.797000
11.240000
4.544000
9.907000
7.942000
14.718000
0.603000
5.625000
9.395000
7.078000
12.109000
9.509000
9.091000
2.996000
8.468000
3.241000
10.413000
11.509000
2.990000
7.982000
18.699000
6.883000
8.992000
3.679000
4.527000
9.801000
6.751000
6.136000
7.034000
10.728000
2.924000
6.246000
5.280000
3.412000
3.371000
8.450000
8.798000
6.296000
16.499000
18.989000
8.207000
8.527000
8.217000
12.808000
3.832000
6.343000
7.577000
0.000000
4.580000
1.682000
0.000000
8.092000
3.268000
4.759000
1.556000
13.903000
11.157000
9.304000
10.544000
6.017000
4.165000
3.911000
7.201000
15.796000
6.845000
5.881000
9.864000
8.501000
3.242000
5.437000
1.063000
4.098000
5.852000
13.301000
6.389000
6.919000
3.533000
10.850000
9.267000
0.961000
6.598000
18.332000
2.062000
16.547000
18.908000
6.012000
7.703000
8.053000
16.417000
5.143000
7.862000
5.602000
10.813000
8.284000
7.704000
13.143000
2.390000
9.045000
6.599000
5.788000
1.702000
14.524000
4.878000
12.870000
21.927000
6.511000
13.012000
7.112000
3.921000
8.882000
5.100000
8.205000
9.470000
5.271000
5.648000
9.250000
4.481000
2.916000
9.164000
1.274000
4.777000
8.142000
6.176000
0.946000
15.415000
8.625000
6.532000
6.778000
6.855000
16.140000
16.646000
5.693000
4.281000
6.674000
1.647000
1.567000
2.240000
3.597000
8.189000
9.730000
7.263000
9.222000
10.727000
8.433000
4.671000
13.317000
14.794000
0.000000
0.997000
6.679000
3.677000
15.452000
8.734000
1.926000
3.491000
7.425000
8.873000
5.969000
7.571000
11.451000
4.332000
0.000000
11.086000
6.524000
13.819000
8.091000
12.658000
8.264000
1.645000
2.938000
19.018000
11.217000
11.830000
13.454000
11.190000
9.052000
4.141000
4.981000
8.397000
17.964000
6.108000
17.741000
17.823000
14.858000
15.007000
3.496000
8.315000
8.885000
5.811000
10.812000
4.669000
7.979000
4.017000
9.085000
8.235000
8.428000
8.868000
13.597000
7.065000
13.417000
5.854000
12.772000
10.320000
8.792000
11.343000
6.099000
8.991000
7.135000
9.307000
11.066000
8.626000
6.411000
12.693000
15.131000
7.577000
14.242000
10.339000
5.888000
17.050000
2.275000
4.824000
4.865000
13.667000
6.902000
4.017000
14.176000
5.548000
5.587000
4.654000
12.378000
8.033000
3.587000
13.024000
7.767000
10.538000
11.298000
14.167000
8.918000
8.676000
11.135000
3.318000
6.415000
2.627000
7.700000
2.406000
6.723000
3.511000
13.120000
5.746000
12.949000
3.888000
12.081000
10.616000
11.982000
10.978000
1.140000
12.657000
10.095000
10.570000
7.490000
11.239000
8.525000
8.128000
9.685000
7.512000
9.838000
6.584000
11.952000
7.248000
11.880000
9.505000
5.128000
15.456000
8.642000
9.629000
12.114000
15.219000
3.033000
10.905000
13.541000
9.710000
11.016000
8.385000
13.786000
9.181000
3.239000
10.821000
9.573000
8.566000
9.013000
9.352000
1.168000
5.025000
4.965000
7.126000
8.385000
10.506000
13.840000
4.859000
12.115000
4.647000
9.096000
8.155000
16.277000
9.428000
13.110000
9.618000
8.491000
11.142000
6.817000
6.342000
11.092000
8.319000
10.275000
7.224000
13.946000
11.982000
5.024000
7.162000
7.876000
4.815000
6.462000
12.071000
9.041000
8.596000
9.846000
9.492000
5.661000
15.450000
13.312000
6.934000
8.656000
14.513000
15.022000
8.213000
10.706000
4.540000
11.480000
6.895000
15.621000
19.116000
8.418000
17.584000
12.035000
12.924000
15.344000
18.811000
9.869000
8.432000
15.342000
13.927000
5.483000
7.221000
7.549000
8.232000
12.502000
8.280000
10.657000
10.299000
7.861000
10.799000
13.412000
10.711000
8.761000
13.331000
13.481000
4.095000
6.954000
9.391000
11.946000
7.769000
8.475000
10.136000
11.728000
9.735000
9.801000
10.086000
2.282000
10.482000
8.635000
15.508000
12.053000
7.654000
7.208000
12.682000
15.259000
4.532000
14.194000
5.856000
12.151000
10.094000
7.389000
10.054000
7.890000
10.012000
11.201000
7.912000
7.552000
10.691000
13.235000
15.561000
8.490000
8.003000
7.257000
8.519000
10.536000
11.832000
9.973000
11.344000
9.735000
17.471000
7.076000
14.886000
8.838000
5.470000
11.100000
5.906000
11.618000
5.594000
11.232000
9.390000
8.338000
7.632000
4.943000
9.945000
15.235000
10.866000
6.716000
9.667000
18.605000
11.939000
12.704000
9.008000
5.942000
13.905000
11.021000
11.163000
0.000000
8.032000
7.744000
7.363000
8.866000
5.984000
15.289000
13.056000
12.080000
10.881000
4.659000
14.086000
6.156000
14.537000
5.260000
11.958000
8.046000
5.146000
13.184000
9.886000
11.481000
6.423000
10.808000
7.540000
10.222000
7.936000
8.641000
9.022000
14.406000
14.410000
10.173000
10.569000
11.235000
4.641000
7.085000
5.740000
8.805000
15.946000
10.179000
6.643000
16.024000
10.485000
8.952000
11.054000
7.191000
6.809000
11.450000
13.789000
13.692000
13.751000
9.582000
9.941000
11.991000
5.826000
9.934000
10.990000
10.875000
9.835000
6.665000
13.341000
15.295000
9.924000
11.451000
10.477000
7.523000
11.170000
12.430000
10.724000
10.714000
3.790000
8.450000
8.286000
9.712000
14.497000
6.606000
8.762000
21.577000
12.028000
4.789000
3.962000
13.185000
14.862000
6.476000
10.465000
2.377000
16.800000
12.400000
4.250000
8.971000
6.882000
14.124000
12.325000
9.525000
4.404000
8.718000
10.397000
14.156000
9.122000
8.662000
16.242000
14.220000
11.913000
5.130000
11.626000
6.014000
8.453000
8.423000
17.310000
9.186000
5.801000
6.792000
7.721000
4.830000
12.594000
13.335000
3.430000
5.403000
11.788000
10.094000
12.362000
8.921000
9.119000
13.938000
13.290000
11.573000
13.411000
10.275000
11.791000
12.266000
8.721000
12.346000
16.892000
5.660000
10.735000
8.876000
12.610000
5.024000
11.150000
12.413000
12.441000
10.661000
9.032000
6.947000
10.453000
13.347000
5.336000
16.307000
5.845000
10.770000
11.300000
14.461000
9.090000
15.855000
17.264000
5.837000
8.125000
11.660000
11.996000
11.559000
8.955000
8.337000
19.954000
11.871000
5.667000
17.076000
11.940000
12.464000
7.399000
12.069000
12.240000
7.327000
10.724000
5.374000
5.329000
8.158000
9.579000
9.420000
7.465000
6.736000
10.584000
11.210000
10.454000
6.451000
9.537000
4.307000
8.296000
8.711000
7.670000
12.641000
9.641000
2.289000
10.505000
15.248000
12.135000
7.589000
6.201000
19.679000
7.182000
7.758000
7.911000
14.344000
9.879000
4.784000
11.341000
10.775000
13.148000
8.663000
10.528000
4.742000
6.387000
3.878000
13.199000
8.093000
4.800000
5.807000
13.296000
12.146000
6.717000
11.413000
11.472000
9.980000
10.841000
7.867000
12.393000
8.580000
6.305000
7.651000
7.871000
9.472000
6.517000
8.748000
8.216000
10.045000
11.196000
17.407000
14.211000
12.676000
9.588000
5.869000
10.005000
17.505000
6.534000
9.883000
4.362000
15.024000
8.282000
7.220000
19.380000
5.579000
10.843000
11.515000
10.731000
16.279000
19.011000
10.106000
9.783000
6.815000
9.869000
13.467000
8.257000
14.257000
9.166000
7.717000
6.852000
8.371000
8.116000
6.259000
3.807000
14.816000
15.368000
7.971000
6.567000
8.991000
6.332000
11.831000
8.682000
11.191000
15.329000
10.073000
5.785000
6.574000
18.087000
8.916000
11.762000
3.354000
11.138000
2.298000
8.290000
9.097000
13.685000
10.383000
10.705000
10.737000
8.487000
5.420000
4.868000
14.014000
10.613000
7.368000
8.321000
10.541000
11.747000
5.606000
6.088000
8.265000
10.013000
10.489000
7.912000
8.115000
5.207000
10.243000
10.354000
16.211000
10.660000
6.390000
17.864000
9.786000
8.781000
4.694000
11.374000
7.577000
8.693000
14.803000
15.942000
14.089000
9.055000
4.079000
11.675000
11.946000
8.458000
10.455000
12.428000
8.503000
10.217000
8.207000
9.512000
8.992000
10.198000
18.839000
16.547000
5.543000
6.719000
9.936000
12.235000
9.983000
13.419000
10.701000
4.649000
6.953000
7.390000
13.968000
16.981000
9.835000
8.642000
9.234000
11.153000
11.947000
9.617000
9.836000
8.779000
6.593000
12.964000
10.776000
6.596000
12.445000
5.740000
5.577000
11.688000
10.165000
11.503000
13.646000
7.901000
6.840000
11.648000
9.442000
17.978000
11.729000
7.317000
6.937000
10.544000
10.279000
4.139000
9.250000
9.059000
11.427000
16.584000
7.355000
18.725000
9.294000
4.518000
14.606000
10.084000
9.682000
8.407000
8.714000
9.987000
9.552000
18.023000
4.203000
6.845000
6.068000
11.026000
8.676000
5.463000
10.694000
22.140000
10.237000
3.217000
14.754000
8.337000
10.584000
15.533000
15.104000
20.904000
10.220000
7.316000
10.025000
10.348000
13.275000
5.774000
10.158000
9.852000
9.945000
11.306000
7.600000
5.302000
7.572000
0.969000
3.436000
9.421000
13.789000
8.416000
8.267000
7.439000
5.312000
4.016000
11.203000
9.881000
13.451000
12.200000
4.881000
15.430000
7.625000
15.460000
9.343000
11.566000
4.963000
9.314000
7.164000
3.214000
7.172000
6.425000
8.434000
11.351000
5.336000
9.180000
4.049000
6.097000
8.064000
9.154000
11.462000
15.070000
16.936000
12.098000
7.025000
16.930000
5.868000
11.272000
8.832000
7.160000
5.426000
10.550000
8.320000
10.601000
8.583000
4.372000
4.902000
9.355000
7.747000
11.979000
5.603000
1.986000
4.408000
6.591000
6.800000
16.855000
8.575000
19.890000
8.480000
7.216000
4.037000
12.153000
12.230000
10.795000
5.211000
10.332000
11.734000
6.121000
11.842000
18.202000
9.945000
11.564000
5.804000
7.620000
9.865000
9.120000
18.711000
7.619000
12.956000
5.837000
12.296000
5.778000
9.727000
8.345000
13.175000
11.033000
11.998000
13.878000
16.902000
11.424000
8.880000
11.342000
7.449000
11.970000
7.062000
12.174000
1.413000
13.357000
9.287000
10.804000
11.332000
8.062000
13.992000
5.117000
11.099000
9.043000
15.776000
9.139000
11.381000
10.675000
12.656000
12.462000
10.745000
5.384000
7.453000
4.652000
11.884000
10.243000
7.546000
12.559000
6.930000
18.130000
4.177000
6.049000
11.209000
10.989000
4.340000
15.379000
13.845000
13.576000
11.691000
14.524000
12.309000
15.421000
5.732000
9.392000
9.437000
13.882000
10.217000
20.705000
8.334000
2.207000
11.719000
8.662000
14.269000
8.340000
8.006000
14.750000
9.684000
1.979000
0.783000
10.328000
9.850000
12.069000
9.255000
8.442000
11.359000
9.111000
6.265000
12.942000
12.611000
12.716000
13.959000
13.589000
7.024000
13.120000
11.481000
12.153000
13.271000
7.577000
5.615000
18.086000
5.982000
8.829000
7.575000
13.146000
12.531000
2.764000
9.888000
15.720000
15.911000
6.225000
11.429000
4.461000
5.948000
12.937000
7.386000
14.565000
12.054000
9.640000
15.527000
12.585000
6.173000
12.148000
13.694000
10.333000
5.803000
4.075000
9.361000
13.677000
2.696000
5.390000
6.096000
13.598000
11.882000
8.531000
4.021000
6.005000
13.347000
11.151000
11.125000
21.035000
12.795000
13.542000
11.806000
21.220000
4.774000
8.470000
12.002000
11.134000
11.382000
7.626000
3.114000
14.183000
10.392000
10.280000
12.673000
3.885000
13.464000
9.678000
17.389000
14.288000
15.945000
8.023000
10.603000
14.491000
11.164000
9.843000
5.994000
9.845000
13.126000
13.573000
10.374000
8.388000
8.809000
6.291000
13.247000
4.218000
4.683000
5.174000
13.024000
9.058000
6.365000
11.704000
13.415000
17.086000
12.955000
3.791000
10.945000
7.124000
6.960000
7.400000
10.520000
14.667000
8.365000
12.009000
14.907000
13.555000
14.659000
10.505000
10.564000
8.485000
9.691000
16.399000
17.692000
10.278000
5.490000
12.621000
7.594000
11.019000
13.141000
14.765000
10.866000
5.437000
10.519000
10.115000
12.856000
12.308000
9.784000
11.740000
9.225000
9.470000
11.609000
15.659000
8.146000
7.445000
11.257000
13.715000
6.524000
12.166000
11.690000
10.378000
14.818000
5.871000
6.547000
3.013000
10.103000
14.650000
13.056000
7.594000
9.712000
4.696000
12.557000
8.646000
6.504000
10.989000
14.635000
15.460000
10.124000
14.655000
10.176000
9.347000
12.187000
6.500000
15.270000
2.542000
15.716000
8.601000
8.917000
11.178000
16.961000
17.593000
7.785000
8.119000
4.267000
0.083000
10.492000
7.997000
7.210000
19.118000
7.805000
9.484000
11.102000
9.731000
14.124000
10.130000
13.502000
10.573000
4.288000
4.351000
6.972000
15.843000
10.515000
9.471000
10.306000
9.640000
9.636000
10.603000
9.570000
14.524000
0.869000
15.235000
15.323000
11.847000
3.776000
2.086000
5.287000
8.113000
12.537000
18.135000
4.051000
11.205000
5.011000
15.173000
12.408000
7.651000
11.632000
7.970000
10.839000
12.149000
3.781000
11.030000
8.886000
7.937000
7.631000
9.275000
16.412000
0.000000
14.191000
13.319000
23.477000
9.543000
11.577000
8.981000
0.599000
7.788000
4.567000
11.497000
15.973000
7.208000
16.954000
5.099000
7.020000
2.385000
6.467000
13.344000
7.054000
5.539000
15.018000
2.665000
9.189000
9.846000
15.015000
7.365000
7.097000
12.674000
6.361000
0.493000
5.006000
3.623000
10.074000
3.602000
5.821000
13.799000
7.537000
5.210000
10.834000
13.443000
13.085000
7.349000
15.859000
15.279000
9.118000
6.161000
9.865000
9.905000
7.682000
7.150000
8.732000
3.297000
5.235000
9.023000
14.500000
4.349000
10.301000
2.544000
4.057000
3.853000
4.835000
8.837000
4.385000
14.585000
7.101000
4.490000
4.076000
7.584000
4.998000
6.458000
8.529000
7.891000
15.154000
4.214000
7.317000
0.000000
7.004000
3.377000
6.727000
8.614000
11.379000
10.614000
12.078000
4.464000
6.707000
10.881000
9.432000
1.992000
11.726000
4.295000
8.535000
3.366000
9.829000
8.304000
5.557000
4.422000
11.178000
2.419000
4.273000
5.964000
4.744000
5.511000
2.338000
6.669000
3.792000
4.090000
16.187000
5.086000
12.112000
4.568000
14.068000
11.640000
11.759000
8.007000
0.000000
4.764000
5.189000
6.489000
5.710000
4.917000
3.444000
7.526000
3.769000
22.655000
6.363000
6.892000
3.889000
16.092000
4.486000
3.906000
6.145000
3.993000
12.949000
3.999000
3.341000
1.764000
13.931000
6.683000
6.850000
4.759000
2.739000
3.901000
11.016000
7.133000
16.889000
5.457000
4.534000
4.266000
6.320000
5.843000
10.202000
3.161000
4.518000
3.519000
8.450000
7.179000
10.803000
8.634000
1.280000
4.713000
5.755000
6.811000
7.387000
4.562000
6.266000
8.970000
4.393000
25.404000
5.264000
13.975000
1.348000
3.606000
8.120000
12.490000
2.674000
7.219000
9.270000
7.331000
9.689000
3.583000
2.614000
4.165000
4.717000
12.407000
5.148000
2.445000
10.872000
5.602000
7.605000
8.517000
4.312000
3.617000
2.196000
12.074000
3.870000
9.385000
8.168000
4.657000
5.300000
6.905000
4.663000
6.878000
12.890000
5.080000
4.093000
4.405000
2.347000
6.741000
12.913000
9.123000
8.420000
8.710000
12.209000
9.923000
10.441000
6.007000
4.940000
10.778000
6.440000
8.166000
1.795000
4.035000
7.017000
12.752000
4.320000
4.538000
4.170000
12.143000
6.951000
1.002000
12.754000
4.857000
4.608000
10.330000
13.650000
13.816000
8.485000
13.767000
14.566000
10.189000
10.345000
8.114000
8.033000
2.846000
3.604000
4.596000
8.048000
6.233000
21.777000
4.082000
10.113000
2.685000
3.026000
13.064000
13.377000
6.399000
6.258000
5.254000
9.590000
3.346000
4.628000
6.392000
11.928000
8.294000
18.005000
5.493000
6.252000
9.125000
0.000000
7.453000
3.195000
2.430000
14.554000
9.120000
16.831000
8.776000
13.369000
11.844000
15.735000
7.236000
15.452000
2.686000
6.157000
4.645000
8.578000
5.356000
6.033000
7.239000
9.661000
7.113000
13.880000
5.708000
10.584000
1.551000
12.305000
6.591000
7.926000
3.103000
7.934000
5.837000
4.805000
19.722000
4.698000
5.510000
5.156000
0.195000
5.832000
15.289000
3.662000
2.670000
17.823000
5.583000
12.653000
14.800000
5.953000
2.521000
14.991000
3.344000
5.296000
6.335000
18.384000
14.456000
12.781000
16.755000
11.953000
7.460000
3.770000
6.559000
6.675000
5.889000
5.152000
17.714000
7.061000
11.533000
3.744000
8.486000
12.668000
4.583000
8.854000
6.590000
1.130000
0.000000
10.904000
15.331000
3.862000
5.956000
14.941000
12.845000
12.193000
14.919000
10.629000
14.765000
11.013000
6.313000
5.147000
3.832000
0.432000
11.336000
18.689000
15.618000
4.386000
14.002000
4.081000
3.527000
18.071000
4.348000
8.525000
12.990000
15.507000
11.998000
5.910000
7.200000
6.215000
2.077000
4.164000
9.418000
13.773000
11.179000
5.052000
11.011000
6.126000
13.818000
13.968000
2.405000
7.295000
10.015000
15.773000
3.792000
13.675000
13.414000
5.981000
13.613000
4.715000
3.768000
15.394000
9.175000
12.971000
11.798000
13.052000
3.592000
12.304000
16.476000
22.220000
3.011000
12.950000
6.058000
13.428000
16.836000
5.336000
7.005000
6.456000
6.003000
17.495000
8.920000
4.808000
7.698000
17.067000
14.804000
10.885000
5.397000
12.295000
14.487000
0.385000
13.541000
11.952000
17.602000
2.136000
7.462000
15.382000
16.021000
18.577000
7.462000
21.536000
8.244000
4.060000
14.503000
8.786000
2.828000
14.852000
9.631000
7.592000
14.365000
14.264000
14.750000
17.984000
12.003000
16.383000
10.196000
6.456000
8.105000
15.830000
16.519000
4.116000
5.811000
18.555000
2.262000
11.247000
16.505000
16.549000
15.548000
7.276000
12.599000
2.811000
13.622000
14.670000
9.813000
14.502000
8.983000
7.425000
10.955000
1.883000
12.141000
14.954000
7.308000
18.228000
15.796000
13.317000
17.502000
0.000000
7.484000
6.140000
4.955000
8.155000
12.388000
13.948000
10.301000
10.297000
11.897000
10.738000
9.380000
13.432000
15.299000
15.292000
14.945000
7.411000
5.694000
17.331000
12.946000
15.101000
5.663000
14.050000
7.883000
11.801000
6.726000
5.027000
15.672000
3.314000
6.941000
12.611000
9.674000
11.756000
13.232000
9.828000
10.409000
8.262000
7.286000
7.866000
15.252000
1.428000
13.780000
13.641000
11.083000
14.589000
6.637000
16.396000
8.253000
15.131000
9.745000
12.308000
7.190000
6.461000
11.084000
7.353000
11.754000
11.229000
12.485000
0.689000
14.819000
3.242000
9.281000
7.613000
11.805000
17.808000
17.365000
2.711000
14.734000
13.753000
14.191000
6.702000
10.737000
7.687000
1.968000
2.285000
6.305000
2.689000
6.903000
3.538000
10.709000
7.289000
7.266000
6.400000
10.145000
3.324000
12.030000
4.947000
3.764000
14.599000
3.614000
14.376000
6.413000
14.440000
7.047000
5.630000
12.064000
10.825000
0.000000
12.211000
7.003000
6.572000
9.611000
0.000000
11.196000
6.707000
6.728000
6.425000
1.101000
19.082000
10.578000
6.331000
16.725000
2.129000
18.491000
2.957000
16.120000
4.167000
12.451000
2.686000
3.573000
3.252000
7.551000
13.370000
13.096000
4.776000
7.103000
15.925000
4.065000
0.000000
7.132000
9.364000
5.106000
3.904000
2.412000
10.479000
12.896000
7.489000
5.586000
5.128000
10.342000
9.109000
17.105000
8.774000
5.092000
14.744000
11.736000
2.514000
15.035000
13.883000
4.224000
5.704000
15.845000
2.429000
12.705000
8.622000
3.987000
11.036000
8.821000
10.280000
13.140000
5.069000
0.974000
2.000000
9.862000
12.846000
7.403000
10.151000
5.780000
0.000000
14.368000
0.000000
3.706000
4.172000
5.507000
11.234000
8.948000
7.951000
6.323000
3.230000
11.547000
12.544000
0.000000
15.732000
5.987000
12.075000
18.527000
15.643000
6.643000
0.000000
7.093000
3.787000
16.190000
4.461000
1.062000
13.551000
5.092000
12.377000
10.246000
4.661000
11.622000
11.494000
14.281000
4.942000
9.083000
15.288000
8.886000
9.265000
5.991000
9.896000
7.101000
11.568000
13.978000
15.357000
15.682000
5.521000
15.404000
5.744000
9.286000
2.828000
5.223000
13.123000
16.365000
24.727000
10.906000
6.880000
12.641000
10.118000
11.923000
2.021000
6.347000
14.359000
9.087000
5.912000
21.103000
6.656000
9.619000
4.282000
15.296000
11.163000
10.965000
0.243000
1.291000
5.926000
16.189000
11.745000
5.394000
5.065000
9.790000
15.007000
11.049000
9.399000
11.563000
13.563000
7.378000
0.000000
11.437000
0.268000
16.255000
6.307000
10.993000
12.904000
11.119000
0.201000
8.198000
5.065000
8.182000
0.000000
13.394000
5.335000
0.000000
0.223000
13.613000
10.238000
9.160000
8.218000
0.695000
11.109000
0.000000
5.325000
7.783000
0.000000
0.000000
10.693000
0.000000
2.980000
0.000000
0.973000
0.000000
0.000000
3.994000
5.302000
2.266000
0.950000
6.055000
5.625000
9.432000
0.000000
0.858000
0.000000
0.000000
2.904000
11.860000
0.000000
0.000000
0.000000
5.936000
0.204000
0.000000
5.633000
8.934000
9.303000
8.759000
10.100000
7.046000
8.038000
7.608000
6.699000
8.354000
7.204000
2.243000
0.000000
8.862000
9.925000
0.000000
0.000000
7.274000
0.387000
0.000000
7.639000
6.849000
0.000000
0.000000
4.079000
12.624000
1.081000
0.000000
0.000000
0.000000
0.000000
8.250000
14.772000
7.947000
3.871000
3.931000
7.543000
8.618000
16.118000
12.637000
0.000000
1.372000
16.570000
10.153000
3.072000
3.042000
14.058000
0.000000
1.613000
10.093000
0.000000
9.535000
7.773000
0.000000
0.000000
10.191000
0.000000
2.925000
14.202000
0.000000
0.000000
7.648000
14.636000
3.859000
10.130000
4.136000
9.228000
5.506000
3.587000
6.845000
5.717000
16.162000
4.994000
14.314000
9.069000
7.283000
7.981000
9.193000
7.594000
19.190000
12.893000
8.585000
2.557000
15.477000
2.550000
1.112000
4.170000
0.000000
9.987000
7.839000
6.165000
0.289000
1.520000
2.172000
9.650000
2.397000
0.063000
3.562000
6.821000
20.571000
8.501000
6.005000
5.585000
8.658000
0.000000
0.000000
4.609000
2.053000
6.994000
1.627000
5.733000
4.827000
0.000000
0.000000
4.116000
0.000000
4.529000
0.000000
0.099000
1.211000
3.751000
10.853000
4.952000
0.000000
3.145000
5.526000
0.000000
0.000000
13.351000
0.000000
4.303000
0.000000
0.000000
0.000000
8.293000
0.711000
2.030000
5.703000
8.531000
10.432000
9.235000
6.716000
4.722000
7.146000
11.462000
2.196000
0.000000
7.460000
3.220000
6.094000
8.638000
8.274000
7.153000
14.480000
4.841000
6.791000
0.000000
0.000000
4.010000
5.087000
4.712000
4.971000
0.000000
14.638000
4.190000
13.050000
2.004000
3.690000
0.582000
0.000000
5.770000
4.467000
12.309000
5.080000
7.018000
0.086000
1.930000
8.858000
0.000000
5.323000
15.112000
9.011000
3.022000
2.862000
4.593000
8.136000
9.667000
4.990000
7.326000
10.500000
0.000000
3.983000
2.020000
2.785000
0.000000
7.142000
5.391000
0.000000
1.928000
2.203000
0.000000
1.755000
7.686000
5.450000
15.183000
5.180000
14.875000
7.107000
0.589000
4.706000
0.000000
1.232000
0.000000
1.230000
11.023000
16.097000
8.846000
0.000000
2.907000
2.145000
11.904000
5.917000
0.358000
0.883000
14.457000
7.163000
3.627000
1.898000
0.000000
2.130000
9.505000
3.515000
0.000000
0.000000
2.719000
0.000000
4.415000
8.181000
6.856000
2.461000
3.432000
8.382000
4.976000
8.002000
9.151000
15.980000
11.107000
0.583000
0.000000
4.379000
4.212000
1.834000
1.442000
6.816000
0.000000
4.777000
3.187000
1.942000
3.816000
9.455000
0.000000
14.096000
7.868000
4.676000
9.039000
10.251000
8.987000
7.695000
4.073000
4.522000
2.224000
10.228000
6.764000
0.000000
2.044000
5.274000
9.806000
2.834000
11.946000
4.822000
0.218000
4.616000
1.573000
0.000000
14.773000
0.000000
2.261000
2.652000
1.831000
7.079000
2.253000
0.000000
9.899000
2.497000
0.000000
3.538000
0.143000
1.259000
7.319000
11.424000
6.067000
3.135000
1.942000
7.806000
0.000000
2.155000
1.833000
3.386000
1.994000
2.760000
5.318000
3.893000
14.177000
6.323000
0.000000
12.034000
6.182000
7.071000
6.754000
4.202000
4.431000
6.984000
3.944000
2.942000
14.093000
2.610000
5.416000
0.000000
3.738000
10.918000
3.597000
4.743000
4.021000
3.432000
5.260000
0.327000
5.369000
0.801000
5.340000
0.000000
0.000000
0.000000
10.234000
0.000000
0.000000
1.139000
0.000000
10.909000
0.000000
0.000000
4.364000
2.923000
0.337000
1.250000
11.770000
0.441000
3.720000
5.850000
4.149000
6.299000
2.225000
1.816000
0.000000
10.429000
2.861000
9.006000
0.000000
4.545000
1.723000
0.475000
0.000000
0.070000
5.314000
0.000000
3.742000
0.000000
0.000000
11.215000
0.433000
0.000000
1.465000
1.274000
13.348000
5.345000
0.000000
1.257000
0.679000
0.742000
5.041000
3.537000
0.000000
3.521000
4.687000
0.274000
5.051000
6.966000
0.222000
0.457000
0.000000
2.877000
5.802000
1.540000
2.729000
9.472000
0.000000
6.027000
4.663000
2.863000
8.592000
5.606000
0.000000
3.982000
9.753000
10.044000
0.000000
4.703000
0.833000
4.158000
15.553000
4.669000
0.000000
7.156000
0.000000
7.302000
0.000000
2.584000
9.747000
11.316000
0.000000
10.044000
0.370000
12.588000
9.471000
0.846000
0.000000
2.005000
3.568000
3.369000
1.005000
10.197000
0.000000
1.587000
0.000000
7.861000
6.229000
8.774000
0.000000
11.510000
0.000000
16.073000
0.000000
7.032000
0.374000
16.107000
2.672000
15.544000
6.313000
13.643000
2.047000
3.327000
9.413000
1.740000
9.615000
0.732000
3.909000
0.000000
6.116000
8.310000
0.000000
0.000000
20.848000
11.237000
1.795000
0.000000
1.692000
2.966000
6.928000
8.244000
3.542000
4.879000
8.822000
0.000000
16.648000
9.173000
0.802000
4.038000
4.834000
1.566000
2.397000
12.524000
2.089000
2.236000
2.141000
5.017000
11.889000
7.171000
1.733000
1.523000
3.804000
6.073000
14.741000
4.132000
4.584000
2.962000
6.574000
0.000000
0.900000
6.928000
0.000000
5.104000
9.085000
7.858000
1.721000
9.666000
10.083000
0.000000
5.285000
1.017000
2.626000
0.000000
8.646000
6.646000
3.882000
3.795000
5.728000
6.316000
3.409000
2.447000
4.640000
0.669000
11.217000
1.772000
6.141000
0.000000
0.729000
12.285000
2.589000
0.000000
1.761000
6.171000
4.600000
2.356000
7.050000
6.726000
10.405000
3.306000
6.228000
8.990000
5.162000
2.387000
5.102000
9.537000
0.000000
7.828000
7.920000
2.493000
5.366000
8.430000
6.985000
11.694000
10.488000
0.000000
9.815000
15.820000
7.106000
2.989000
5.872000
0.963000
5.016000
8.499000
0.000000
8.374000
0.000000
13.721000
15.217000
7.502000
7.541000
1.240000
5.583000
4.705000
9.385000
0.000000
0.841000
10.608000
5.498000
11.632000
4.938000
7.536000
9.429000
0.255000
5.004000
4.728000
0.000000
3.881000
0.000000
1.175000
2.813000
0.000000
0.000000
0.000000
8.173000
0.000000
0.000000
6.624000
1.087000
0.000000
9.400000
5.073000
2.104000
4.126000
9.053000
0.810000
0.309000
0.000000
0.000000
0.000000
2.506000
6.460000
5.366000
1.334000
0.109000
6.777000
3.366000
0.000000
1.464000
2.303000
4.209000
6.778000
0.566000
0.000000
4.708000
0.412000
5.145000
6.019000
1.182000
0.000000
9.448000
2.157000
3.624000
0.000000
0.782000
11.593000
11.846000
0.417000
0.564000
0.000000
0.037000
1.683000
2.050000
7.319000
8.004000
2.607000
0.000000
0.000000
1.119000
4.642000
3.177000
0.000000
1.710000
3.169000
0.000000
1.513000
2.432000
0.000000
0.586000
2.617000
5.419000
10.059000
0.000000
4.458000
0.000000
2.157000
0.142000
1.925000
1.794000
0.391000
0.000000
1.658000
4.546000
0.000000
1.676000
4.982000
0.000000
0.643000
7.354000
2.101000
1.622000
5.832000
0.251000
0.000000
11.290000
0.724000
1.253000
8.936000
3.159000
0.271000
0.000000
0.817000
4.782000
3.755000
6.760000
8.648000
0.000000
3.840000
4.314000
2.446000
0.000000
0.000000
2.786000
4.847000
1.022000
1.904000
0.000000
0.000000
0.633000
0.000000
14.109000
0.709000
0.000000
0.000000
0.000000
0.000000
0.681000
0.000000
0.000000
0.000000
4.396000
2.745000
0.257000
11.452000
0.000000
0.000000
1.828000
1.694000
9.491000
0.000000
0.000000
2.534000
2.486000
6.115000
0.000000
0.000000
2.407000
0.000000
8.268000
0.000000
1.569000
3.011000
0.000000
5.888000
0.283000
3.250000
0.000000
0.000000
2.338000
4.835000
3.622000
10.967000
1.072000
2.048000
3.161000
0.000000
7.407000
4.939000
5.934000
2.430000
2.081000
2.699000
5.584000
3.038000
1.902000
0.000000
1.124000
2.253000
0.000000
9.893000
7.513000
1.109000
0.539000
1.223000
3.483000
6.837000
0.000000
1.440000
0.000000
4.668000
1.725000
2.062000
0.000000
0.000000
1.646000
6.640000
0.000000
1.353000
3.440000
0.000000
4.677000
5.315000
0.253000
0.506000
1.879000
1.511000
2.872000
0.000000
3.606000
5.018000
1.194000
0.000000
3.800000
2.405000
8.908000
0.508000
8.492000
0.589000
0.172000
0.000000
0.000000
7.627000
0.000000
0.000000
0.788000
8.411000
7.697000
0.000000
1.762000
0.066000
0.000000
6.314000
0.000000
10.655000
0.000000
6.134000
1.074000
0.022000
3.761000
10.997000
5.296000
0.000000
5.193000
4.018000
0.000000
1.518000
0.000000
0.000000
0.000000
4.758000
4.252000
0.246000
0.000000
0.000000
0.756000
0.000000
0.000000
5.857000
0.000000
0.000000
2.697000
0.000000
2.103000
0.000000
2.031000
1.179000
0.000000
4.795000
0.000000
3.764000
0.910000
0.000000
0.000000
2.003000
0.000000
0.000000
0.000000
0.000000
0.000000
1.137000
0.000000
3.568000
0.862000
0.000000
0.000000
0.384000
7.770000
0.000000
7.070000
0.000000
7.194000
0.000000
0.000000
0.000000
3.723000
0.000000
0.000000
0.000000
8.605000
5.156000
1.871000
0.000000
2.000000
0.636000
0.000000
0.000000
0.000000
0.000000
0.143000
0.000000
0.062000
0.000000
0.000000
8.975000
0.000000
0.000000
2.291000
0.000000
0.000000
0.000000
2.005000
0.000000
0.000000
1.226000
5.761000
0.000000
1.591000
3.058000
4.351000
0.000000
0.249000
3.062000
0.457000
2.160000
0.251000
4.156000
3.820000
5.824000
0.000000
0.000000
0.000000
0.000000
0.000000
1.579000
0.858000
0.000000
0.467000
2.791000
6.184000
8.123000
0.000000
2.052000
0.000000
0.000000
0.000000
2.626000
0.956000
0.000000
0.000000
1.371000
0.000000
0.000000
3.801000
0.000000
0.000000
2.437000
0.000000
5.648000
0.000000
0.000000
5.907000
0.000000
0.000000
2.453000
6.046000
0.000000
0.000000
0.000000
0.405000
0.000000
0.000000
5.079000
1.299000
0.000000
0.000000
0.000000
7.638000
0.000000
0.000000
0.516000
0.000000
0.000000
5.351000
0.000000
5.978000
0.471000
2.174000
0.000000
0.000000
5.200000
0.000000
0.000000
0.000000
0.000000
5.438000
4.957000
0.170000
0.000000
2.450000
0.000000
0.000000
0.482000
3.623000
0.000000
3.324000
0.000000
0.000000
0.000000
4.497000
3.181000
0.000000
0.100000
2.031000
0.705000
1.766000
0.000000
0.000000
0.528000
6.433000
0.000000
8.088000
0.000000
0.000000
0.000000
0.000000
0.898000
6.039000
1.552000
1.573000
0.000000
0.000000
0.000000
0.000000
0.000000
7.100000
0.000000
0.000000
4.340000
5.628000
0.000000
7.353000
0.000000
0.000000
3.551000
6.709000
2.363000
6.363000
0.000000
0.000000
0.000000
6.296000
3.241000
0.000000
0.394000
0.000000
0.000000
2.443000
1.266000
2.710000
2.907000
2.663000
0.864000
1.821000
0.000000
3.880000
5.716000
0.000000
4.975000
1.582000
0.000000
3.302000
0.000000
2.022000
2.732000
1.944000
1.463000
1.005000
0.000000
0.000000
1.536000
3.033000
0.000000
3.289000
2.965000
2.383000
0.000000
0.063000
0.000000
0.000000
0.752000
4.648000
4.506000
1.749000
1.010000
0.000000
0.000000
1.365000
0.536000
0.000000
0.000000
0.000000
0.000000
0.000000
1.105000
0.000000
3.706000
0.000000
0.000000
4.418000
4.078000
5.663000
0.795000
0.000000
5.894000
1.897000
0.000000
0.000000
1.896000
0.000000
1.228000
1.081000
0.000000
0.000000
3.312000
0.000000
2.311000
0.000000
0.000000
2.414000
2.205000
2.701000
2.952000
0.000000
0.000000
0.000000
6.141000
0.673000
0.000000
0.781000
0.000000
2.693000
5.913000
2.136000
0.000000
0.000000
0.830000
0.000000
2.703000
0.000000
0.000000
1.223000
2.222000
0.000000
1.460000
1.529000
0.000000
4.157000
0.000000
1.607000
0.000000
0.000000
0.000000
0.847000
0.000000
0.000000
0.186000
0.000000
0.000000
0.111000
0.000000
0.000000
1.085000
4.352000
0.000000
4.220000
0.776000
0.000000
0.000000
0.000000
4.247000
0.000000
0.220000
3.550000
0.000000
0.000000
0.000000
4.148000
0.000000
0.000000
0.000000
0.000000
0.000000
0.000000
3.589000
0.000000
0.000000
0.000000
1.526000
2.134000
0.000000
0.000000
0.000000
0.000000
0.080000
0.000000
0.313000
0.575000
1.683000
0.000000
0.000000
0.000000
0.000000
1.997000
0.000000
0.874000
0.000000
0.243000
4.086000
0.000000
1.036000
3.381000
0.264000
2.039000
3.109000
0.466000
1.708000
0.000000
2.489000
1.687000
0.000000
3.685000
0.000000
0.142000
0.000000
0.000000
0.000000
0.000000
0.492000
1.732000
2.033000
0.000000
0.000000
1.351000
0.708000
0.000000
5.052000
0.000000
0.115000
3.885000
1.152000
0.000000
0.000000
0.000000
0.000000
0.000000
0.000000
0.000000
0.000000
0.000000
0.543000
1.461000
0.247000
0.000000
0.000000
0.000000
0.000000
4.074000
0.000000
0.001000
0.000000
0.000000
0.000000
1.304000
0.920000
2.841000
0.000000
3.463000
0.000000
1.925000
2.277000
0.099000
0.000000
0.000000
0.000000
1.292000
2.354000
0.000000
2.154000
0.000000
1.836000
0.000000
3.338000
0.000000
3.588000
0.000000
0.000000
1.138000
0.000000
2.736000
0.000000
0.000000
2.089000
0.647000
0.150000
0.000000
0.000000
0.000000
1.643000
2.288000
0.188000
0.000000
0.594000
1.208000
3.270000
0.000000
0.000000
0.000000
0.500000
0.000000
2.475000
0.000000
0.928000
0.810000
1.510000
0.000000
2.461000
2.588000
0.000000
1.342000
0.995000
0.577000
0.000000
0.390000
0.000000
0.000000
0.000000
0.000000
2.356000
0.370000
2.376000
2.943000
1.961000
1.872000
0.000000
0.000000
0.070000
2.273000
0.000000
0.000000
0.107000
0.000000
2.232000
0.000000
0.000000
4.425000
1.892000
0.000000
0.000000
0.777000
0.000000
0.000000
0.000000
2.135000
1.618000
3.192000
2.352000
0.000000
0.990000
1.431000
2.837000
0.000000
0.000000
2.541000
0.000000
0.000000
0.000000
0.085000
0.000000
0.105000
0.335000
0.000000
0.839000
0.000000
0.157000
2.600000
2.499000
0.000000
0.000000
0.000000
0.240000
1.228000
1.379000
1.311000
0.000000
0.000000
2.261000
0.000000
1.407000
0.000000
0.652000
0.381000
0.000000
0.000000
1.180000
0.000000
0.000000
3.525000
2.302000
0.000000
0.000000
0.937000
1.531000
0.357000
0.000000
0.000000
4.902000
0.000000
1.050000
0.000000
0.000000
1.487000
0.000000
0.000000
2.429000
0.000000
2.076000
1.496000
2.666000
0.000000
0.000000
0.000000
1.502000
0.000000
2.238000
0.000000
0.000000
2.082000
0.000000
0.762000
0.000000
0.000000
0.000000
0.000000
2.223000
0.000000
0.571000
0.000000
0.000000
0.000000
0.000000
0.000000
0.000000
1.968000
0.000000
1.246000
0.000000
0.000000
0.000000
0.843000
0.000000
0.000000
0.576000
1.518000
3.512000
0.000000
0.338000
0.231000
0.000000
0.340000
0.000000
0.000000
0.000000
0.000000
0.691000
0.000000
1.887000
0.000000
0.000000
0.406000
1.616000
0.000000
0.000000
0.722000
3.856000
0.000000
0.000000
1.124000
0.000000
0.867000
0.495000
0.636000
2.352000
0.000000
0.334000
0.704000
0.000000
0.000000
0.318000
0.000000
1.620000
0.551000
0.537000
0.000000
0.320000
0.000000
0.000000
0.444000
0.000000
0.241000
0.324000
0.000000
0.875000
0.000000
0.000000
2.302000
0.920000
1.675000
0.000000
0.000000
4.331000
0.000000
1.706000
0.000000
0.000000
0.149000
0.000000
0.000000
0.550000
1.849000
0.164000
0.567000
0.000000
0.451000
0.000000
0.000000
0.000000
0.000000
1.043000
0.106000
0.640000
0.000000
0.391000
0.184000
0.000000
0.000000
3.771000
1.951000
3.644000
1.259000
0.000000
0.000000
0.264000
1.913000
3.112000
1.845000
0.000000
0.000000
0.000000
0.000000
0.000000
3.724000
0.000000
3.501000
0.348000
0.000000
0.379000
0.000000
0.273000
0.000000
0.000000
1.141000
0.636000
0.000000
1.043000
0.000000
1.398000
0.401000
0.000000
0.000000
0.000000
5.519000
0.000000
0.183000
0.000000
1.848000
0.000000
0.000000
0.899000
0.057000
0.829000
0.294000
0.373000
0.961000
0.000000
0.000000
0.000000
0.000000
2.482000
0.000000
0.000000
0.512000
0.000000
0.000000
1.680000
0.000000
0.000000
0.000000
0.000000
3.551000
2.103000
1.370000
0.000000
2.016000
0.377000
0.000000
0.677000
0.000000
1.522000
0.125000
0.190000
0.000000
0.554000
1.906000
0.000000
1.161000
0.000000
4.792000
0.000000
1.872000
0.000000
1.922000
0.761000
1.316000
0.000000
2.522000
3.251000
0.000000
0.000000
0.000000
0.000000
0.000000
0.000000
0.000000
0.365000
4.348000
0.442000
0.000000
0.000000
0.000000
0.000000
1.717000
0.191000
0.000000
2.313000
1.210000
0.752000
2.083000
3.733000
1.309000
0.000000
2.811000
0.000000
0.000000
0.000000
0.841000
1.886000
1.618000
1.003000
0.000000
0.000000
3.920000
0.000000
0.000000
0.000000
0.833000
2.607000
4.139000
3.674000
1.235000
0.817000
1.931000
0.000000
3.721000
0.000000
6.526000
0.000000
0.000000
3.136000
0.916000
1.138000
0.000000
0.000000
0.000000
1.378000
1.575000
0.000000
0.000000
0.000000
0.000000
3.516000
2.302000
0.000000
0.000000
0.605000
0.000000
0.638000
0.000000
0.000000
1.558000
3.263000
1.229000
0.030000
0.000000
0.000000
0.000000
0.000000
0.006000
0.306000
2.834000
0.000000
1.222000
3.473000
3.893000
2.551000
0.000000
0.000000
0.489000
0.806000
0.000000
0.707000
0.000000
0.000000
0.000000
0.883000
1.417000
0.000000
0.000000
1.643000
0.219000
0.942000
0.090000
0.717000
2.074000
0.000000
0.000000
0.325000
2.551000
0.000000
0.000000
0.319000
0.000000
0.000000
0.000000
0.000000
0.282000
0.259000
0.947000
0.000000
0.251000
0.000000
0.000000
0.000000
1.491000
2.480000
0.414000
3.613000
0.000000
0.000000
0.637000
0.000000
0.000000
0.000000
1.797000
0.000000
0.000000
3.932000
0.000000
0.000000
0.567000
0.788000
0.000000
0.940000
2.586000
0.000000
0.000000
1.304000
0.938000
0.000000
0.000000
2.638000
1.299000
0.000000
0.485000
0.787000
2.607000
1.777000
1.845000
2.812000
0.803000
0.942000
0.839000
0.000000
0.724000
2.424000
0.000000
0.559000
0.000000
0.986000
1.789000
1.275000
0.000000
2.100000
0.000000
0.225000
0.745000
0.000000
0.278000
1.920000
0.587000
1.773000
0.000000
1.783000
0.894000
0.067000
0.000000
1.151000
0.235000
0.000000
0.294000
0.000000
0.845000
2.241000
0.878000
0.000000
0.000000
2.136000
0.000000
0.000000
0.000000
1.803000
0.000000
0.000000
0.000000
0.000000
2.159000
0.000000
0.000000
0.500000
2.419000
0.000000
2.729000
0.000000
0.000000
0.024000
2.294000
1.030000
1.168000
0.000000
0.000000
2.618000
0.000000
0.000000
0.000000
0.000000
0.000000
0.613000
0.085000
0.000000
0.945000
1.498000
0.000000
1.280000
0.000000
0.000000
0.000000
0.435000
0.882000
0.000000
1.253000
0.000000
0.000000
0.000000
1.779000
0.665000
0.000000
0.000000
0.000000
1.279000
0.252000
2.071000
0.688000
3.416000
0.000000
0.000000
0.000000
0.609000
0.000000
0.580000
0.312000
0.000000
0.978000
0.000000
0.000000
0.493000
2.205000
0.654000
0.855000
2.232000
1.882000
0.000000
1.204000
0.000000
1.280000
2.459000
0.000000
0.000000
0.000000
0.000000
0.000000
1.766000
2.954000
0.619000
0.000000
0.257000
0.000000
0.734000
0.000000
0.000000
0.141000
0.061000
0.000000
0.654000
0.000000
0.000000
3.745000
2.613000
0.000000
0.000000
0.000000
0.578000
2.763000
0.971000
0.000000
0.000000
0.057000
0.000000
1.098000
0.000000
0.000000
0.000000
0.438000
0.279000
4.379000
0.000000
0.410000
0.074000
0.955000
0.000000
0.000000
0.000000
1.223000
0.438000
0.000000
1.691000
0.636000
0.000000
1.632000
0.000000
0.000000
0.000000
3.035000
0.000000
0.000000
1.106000
0.334000
0.000000
1.960000
0.000000
3.378000
0.000000
1.246000
3.212000
0.601000
1.461000
0.000000
0.036000
0.000000
0.938000
0.000000
0.045000
0.000000
1.731000
3.493000
2.542000
4.928000
0.000000
2.214000
0.815000
1.303000
0.000000
2.804000
1.458000
2.246000
1.709000
0.000000
2.692000
1.326000
0.000000
0.846000
0.000000
0.000000
0.784000
0.000000
0.751000
0.000000
1.644000
0.419000
0.000000
0.000000
0.000000
1.192000
0.036000
0.484000
0.000000
0.000000
0.000000
0.629000
1.976000
1.503000
0.000000
1.170000
0.000000
1.785000
0.000000
0.108000
4.388000
0.000000
0.000000
0.000000
0.151000
0.000000
0.000000
0.013000
0.000000
0.000000
0.000000
0.000000
0.967000
0.614000
2.165000
0.000000
0.543000
0.000000
0.228000
1.046000
0.384000
0.817000
0.000000
0.906000
0.000000
0.000000
1.817000
0.033000
0.984000
1.143000
0.000000
1.050000
0.000000
0.000000
0.000000
0.000000
1.072000
0.000000
2.736000
0.000000
0.444000
0.000000
0.000000
2.004000
0.000000
0.135000
2.553000
1.102000
0.000000
0.000000
0.815000
0.000000
0.000000
0.000000
0.732000
0.469000
3.799000
2.905000
2.988000
0.000000
3.404000
0.399000
0.000000
0.140000
1.718000
0.612000
1.447000
0.000000
3.226000
0.000000
3.045000
3.651000
4.877000
0.000000
0.000000
0.000000
0.000000
0.000000
0.268000
1.062000
1.034000
0.541000
0.102000
1.049000
0.000000
1.266000
1.211000
1.270000
0.752000
0.794000
0.000000
0.707000
0.000000
0.000000
0.756000
0.608000
0.000000
1.460000
0.000000
0.822000
0.000000
0.000000
0.000000
0.879000
0.000000
0.000000
1.846000
0.000000
0.000000
0.000000
0.000000
0.493000
0.000000
2.289000
0.000000
0.573000
0.000000
0.000000
3.750000
0.000000
2.924000
0.000000
0.000000
0.000000
0.000000
2.438000
0.000000
0.947000
0.364000
0.000000
0.000000
0.000000
0.887000
0.000000
0.000000
0.000000
0.217000
0.704000
0.000000
1.313000
0.022000
1.261000
0.000000
0.000000
0.034000
0.000000
0.000000
0.000000
0.217000
0.000000
0.000000
0.000000
0.925000
0.000000
0.000000
0.000000
3.911000
0.000000
0.861000
0.000000
0.000000
0.000000
0.352000
0.000000
0.000000
0.000000
0.000000
3.992000
0.000000
0.000000
0.000000
0.000000
0.000000
0.000000
0.520000
0.000000
0.000000
0.000000
0.000000
2.590000
0.091000
0.000000
0.000000
1.938000
0.427000
0.000000
0.190000
1.949000
0.000000
0.000000
0.000000
0.162000
0.000000
0.000000
0.000000
0.000000
1.153000
0.218000
0.000000
2.795000
0.000000
0.000000
0.000000
0.000000
0.473000
0.000000
0.000000
0.000000
0.000000
0.000000
0.000000
0.000000
1.045000
0.000000
1.035000
0.000000
0.000000
0.414000
0.000000
0.000000
2.047000
2.027000
0.178000
0.000000
0.000000
0.135000
0.828000
0.137000
0.000000
0.000000
0.897000
0.000000
0.330000
2.842000
0.000000
0.234000
0.000000
0.000000
0.000000
0.000000
0.000000
0.000000
0.362000
1.728000
0.000000
0.000000
0.000000
2.244000
0.000000
0.000000
2.725000
0.000000
0.000000
0.725000
0.000000
0.000000
0.534000
0.000000
0.000000
0.637000
1.948000
0.000000
0.000000
0.000000
0.000000
0.000000
0.000000
0.000000
0.501000
0.339000
0.859000
0.000000
0.000000
0.000000
0.000000
0.000000
0.000000
1.933000
0.000000
0.000000
0.000000
1.934000
0.000000
1.753000
0.000000
2.276000
0.522000
0.000000
0.547000
0.000000
0.000000
0.000000
0.489000
0.000000
0.000000
4.037000
1.090000
0.065000
0.000000
0.000000
5.954000
0.000000
0.000000
1.475000
0.000000
0.000000
0.276000
0.000000
0.000000
0.895000
0.000000
0.000000
0.000000
0.000000
0.000000
2.619000
0.482000
0.000000
0.000000
0.031000
0.690000
0.000000
0.071000
0.000000
0.592000
0.000000
1.476000
0.000000
0.000000
0.000000
0.000000
0.000000
0.000000
2.077000
0.000000
0.000000
0.000000
1.212000
0.000000
1.627000
0.000000
0.000000
0.000000
0.000000
0.000000
0.000000
4.941000
0.000000
0.000000
0.000000
0.000000
0.000000
0.634000
2.036000
0.000000
0.000000
1.386000
0.000000
0.000000
0.452000
0.000000
2.448000
3.042000
0.000000
0.000000
0.000000
0.979000
0.631000
2.059000
0.000000
0.000000
0.000000
0.000000
2.791000
0.000000
0.000000
0.891000
4.720000
0.000000
0.000000
0.000000
0.000000
0.000000
0.000000
0.000000
0.000000
0.000000
0.000000
0.000000
0.552000
0.000000
0.000000
4.178000
0.000000
0.000000
0.000000
4.855000
0.000000
4.544000
0.000000
3.067000
1.912000
0.000000
3.082000
0.000000
1.302000
0.000000
0.000000
0.944000
0.681000
0.174000
0.629000
0.000000
0.924000
0.406000
0.120000
0.000000
0.183000
0.220000
1.259000
0.732000
0.000000
3.434000
0.000000
0.275000
1.203000
0.000000
0.000000
1.786000
0.483000
0.000000
0.000000
0.830000
0.000000
0.000000
1.454000
0.000000
2.390000
0.910000
0.000000
0.000000
2.277000
2.706000
1.030000
1.214000
3.661000
0.000000
0.090000
2.066000
0.000000
2.565000
0.112000
0.433000
0.000000
2.932000
0.000000
0.089000
1.822000
3.100000
0.000000
0.259000
0.000000
0.730000
0.631000
0.000000
0.806000
0.000000
0.000000
0.596000
0.000000
0.000000
0.000000
0.000000
0.202000
1.736000
0.000000
0.000000
0.000000
0.000000
0.000000
0.040000
0.000000
0.000000
0.580000
0.000000
0.000000
