7.544000
4.789000
8.482000
10.351000
8.007000
8.136000
5.924000
7.173000
8.964000
3.929000
10.327000
9.852000
8.266000
6.309000
9.268000
10.834000
8.375000
5.007000
10.393000
6.526000
9.783000
13.710000
5.792000
5.210000
14.982000
5.416000
6.393000
6.489000
4.080000
7.379000
10.440000
6.983000
7.133000
7.611000
2.621000
10.614000
10.667000
8.752000
5.810000
5.776000
7.771000
5.356000
7.002000
4.759000
5.218000
14.606000
9.876000
9.852000
6.760000
9.744000
9.670000
5.725000
6.265000
4.853000
9.256000
12.578000
9.743000
8.491000
8.072000
6.458000
8.614000
8.745000
7.167000
11.746000
19.234000
5.586000
11.244000
13.521000
5.764000
7.822000
7.406000
9.311000
8.152000
14.749000
6.978000
7.197000
11.094000
11.727000
5.496000
3.771000
5.487000
10.692000
6.233000
7.520000
17.251000
21.319000
8.948000
10.239000
5.219000
12.926000
13.452000
10.242000
6.967000
8.625000
12.216000
19.343000
8.104000
10.396000
10.600000
10.176000
5.736000
9.645000
10.496000
5.744000
12.955000
6.645000
8.267000
9.064000
15.456000
8.685000
8.915000
6.337000
5.069000
4.167000
5.065000
11.568000
11.679000
12.937000
4.959000
7.056000
1.671000
9.925000
6.941000
11.592000
9.439000
7.497000
15.481000
4.135000
13.454000
9.295000
4.793000
8.099000
7.845000
10.392000
5.957000
8.294000
8.350000
1.648000
18.743000
3.039000
7.784000
7.070000
15.782000
6.373000
7.963000
9.760000
6.308000
0.000000
5.300000
4.551000
5.262000
20.787000
9.066000
6.143000
7.621000
8.082000
5.716000
11.232000
12.056000
8.763000
11.034000
18.838000
8.813000
8.123000
7.518000
1.005000
6.972000
15.376000
14.639000
10.798000
1.395000
5.478000
4.234000
13.306000
8.663000
4.950000
8.406000
5.098000
7.956000
23.322000
4.662000
11.963000
6.133000
6.797000
11.083000
5.138000
10.076000
10.324000
15.227000
10.682000
6.853000
15.770000
11.759000
8.940000
4.055000
6.548000
6.751000
9.178000
11.173000
21.765000
13.168000
16.355000
6.246000
8.602000
6.346000
15.092000
12.839000
7.583000
10.784000
15.826000
9.406000
3.119000
15.670000
8.817000
20.208000
5.258000
9.604000
12.426000
19.956000
20.663000
17.199000
21.782000
18.511000
16.148000
3.577000
13.488000
14.215000
16.252000
12.799000
3.130000
8.217000
8.701000
13.044000
4.440000
17.717000
7.558000
17.064000
18.521000
7.255000
11.508000
5.475000
8.863000
5.503000
6.598000
13.630000
3.538000
11.232000
17.165000
8.414000
2.979000
12.183000
12.164000
2.955000
5.415000
8.193000
13.737000
13.602000
19.513000
9.005000
15.429000
16.023000
15.527000
10.196000
19.971000
10.726000
3.562000
17.036000
19.895000
17.318000
3.470000
4.925000
6.488000
4.762000
5.478000
7.682000
10.380000
5.442000
11.931000
8.086000
8.352000
15.170000
12.484000
9.178000
8.772000
8.407000
18.736000
12.302000
11.192000
12.413000
7.472000
13.951000
3.480000
8.959000
19.236000
14.361000
15.195000
13.588000
9.572000
20.366000
11.807000
19.435000
12.875000
17.165000
14.143000
15.857000
10.974000
19.126000
21.271000
16.014000
6.683000
3.353000
19.877000
19.375000
16.083000
16.736000
8.707000
9.375000
15.139000
10.556000
4.564000
21.346000
8.406000
11.918000
16.606000
15.167000
5.872000
10.164000
11.723000
0.000000
24.179000
13.909000
19.150000
10.250000
20.267000
13.836000
2.398000
6.696000
6.470000
5.873000
14.808000
9.512000
13.352000
2.596000
22.405000
20.901000
11.034000
16.623000
4.827000
17.328000
8.241000
9.477000
6.612000
10.809000
17.938000
11.975000
11.986000
23.394000
18.189000
19.795000
12.460000
15.115000
14.578000
3.600000
8.425000
13.175000
15.778000
4.190000
11.899000
14.844000
14.654000
6.031000
3.519000
8.379000
10.538000
10.742000
10.789000
19.541000
8.068000
15.880000
10.769000
17.634000
15.041000
13.289000
11.791000
4.769000
18.180000
8.698000
17.119000
6.107000
20.327000
10.333000
13.118000
12.869000
14.686000
14.313000
12.482000
11.373000
23.238000
12.392000
14.233000
8.460000
14.900000
13.159000
10.503000
16.586000
15.222000
19.026000
0.643000
7.363000
17.232000
17.844000
13.542000
12.251000
2.811000
7.333000
14.549000
13.899000
10.615000
16.974000
11.671000
8.432000
12.323000
14.323000
7.753000
10.280000
7.580000
5.219000
3.650000
8.459000
9.271000
16.411000
4.872000
8.208000
21.630000
17.132000
24.134000
14.956000
23.169000
7.617000
10.380000
10.810000
10.897000
5.625000
8.485000
14.542000
9.998000
11.214000
4.015000
6.694000
11.532000
5.803000
8.176000
13.290000
22.062000
15.376000
19.390000
11.367000
10.115000
6.146000
8.834000
10.250000
11.961000
10.896000
10.812000
13.555000
13.026000
8.793000
13.887000
11.546000
11.722000
10.764000
19.356000
12.907000
22.109000
15.747000
17.187000
6.520000
8.446000
17.214000
20.276000
10.861000
8.361000
20.064000
18.884000
9.069000
0.000000
4.905000
15.915000
11.985000
12.177000
11.497000
0.000000
16.713000
8.502000
6.657000
17.835000
2.272000
5.252000
12.794000
13.032000
10.254000
21.826000
22.166000
15.018000
8.374000
12.288000
10.134000
10.888000
10.473000
10.011000
12.230000
7.980000
14.036000
11.771000
12.536000
11.981000
14.025000
10.696000
10.589000
11.034000
10.393000
9.856000
14.368000
15.411000
21.933000
10.631000
12.155000
3.956000
6.109000
9.944000
9.897000
15.918000
22.346000
14.650000
9.923000
18.549000
20.110000
14.231000
7.731000
18.845000
12.138000
7.679000
13.355000
14.075000
14.889000
9.420000
23.642000
11.525000
12.781000
8.328000
12.962000
13.949000
9.025000
12.748000
8.271000
13.198000
13.615000
13.302000
12.570000
7.735000
15.198000
13.044000
12.949000
12.722000
15.953000
11.572000
14.036000
16.977000
10.125000
7.584000
13.668000
13.412000
14.892000
13.025000
13.439000
9.390000
14.606000
13.624000
10.624000
10.714000
19.364000
13.270000
9.039000
10.664000
14.755000
11.522000
17.610000
13.353000
12.885000
10.788000
11.461000
10.771000
9.000000
10.364000
18.050000
13.198000
15.644000
8.333000
11.966000
9.419000
12.940000
7.533000
11.224000
11.989000
12.961000
11.357000
7.566000
10.401000
20.551000
11.032000
7.359000
9.278000
13.711000
12.000000
7.052000
7.681000
10.603000
7.981000
15.310000
16.897000
12.362000
17.455000
8.809000
7.132000
18.552000
13.620000
12.142000
17.407000
19.555000
8.670000
8.661000
7.588000
10.357000
10.151000
10.968000
10.641000
17.094000
10.463000
7.036000
12.100000
14.427000
11.528000
11.463000
12.005000
19.557000
9.115000
8.541000
21.020000
5.080000
9.741000
9.604000
14.332000
15.446000
7.155000
12.264000
10.876000
18.259000
10.808000
14.016000
13.917000
5.493000
5.384000
9.949000
4.741000
7.478000
9.015000
12.399000
16.621000
16.270000
9.280000
7.464000
8.531000
12.489000
13.883000
10.308000
10.792000
14.023000
10.261000
7.647000
8.611000
10.771000
8.834000
12.643000
7.109000
5.105000
11.853000
15.993000
9.865000
10.340000
6.673000
9.156000
8.961000
6.194000
10.594000
8.075000
7.205000
15.831000
17.258000
6.000000
18.752000
9.451000
12.018000
6.727000
10.756000
8.417000
7.043000
12.316000
6.859000
11.318000
7.648000
14.880000
9.596000
10.678000
9.212000
8.354000
9.732000
8.145000
5.682000
6.803000
10.981000
10.479000
11.861000
9.267000
5.822000
6.940000
9.300000
6.422000
4.978000
4.423000
7.520000
10.789000
23.727000
12.196000
6.583000
3.940000
11.295000
17.817000
12.141000
16.895000
11.836000
8.381000
5.160000
11.124000
12.408000
7.528000
7.256000
15.885000
9.077000
22.759000
6.760000
7.589000
8.347000
14.110000
11.829000
11.857000
8.575000
10.655000
6.167000
4.384000
18.416000
21.788000
12.698000
4.889000
15.972000
16.035000
4.840000
11.110000
10.065000
5.509000
6.099000
17.775000
8.335000
5.898000
10.436000
9.864000
6.481000
22.828000
7.677000
5.981000
6.890000
19.292000
5.929000
9.150000
6.940000
11.042000
16.133000
3.902000
9.629000
6.671000
12.444000
1.055000
7.723000
7.598000
7.519000
8.536000
12.377000
2.559000
9.416000
4.378000
17.505000
16.457000
14.021000
3.744000
6.403000
13.287000
9.179000
5.175000
6.690000
14.904000
6.752000
7.572000
3.659000
17.740000
5.546000
7.145000
7.898000
14.020000
17.781000
8.097000
4.571000
6.780000
6.798000
7.078000
7.286000
6.434000
4.321000
11.709000
14.134000
7.401000
16.822000
8.554000
4.410000
4.009000
9.995000
11.293000
4.705000
6.932000
13.043000
8.659000
18.868000
4.353000
2.130000
5.664000
4.433000
10.332000
12.754000
7.018000
15.910000
8.124000
15.863000
10.842000
9.607000
3.317000
3.930000
9.208000
11.925000
6.633000
6.058000
5.591000
8.129000
9.493000
2.494000
5.422000
11.016000
5.979000
6.580000
9.314000
3.079000
9.137000
11.010000
5.428000
4.907000
6.839000
8.980000
3.754000
11.211000
6.355000
6.133000
4.288000
7.899000
8.125000
6.461000
4.092000
6.620000
10.165000
9.322000
16.689000
4.930000
16.765000
8.163000
7.941000
5.902000
7.292000
6.953000
7.507000
1.148000
6.571000
4.373000
7.419000
4.021000
9.980000
8.798000
5.779000
6.539000
9.905000
7.109000
10.286000
19.693000
5.138000
11.110000
4.082000
5.093000
2.505000
7.568000
12.172000
3.100000
14.058000
12.240000
8.567000
5.392000
6.844000
8.974000
10.594000
15.151000
1.994000
4.444000
4.145000
6.988000
7.425000
8.825000
3.023000
2.329000
4.199000
6.188000
3.704000
7.621000
17.811000
9.862000
8.977000
20.635000
7.555000
6.602000
5.040000
5.333000
8.372000
10.713000
3.994000
8.973000
4.734000
3.424000
0.000000
15.128000
12.991000
4.203000
5.364000
7.777000
0.184000
11.443000
6.378000
10.507000
6.177000
9.438000
7.362000
14.179000
5.447000
4.530000
11.798000
7.825000
5.274000
11.393000
15.936000
17.255000
10.484000
8.328000
5.402000
7.968000
3.131000
4.537000
5.792000
9.512000
1.119000
9.321000
13.360000
11.398000
4.808000
2.405000
10.397000
10.616000
12.809000
10.830000
11.420000
15.509000
4.011000
11.526000
13.715000
6.657000
18.595000
6.521000
12.876000
13.275000
9.296000
10.048000
14.613000
7.568000
11.174000
14.962000
16.798000
18.497000
14.969000
5.371000
14.267000
4.405000
8.490000
6.684000
17.565000
9.749000
3.864000
6.045000
13.981000
13.057000
15.454000
17.862000
5.266000
5.763000
10.449000
6.284000
9.429000
15.292000
16.515000
16.805000
10.049000
5.489000
5.680000
14.247000
4.733000
10.711000
8.862000
10.442000
4.271000
11.723000
7.013000
7.102000
3.932000
10.008000
13.339000
17.482000
8.245000
8.570000
8.954000
16.262000
6.206000
7.025000
14.176000
5.938000
3.791000
9.399000
4.995000
20.516000
7.094000
10.511000
16.775000
6.273000
7.336000
12.964000
13.428000
5.705000
12.232000
11.684000
16.900000
11.705000
7.510000
3.437000
8.854000
6.862000
12.563000
4.364000
8.941000
11.664000
20.124000
12.030000
16.212000
4.361000
15.783000
8.129000
15.914000
6.303000
12.176000
13.285000
7.404000
8.313000
12.107000
14.741000
15.675000
11.587000
8.295000
12.046000
6.021000
11.145000
7.234000
10.329000
19.335000
12.042000
8.680000
13.334000
4.410000
10.713000
11.064000
13.906000
11.462000
13.618000
9.019000
18.021000
2.985000
20.006000
7.022000
12.536000
13.789000
17.751000
13.272000
18.925000
4.846000
9.718000
8.147000
4.377000
12.800000
3.509000
8.823000
13.091000
18.230000
2.625000
2.400000
15.836000
12.930000
12.465000
12.180000
16.147000
9.218000
12.258000
10.015000
16.286000
16.802000
16.194000
11.264000
12.777000
25.605000
15.078000
16.695000
12.079000
3.145000
1.507000
13.952000
6.676000
13.107000
23.488000
6.785000
14.852000
15.120000
9.587000
8.339000
16.756000
9.483000
6.111000
15.409000
14.804000
17.420000
21.412000
14.554000
10.226000
5.748000
2.760000
0.237000
12.010000
9.611000
12.605000
11.135000
3.109000
16.211000
14.443000
19.769000
5.733000
10.941000
3.810000
6.316000
8.651000
12.562000
12.935000
12.366000
12.451000
11.510000
1.794000
17.558000
15.520000
10.694000
12.558000
14.300000
9.992000
6.512000
17.594000
15.422000
7.058000
14.226000
14.860000
7.545000
1.323000
10.394000
12.962000
16.690000
10.340000
7.587000
11.749000
5.465000
11.230000
13.180000
16.783000
15.216000
19.420000
9.310000
13.226000
10.769000
9.078000
5.184000
7.503000
13.142000
16.853000
13.712000
11.356000
11.503000
6.805000
7.097000
8.793000
9.845000
9.285000
14.381000
4.432000
10.089000
13.689000
10.091000
10.171000
11.379000
6.232000
0.000000
7.971000
16.266000
13.602000
9.001000
16.037000
13.026000
18.549000
19.821000
7.301000
20.405000
12.526000
11.951000
7.900000
11.010000
14.310000
10.842000
13.983000
16.359000
8.002000
10.670000
13.709000
13.170000
9.196000
11.513000
8.752000
10.247000
11.678000
6.691000
15.620000
12.076000
9.934000
1.721000
11.948000
8.573000
9.010000
12.013000
10.444000
10.581000
10.237000
6.089000
13.136000
12.485000
15.898000
12.410000
7.620000
6.746000
15.492000
8.562000
11.181000
11.693000
8.116000
13.995000
13.469000
14.905000
10.563000
9.669000
14.967000
11.493000
13.083000
8.051000
15.193000
7.233000
16.272000
10.148000
11.972000
8.784000
10.133000
13.176000
9.953000
19.163000
5.657000
15.637000
11.192000
8.027000
3.574000
17.046000
9.351000
15.395000
13.080000
5.986000
5.650000
6.941000
13.342000
7.571000
15.270000
8.253000
11.319000
13.215000
13.333000
5.502000
10.774000
8.713000
15.806000
4.243000
10.180000
13.315000
10.974000
10.272000
9.976000
12.563000
7.049000
13.917000
12.562000
12.266000
13.087000
11.904000
12.905000
6.998000
3.431000
7.489000
8.310000
6.565000
10.194000
3.939000
11.021000
10.124000
11.395000
5.584000
7.977000
15.645000
17.545000
11.425000
12.495000
13.290000
15.756000
14.584000
11.677000
8.862000
11.335000
15.146000
10.096000
7.647000
10.866000
9.605000
8.960000
16.122000
13.238000
6.464000
7.455000
12.011000
8.537000
7.249000
16.934000
13.511000
9.421000
6.112000
9.950000
9.876000
6.776000
14.635000
15.845000
12.720000
13.666000
11.890000
14.612000
12.835000
11.211000
13.737000
9.502000
10.785000
12.259000
14.264000
16.508000
11.178000
7.436000
8.297000
14.842000
12.808000
10.374000
6.401000
13.114000
10.740000
8.348000
14.659000
8.702000
14.738000
13.145000
15.168000
13.170000
7.867000
16.728000
13.341000
9.324000
18.463000
11.347000
13.555000
11.085000
9.152000
2.398000
7.365000
10.127000
9.085000
15.004000
6.570000
15.138000
6.845000
0.493000
6.879000
13.503000
10.613000
14.309000
13.598000
11.576000
7.205000
6.505000
9.582000
13.698000
9.913000
8.288000
14.183000
14.524000
4.793000
10.526000
13.616000
12.513000
5.210000
15.754000
8.001000
19.238000
8.654000
15.266000
14.132000
8.558000
9.699000
13.102000
12.813000
6.337000
14.736000
16.166000
14.258000
8.810000
10.235000
7.521000
11.740000
4.376000
15.329000
14.337000
13.192000
14.179000
11.348000
16.238000
6.243000
8.033000
9.924000
16.948000
16.372000
11.976000
12.700000
16.651000
13.434000
8.561000
12.769000
12.687000
15.761000
14.080000
12.086000
5.221000
17.294000
5.650000
11.482000
10.386000
13.250000
19.079000
16.580000
5.040000
15.377000
11.419000
9.593000
15.830000
15.178000
7.840000
9.687000
7.189000
10.374000
14.392000
7.097000
14.367000
12.318000
14.271000
10.676000
9.056000
8.071000
11.743000
7.024000
9.181000
14.318000
7.715000
9.731000
15.634000
12.814000
4.741000
12.391000
14.863000
15.812000
12.987000
14.477000
16.673000
7.888000
13.990000
16.883000
8.582000
9.354000
12.689000
5.746000
12.690000
16.898000
9.881000
7.975000
7.429000
9.623000
13.769000
11.702000
18.008000
16.053000
9.381000
13.964000
15.426000
11.270000
8.963000
13.759000
11.497000
11.930000
10.093000
8.838000
5.314000
10.693000
10.140000
9.867000
10.886000
13.585000
9.869000
9.861000
13.112000
14.753000
10.988000
11.540000
10.414000
15.957000
14.926000
11.725000
6.199000
11.943000
8.882000
12.526000
11.037000
2.598000
3.718000
18.559000
9.548000
18.815000
13.643000
13.835000
10.993000
14.287000
11.406000
14.512000
10.524000
11.467000
17.461000
6.835000
13.443000
10.359000
15.680000
6.046000
19.032000
5.635000
9.457000
4.448000
13.927000
8.259000
13.353000
12.090000
13.075000
11.776000
4.585000
11.086000
14.313000
14.736000
9.440000
3.710000
9.776000
14.449000
8.121000
12.759000
3.691000
13.532000
14.214000
15.019000
21.309000
15.273000
11.411000
12.936000
9.683000
5.657000
6.312000
11.146000
5.924000
9.762000
5.216000
4.910000
15.303000
6.706000
7.531000
10.421000
6.140000
7.332000
10.361000
7.403000
15.127000
10.564000
11.633000
5.913000
5.721000
12.929000
15.066000
5.110000
5.762000
4.790000
11.127000
16.769000
8.681000
7.361000
10.135000
5.273000
7.549000
14.928000
7.178000
15.613000
10.766000
12.409000
7.761000
18.125000
6.496000
7.472000
14.112000
4.483000
6.658000
9.924000
12.436000
8.506000
3.891000
4.541000
15.511000
9.707000
5.134000
9.864000
13.912000
8.686000
4.979000
7.713000
3.241000
5.773000
12.827000
14.989000
13.577000
14.414000
5.244000
19.134000
12.011000
17.469000
14.446000
6.257000
11.026000
7.237000
5.648000
13.372000
10.452000
5.979000
12.025000
4.362000
18.050000
14.452000
7.075000
5.428000
16.173000
7.372000
7.935000
12.328000
16.433000
11.139000
10.402000
8.528000
12.390000
7.231000
12.193000
10.558000
16.340000
4.990000
4.215000
8.329000
5.110000
13.440000
10.563000
8.340000
0.738000
9.674000
11.308000
7.568000
11.763000
2.878000
15.041000
11.549000
2.537000
13.847000
4.306000
3.246000
18.126000
9.315000
11.779000
9.506000
13.494000
9.760000
15.826000
13.707000
13.858000
4.480000
16.563000
15.785000
17.103000
6.393000
14.805000
12.900000
4.789000
16.745000
15.004000
15.419000
11.001000
4.800000
6.453000
8.531000
14.124000
5.173000
12.218000
12.112000
16.150000
7.937000
13.035000
4.426000
4.702000
7.857000
11.597000
6.353000
14.064000
13.396000
7.167000
15.690000
13.902000
9.547000
7.891000
13.793000
14.183000
4.011000
11.103000
17.611000
8.218000
9.040000
7.483000
11.542000
15.067000
14.809000
14.576000
14.834000
15.220000
9.588000
11.380000
12.358000
12.843000
8.838000
10.562000
3.172000
14.096000
14.508000
9.761000
21.362000
7.917000
5.695000
12.834000
11.826000
14.286000
8.686000
15.180000
16.346000
15.880000
8.458000
10.664000
3.596000
10.440000
12.306000
14.481000
11.173000
11.667000
5.705000
12.151000
17.546000
12.279000
11.845000
15.675000
11.951000
15.899000
5.043000
16.051000
7.200000
14.378000
10.239000
9.049000
12.116000
16.534000
7.104000
6.713000
13.074000
11.788000
8.754000
1.273000
17.771000
16.205000
13.160000
8.352000
11.056000
16.350000
12.511000
5.194000
20.107000
8.065000
15.203000
10.154000
7.559000
15.795000
10.976000
8.499000
13.431000
9.153000
10.982000
16.583000
12.299000
14.272000
6.227000
5.647000
10.697000
8.633000
7.804000
10.487000
7.870000
12.377000
9.959000
13.037000
10.323000
11.414000
13.623000
11.851000
9.311000
9.300000
9.845000
11.089000
5.222000
8.336000
8.915000
17.625000
8.404000
9.483000
8.037000
6.829000
11.496000
8.995000
19.072000
10.245000
13.097000
8.538000
8.272000
11.716000
8.854000
8.169000
16.232000
8.365000
8.858000
6.819000
2.407000
10.705000
6.156000
7.991000
12.212000
15.965000
9.530000
1.557000
3.236000
12.841000
12.245000
3.103000
9.065000
15.085000
5.859000
6.843000
15.882000
14.463000
11.137000
11.045000
3.906000
10.949000
14.671000
3.955000
4.532000
11.175000
6.014000
15.422000
3.357000
8.256000
11.404000
9.423000
12.145000
14.042000
9.036000
6.663000
10.704000
11.731000
11.643000
12.192000
10.100000
10.537000
12.216000
9.200000
12.489000
14.480000
6.594000
11.626000
4.811000
12.392000
9.933000
7.965000
11.883000
12.784000
9.355000
11.537000
12.030000
7.208000
16.297000
15.345000
14.143000
9.287000
14.765000
12.793000
10.048000
9.843000
17.719000
17.107000
10.841000
9.245000
12.926000
15.816000
11.196000
19.151000
15.149000
9.863000
9.497000
16.793000
10.558000
9.287000
17.947000
6.079000
8.954000
15.359000
5.555000
12.332000
13.526000
8.233000
17.343000
11.342000
11.029000
7.266000
11.860000
11.170000
15.442000
3.841000
9.975000
3.822000
6.910000
9.863000
14.330000
10.921000
11.301000
5.024000
17.067000
13.657000
11.520000
7.192000
8.514000
0.995000
12.410000
13.355000
9.282000
9.852000
5.956000
14.734000
8.714000
9.169000
9.614000
6.803000
11.186000
11.953000
5.787000
7.801000
8.972000
11.549000
13.377000
9.136000
7.366000
19.025000
13.484000
3.842000
8.892000
10.658000
9.956000
11.673000
7.190000
11.153000
10.996000
12.327000
3.872000
9.090000
15.604000
8.468000
13.491000
21.938000
6.758000
12.522000
9.209000
14.499000
8.592000
11.727000
11.961000
11.269000
11.479000
6.950000
16.489000
11.750000
7.944000
8.978000
5.572000
2.713000
10.941000
14.443000
6.509000
2.683000
8.147000
9.616000
10.850000
0.000000
11.501000
9.594000
8.654000
10.078000
7.014000
6.683000
7.286000
9.931000
5.821000
10.515000
11.628000
7.394000
5.300000
11.617000
10.759000
6.649000
9.184000
7.034000
5.497000
4.410000
9.183000
2.436000
4.596000
3.517000
7.817000
8.802000
16.289000
9.840000
2.261000
3.077000
7.730000
13.380000
11.099000
7.341000
3.958000
6.370000
3.092000
1.772000
13.005000
5.532000
5.604000
1.849000
5.596000
5.495000
1.750000
6.306000
5.753000
8.943000
11.662000
7.125000
9.752000
5.477000
10.854000
5.040000
10.461000
0.774000
11.227000
10.606000
8.480000
7.797000
11.905000
9.597000
8.862000
8.146000
11.470000
9.417000
12.112000
9.054000
7.172000
15.214000
10.077000
10.195000
7.911000
6.845000
8.693000
7.306000
3.686000
9.402000
10.033000
12.083000
10.432000
6.835000
0.570000
5.729000
14.501000
11.031000
5.773000
10.889000
1.328000
2.194000
5.305000
7.069000
14.201000
10.550000
2.394000
10.839000
10.625000
10.650000
7.691000
4.707000
11.413000
5.672000
19.060000
5.727000
11.160000
8.836000
9.340000
6.809000
10.856000
12.810000
6.348000
5.576000
2.837000
7.085000
8.697000
8.675000
4.410000
7.565000
5.818000
21.386000
9.699000
1.044000
14.060000
13.776000
15.829000
0.814000
12.786000
13.468000
10.914000
13.175000
1.635000
3.001000
11.511000
7.024000
12.135000
5.777000
5.229000
6.874000
9.014000
6.955000
11.515000
0.000000
13.313000
2.943000
12.052000
9.825000
5.604000
3.474000
4.663000
2.787000
11.901000
8.684000
4.091000
2.054000
7.713000
0.456000
10.484000
10.349000
3.062000
5.925000
14.941000
10.819000
4.319000
10.942000
7.753000
7.950000
6.670000
6.888000
8.930000
19.086000
9.861000
16.448000
11.884000
18.749000
13.450000
4.702000
5.729000
16.759000
8.958000
5.419000
12.691000
4.060000
10.146000
14.589000
11.568000
4.773000
19.940000
4.472000
5.246000
6.945000
8.172000
8.868000
10.787000
12.596000
8.770000
8.627000
2.732000
6.771000
10.155000
4.992000
11.798000
5.811000
14.459000
12.719000
11.211000
6.590000
17.594000
9.172000
5.238000
16.943000
9.809000
11.228000
26.123000
7.848000
3.500000
7.378000
0.000000
1.113000
11.227000
14.089000
14.049000
3.802000
16.191000
9.255000
4.655000
8.306000
8.945000
12.557000
18.047000
8.305000
10.601000
17.422000
5.865000
10.029000
9.458000
3.118000
7.789000
10.080000
12.765000
6.323000
8.212000
10.132000
5.673000
14.699000
15.056000
13.032000
12.517000
12.421000
4.121000
9.895000
9.425000
11.890000
6.886000
4.573000
5.686000
10.358000
9.903000
12.314000
9.945000
8.653000
13.435000
9.031000
15.192000
7.289000
1.954000
3.784000
4.513000
4.104000
13.307000
13.670000
18.689000
7.825000
10.897000
13.223000
5.934000
17.954000
10.306000
13.018000
12.315000
9.799000
9.875000
9.266000
11.185000
12.478000
13.381000
11.065000
8.341000
14.772000
7.920000
7.711000
10.901000
11.621000
14.060000
10.020000
10.898000
11.190000
7.491000
8.260000
8.563000
8.939000
13.227000
7.720000
7.290000
15.384000
10.563000
3.004000
13.028000
13.928000
10.958000
7.823000
11.674000
8.472000
3.385000
11.238000
11.460000
2.793000
8.937000
10.664000
12.230000
3.652000
11.823000
9.200000
9.351000
8.183000
8.206000
9.396000
11.322000
10.939000
11.545000
7.529000
7.262000
7.587000
6.715000
9.954000
20.002000
9.644000
15.406000
5.329000
8.204000
8.202000
7.247000
7.036000
8.642000
10.964000
10.252000
8.182000
12.113000
9.016000
8.832000
13.620000
10.314000
9.940000
13.556000
6.657000
8.045000
9.140000
13.583000
13.279000
11.265000
7.920000
1.865000
10.548000
7.124000
4.849000
5.263000
10.035000
22.344000
16.917000
10.752000
14.311000
6.647000
2.230000
10.228000
15.158000
8.980000
9.453000
8.858000
9.723000
9.185000
8.146000
9.699000
4.596000
8.392000
7.594000
14.430000
7.602000
7.731000
16.896000
10.216000
4.093000
5.842000
20.582000
20.283000
5.904000
11.462000
7.358000
12.314000
8.592000
7.000000
13.135000
9.426000
11.892000
9.697000
7.016000
4.412000
8.561000
18.106000
6.394000
11.810000
5.737000
12.921000
12.753000
12.609000
10.185000
9.888000
4.280000
12.996000
9.831000
9.797000
10.190000
11.502000
7.491000
13.067000
5.068000
10.172000
12.447000
7.640000
12.477000
8.066000
13.529000
11.871000
9.260000
17.413000
16.366000
10.350000
6.612000
11.661000
3.977000
12.094000
11.509000
8.558000
9.568000
11.770000
13.000000
11.402000
10.511000
14.375000
10.525000
17.623000
6.414000
5.102000
11.897000
12.346000
5.716000
4.821000
10.931000
11.686000
12.271000
4.715000
8.460000
9.672000
8.048000
6.291000
12.421000
5.615000
12.662000
17.897000
7.406000
22.279000
18.081000
4.578000
5.793000
10.806000
7.562000
6.752000
6.054000
10.399000
3.662000
13.049000
8.031000
11.644000
5.710000
7.809000
2.397000
11.481000
9.207000
10.990000
15.531000
7.927000
7.733000
24.305000
2.101000
9.349000
7.479000
7.996000
5.939000
5.642000
5.237000
7.911000
12.126000
7.875000
9.579000
7.530000
5.366000
11.853000
9.040000
4.726000
5.741000
10.622000
3.493000
8.139000
3.514000
12.343000
5.626000
4.337000
8.318000
4.621000
3.920000
3.540000
14.496000
6.993000
5.802000
14.040000
2.874000
11.834000
4.893000
15.459000
2.223000
13.023000
7.539000
12.697000
5.464000
7.778000
0.849000
1.475000
7.419000
3.556000
7.914000
5.270000
8.512000
10.455000
5.036000
4.141000
9.060000
7.544000
2.260000
9.900000
4.545000
4.482000
14.047000
8.741000
14.470000
19.934000
4.459000
9.164000
7.819000
5.050000
3.558000
4.845000
17.196000
6.499000
5.587000
19.054000
6.822000
4.754000
15.679000
14.542000
14.350000
18.675000
6.380000
6.119000
10.538000
10.391000
7.888000
7.571000
11.320000
0.840000
13.303000
9.384000
11.697000
10.113000
5.303000
10.863000
16.197000
0.000000
13.456000
13.886000
5.154000
5.761000
7.636000
9.140000
12.860000
9.992000
10.428000
7.538000
11.429000
10.656000
9.341000
5.514000
10.214000
5.054000
6.375000
9.217000
12.219000
15.436000
0.000000
11.952000
16.651000
8.346000
5.273000
14.400000
9.418000
10.173000
14.286000
10.561000
11.208000
18.156000
4.113000
14.080000
3.000000
13.907000
0.000000
9.413000
8.930000
10.144000
14.626000
9.734000
13.029000
15.763000
7.396000
12.936000
14.703000
4.831000
17.087000
8.219000
11.394000
23.336000
5.536000
17.855000
4.908000
15.965000
9.388000
6.054000
16.696000
12.391000
2.547000
9.717000
9.733000
10.383000
9.455000
18.026000
10.738000
12.794000
6.613000
5.483000
10.167000
8.608000
8.807000
6.246000
16.858000
6.806000
10.779000
11.475000
9.922000
9.188000
4.211000
9.404000
9.401000
17.231000
12.283000
10.966000
13.282000
9.802000
12.700000
9.521000
7.388000
9.249000
19.555000
12.210000
6.340000
8.438000
14.970000
9.934000
12.585000
6.506000
10.689000
3.713000
14.568000
9.096000
7.178000
21.419000
8.701000
6.780000
7.325000
21.635000
10.059000
16.513000
9.539000
6.949000
11.891000
12.925000
10.296000
4.350000
14.789000
12.612000
9.133000
7.056000
8.965000
8.797000
4.760000
11.261000
8.764000
6.468000
16.931000
13.763000
9.060000
11.627000
14.571000
10.893000
3.235000
11.367000
4.816000
11.325000
11.178000
8.760000
16.186000
4.563000
12.310000
6.931000
19.209000
12.197000
6.905000
5.499000
9.012000
5.784000
16.197000
12.494000
7.872000
8.331000
11.479000
11.489000
4.200000
12.862000
5.794000
9.901000
14.850000
6.801000
6.552000
9.117000
11.237000
11.552000
8.935000
18.982000
10.994000
7.015000
9.704000
16.668000
17.428000
15.442000
14.062000
9.959000
11.327000
8.871000
8.385000
15.725000
15.742000
7.616000
3.795000
10.768000
13.004000
12.279000
14.038000
5.843000
10.463000
8.054000
2.308000
15.255000
6.828000
13.956000
11.582000
14.104000
7.286000
9.385000
16.609000
11.001000
3.614000
9.315000
15.927000
15.577000
15.998000
5.086000
10.412000
13.384000
12.622000
17.685000
11.112000
7.679000
9.015000
12.104000
11.291000
7.999000
10.654000
11.806000
8.937000
11.302000
10.804000
7.900000
11.341000
17.547000
7.494000
10.081000
11.865000
7.937000
10.165000
16.155000
8.780000
8.681000
15.547000
16.715000
16.864000
8.157000
11.781000
12.614000
10.996000
15.948000
16.689000
3.184000
6.262000
10.190000
9.118000
4.447000
11.334000
17.561000
4.862000
7.859000
7.295000
16.111000
13.872000
13.895000
8.092000
15.304000
7.696000
13.711000
12.811000
5.468000
12.530000
10.610000
15.420000
2.940000
9.111000
5.283000
7.588000
11.417000
15.228000
9.600000
10.677000
9.896000
7.829000
9.627000
7.940000
9.864000
10.053000
12.731000
14.513000
12.034000
11.077000
10.630000
21.768000
8.075000
9.415000
9.771000
17.184000
10.517000
14.753000
13.678000
7.616000
12.941000
10.293000
8.786000
11.391000
7.699000
10.897000
11.937000
4.926000
9.157000
6.553000
8.436000
8.441000
10.108000
11.219000
17.298000
5.458000
6.797000
5.021000
11.242000
3.218000
12.627000
9.088000
10.856000
8.775000
10.256000
5.746000
6.617000
7.841000
11.735000
9.627000
9.580000
12.703000
14.062000
17.587000
5.438000
10.984000
10.751000
10.063000
10.280000
7.731000
6.958000
5.275000
8.466000
9.143000
10.713000
0.930000
9.844000
4.909000
10.302000
7.993000
0.000000
6.576000
17.535000
15.861000
12.987000
9.843000
15.866000
7.480000
11.918000
9.273000
10.149000
6.615000
12.638000
7.001000
5.014000
6.787000
7.817000
14.330000
12.233000
14.931000
13.972000
4.496000
11.195000
9.980000
11.134000
7.442000
20.124000
8.642000
15.756000
13.253000
12.137000
6.575000
9.581000
10.714000
9.965000
11.925000
10.037000
4.245000
4.759000
4.322000
5.183000
8.394000
8.959000
9.128000
11.303000
23.164000
8.443000
10.075000
6.263000
19.668000
13.656000
8.743000
6.912000
7.805000
12.832000
10.683000
14.224000
5.817000
7.932000
20.518000
8.418000
14.559000
15.919000
11.568000
3.798000
11.708000
7.908000
11.365000
11.944000
3.522000
19.658000
11.856000
11.428000
5.037000
10.583000
15.704000
10.240000
14.821000
7.976000
7.591000
19.528000
10.035000
12.712000
11.398000
3.667000
5.543000
19.435000
9.414000
11.547000
6.791000
10.275000
12.168000
14.320000
12.930000
9.358000
11.196000
6.386000
11.473000
16.343000
4.119000
8.675000
8.125000
9.068000
11.043000
11.726000
4.904000
13.924000
12.316000
7.403000
5.228000
11.731000
11.601000
21.158000
14.541000
9.984000
0.000000
22.918000
9.807000
15.622000
10.242000
4.473000
6.295000
9.735000
5.431000
13.177000
10.353000
9.174000
7.758000
12.013000
1.135000
12.442000
13.398000
11.819000
9.272000
12.977000
9.435000
9.458000
11.181000
9.973000
19.071000
18.282000
9.355000
9.223000
13.631000
10.983000
18.768000
6.510000
11.181000
5.314000
11.776000
9.858000
10.176000
9.797000
14.085000
12.656000
10.232000
24.013000
15.445000
15.182000
6.479000
8.921000
6.432000
10.416000
13.152000
10.512000
12.714000
7.564000
7.213000
15.088000
10.679000
12.596000
4.329000
13.214000
5.598000
13.133000
7.354000
3.863000
6.981000
24.233000
8.387000
6.339000
13.341000
4.632000
12.142000
9.967000
10.520000
9.536000
14.930000
13.669000
15.893000
7.845000
6.475000
11.525000
5.769000
9.163000
5.145000
12.348000
13.766000
18.273000
22.240000
11.697000
6.404000
12.027000
8.307000
12.373000
14.632000
9.942000
14.123000
5.366000
9.930000
7.468000
14.513000
9.435000
13.713000
12.891000
9.108000
11.360000
11.341000
12.163000
2.780000
8.140000
11.748000
8.810000
20.903000
18.173000
13.583000
7.223000
9.674000
12.694000
11.336000
7.370000
17.303000
7.811000
11.281000
9.098000
12.115000
11.103000
9.739000
14.782000
13.213000
8.176000
14.998000
10.868000
11.192000
13.451000
13.206000
12.744000
11.490000
0.000000
9.976000
5.143000
0.668000
11.774000
15.945000
14.695000
7.764000
10.630000
10.742000
10.536000
19.698000
13.868000
15.191000
0.000000
17.491000
3.694000
13.067000
11.916000
8.120000
6.390000
13.729000
16.847000
6.823000
11.945000
13.899000
3.846000
9.134000
11.881000
5.359000
14.954000
11.366000
11.357000
3.885000
14.412000
13.423000
4.098000
1.493000
5.468000
14.607000
7.931000
11.087000
12.411000
15.841000
13.394000
13.897000
12.556000
15.097000
6.504000
14.627000
8.907000
13.549000
15.867000
7.131000
13.301000
5.900000
7.155000
10.353000
16.320000
9.124000
9.427000
8.977000
6.402000
12.383000
12.603000
9.549000
18.574000
9.080000
11.615000
16.280000
13.762000
4.846000
19.649000
13.199000
14.572000
6.340000
17.680000
10.907000
7.352000
1.454000
10.215000
14.759000
5.505000
15.549000
14.933000
13.864000
1.216000
5.596000
13.567000
8.401000
14.179000
0.448000
9.904000
4.742000
5.355000
10.066000
26.605000
14.668000
12.153000
8.489000
3.683000
7.169000
16.049000
1.103000
12.830000
2.229000
7.791000
3.259000
11.971000
11.978000
1.740000
13.149000
4.708000
12.512000
0.000000
11.627000
10.429000
1.939000
13.047000
23.719000
2.511000
4.589000
8.040000
12.913000
4.490000
0.000000
0.000000
13.816000
0.000000
4.336000
0.805000
3.353000
3.313000
7.650000
6.518000
0.000000
1.338000
3.926000
10.747000
0.000000
2.101000
4.997000
11.052000
7.354000
8.290000
0.000000
15.687000
22.557000
5.791000
7.408000
10.653000
6.769000
7.590000
0.000000
0.474000
7.936000
2.829000
2.797000
8.538000
1.947000
4.892000
4.080000
3.712000
12.212000
3.313000
1.556000
0.000000
1.985000
7.144000
6.047000
7.990000
0.551000
4.376000
18.338000
11.772000
4.356000
10.868000
7.146000
13.826000
15.094000
17.065000
0.000000
4.327000
6.178000
3.634000
3.347000
11.645000
0.913000
0.000000
5.841000
12.158000
4.270000
4.923000
13.132000
12.030000
12.979000
7.462000
0.542000
4.878000
12.048000
14.888000
7.223000
9.233000
3.336000
3.122000
14.077000
11.032000
9.280000
7.957000
11.580000
2.578000
11.140000
15.320000
16.232000
5.270000
7.503000
10.591000
0.000000
8.335000
2.424000
11.070000
0.000000
4.912000
8.997000
1.505000
15.335000
3.963000
26.153000
6.083000
0.000000
6.199000
2.841000
0.947000
9.339000
1.902000
14.569000
14.162000
3.930000
11.959000
3.985000
1.897000
2.232000
11.237000
10.038000
19.880000
0.982000
2.472000
6.331000
8.102000
9.079000
9.236000
1.529000
2.663000
4.126000
16.805000
0.000000
6.736000
9.480000
0.718000
17.190000
7.839000
2.753000
1.830000
5.470000
2.488000
7.104000
18.812000
14.770000
1.609000
13.649000
6.307000
6.407000
11.173000
4.395000
3.689000
1.297000
8.276000
6.127000
5.494000
1.279000
5.163000
6.756000
4.777000
17.488000
0.000000
10.184000
6.188000
13.392000
15.646000
1.566000
0.000000
0.000000
6.476000
3.205000
2.901000
15.808000
1.949000
17.043000
2.332000
0.114000
10.807000
0.985000
9.818000
4.921000
0.269000
5.943000
2.508000
12.268000
3.945000
0.993000
17.373000
4.827000
3.307000
4.504000
9.194000
5.539000
5.951000
0.955000
13.487000
0.446000
3.889000
0.054000
9.786000
17.271000
9.058000
13.769000
11.932000
8.493000
17.745000
8.470000
0.660000
10.101000
8.344000
10.601000
2.294000
3.609000
6.540000
12.415000
17.259000
1.376000
10.767000
26.530000
3.014000
1.672000
9.827000
9.574000
14.304000
18.906000
1.423000
15.194000
10.266000
6.679000
11.404000
14.148000
8.248000
19.996000
2.918000
11.386000
8.816000
9.795000
8.778000
4.576000
5.461000
7.922000
16.138000
6.478000
9.728000
5.114000
4.136000
8.493000
5.571000
12.397000
2.073000
9.651000
12.165000
15.666000
19.107000
6.199000
4.916000
6.668000
0.000000
3.706000
5.308000
0.000000
1.356000
6.059000
3.326000
4.924000
5.819000
7.059000
2.105000
12.278000
13.376000
6.956000
0.228000
5.033000
14.395000
7.895000
3.945000
1.038000
14.483000
5.363000
7.756000
14.963000
15.842000
17.022000
7.106000
0.923000
8.496000
4.025000
5.401000
6.026000
4.593000
3.219000
8.682000
2.959000
1.529000
19.373000
7.958000
9.514000
8.127000
0.000000
8.060000
7.597000
10.920000
8.083000
9.052000
14.153000
13.837000
8.218000
8.939000
18.738000
13.217000
6.130000
8.718000
11.343000
18.678000
8.362000
8.630000
23.161000
11.596000
7.349000
12.964000
13.659000
14.891000
12.911000
0.715000
14.287000
4.823000
12.000000
8.861000
16.288000
14.488000
10.078000
3.484000
7.291000
11.778000
11.925000
8.812000
3.709000
10.360000
8.281000
12.782000
10.884000
13.724000
10.902000
0.414000
9.664000
10.296000
2.498000
10.574000
5.431000
0.000000
8.351000
4.354000
12.444000
5.964000
1.437000
4.895000
0.000000
11.945000
8.492000
8.512000
6.329000
21.023000
9.178000
6.600000
10.638000
12.624000
19.670000
2.679000
0.000000
7.710000
14.824000
1.559000
17.574000
8.524000
15.725000
10.808000
7.619000
2.940000
6.420000
6.276000
8.302000
2.516000
1.736000
12.296000
3.505000
11.163000
7.766000
9.346000
7.460000
19.473000
0.744000
6.719000
5.484000
17.541000
11.381000
10.147000
0.000000
11.724000
5.419000
6.536000
7.237000
13.094000
4.375000
10.642000
10.918000
4.822000
3.598000
8.984000
9.306000
10.511000
11.018000
9.619000
9.574000
2.463000
9.770000
25.090000
9.250000
8.712000
7.444000
8.651000
10.078000
11.879000
5.698000
10.823000
7.077000
11.150000
7.269000
11.040000
7.059000
6.986000
8.354000
13.003000
7.756000
6.043000
10.494000
12.977000
6.006000
2.113000
13.680000
5.282000
7.670000
7.957000
5.970000
10.538000
11.071000
5.491000
9.974000
4.687000
12.172000
13.970000
1.579000
11.507000
8.163000
7.911000
2.989000
6.799000
10.541000
9.141000
6.442000
16.282000
10.310000
9.607000
13.821000
23.362000
2.700000
7.650000
5.393000
4.986000
6.358000
18.411000
14.052000
7.165000
8.551000
13.148000
7.860000
3.017000
6.626000
9.791000
10.044000
6.782000
12.189000
6.977000
18.388000
11.014000
9.273000
8.429000
15.411000
22.585000
14.198000
7.164000
19.629000
10.451000
11.553000
3.354000
7.452000
8.190000
13.537000
16.267000
5.349000
19.430000
8.026000
8.699000
8.195000
8.062000
24.126000
7.934000
17.231000
9.007000
5.653000
15.130000
4.919000
9.666000
8.419000
6.606000
9.178000
5.756000
15.045000
11.558000
10.165000
5.623000
7.947000
12.588000
9.472000
8.438000
4.952000
10.111000
7.764000
15.376000
7.823000
7.982000
18.713000
9.934000
13.950000
8.615000
6.879000
11.405000
8.010000
9.436000
7.488000
16.285000
1.870000
8.295000
3.921000
8.060000
8.058000
5.632000
11.952000
9.083000
5.529000
11.054000
22.793000
8.963000
13.014000
20.367000
17.045000
7.916000
18.080000
5.610000
11.460000
6.825000
3.214000
7.595000
13.616000
8.853000
9.840000
5.793000
4.896000
14.900000
14.858000
11.076000
7.991000
11.386000
9.715000
11.786000
13.475000
10.534000
7.172000
10.728000
2.838000
2.555000
9.394000
4.250000
11.261000
12.877000
6.312000
12.172000
15.868000
6.047000
6.553000
7.751000
10.521000
9.345000
13.269000
6.741000
10.737000
9.256000
9.969000
11.508000
13.169000
13.959000
3.369000
11.465000
7.629000
12.898000
7.461000
11.343000
11.324000
0.000000
11.412000
11.023000
8.834000
7.113000
7.135000
4.933000
15.138000
4.624000
8.982000
9.323000
16.988000
0.000000
15.370000
14.080000
14.781000
8.068000
9.668000
7.594000
10.605000
10.878000
5.813000
9.728000
5.678000
16.550000
9.306000
14.607000
7.859000
3.631000
15.521000
11.222000
9.205000
5.267000
8.389000
17.212000
8.823000
11.023000
10.510000
4.350000
8.599000
5.089000
8.225000
14.064000
12.209000
8.736000
9.105000
10.413000
10.490000
6.496000
12.881000
5.877000
7.175000
6.022000
8.367000
13.554000
6.644000
7.951000
9.327000
6.363000
6.995000
11.824000
19.118000
8.838000
11.940000
7.745000
7.230000
6.271000
6.234000
10.036000
18.650000
2.638000
11.453000
6.016000
11.563000
11.817000
9.054000
5.628000
11.512000
14.127000
8.332000
9.639000
7.903000
15.720000
10.831000
8.324000
12.346000
6.432000
15.481000
12.811000
7.678000
3.557000
6.902000
6.449000
11.329000
10.377000
6.255000
11.647000
5.180000
4.875000
0.047000
10.214000
5.927000
8.039000
5.039000
6.997000
17.403000
10.693000
10.060000
15.134000
0.000000
11.438000
6.726000
12.596000
8.791000
5.914000
13.709000
12.502000
10.664000
6.187000
0.000000
9.851000
7.628000
7.703000
10.477000
16.566000
13.379000
9.463000
10.354000
15.181000
8.372000
11.753000
16.090000
6.814000
3.806000
10.172000
11.333000
13.031000
5.204000
8.824000
7.132000
4.993000
10.488000
8.039000
6.152000
9.120000
8.210000
7.082000
22.821000
4.797000
13.830000
17.907000
0.000000
5.052000
10.989000
5.522000
7.639000
10.186000
7.921000
4.926000
6.000000
0.000000
9.504000
7.995000
6.960000
10.333000
12.584000
11.329000
11.943000
12.470000
17.314000
12.518000
27.189000
8.296000
0.000000
5.922000
7.364000
9.567000
0.000000
13.489000
0.000000
8.355000
11.662000
10.498000
20.124000
21.663000
10.588000
4.867000
9.258000
10.664000
11.103000
12.784000
10.919000
11.045000
14.592000
8.963000
11.138000
4.076000
12.025000
11.055000
8.965000
7.020000
14.903000
12.332000
14.804000
7.705000
10.707000
0.000000
11.499000
6.015000
11.386000
16.471000
8.428000
10.045000
11.865000
2.087000
10.027000
5.808000
1.949000
5.972000
10.632000
0.000000
8.565000
0.000000
16.404000
6.877000
10.147000
3.260000
8.895000
12.180000
11.279000
11.690000
4.834000
0.000000
0.000000
8.723000
9.343000
0.000000
0.413000
0.000000
16.549000
3.519000
3.297000
5.861000
10.101000
9.239000
0.000000
0.000000
0.000000
9.728000
8.028000
8.065000
10.437000
6.617000
9.162000
10.157000
0.000000
0.000000
10.392000
11.579000
6.793000
0.000000
0.000000
0.000000
0.000000
0.000000
0.000000
0.000000
0.237000
4.637000
10.122000
0.363000
2.753000
2.430000
0.000000
1.544000
0.000000
4.844000
0.304000
4.199000
0.000000
0.000000
3.307000
7.289000
6.180000
6.969000
0.000000
7.820000
0.000000
0.661000
3.342000
0.000000
10.456000
5.351000
0.000000
0.000000
0.000000
0.000000
0.000000
0.000000
5.681000
0.000000
0.000000
0.000000
4.370000
0.506000
11.581000
0.000000
0.000000
0.000000
4.991000
0.000000
0.000000
0.000000
7.681000
0.000000
7.111000
6.009000
0.000000
3.999000
0.000000
0.000000
4.490000
11.822000
4.741000
12.170000
7.967000
3.734000
12.677000
16.571000
5.595000
0.000000
2.647000
6.233000
0.000000
11.373000
12.744000
10.701000
13.612000
8.175000
7.683000
0.000000
2.767000
13.399000
15.140000
10.752000
8.849000
10.414000
0.158000
10.840000
7.805000
4.589000
1.377000
6.813000
7.911000
10.179000
10.321000
6.141000
0.000000
10.147000
12.157000
12.417000
0.000000
5.793000
6.957000
0.000000
6.014000
0.000000
13.472000
11.101000
0.000000
10.036000
4.032000
0.324000
16.604000
4.444000
9.976000
9.247000
5.024000
0.000000
6.264000
3.774000
8.982000
10.182000
8.910000
0.000000
2.607000
9.265000
5.444000
0.000000
17.156000
1.603000
0.000000
26.574000
4.127000
0.000000
0.000000
7.549000
9.217000
0.000000
13.093000
0.000000
0.000000
0.078000
6.390000
6.107000
9.743000
0.000000
0.000000
6.740000
14.658000
3.595000
12.294000
12.223000
10.271000
0.000000
9.459000
0.000000
6.157000
9.454000
10.551000
8.706000
4.338000
12.089000
6.503000
3.592000
3.505000
11.673000
2.793000
5.975000
10.771000
4.738000
4.396000
10.397000
5.439000
10.447000
19.256000
5.469000
1.974000
7.849000
6.650000
8.007000
9.436000
13.850000
6.280000
7.014000
4.041000
5.530000
0.000000
6.531000
2.336000
8.364000
6.387000
14.969000
18.255000
7.241000
4.605000
4.268000
0.000000
12.197000
7.850000
0.000000
9.909000
5.951000
5.024000
9.586000
6.604000
8.931000
7.654000
9.109000
0.000000
0.000000
9.609000
9.792000
9.057000
2.708000
8.521000
17.502000
9.868000
12.781000
9.553000
3.857000
0.000000
9.066000
13.970000
7.624000
8.751000
10.083000
7.773000
3.353000
8.816000
6.750000
12.016000
2.631000
20.230000
10.808000
11.726000
8.958000
10.754000
12.189000
2.619000
11.085000
5.541000
2.735000
3.126000
13.675000
17.102000
8.885000
5.081000
9.418000
4.605000
9.205000
4.901000
6.573000
2.329000
5.208000
10.689000
5.498000
8.463000
0.000000
17.992000
10.500000
10.267000
6.121000
9.145000
13.096000
6.514000
4.750000
2.254000
10.887000
9.446000
0.884000
7.250000
6.936000
7.827000
5.744000
8.858000
16.971000
13.933000
6.881000
1.339000
6.692000
3.621000
5.377000
1.880000
5.548000
9.522000
11.056000
2.511000
4.391000
8.853000
3.427000
0.000000
12.037000
2.360000
13.050000
4.567000
4.902000
9.307000
5.124000
11.884000
1.576000
9.293000
0.742000
5.924000
5.509000
4.957000
8.970000
7.315000
7.281000
0.000000
10.822000
2.801000
3.873000
4.291000
12.257000
1.916000
6.781000
2.579000
10.095000
8.523000
6.805000
5.884000
5.030000
2.947000
7.962000
15.605000
11.942000
9.377000
9.203000
1.523000
5.070000
5.445000
0.423000
9.802000
4.659000
4.812000
4.435000
3.109000
5.771000
2.087000
6.873000
7.786000
2.880000
4.757000
7.421000
6.018000
7.710000
6.159000
5.226000
1.648000
19.354000
14.347000
13.580000
0.000000
1.343000
7.020000
2.593000
0.836000
14.518000
1.663000
2.230000
0.125000
13.280000
5.922000
5.963000
0.000000
0.000000
5.512000
15.928000
0.000000
2.113000
0.694000
5.919000
0.813000
14.363000
1.266000
0.856000
13.245000
2.626000
2.613000
0.140000
6.258000
13.892000
3.766000
4.076000
1.102000
8.014000
4.454000
0.000000
2.301000
11.732000
0.000000
0.905000
3.212000
11.279000
8.533000
10.926000
1.862000
8.663000
2.966000
5.151000
13.466000
10.791000
10.524000
7.438000
4.423000
2.109000
0.000000
14.047000
10.675000
14.436000
2.131000
2.665000
11.725000
0.000000
9.457000
0.000000
0.000000
17.965000
1.002000
8.395000
18.334000
13.270000
6.648000
2.079000
11.817000
0.000000
0.000000
2.847000
2.416000
11.807000
12.347000
1.519000
5.970000
1.054000
13.309000
5.004000
4.762000
13.819000
17.329000
0.179000
5.989000
6.185000
1.867000
19.749000
6.217000
6.069000
7.469000
7.293000
14.539000
8.061000
4.577000
1.106000
0.201000
18.173000
12.610000
8.571000
4.361000
3.632000
0.000000
0.000000
0.000000
9.703000
0.000000
1.705000
8.121000
14.995000
6.116000
11.745000
8.798000
11.045000
14.207000
11.627000
5.595000
1.952000
9.899000
4.056000
2.048000
5.381000
5.493000
4.744000
4.036000
6.712000
2.971000
0.000000
0.000000
0.000000
7.800000
7.534000
0.000000
5.983000
2.961000
4.367000
0.000000
0.424000
8.309000
4.316000
8.054000
15.654000
7.474000
4.249000
3.003000
18.644000
10.797000
4.639000
0.000000
11.023000
4.869000
3.329000
2.010000
0.000000
0.000000
6.779000
3.017000
15.381000
0.913000
0.255000
3.145000
3.665000
13.036000
1.858000
18.766000
16.323000
5.890000
4.739000
1.934000
2.333000
9.928000
0.096000
0.000000
8.672000
0.000000
6.820000
4.836000
7.263000
7.524000
2.398000
2.558000
7.411000
0.432000
9.377000
0.501000
2.750000
5.173000
3.381000
3.513000
7.999000
15.795000
1.658000
12.298000
2.796000
5.318000
6.903000
15.145000
16.554000
6.897000
0.000000
5.397000
5.471000
4.129000
3.217000
2.937000
15.487000
1.228000
4.075000
6.796000
5.752000
9.551000
3.384000
5.672000
8.176000
15.160000
11.066000
17.605000
7.124000
13.823000
10.431000
18.180000
3.241000
16.480000
10.171000
8.128000
17.612000
3.981000
6.282000
0.307000
14.572000
4.918000
8.060000
0.120000
2.205000
3.151000
11.674000
5.430000
17.547000
8.312000
12.719000
8.507000
4.936000
5.666000
11.671000
7.846000
8.628000
6.463000
4.745000
3.267000
4.770000
9.708000
4.491000
5.538000
5.703000
11.553000
8.732000
0.988000
11.299000
0.963000
7.124000
7.619000
1.356000
6.568000
10.481000
5.483000
3.126000
8.130000
5.969000
2.642000
6.053000
2.603000
7.280000
17.941000
3.383000
9.251000
3.116000
10.254000
6.834000
12.140000
17.152000
1.423000
11.486000
16.206000
8.482000
0.609000
0.900000
5.069000
10.337000
3.168000
2.214000
11.319000
9.083000
3.770000
8.655000
9.793000
1.658000
4.056000
4.292000
9.543000
7.525000
6.485000
13.740000
4.889000
9.011000
6.077000
1.466000
7.415000
10.339000
10.953000
6.087000
10.798000
16.891000
10.441000
6.448000
8.928000
10.641000
8.558000
4.664000
8.593000
22.506000
7.084000
6.219000
10.287000
6.945000
6.713000
10.834000
10.605000
2.398000
4.633000
13.926000
8.085000
7.211000
8.474000
5.100000
11.624000
4.745000
10.215000
9.403000
5.050000
10.269000
10.601000
2.040000
14.007000
12.234000
7.231000
15.441000
6.237000
14.071000
12.640000
6.138000
6.041000
3.658000
9.431000
11.810000
8.572000
5.138000
11.932000
2.299000
2.520000
10.042000
7.621000
6.364000
10.168000
1.015000
9.906000
9.602000
8.709000
5.756000
11.068000
9.300000
9.742000
8.505000
9.346000
4.667000
8.461000
8.183000
0.914000
12.226000
10.773000
0.923000
6.447000
4.954000
3.238000
6.102000
5.734000
0.000000
2.425000
8.530000
8.067000
4.159000
3.177000
10.230000
8.453000
7.474000
5.703000
6.645000
12.319000
8.412000
11.237000
6.660000
8.359000
8.235000
15.857000
3.517000
10.127000
7.490000
7.681000
4.434000
6.892000
10.836000
17.137000
10.503000
9.374000
5.682000
9.816000
10.406000
6.506000
9.091000
8.919000
11.691000
10.557000
8.326000
2.730000
6.355000
9.993000
13.409000
5.772000
7.496000
14.772000
7.226000
7.108000
4.426000
13.320000
9.530000
11.934000
8.536000
4.023000
2.801000
13.949000
8.998000
6.925000
0.378000
0.223000
8.161000
7.516000
9.888000
14.405000
13.261000
5.923000
0.000000
7.434000
8.560000
7.596000
6.237000
5.100000
15.051000
8.000000
7.211000
8.513000
6.382000
2.767000
10.303000
7.230000
12.432000
1.030000
12.675000
1.650000
7.055000
0.544000
8.653000
10.187000
5.844000
8.926000
0.000000
8.519000
7.834000
2.136000
11.703000
7.348000
0.283000
7.178000
1.284000
5.901000
8.880000
1.366000
7.102000
11.310000
9.664000
0.472000
12.652000
5.534000
5.065000
10.285000
6.302000
6.525000
11.634000
10.946000
8.103000
8.127000
4.334000
10.570000
8.149000
8.163000
11.757000
4.320000
3.958000
8.271000
1.382000
4.289000
4.133000
10.134000
8.969000
9.581000
5.504000
6.988000
4.757000
4.052000
10.876000
5.592000
1.698000
4.262000
8.235000
8.812000
4.995000
13.335000
6.470000
1.034000
5.835000
6.158000
5.820000
0.000000
4.653000
0.442000
22.157000
18.078000
5.294000
11.841000
3.319000
1.065000
0.083000
4.927000
5.772000
9.420000
6.569000
6.607000
0.000000
4.330000
8.102000
2.977000
5.845000
5.337000
12.857000
1.254000
0.028000
4.244000
8.774000
3.553000
5.369000
12.238000
7.840000
2.175000
6.084000
5.174000
9.198000
14.895000
5.911000
6.567000
5.404000
12.783000
9.702000
2.333000
1.625000
3.364000
2.616000
1.861000
9.137000
6.150000
10.708000
0.476000
10.415000
5.983000
15.230000
0.399000
0.000000
8.333000
5.167000
12.745000
10.251000
1.842000
0.000000
1.741000
0.000000
8.616000
13.056000
2.455000
5.132000
0.691000
18.752000
0.000000
4.230000
3.725000
12.866000
14.209000
0.102000
9.289000
5.435000
1.841000
2.796000
7.786000
5.019000
2.156000
3.653000
2.302000
1.543000
4.258000
10.057000
5.328000
0.000000
0.133000
9.179000
1.387000
4.335000
12.287000
13.910000
3.659000
2.709000
0.000000
12.667000
4.669000
11.499000
16.632000
3.951000
4.446000
0.000000
0.000000
5.543000
1.073000
2.657000
0.000000
4.550000
0.538000
11.705000
8.908000
6.243000
14.815000
11.579000
0.725000
10.970000
5.517000
13.738000
4.935000
14.439000
0.222000
12.463000
0.000000
1.492000
5.340000
1.464000
0.553000
0.696000
3.531000
11.445000
11.058000
0.658000
9.856000
0.563000
13.953000
2.701000
5.634000
1.735000
5.987000
0.000000
12.195000
15.006000
5.349000
6.541000
2.056000
0.070000
5.517000
10.088000
16.603000
6.539000
0.209000
4.131000
5.040000
11.533000
21.293000
5.316000
10.154000
0.738000
2.053000
9.920000
1.218000
9.530000
2.934000
6.177000
12.205000
11.957000
0.000000
1.431000
4.667000
6.369000
2.065000
19.534000
12.649000
6.519000
10.229000
0.912000
7.859000
8.186000
12.613000
8.091000
13.182000
13.125000
1.704000
14.262000
3.966000
11.665000
5.698000
12.988000
1.856000
7.341000
5.522000
1.427000
9.200000
9.631000
15.655000
10.870000
3.506000
0.000000
7.974000
8.752000
4.009000
12.860000
8.069000
3.182000
16.463000
14.221000
8.294000
4.226000
7.542000
4.062000
9.261000
11.100000
6.876000
4.472000
0.000000
9.048000
7.905000
9.731000
20.151000
11.844000
11.355000
9.059000
6.321000
7.336000
3.880000
4.697000
8.264000
15.046000
4.091000
13.225000
4.579000
14.666000
7.288000
2.411000
0.000000
0.324000
0.000000
11.379000
16.976000
11.903000
9.253000
19.052000
5.094000
6.696000
0.000000
8.036000
4.704000
10.837000
9.843000
15.438000
5.236000
6.876000
8.361000
18.032000
6.822000
8.566000
7.931000
3.205000
3.536000
6.498000
1.147000
17.425000
10.584000
4.506000
10.070000
11.253000
13.640000
10.718000
10.511000
5.776000
13.224000
2.727000
7.986000
13.531000
9.171000
12.636000
6.781000
17.524000
2.232000
8.685000
9.256000
14.533000
16.900000
7.978000
2.223000
8.059000
5.301000
6.829000
6.738000
12.111000
9.367000
12.395000
11.272000
2.859000
7.475000
8.616000
10.770000
3.182000
17.348000
10.603000
17.294000
11.513000
2.714000
7.950000
16.282000
9.050000
4.819000
5.926000
10.092000
8.536000
10.075000
9.055000
12.802000
4.422000
12.067000
4.186000
17.472000
0.000000
7.177000
4.348000
5.539000
9.706000
7.128000
13.118000
10.310000
10.743000
0.635000
12.988000
6.037000
2.384000
12.976000
10.232000
3.380000
10.837000
14.083000
1.125000
13.024000
9.707000
8.578000
8.078000
9.470000
1.963000
12.632000
4.556000
7.563000
15.782000
1.405000
8.799000
10.125000
10.610000
4.907000
14.881000
0.000000
1.377000
10.160000
5.533000
9.156000
11.221000
9.446000
12.615000
2.505000
3.542000
13.075000
12.328000
3.641000
0.000000
9.238000
5.202000
3.923000
5.686000
5.586000
9.729000
7.126000
1.537000
5.977000
6.389000
3.969000
4.907000
8.054000
14.666000
4.949000
10.347000
9.182000
6.925000
0.238000
11.003000
8.276000
0.586000
16.256000
9.197000
5.805000
9.610000
0.209000
13.427000
13.135000
10.375000
5.317000
9.774000
1.866000
20.446000
8.668000
16.241000
0.000000
8.247000
10.160000
0.000000
9.097000
8.170000
7.131000
11.172000
5.008000
7.695000
7.558000
15.641000
10.601000
9.161000
2.649000
7.357000
5.964000
9.183000
12.981000
11.690000
3.750000
6.344000
10.146000
6.094000
6.559000
18.535000
15.376000
9.640000
8.904000
10.185000
7.963000
7.349000
0.579000
3.392000
12.064000
12.537000
6.299000
13.443000
3.230000
10.469000
10.755000
10.165000
6.942000
14.161000
6.348000
15.345000
10.665000
14.224000
11.502000
7.013000
6.179000
9.184000
10.044000
8.021000
9.610000
9.421000
11.574000
10.961000
6.598000
6.269000
7.594000
5.938000
3.182000
13.766000
11.293000
8.970000
1.452000
11.828000
15.942000
5.948000
2.178000
2.083000
12.358000
6.784000
2.681000
13.696000
5.249000
8.569000
3.636000
4.145000
9.010000
17.775000
7.050000
9.658000
12.552000
4.862000
11.806000
3.359000
10.319000
14.377000
8.390000
6.477000
13.748000
8.019000
4.409000
16.334000
3.111000
15.454000
9.829000
13.010000
8.331000
4.464000
14.413000
10.998000
9.591000
5.242000
5.660000
9.302000
8.333000
8.665000
9.433000
8.853000
11.136000
10.692000
4.551000
6.877000
0.752000
10.522000
15.328000
7.846000
5.378000
12.624000
10.915000
12.621000
7.292000
11.350000
13.015000
10.048000
9.590000
0.000000
9.825000
11.275000
7.948000
5.636000
7.103000
8.235000
6.411000
9.569000
9.090000
6.845000
6.005000
2.897000
13.902000
13.707000
6.094000
8.410000
7.887000
2.952000
13.303000
4.767000
2.161000
8.629000
3.638000
6.030000
5.591000
9.481000
10.256000
13.545000
3.443000
14.310000
7.559000
10.554000
11.440000
11.181000
9.193000
8.473000
6.508000
3.887000
8.184000
5.794000
8.352000
8.866000
5.921000
12.888000
9.389000
12.153000
10.332000
9.487000
5.885000
5.299000
2.862000
8.850000
12.100000
14.656000
5.303000
4.193000
5.794000
7.751000
10.063000
3.293000
4.620000
10.161000
11.657000
8.645000
13.875000
14.812000
20.509000
9.007000
4.955000
5.662000
7.597000
11.916000
10.872000
11.378000
12.509000
6.219000
9.192000
6.821000
7.945000
13.110000
5.090000
11.787000
13.123000
10.545000
10.666000
17.481000
14.130000
0.000000
7.319000
10.204000
7.705000
15.010000
7.305000
10.402000
2.881000
6.127000
7.259000
7.547000
6.178000
5.795000
9.941000
5.161000
8.767000
13.243000
5.990000
6.924000
12.589000
9.544000
7.793000
5.730000
7.285000
8.696000
5.146000
6.680000
7.734000
11.309000
10.696000
15.130000
5.179000
12.794000
13.578000
9.351000
3.819000
8.789000
6.651000
7.868000
8.123000
2.751000
6.157000
7.861000
9.908000
12.972000
6.598000
11.044000
6.802000
9.355000
3.038000
3.334000
4.665000
0.000000
7.521000
6.189000
9.522000
9.286000
8.134000
11.126000
10.397000
3.868000
6.508000
5.512000
9.443000
7.881000
8.669000
19.365000
10.407000
13.805000
8.747000
7.926000
9.937000
7.012000
6.001000
4.807000
14.883000
13.052000
6.869000
9.652000
3.366000
11.063000
11.799000
9.791000
5.146000
11.692000
10.666000
11.251000
5.217000
10.309000
7.296000
7.525000
9.838000
11.407000
12.343000
7.968000
13.550000
10.039000
7.996000
10.170000
7.187000
11.841000
5.571000
5.868000
3.739000
3.743000
15.700000
3.612000
3.504000
7.995000
7.087000
3.388000
11.861000
10.808000
17.761000
10.250000
9.019000
1.117000
6.996000
11.063000
1.954000
12.191000
10.842000
10.644000
10.904000
3.149000
13.635000
7.429000
8.145000
12.635000
6.727000
4.328000
6.026000
9.028000
10.404000
6.835000
11.272000
3.654000
4.770000
8.287000
6.043000
12.868000
10.312000
5.455000
5.519000
9.615000
6.368000
8.657000
3.453000
6.865000
9.388000
7.722000
8.890000
3.473000
12.363000
5.774000
10.669000
5.308000
6.102000
6.918000
11.115000
10.199000
9.053000
13.592000
18.291000
6.393000
6.299000
7.067000
7.631000
12.893000
8.507000
2.373000
4.503000
6.579000
9.081000
10.132000
6.510000
17.567000
9.592000
13.752000
5.175000
5.210000
10.154000
6.222000
3.250000
7.205000
11.962000
8.785000
13.578000
5.556000
5.107000
8.786000
6.997000
7.994000
8.917000
12.492000
10.229000
6.888000
9.441000
6.179000
13.284000
5.856000
7.313000
13.016000
12.085000
8.083000
12.983000
13.273000
1.734000
17.871000
8.705000
6.386000
2.526000
7.677000
11.067000
5.545000
8.460000
7.083000
8.645000
9.690000
7.327000
15.795000
13.064000
10.560000
7.999000
9.206000
18.332000
7.757000
9.463000
7.834000
7.528000
10.102000
8.660000
6.055000
1.254000
6.253000
7.543000
13.092000
6.913000
9.181000
12.424000
8.969000
9.512000
6.234000
5.549000
7.079000
7.055000
8.739000
9.125000
9.209000
5.555000
3.967000
7.263000
6.895000
6.971000
8.225000
8.962000
17.671000
8.349000
13.378000
9.283000
3.891000
10.259000
9.569000
10.152000
11.298000
12.390000
5.677000
13.708000
5.568000
8.207000
12.727000
10.372000
10.807000
8.377000
5.922000
8.836000
4.323000
4.479000
13.617000
3.942000
5.807000
5.405000
11.033000
10.195000
13.992000
12.168000
5.538000
11.317000
12.539000
6.937000
11.508000
10.007000
5.922000
8.587000
13.020000
1.672000
8.439000
10.552000
2.749000
4.826000
15.914000
10.833000
15.626000
10.586000
16.522000
9.145000
8.464000
8.223000
3.299000
11.953000
8.128000
8.517000
6.419000
6.924000
14.380000
10.636000
6.514000
9.595000
8.230000
9.480000
14.421000
4.088000
7.685000
12.670000
10.587000
11.111000
9.398000
9.192000
7.392000
12.059000
8.765000
9.664000
10.371000
6.658000
9.006000
2.880000
8.599000
8.479000
8.932000
17.835000
14.277000
12.836000
11.110000
11.417000
7.685000
10.789000
15.890000
4.655000
6.423000
11.293000
6.489000
8.543000
6.267000
6.876000
0.829000
8.674000
8.229000
11.995000
2.318000
10.970000
4.932000
11.824000
5.500000
7.008000
9.843000
6.633000
11.033000
11.136000
12.610000
9.754000
6.571000
10.562000
3.451000
9.964000
6.713000
11.118000
12.778000
11.981000
13.350000
8.159000
6.230000
7.708000
8.998000
11.897000
10.106000
14.317000
6.430000
9.828000
12.987000
8.855000
8.144000
10.655000
6.854000
4.376000
5.908000
9.398000
5.255000
9.601000
12.608000
9.574000
15.423000
9.478000
6.368000
13.380000
7.380000
3.400000
8.744000
7.026000
4.657000
0.000000
13.435000
12.169000
3.943000
8.809000
9.453000
6.562000
6.635000
11.258000
10.301000
12.105000
12.982000
9.746000
10.138000
12.887000
10.745000
9.504000
9.504000
12.504000
10.633000
13.504000
6.821000
4.534000
8.364000
10.802000
5.831000
6.680000
3.466000
7.641000
8.080000
8.122000
8.065000
11.870000
16.190000
7.166000
10.220000
13.230000
5.913000
12.903000
13.235000
11.256000
11.305000
7.887000
11.837000
9.696000
7.859000
4.422000
6.573000
16.032000
4.304000
9.732000
5.560000
7.943000
6.601000
8.256000
8.167000
5.687000
16.121000
8.410000
9.905000
9.685000
15.835000
8.968000
4.880000
5.310000
10.073000
14.679000
7.628000
10.771000
4.176000
6.515000
8.054000
9.717000
12.553000
4.366000
6.697000
17.966000
9.099000
7.985000
7.946000
4.262000
6.464000
8.925000
14.366000
7.754000
8.001000
1.103000
7.332000
1.417000
15.540000
1.456000
6.016000
7.770000
6.391000
7.373000
8.895000
12.976000
11.227000
8.283000
7.031000
5.476000
2.856000
7.776000
8.176000
14.172000
5.637000
8.229000
17.522000
10.205000
7.865000
11.907000
12.835000
3.712000
9.584000
8.935000
6.209000
4.435000
5.302000
8.254000
11.745000
9.964000
6.516000
14.322000
7.334000
5.134000
3.133000
4.813000
6.841000
10.863000
9.458000
13.790000
5.988000
5.604000
11.354000
9.223000
5.157000
5.710000
6.540000
11.290000
12.875000
11.089000
13.217000
8.657000
7.644000
4.903000
9.343000
13.957000
11.834000
6.516000
9.567000
7.557000
4.758000
6.424000
5.221000
5.467000
4.742000
6.941000
8.766000
4.549000
9.524000
7.305000
3.076000
13.255000
11.144000
5.734000
6.548000
5.925000
7.452000
10.304000
5.888000
6.585000
8.655000
12.372000
6.460000
9.941000
11.464000
5.828000
9.424000
4.606000
6.137000
3.267000
11.493000
5.789000
7.282000
5.281000
4.952000
6.417000
8.159000
9.163000
12.915000
9.111000
9.259000
10.685000
9.414000
6.585000
6.926000
8.483000
5.769000
5.103000
8.922000
5.766000
9.414000
19.590000
6.236000
3.268000
8.415000
10.108000
5.585000
10.490000
9.186000
12.026000
17.415000
7.133000
7.638000
0.509000
9.185000
10.941000
2.712000
3.524000
9.020000
10.447000
11.868000
10.761000
10.526000
5.811000
7.798000
6.403000
9.273000
8.090000
6.934000
10.595000
4.916000
6.243000
11.651000
8.630000
10.476000
16.396000
4.599000
6.586000
9.539000
10.930000
9.050000
11.559000
6.694000
8.541000
0.612000
4.603000
8.659000
10.736000
4.440000
5.029000
8.909000
9.570000
7.643000
12.444000
11.370000
8.884000
10.161000
1.458000
8.032000
5.820000
5.516000
6.428000
13.300000
5.343000
6.025000
4.479000
5.885000
5.808000
3.379000
4.784000
7.213000
14.823000
13.536000
7.913000
11.117000
6.367000
10.879000
10.395000
3.082000
12.158000
2.870000
4.573000
6.862000
6.637000
12.278000
6.948000
7.550000
10.410000
5.514000
5.117000
10.784000
7.016000
15.776000
20.836000
10.763000
4.291000
9.446000
5.823000
13.184000
8.415000
2.748000
2.502000
7.552000
4.403000
9.991000
2.226000
3.825000
3.363000
9.933000
10.763000
16.266000
20.541000
4.993000
5.833000
18.472000
5.726000
7.998000
10.236000
15.248000
11.702000
9.304000
11.326000
6.960000
11.966000
5.061000
5.437000
7.933000
3.062000
6.341000
12.044000
5.160000
5.065000
8.381000
10.305000
6.631000
6.224000
13.438000
3.610000
5.106000
17.459000
10.413000
9.323000
10.389000
12.112000
3.926000
4.941000
10.742000
10.310000
10.402000
5.182000
8.119000
6.587000
5.687000
8.256000
4.664000
15.181000
6.507000
12.790000
10.171000
10.552000
7.249000
11.180000
5.112000
3.884000
6.382000
6.562000
7.845000
13.031000
11.411000
3.983000
8.809000
15.290000
6.933000
9.239000
10.423000
12.915000
7.607000
7.777000
7.094000
16.224000
6.684000
8.533000
2.743000
7.529000
17.981000
9.164000
7.130000
4.843000
6.773000
15.622000
7.340000
13.451000
8.755000
9.002000
10.037000
5.151000
3.965000
8.119000
16.883000
14.959000
9.698000
16.547000
7.163000
6.072000
2.667000
5.274000
4.132000
3.558000
9.328000
8.165000
10.727000
9.236000
1.742000
6.304000
5.646000
9.807000
11.016000
8.897000
11.406000
12.233000
8.623000
6.081000
9.897000
4.801000
17.173000
17.028000
10.083000
6.429000
6.407000
8.315000
3.595000
7.054000
1.822000
5.531000
2.133000
6.545000
6.709000
5.857000
4.167000
9.432000
8.976000
11.403000
5.289000
10.048000
2.355000
10.532000
9.717000
9.053000
0.916000
14.782000
10.035000
4.426000
6.648000
6.184000
2.555000
11.520000
11.981000
6.024000
5.940000
7.002000
8.411000
12.530000
5.289000
5.385000
11.799000
7.009000
12.780000
7.043000
7.321000
11.547000
7.191000
5.878000
8.979000
6.508000
6.376000
4.727000
10.559000
3.285000
12.935000
16.032000
5.759000
5.214000
10.140000
11.439000
12.410000
4.482000
13.370000
5.238000
2.200000
6.992000
4.616000
7.260000
6.373000
1.808000
5.883000
6.932000
7.272000
4.412000
9.516000
3.575000
18.904000
7.238000
12.283000
4.066000
12.680000
2.279000
9.092000
15.799000
8.513000
12.862000
10.966000
4.869000
5.707000
10.092000
11.421000
5.392000
10.320000
7.105000
7.431000
5.047000
9.889000
5.550000
6.113000
13.044000
14.967000
7.953000
10.269000
11.291000
4.803000
8.533000
8.699000
5.471000
13.198000
10.397000
10.057000
11.555000
10.023000
9.482000
8.816000
10.284000
9.967000
8.657000
13.227000
11.512000
6.307000
12.332000
5.428000
16.308000
14.676000
4.038000
10.162000
11.000000
3.971000
6.474000
10.170000
3.416000
5.445000
13.551000
3.337000
0.425000
4.983000
9.034000
2.433000
9.734000
7.498000
6.038000
0.955000
7.860000
7.854000
6.933000
12.675000
9.785000
7.498000
13.381000
6.102000
6.805000
8.083000
5.761000
14.427000
4.822000
1.966000
4.881000
7.379000
8.090000
7.093000
6.782000
8.056000
5.584000
11.529000
5.059000
11.150000
7.723000
7.472000
10.909000
13.422000
13.910000
8.724000
8.432000
6.100000
8.199000
9.739000
8.144000
13.099000
9.042000
8.983000
11.118000
12.303000
5.427000
8.707000
5.584000
11.530000
9.614000
13.945000
10.554000
13.349000
5.503000
9.469000
13.616000
11.720000
8.913000
4.302000
5.583000
5.830000
17.538000
11.321000
11.045000
12.430000
7.729000
12.682000
7.393000
9.349000
8.241000
7.738000
8.244000
9.466000
7.224000
6.892000
6.386000
6.168000
1.400000
6.214000
15.480000
7.544000
8.979000
5.880000
5.178000
13.154000
9.829000
13.004000
11.571000
15.220000
13.470000
0.895000
4.671000
0.000000
1.637000
7.202000
13.594000
16.088000
9.817000
3.361000
6.392000
7.294000
15.116000
16.219000
6.205000
4.318000
0.417000
7.114000
6.937000
17.249000
7.301000
6.692000
6.395000
6.572000
13.696000
12.163000
13.331000
4.576000
13.567000
12.203000
0.792000
7.772000
8.587000
19.237000
2.988000
8.228000
9.977000
2.852000
7.653000
4.822000
10.886000
10.020000
11.889000
13.438000
5.958000
6.414000
6.307000
10.788000
9.969000
15.525000
3.350000
14.733000
5.098000
5.793000
15.962000
14.099000
8.267000
16.662000
13.698000
8.132000
7.342000
15.583000
7.732000
8.644000
20.268000
11.771000
12.547000
10.490000
13.853000
9.683000
7.238000
10.445000
10.220000
3.573000
12.120000
6.651000
9.485000
7.382000
7.233000
7.864000
11.229000
5.738000
16.229000
8.431000
3.849000
4.427000
7.757000
13.732000
6.221000
17.478000
7.063000
8.326000
8.326000
13.925000
18.096000
10.433000
14.814000
13.711000
13.041000
15.064000
10.723000
14.935000
7.501000
17.190000
8.391000
7.494000
7.308000
11.394000
7.303000
4.676000
7.163000
9.212000
8.180000
0.000000
13.437000
1.947000
6.121000
14.028000
18.858000
6.912000
13.678000
11.656000
6.009000
6.943000
5.497000
12.294000
18.406000
12.154000
12.577000
9.888000
13.810000
7.550000
6.117000
6.820000
1.639000
19.272000
7.083000
5.364000
4.811000
6.955000
12.134000
9.979000
4.893000
9.373000
10.047000
16.940000
8.279000
6.588000
15.861000
10.400000
12.346000
8.117000
9.362000
9.459000
9.821000
4.830000
11.887000
7.480000
12.945000
8.097000
4.761000
4.552000
5.369000
6.494000
12.098000
13.861000
2.313000
2.159000
11.206000
16.223000
17.071000
5.330000
6.401000
9.813000
9.432000
14.571000
11.569000
10.667000
4.749000
14.407000
7.503000
10.593000
13.021000
7.226000
14.618000
9.122000
11.096000
10.329000
13.445000
4.178000
12.480000
11.621000
17.332000
11.209000
17.708000
11.719000
10.399000
4.529000
8.036000
13.033000
10.318000
7.123000
12.392000
6.020000
9.021000
6.914000
6.630000
2.492000
5.062000
12.291000
7.672000
12.487000
11.300000
7.716000
13.468000
10.646000
10.369000
9.059000
6.652000
9.508000
4.780000
9.422000
13.597000
8.324000
4.312000
13.340000
8.851000
16.047000
4.886000
6.776000
10.800000
12.373000
8.128000
7.100000
10.888000
4.429000
9.554000
16.147000
6.211000
7.035000
8.265000
10.497000
7.940000
9.357000
5.790000
8.536000
12.911000
11.430000
13.014000
7.360000
8.737000
4.247000
3.951000
7.687000
11.990000
13.769000
10.273000
8.399000
12.032000
11.760000
10.161000
1.496000
12.257000
4.084000
10.798000
7.502000
4.276000
5.880000
7.203000
10.416000
8.788000
7.762000
12.551000
10.231000
4.402000
9.773000
7.612000
5.071000
7.752000
7.131000
15.200000
5.112000
9.006000
4.529000
8.990000
9.229000
14.484000
8.760000
1.353000
5.305000
9.915000
9.890000
6.755000
10.265000
11.212000
11.055000
4.837000
7.912000
4.616000
7.204000
8.541000
6.866000
8.405000
5.788000
7.340000
8.991000
10.339000
7.542000
8.742000
4.496000
18.241000
10.472000
12.680000
3.830000
8.906000
4.082000
7.580000
12.438000
9.174000
9.542000
7.597000
9.603000
6.522000
10.688000
13.349000
13.747000
5.137000
2.050000
11.709000
8.924000
9.412000
8.490000
5.065000
11.353000
4.860000
9.112000
12.975000
7.505000
3.871000
9.822000
12.441000
6.087000
7.845000
14.996000
11.907000
5.863000
10.146000
2.612000
5.815000
19.476000
7.767000
14.085000
4.360000
10.043000
10.158000
0.855000
5.467000
9.650000
8.543000
6.741000
10.622000
9.479000
4.866000
3.057000
9.261000
2.407000
9.434000
6.672000
12.919000
10.037000
8.564000
8.396000
12.466000
5.904000
7.644000
9.658000
6.241000
12.526000
0.000000
5.499000
14.368000
10.342000
7.265000
11.012000
8.657000
11.789000
5.775000
15.064000
5.612000
9.998000
3.948000
9.696000
6.739000
2.563000
7.366000
2.409000
1.887000
10.412000
0.750000
18.573000
3.191000
5.513000
3.217000
7.516000
16.686000
8.682000
12.380000
14.465000
5.649000
13.545000
15.431000
6.345000
12.413000
8.644000
10.941000
13.025000
3.107000
14.038000
6.492000
18.716000
6.970000
9.714000
4.928000
13.514000
7.176000
11.172000
9.103000
5.936000
0.000000
5.828000
5.902000
0.702000
0.000000
3.420000
12.595000
4.222000
7.461000
9.687000
2.696000
4.145000
9.269000
4.113000
4.988000
0.000000
14.190000
6.968000
3.511000
8.146000
9.974000
8.715000
7.702000
4.232000
9.598000
5.435000
5.547000
14.528000
3.506000
5.622000
13.838000
8.947000
7.004000
6.686000
7.256000
12.064000
6.540000
1.732000
2.223000
5.818000
9.421000
5.805000
2.194000
8.945000
11.632000
2.777000
6.898000
7.728000
7.604000
3.898000
4.399000
0.000000
2.838000
7.410000
14.068000
15.615000
6.670000
3.113000
4.848000
3.801000
10.066000
16.212000
6.496000
1.376000
13.122000
9.044000
9.021000
16.358000
0.465000
12.189000
10.220000
10.926000
3.376000
8.708000
10.149000
9.234000
7.677000
5.475000
6.660000
7.505000
14.064000
5.088000
11.951000
5.081000
12.007000
15.544000
2.674000
1.503000
2.114000
9.832000
6.421000
5.483000
9.764000
4.276000
3.648000
11.342000
2.485000
7.926000
13.938000
6.629000
4.876000
13.658000
7.039000
12.197000
3.378000
9.602000
0.000000
4.467000
6.928000
10.585000
6.616000
10.300000
1.032000
14.485000
7.839000
12.095000
4.494000
12.687000
6.896000
0.070000
1.541000
4.631000
1.694000
7.343000
1.471000
10.723000
8.293000
3.997000
7.366000
7.945000
7.209000
4.177000
9.637000
12.458000
1.636000
9.578000
1.848000
7.021000
11.331000
6.331000
12.371000
2.724000
5.861000
13.164000
8.639000
8.843000
12.486000
13.803000
15.733000
6.362000
9.111000
4.523000
10.175000
12.535000
2.707000
0.933000
18.930000
13.470000
2.752000
14.727000
0.000000
7.695000
11.166000
3.516000
12.283000
9.262000
9.535000
2.744000
6.501000
0.065000
4.560000
10.963000
5.014000
5.754000
13.640000
3.462000
12.847000
10.900000
3.908000
5.190000
8.656000
2.993000
11.786000
9.137000
15.194000
18.938000
10.029000
13.011000
12.420000
15.920000
4.811000
10.728000
7.691000
0.181000
6.984000
11.349000
17.426000
3.188000
8.149000
12.751000
15.894000
15.814000
7.395000
11.257000
6.710000
7.111000
11.694000
11.991000
15.909000
4.626000
14.068000
10.290000
3.511000
14.320000
7.681000
3.820000
0.994000
9.780000
0.000000
10.061000
9.064000
16.222000
10.344000
11.387000
15.437000
10.183000
3.998000
12.759000
7.302000
3.452000
17.879000
4.205000
3.245000
9.735000
12.480000
9.022000
14.236000
13.896000
6.985000
17.874000
10.370000
2.568000
3.999000
11.723000
11.042000
6.873000
8.545000
5.837000
12.754000
15.009000
8.309000
13.718000
11.572000
0.294000
5.150000
3.979000
9.984000
14.128000
5.126000
11.418000
4.104000
11.839000
8.877000
9.494000
11.673000
3.916000
8.785000
10.702000
5.294000
9.196000
4.333000
1.623000
8.741000
11.475000
8.633000
4.030000
13.508000
4.377000
9.833000
4.398000
3.462000
9.660000
10.146000
9.664000
9.485000
11.047000
11.274000
4.432000
14.741000
6.610000
13.882000
13.801000
6.998000
13.821000
0.598000
11.920000
14.610000
10.058000
10.553000
4.005000
9.419000
9.161000
6.187000
3.495000
15.513000
9.985000
8.431000
20.208000
5.637000
12.584000
13.176000
17.859000
7.177000
10.753000
22.814000
13.688000
6.674000
14.236000
18.653000
8.642000
17.689000
11.764000
4.882000
8.217000
13.191000
4.881000
10.927000
12.915000
16.632000
4.019000
10.094000
4.295000
11.654000
9.868000
5.578000
10.265000
14.436000
9.168000
15.676000
11.115000
7.915000
8.471000
6.934000
12.477000
11.461000
6.060000
9.020000
4.383000
12.756000
3.912000
10.346000
3.894000
5.606000
14.840000
15.296000
3.958000
11.126000
13.054000
13.899000
13.787000
5.921000
16.386000
13.605000
12.309000
10.365000
0.211000
13.781000
6.772000
13.784000
8.510000
14.210000
10.982000
18.229000
10.350000
4.107000
8.379000
16.449000
5.717000
12.919000
13.610000
4.509000
9.857000
14.605000
11.182000
15.443000
7.842000
5.244000
14.279000
7.093000
7.240000
9.599000
11.676000
10.713000
12.262000
8.937000
9.131000
6.759000
15.321000
0.000000
9.673000
16.809000
5.574000
15.888000
8.232000
17.129000
11.252000
12.606000
6.356000
1.753000
17.578000
5.669000
14.879000
7.429000
13.705000
9.334000
9.637000
5.712000
9.648000
16.077000
9.825000
10.008000
14.495000
7.252000
7.051000
9.883000
11.381000
8.516000
9.402000
9.856000
11.178000
14.171000
8.194000
4.454000
12.476000
8.965000
1.876000
8.997000
12.460000
12.489000
11.940000
10.180000
5.195000
18.035000
6.873000
16.950000
8.131000
8.730000
15.803000
12.339000
6.318000
11.205000
15.005000
12.431000
8.185000
9.305000
6.402000
9.025000
11.175000
11.236000
14.911000
15.241000
17.131000
11.026000
6.536000
16.017000
11.353000
4.719000
13.671000
17.590000
12.704000
2.311000
18.484000
3.537000
4.362000
10.274000
8.617000
10.813000
10.229000
9.954000
15.538000
12.606000
13.376000
11.555000
16.863000
10.042000
10.165000
6.195000
8.379000
9.606000
8.845000
8.281000
6.278000
13.297000
5.567000
11.300000
2.721000
15.994000
16.688000
3.391000
7.001000
13.596000
17.669000
11.513000
12.128000
9.389000
7.802000
10.862000
11.600000
16.087000
12.812000
12.176000
11.732000
8.065000
12.787000
13.637000
11.306000
8.897000
12.774000
8.911000
7.585000
10.904000
13.011000
13.284000
9.742000
7.605000
13.381000
14.942000
10.559000
9.934000
13.846000
7.969000
5.138000
14.475000
9.234000
13.889000
6.270000
9.227000
8.978000
11.847000
5.402000
16.436000
11.265000
8.303000
9.511000
9.003000
11.282000
15.821000
12.785000
9.795000
5.195000
12.370000
4.739000
6.165000
12.083000
8.856000
11.276000
13.225000
3.047000
5.533000
6.940000
9.053000
9.270000
13.876000
12.876000
3.942000
5.605000
15.664000
14.155000
6.699000
13.862000
12.015000
6.430000
11.675000
11.568000
8.099000
17.967000
7.532000
10.485000
10.026000
6.754000
2.609000
9.322000
3.818000
9.735000
14.754000
7.768000
8.732000
10.134000
10.328000
15.216000
3.665000
8.656000
11.065000
18.080000
6.713000
7.519000
12.237000
11.683000
5.353000
3.297000
2.824000
9.676000
6.734000
7.611000
7.886000
6.775000
12.644000
7.940000
18.085000
8.477000
2.115000
7.317000
13.208000
14.475000
4.541000
8.443000
4.962000
2.748000
5.060000
10.073000
18.843000
23.807000
7.375000
0.626000
3.472000
2.818000
10.748000
4.484000
11.779000
1.552000
15.173000
8.101000
3.511000
5.808000
7.269000
11.666000
5.759000
8.945000
12.159000
7.268000
5.507000
2.808000
5.811000
13.969000
8.959000
12.572000
5.124000
0.000000
6.652000
4.902000
10.884000
8.992000
7.332000
9.589000
11.262000
3.576000
6.178000
11.781000
9.909000
11.739000
10.132000
7.572000
5.820000
7.872000
9.676000
15.982000
0.000000
8.719000
12.793000
5.714000
19.833000
4.814000
18.207000
9.384000
1.533000
6.364000
11.937000
6.496000
7.651000
5.990000
12.785000
10.216000
12.481000
9.232000
3.862000
12.849000
4.715000
5.403000
15.463000
3.111000
8.223000
18.820000
15.675000
9.803000
9.717000
4.005000
3.555000
4.318000
9.268000
6.136000
11.593000
1.324000
3.127000
14.953000
4.893000
8.622000
8.019000
7.517000
5.143000
14.181000
8.213000
12.540000
7.329000
6.377000
2.848000
6.441000
0.000000
12.346000
4.756000
13.324000
10.809000
11.789000
12.191000
3.228000
9.169000
12.894000
2.539000
5.596000
5.390000
1.668000
9.008000
0.000000
10.594000
6.798000
7.645000
6.899000
12.493000
11.195000
9.489000
12.102000
8.605000
3.940000
10.410000
7.235000
8.327000
2.826000
13.615000
7.159000
9.081000
12.220000
3.532000
7.213000
15.722000
9.713000
11.612000
6.662000
6.212000
3.942000
13.214000
7.086000
5.716000
4.193000
6.363000
10.267000
17.566000
12.395000
6.504000
2.779000
7.084000
8.049000
13.821000
11.891000
1.720000
6.412000
16.364000
12.012000
5.547000
10.345000
9.418000
2.929000
12.806000
12.658000
10.004000
5.524000
14.240000
11.487000
1.549000
5.842000
2.902000
4.469000
19.190000
5.145000
3.189000
9.970000
8.485000
8.065000
7.209000
15.295000
6.597000
0.000000
12.651000
1.955000
7.499000
8.599000
9.427000
5.261000
6.713000
9.520000
4.004000
10.352000
16.279000
7.437000
4.132000
3.534000
12.394000
7.800000
5.393000
11.944000
4.540000
5.999000
11.348000
9.613000
9.261000
7.179000
10.961000
6.041000
0.000000
12.416000
8.871000
6.819000
7.936000
4.033000
1.642000
7.311000
8.872000
5.938000
7.718000
10.601000
1.904000
0.000000
12.958000
9.010000
10.144000
2.092000
9.224000
7.233000
6.577000
6.283000
6.593000
0.000000
5.942000
11.025000
0.436000
7.688000
10.344000
7.926000
8.137000
0.000000
11.910000
8.184000
4.688000
7.861000
8.158000
2.620000
6.153000
8.743000
4.585000
1.702000
10.237000
11.870000
9.783000
3.900000
9.475000
2.066000
4.094000
6.062000
9.717000
6.582000
6.117000
9.257000
3.585000
12.885000
6.643000
8.143000
9.204000
10.585000
4.232000
9.180000
15.692000
8.735000
5.931000
3.375000
2.063000
4.796000
0.000000
12.986000
9.238000
20.599000
5.373000
5.040000
3.637000
4.295000
5.339000
1.956000
0.531000
6.441000
9.242000
14.854000
9.228000
5.411000
12.042000
5.274000
7.564000
2.733000
12.691000
3.354000
3.427000
5.118000
2.788000
0.000000
4.617000
5.844000
0.000000
6.525000
21.681000
0.000000
6.206000
5.866000
14.465000
0.000000
0.000000
11.473000
3.534000
2.306000
0.000000
11.249000
12.723000
0.000000
6.756000
5.251000
10.579000
0.000000
3.083000
8.281000
0.619000
13.094000
10.673000
12.589000
0.000000
13.352000
7.698000
1.558000
11.898000
0.822000
0.000000
8.156000
0.000000
8.411000
2.535000
4.269000
10.640000
1.004000
8.890000
5.084000
0.000000
0.636000
2.313000
10.706000
10.171000
1.329000
3.560000
12.720000
8.642000
4.768000
8.750000
5.287000
8.042000
15.499000
0.000000
1.473000
2.062000
4.282000
6.137000
0.000000
4.255000
13.993000
5.702000
10.247000
1.718000
6.862000
18.927000
3.197000
1.534000
6.766000
7.414000
11.103000
11.174000
3.040000
10.117000
8.753000
0.000000
11.404000
9.094000
7.580000
8.809000
6.434000
7.509000
2.607000
6.898000
4.151000
7.694000
0.000000
6.528000
2.811000
19.776000
2.305000
12.556000
4.679000
9.601000
1.260000
9.514000
1.538000
11.124000
2.560000
10.133000
11.426000
13.217000
15.962000
6.720000
0.059000
10.320000
9.404000
5.527000
10.945000
10.395000
2.754000
2.987000
14.298000
11.099000
6.383000
6.338000
12.568000
14.091000
8.276000
5.178000
1.026000
6.632000
9.532000
0.000000
2.401000
3.254000
12.559000
8.815000
13.469000
11.535000
11.395000
10.468000
6.344000
2.845000
3.961000
11.180000
7.823000
1.974000
10.084000
14.315000
9.428000
6.435000
8.539000
14.749000
9.305000
13.432000
9.494000
0.000000
7.521000
3.895000
0.000000
10.724000
11.453000
13.008000
0.000000
6.074000
7.466000
7.775000
6.390000
8.478000
6.105000
2.356000
10.265000
17.814000
10.684000
16.101000
7.152000
0.000000
8.370000
13.433000
9.968000
7.561000
7.495000
3.879000
10.887000
13.879000
0.000000
14.698000
3.398000
10.234000
4.507000
0.000000
12.414000
10.472000
17.803000
13.720000
6.380000
14.325000
8.396000
0.533000
11.999000
8.017000
11.061000
7.904000
0.870000
8.529000
2.095000
7.075000
0.000000
8.045000
12.714000
10.351000
0.000000
5.800000
12.220000
11.690000
8.869000
9.137000
3.104000
12.750000
7.943000
10.933000
8.877000
0.000000
4.924000
8.573000
7.208000
11.710000
5.267000
4.887000
6.404000
13.761000
9.260000
0.000000
13.319000
11.981000
1.477000
7.023000
9.203000
11.469000
9.833000
9.215000
9.144000
0.000000
9.525000
0.000000
2.398000
0.639000
13.102000
0.000000
9.543000
14.183000
0.000000
9.605000
4.329000
7.723000
11.369000
15.102000
9.323000
6.731000
8.411000
0.000000
10.546000
6.294000
10.404000
0.000000
15.705000
4.755000
13.975000
5.881000
0.000000
9.277000
6.073000
8.392000
10.791000
1.156000
10.427000
0.000000
7.468000
3.656000
13.305000
5.750000
2.329000
11.718000
13.107000
10.371000
12.915000
14.179000
13.469000
0.000000
8.925000
0.000000
12.650000
8.376000
9.692000
5.579000
0.000000
7.116000
0.000000
6.952000
10.217000
1.384000
12.993000
6.727000
9.103000
8.885000
0.000000
0.000000
8.284000
0.000000
2.038000
0.000000
0.000000
2.184000
0.000000
0.000000
0.000000
0.000000
0.000000
0.000000
0.903000
2.553000
5.944000
8.356000
0.000000
0.000000
4.400000
0.000000
4.324000
3.731000
0.000000
0.000000
2.324000
4.505000
0.000000
0.000000
3.532000
0.000000
0.000000
0.000000
0.000000
0.000000
0.000000
3.804000
5.250000
0.000000
0.000000
0.000000
0.000000
0.000000
0.000000
0.000000
0.000000
3.839000
5.223000
0.000000
0.000000
0.000000
0.000000
7.147000
0.000000
1.911000
2.232000
0.000000
0.000000
3.046000
0.000000
5.093000
0.000000
0.000000
0.000000
3.963000
1.032000
0.000000
0.000000
0.000000
0.000000
5.877000
4.988000
0.000000
0.452000
1.179000
7.251000
3.181000
0.000000
2.895000
0.000000
0.364000
0.000000
0.000000
0.000000
0.000000
3.866000
0.000000
0.000000
0.000000
0.000000
2.878000
0.000000
3.038000
3.054000
0.000000
4.531000
0.000000
0.000000
1.928000
2.532000
0.000000
4.161000
5.406000
3.433000
0.000000
4.133000
0.000000
0.000000
3.118000
3.354000
0.000000
6.258000
4.200000
0.000000
0.000000
0.000000
0.000000
0.000000
0.000000
0.000000
1.257000
1.975000
2.884000
0.000000
3.722000
0.000000
0.000000
0.000000
0.000000
0.000000
2.272000
2.015000
0.000000
0.000000
0.000000
0.000000
0.000000
4.300000
0.382000
1.619000
0.000000
0.000000
0.000000
0.000000
0.000000
0.000000
4.252000
0.000000
0.000000
0.000000
0.000000
1.462000
0.000000
1.020000
3.429000
4.975000
4.511000
3.843000
4.846000
0.000000
0.000000
1.786000
3.846000
0.000000
3.527000
4.510000
0.000000
0.782000
0.000000
1.247000
0.397000
0.000000
0.000000
3.057000
0.000000
0.000000
1.630000
3.103000
0.000000
2.776000
0.000000
2.328000
0.000000
0.054000
3.259000
5.857000
0.000000
1.614000
0.000000
0.461000
0.000000
4.162000
4.782000
0.400000
7.304000
0.000000
0.000000
4.124000
3.988000
3.986000
0.785000
4.424000
0.443000
0.797000
3.184000
0.000000
6.172000
6.183000
2.215000
3.721000
4.585000
1.531000
0.000000
1.718000
4.329000
0.000000
0.000000
4.197000
0.000000
0.000000
7.681000
2.866000
0.000000
0.000000
3.802000
0.000000
0.186000
0.000000
3.679000
2.092000
0.000000
2.719000
0.263000
0.000000
2.786000
3.946000
2.907000
0.000000
0.000000
0.000000
0.000000
0.800000
0.000000
3.268000
0.681000
0.295000
2.935000
0.000000
3.172000
3.505000
3.752000
4.031000
2.211000
2.969000
0.000000
0.000000
2.224000
4.714000
3.669000
2.831000
0.000000
0.000000
0.000000
3.911000
0.000000
0.000000
8.627000
0.000000
0.000000
0.000000
1.474000
2.483000
1.974000
0.000000
2.563000
0.751000
1.451000
0.000000
0.000000
1.233000
0.000000
2.673000
0.000000
0.000000
0.000000
2.859000
0.398000
0.000000
0.000000
1.104000
0.000000
0.000000
3.691000
5.010000
0.000000
4.914000
0.168000
3.327000
0.263000
0.000000
0.000000
0.370000
0.000000
0.000000
2.692000
4.579000
0.000000
2.603000
0.000000
0.000000
1.644000
0.738000
0.000000
0.035000
6.841000
0.000000
0.000000
0.000000
0.000000
0.000000
0.000000
0.000000
0.000000
1.677000
0.000000
0.935000
2.354000
0.810000
0.000000
0.000000
4.070000
3.017000
0.000000
0.000000
3.059000
1.281000
0.043000
0.000000
0.000000
0.000000
0.000000
0.000000
8.463000
0.000000
4.432000
0.000000
1.830000
0.000000
0.000000
0.000000
0.910000
0.000000
0.000000
0.735000
0.000000
5.069000
0.000000
0.000000
0.000000
0.661000
1.819000
2.314000
0.335000
4.632000
0.000000
0.000000
0.000000
0.000000
0.000000
0.000000
6.312000
0.644000
2.904000
1.075000
1.498000
0.000000
0.000000
0.000000
0.000000
5.994000
1.572000
0.000000
0.000000
0.000000
0.000000
0.000000
0.000000
0.000000
6.592000
0.000000
0.000000
1.623000
0.000000
0.000000
0.000000
1.152000
0.000000
0.000000
0.198000
1.654000
0.000000
0.000000
0.000000
0.872000
0.000000
0.000000
3.510000
0.000000
0.000000
0.000000
1.856000
0.000000
0.000000
0.884000
0.000000
0.885000
4.898000
0.000000
0.000000
0.499000
1.211000
0.000000
2.772000
0.161000
1.897000
0.000000
0.000000
0.000000
0.000000
0.731000
3.209000
0.086000
0.836000
3.689000
0.000000
0.000000
0.000000
0.000000
2.787000
0.000000
1.222000
0.000000
1.988000
1.438000
0.000000
0.314000
4.118000
0.185000
0.000000
1.509000
0.000000
2.400000
0.796000
1.055000
1.142000
0.000000
0.000000
0.000000
2.039000
1.267000
0.413000
0.000000
0.406000
4.373000
0.308000
0.524000
0.412000
0.000000
2.474000
0.000000
3.531000
1.599000
0.000000
0.000000
0.000000
3.012000
1.188000
0.000000
1.895000
0.000000
2.961000
0.000000
1.703000
0.211000
0.000000
0.000000
0.000000
0.000000
0.000000
0.000000
1.070000
0.000000
0.000000
0.000000
0.402000
0.852000
0.000000
1.537000
0.000000
1.032000
1.463000
1.522000
2.882000
0.000000
0.000000
0.989000
2.541000
5.572000
0.000000
0.000000
0.000000
1.030000
1.746000
0.607000
0.257000
0.000000
0.000000
0.482000
0.385000
0.000000
1.183000
0.000000
0.827000
0.000000
0.000000
2.325000
0.000000
0.000000
3.766000
2.159000
1.564000
1.597000
0.594000
4.585000
2.391000
5.027000
1.209000
1.078000
0.000000
0.673000
0.273000
0.000000
0.000000
1.922000
0.000000
0.000000
0.000000
0.000000
0.000000
0.822000
0.000000
0.384000
0.388000
1.961000
0.000000
6.101000
2.845000
0.000000
0.000000
1.049000
0.000000
0.000000
0.000000
0.000000
3.920000
2.021000
3.936000
0.879000
0.000000
0.147000
1.109000
0.000000
2.263000
0.000000
1.562000
0.000000
3.176000
0.787000
2.038000
0.000000
1.064000
0.000000
0.530000
0.038000
1.015000
0.000000
5.476000
1.935000
0.635000
0.918000
0.000000
0.000000
0.000000
0.228000
3.685000
0.000000
3.000000
0.000000
0.000000
0.000000
5.151000
6.085000
0.000000
0.000000
1.541000
1.427000
0.383000
2.749000
1.201000
0.979000
0.000000
0.000000
0.000000
3.152000
0.000000
0.000000
0.000000
1.040000
0.000000
0.000000
0.000000
0.000000
0.000000
1.330000
0.272000
0.000000
6.069000
1.835000
0.760000
2.429000
1.071000
3.035000
0.000000
2.144000
0.000000
1.879000
0.000000
1.697000
0.769000
1.161000
1.620000
2.211000
0.000000
2.989000
0.000000
1.624000
2.133000
0.000000
0.940000
0.000000
0.000000
0.000000
0.151000
3.766000
1.234000
0.083000
0.000000
0.513000
0.625000
0.000000
0.029000
0.420000
1.850000
0.645000
0.000000
3.875000
2.234000
1.149000
1.803000
0.000000
2.352000
2.313000
1.058000
1.820000
1.142000
0.541000
1.063000
0.000000
1.914000
0.000000
1.734000
0.000000
0.000000
0.000000
1.747000
0.302000
3.700000
0.000000
4.033000
0.000000
2.438000
1.677000
0.000000
0.000000
0.434000
0.000000
0.000000
0.000000
3.204000
0.000000
0.000000
0.000000
1.676000
0.000000
0.845000
0.000000
0.000000
4.718000
2.698000
2.333000
0.180000
3.242000
5.162000
0.000000
2.047000
0.000000
0.000000
1.821000
0.000000
0.000000
1.842000
3.422000
3.422000
0.000000
0.000000
1.266000
0.464000
1.070000
0.000000
1.706000
0.000000
1.445000
0.000000
0.000000
4.561000
3.843000
1.658000
0.072000
2.016000
1.706000
0.000000
0.000000
0.903000
3.206000
1.805000
0.000000
0.926000
0.657000
0.000000
5.130000
1.947000
0.000000
0.000000
0.600000
2.036000
4.853000
0.273000
0.000000
4.293000
0.202000
0.106000
2.407000
2.160000
3.317000
2.505000
2.059000
1.785000
1.598000
0.000000
1.703000
1.949000
1.226000
0.781000
0.000000
0.693000
3.906000
1.663000
0.000000
2.638000
0.000000
0.000000
0.230000
0.000000
0.274000
0.000000
0.000000
0.882000
1.138000
0.000000
0.091000
0.000000
0.000000
0.000000
4.081000
0.288000
5.175000
3.501000
0.000000
0.000000
1.828000
0.000000
3.599000
1.560000
0.000000
0.199000
3.811000
0.000000
0.000000
0.000000
1.951000
0.000000
0.293000
0.132000
0.000000
3.040000
0.000000
0.000000
0.000000
2.763000
0.000000
0.718000
1.183000
0.000000
2.014000
2.424000
3.378000
0.000000
0.927000
0.000000
0.000000
0.000000
0.264000
0.000000
3.170000
0.559000
0.000000
0.000000
2.233000
0.000000
0.000000
0.000000
0.000000
1.332000
0.194000
1.612000
0.168000
0.000000
1.802000
0.000000
1.597000
0.391000
0.962000
2.847000
0.725000
1.041000
0.000000
0.000000
1.342000
2.607000
0.000000
0.102000
0.939000
0.000000
0.000000
1.157000
3.393000
0.000000
3.925000
0.000000
0.000000
2.108000
0.533000
0.000000
0.000000
0.000000
0.000000
0.000000
0.000000
0.991000
0.208000
0.487000
1.147000
0.000000
0.000000
0.647000
0.000000
0.972000
0.000000
0.000000
0.492000
2.842000
0.155000
2.022000
1.923000
0.114000
0.000000
0.000000
0.895000
0.000000
0.000000
4.049000
0.000000
0.715000
0.000000
0.000000
2.272000
0.000000
1.463000
0.373000
0.000000
1.938000
0.000000
0.000000
0.970000
0.000000
0.896000
0.000000
0.000000
1.779000
0.000000
2.423000
3.771000
0.444000
0.000000
0.000000
1.644000
0.000000
1.639000
0.695000
0.000000
0.708000
0.729000
2.078000
0.000000
0.000000
0.677000
2.193000
0.000000
0.000000
1.786000
2.095000
0.000000
2.111000
0.000000
0.055000
0.000000
0.000000
1.139000
2.150000
1.350000
2.904000
1.028000
1.954000
0.000000
2.831000
0.000000
0.017000
1.737000
3.020000
1.944000
1.047000
0.461000
0.000000
0.000000
0.000000
3.471000
0.000000
3.404000
0.000000
0.000000
0.000000
0.383000
1.104000
0.507000
2.590000
3.053000
3.004000
0.030000
0.000000
1.969000
0.526000
2.412000
0.810000
2.732000
0.000000
0.000000
0.107000
1.941000
1.864000
0.000000
0.448000
0.756000
0.668000
0.754000
0.000000
2.266000
0.163000
2.287000
1.490000
0.000000
1.735000
0.165000
1.687000
1.512000
0.000000
0.000000
0.000000
0.000000
0.000000
0.000000
0.000000
1.492000
0.000000
0.000000
0.000000
0.000000
0.087000
2.575000
0.382000
0.000000
0.859000
0.564000
1.680000
1.022000
0.000000
1.075000
0.000000
0.000000
4.178000
0.000000
1.347000
0.294000
0.000000
0.266000
0.000000
0.000000
2.722000
0.000000
0.000000
4.125000
0.000000
0.000000
2.119000
1.935000
2.106000
0.000000
1.829000
0.265000
0.000000
0.423000
1.556000
0.000000
0.379000
1.157000
0.000000
0.000000
0.000000
0.000000
0.481000
0.000000
0.000000
0.000000
0.000000
0.000000
0.000000
2.816000
4.408000
0.364000
1.528000
0.000000
0.000000
2.399000
0.000000
1.854000
0.000000
0.168000
1.238000
1.787000
0.779000
1.753000
0.000000
0.000000
5.993000
0.000000
0.280000
0.000000
2.082000
0.000000
0.000000
0.040000
0.000000
0.811000
2.179000
0.000000
0.000000
0.000000
4.084000
2.812000
1.466000
0.000000
1.768000
0.065000
0.000000
0.000000
0.000000
4.126000
0.000000
2.530000
4.399000
0.000000
4.947000
0.000000
0.000000
0.000000
0.000000
0.000000
1.038000
0.000000
0.000000
2.046000
0.000000
0.000000
0.276000
0.000000
2.501000
0.000000
0.124000
3.141000
0.000000
0.000000
0.000000
1.312000
0.000000
0.083000
0.000000
0.475000
1.847000
3.408000
0.000000
0.000000
0.000000
3.981000
0.000000
0.138000
0.000000
0.607000
0.362000
3.729000
0.000000
0.000000
0.708000
1.246000
0.000000
3.773000
0.000000
4.027000
2.026000
0.000000
0.422000
0.000000
2.134000
3.082000
3.271000
1.007000
0.000000
0.000000
0.000000
0.000000
1.708000
0.000000
0.000000
0.000000
2.250000
0.000000
1.479000
3.012000
0.000000
1.767000
2.091000
6.531000
0.000000
0.000000
0.000000
0.681000
2.542000
0.000000
0.000000
0.000000
0.000000
0.000000
0.000000
0.000000
0.042000
0.000000
0.000000
0.000000
0.000000
0.000000
0.000000
1.825000
3.035000
0.000000
0.000000
1.805000
2.361000
1.680000
0.000000
3.402000
4.037000
3.426000
0.000000
1.852000
1.105000
4.704000
2.935000
0.000000
0.442000
0.000000
1.432000
3.216000
0.000000
0.030000
3.694000
1.011000
0.526000
0.000000
2.861000
2.646000
1.718000
1.031000
0.184000
0.000000
0.259000
0.000000
0.000000
0.605000
1.049000
1.318000
0.561000
0.000000
0.000000
0.911000
0.000000
0.000000
0.000000
0.000000
2.246000
6.117000
1.787000
2.337000
0.000000
0.610000
1.448000
1.313000
0.000000
0.000000
6.331000
3.665000
0.764000
1.193000
0.000000
0.000000
0.846000
1.885000
1.448000
0.000000
0.271000
0.766000
0.624000
0.166000
0.000000
2.641000
3.971000
1.532000
0.000000
0.365000
1.198000
0.000000
5.405000
0.000000
1.681000
0.171000
1.507000
0.891000
0.000000
0.000000
0.045000
0.000000
2.791000
3.445000
1.219000
1.735000
0.000000
0.000000
1.535000
0.000000
6.427000
0.188000
0.000000
2.180000
0.000000
4.407000
0.863000
0.000000
0.000000
0.000000
1.976000
0.000000
1.583000
0.861000
0.068000
0.349000
0.000000
0.000000
0.000000
0.000000
1.407000
0.374000
0.000000
0.000000
0.853000
3.845000
1.215000
1.359000
2.103000
0.000000
0.000000
3.325000
0.446000
1.407000
0.000000
0.182000
0.000000
0.000000
0.000000
0.000000
0.000000
0.000000
0.000000
0.000000
0.000000
0.277000
0.000000
2.129000
1.238000
4.720000
0.000000
0.000000
0.000000
2.459000
1.591000
0.000000
4.544000
0.000000
0.000000
0.000000
0.000000
1.018000
2.200000
0.095000
0.000000
0.000000
0.354000
0.000000
0.000000
1.790000
0.000000
0.000000
2.551000
1.238000
0.000000
2.016000
0.000000
5.380000
2.766000
0.000000
0.000000
0.000000
0.000000
2.016000
2.382000
0.000000
0.666000
0.035000
0.000000
0.131000
1.131000
0.000000
0.434000
0.000000
0.000000
0.000000
2.142000
0.000000
0.000000
1.720000
0.000000
0.000000
0.000000
0.000000
3.414000
0.000000
1.494000
1.151000
0.000000
0.000000
0.000000
2.276000
0.000000
2.435000
0.000000
0.000000
5.394000
4.128000
0.625000
0.000000
2.990000
1.479000
0.000000
0.377000
4.450000
0.000000
0.404000
0.000000
3.163000
0.000000
0.000000
0.000000
3.378000
3.174000
4.435000
0.000000
1.397000
0.000000
0.598000
1.447000
2.163000
2.400000
0.000000
0.000000
0.861000
0.000000
6.520000
2.373000
0.000000
0.094000
0.707000
0.000000
2.741000
0.000000
6.104000
0.000000
1.917000
0.000000
0.000000
0.000000
0.000000
0.000000
0.000000
0.000000
0.691000
0.000000
0.162000
2.706000
0.813000
0.000000
0.940000
0.000000
0.000000
6.630000
1.391000
3.972000
0.000000
1.878000
0.000000
0.000000
0.000000
0.029000
1.687000
0.000000
0.379000
0.000000
0.000000
0.000000
0.000000
0.000000
0.000000
0.000000
1.822000
3.350000
2.932000
3.821000
0.000000
0.000000
1.204000
0.000000
0.900000
2.942000
0.000000
0.000000
0.954000
3.200000
0.000000
1.285000
2.099000
1.908000
1.615000
0.000000
1.703000
1.130000
0.344000
0.456000
0.000000
0.000000
1.685000
0.000000
1.187000
0.000000
0.000000
1.534000
0.345000
1.313000
0.502000
0.477000
1.618000
2.282000
2.862000
0.000000
0.048000
0.000000
0.000000
