10.878000
9.209000
8.561000
11.727000
10.806000
11.227000
12.421000
8.810000
9.580000
14.734000
6.910000
8.472000
11.137000
12.030000
11.823000
9.172000
8.958000
9.547000
9.287000
14.143000
2.053000
9.594000
9.458000
14.047000
6.950000
8.978000
1.369000
13.396000
11.621000
11.628000
10.325000
9.184000
9.282000
3.709000
10.432000
4.395000
3.362000
12.327000
2.918000
9.300000
10.689000
9.933000
11.342000
13.583000
9.579000
11.099000
7.791000
4.916000
7.817000
2.663000
6.026000
6.590000
3.219000
10.921000
1.559000
13.556000
7.778000
11.153000
3.557000
2.901000
1.740000
3.014000
5.539000
1.785000
4.924000
1.928000
5.760000
2.113000
7.169000
11.496000
1.949000
4.576000
1.297000
1.356000
0.000000
0.414000
10.094000
2.412000
5.813000
4.841000
7.733000
0.744000
3.524000
3.122000
9.385000
1.989000
2.472000
10.214000
2.780000
1.736000
5.626000
0.706000
16.922000
6.295000
2.294000
2.753000
3.609000
9.287000
6.679000
1.566000
3.017000
1.038000
2.463000
1.787000
3.920000
2.712000
2.704000
1.529000
12.719000
11.479000
5.270000
5.819000
4.080000
3.193000
3.556000
0.660000
3.550000
6.803000
4.270000
11.644000
3.930000
9.614000
4.777000
1.579000
9.341000
5.036000
2.529000
0.000000
3.077000
10.934000
5.761000
4.337000
12.385000
3.205000
7.571000
19.102000
9.947000
4.136000
5.399000
7.056000
5.847000
1.475000
4.504000
12.083000
0.000000
3.945000
13.279000
4.200000
7.125000
3.634000
6.059000
10.214000
16.019000
4.141000
13.086000
8.892000
0.495000
0.228000
8.776000
6.499000
10.250000
1.551000
1.372000
5.716000
11.889000
9.653000
12.420000
9.733000
16.154000
2.508000
3.889000
9.900000
5.514000
3.537000
11.674000
6.752000
6.705000
2.163000
6.790000
11.065000
2.193000
4.025000
6.887000
0.000000
4.655000
13.258000
11.897000
5.154000
4.715000
0.000000
5.741000
4.126000
8.437000
5.877000
8.509000
21.148000
7.616000
12.612000
3.369000
3.235000
6.119000
5.587000
1.423000
7.544000
2.397000
16.534000
16.954000
13.657000
10.101000
8.048000
13.936000
13.031000
7.911000
11.737000
5.054000
8.432000
4.113000
3.505000
4.726000
8.828000
0.729000
5.951000
1.672000
5.464000
5.499000
7.888000
2.943000
2.101000
11.160000
9.413000
2.308000
3.977000
7.809000
11.645000
11.265000
4.893000
7.846000
7.730000
4.969000
2.403000
0.054000
8.669000
4.908000
8.608000
2.230000
9.349000
10.314000
10.174000
5.939000
9.464000
8.899000
9.377000
4.482000
8.139000
6.264000
9.753000
3.921000
3.326000
15.763000
14.789000
20.548000
8.316000
8.101000
10.236000
10.415000
5.228000
4.481000
13.485000
4.459000
0.000000
6.949000
13.831000
4.633000
9.313000
7.728000
5.772000
5.784000
7.237000
6.724000
17.384000
7.437000
2.488000
3.307000
1.010000
6.154000
2.028000
0.000000
16.964000
3.414000
9.164000
3.000000
7.358000
19.456000
12.244000
9.067000
14.754000
7.298000
20.715000
5.802000
10.490000
3.493000
3.191000
6.716000
18.077000
5.237000
5.933000
11.866000
11.481000
8.058000
7.425000
4.093000
7.691000
10.191000
13.921000
1.279000
5.274000
4.845000
13.908000
9.672000
13.223000
6.727000
7.971000
9.938000
9.040000
3.794000
11.542000
10.787000
10.996000
4.921000
3.156000
12.184000
8.025000
10.078000
10.880000
17.933000
5.458000
19.318000
7.388000
8.420000
15.395000
21.823000
14.317000
18.143000
9.897000
7.419000
20.634000
13.490000
5.240000
4.875000
8.331000
7.496000
8.786000
10.908000
9.123000
13.085000
18.496000
8.346000
7.128000
12.340000
12.888000
5.055000
7.787000
10.781000
6.822000
2.854000
11.861000
6.931000
18.510000
18.471000
6.435000
10.913000
12.961000
11.349000
10.119000
2.874000
9.236000
9.168000
6.550000
15.192000
6.159000
8.505000
11.845000
9.167000
3.885000
7.513000
6.506000
6.134000
11.228000
11.999000
14.552000
13.873000
0.622000
5.148000
7.720000
1.376000
11.021000
2.491000
9.594000
6.380000
1.651000
1.515000
3.514000
12.678000
3.315000
1.934000
12.054000
0.000000
1.998000
2.390000
1.179000
4.545000
1.429000
12.663000
7.750000
1.338000
1.419000
9.233000
3.963000
17.405000
15.223000
1.610000
7.102000
0.000000
3.847000
6.047000
4.073000
5.145000
5.920000
4.216000
5.801000
8.606000
2.537000
0.000000
10.038000
15.967000
20.973000
0.000000
12.211000
9.064000
5.875000
9.497000
9.521000
3.563000
4.356000
8.123000
4.441000
4.249000
5.841000
4.399000
21.136000
1.897000
6.514000
9.098000
5.308000
5.363000
6.518000
3.484000
3.481000
7.247000
0.993000
2.611000
6.200000
5.806000
4.159000
2.700000
8.965000
5.791000
0.000000
7.228000
0.000000
3.336000
1.609000
0.548000
0.000000
4.336000
4.589000
7.146000
20.291000
18.548000
0.000000
4.584000
19.649000
1.077000
1.984000
4.923000
3.313000
6.515000
6.640000
0.000000
6.328000
11.105000
1.216000
0.386000
1.103000
17.264000
0.520000
20.037000
0.982000
0.000000
9.178000
1.812000
5.770000
2.616000
8.401000
3.963000
5.596000
12.908000
0.718000
12.782000
0.000000
2.332000
11.677000
20.951000
0.913000
4.547000
3.985000
1.454000
4.742000
0.000000
7.265000
0.000000
12.846000
6.188000
13.974000
8.784000
14.507000
11.265000
8.290000
8.860000
7.650000
5.355000
1.939000
8.318000
9.976000
10.401000
7.408000
14.604000
6.185000
10.865000
14.383000
9.846000
10.509000
9.852000
16.479000
0.805000
9.334000
18.373000
4.490000
11.885000
0.000000
9.671000
7.674000
4.807000
5.154000
14.105000
6.822000
3.926000
5.521000
14.918000
15.637000
13.974000
15.365000
9.164000
0.000000
3.689000
4.340000
14.085000
13.904000
11.181000
6.178000
14.402000
0.140000
9.583000
4.018000
6.797000
2.395000
9.039000
3.881000
10.222000
7.752000
5.470000
15.818000
4.588000
7.798000
2.348000
2.363000
0.743000
3.983000
2.928000
21.349000
11.481000
9.952000
12.472000
7.215000
2.410000
0.000000
12.884000
4.298000
13.731000
1.086000
21.863000
1.135000
10.390000
2.578000
4.846000
6.578000
11.348000
11.875000
13.270000
0.000000
8.464000
3.331000
6.109000
9.533000
11.649000
20.112000
0.000000
15.120000
23.322000
6.584000
5.431000
2.729000
10.031000
10.904000
5.925000
2.416000
13.227000
14.309000
13.221000
13.268000
1.595000
19.180000
10.036000
14.651000
3.813000
11.929000
5.005000
16.829000
14.741000
24.408000
7.730000
11.019000
22.240000
5.359000
11.743000
2.829000
8.407000
12.811000
7.869000
11.232000
7.258000
12.522000
2.841000
3.313000
2.288000
6.199000
8.069000
2.713000
8.276000
16.121000
9.108000
8.660000
8.033000
3.667000
0.000000
5.611000
11.561000
9.479000
0.947000
6.403000
2.447000
2.229000
17.394000
14.858000
14.745000
3.683000
5.050000
9.429000
12.705000
7.942000
14.950000
8.162000
10.831000
11.308000
11.365000
16.209000
20.882000
15.265000
10.612000
4.172000
12.495000
17.641000
1.353000
10.294000
8.755000
11.905000
10.864000
10.068000
10.717000
3.791000
1.947000
9.699000
11.103000
10.623000
6.598000
14.889000
6.232000
6.855000
11.503000
9.201000
8.173000
0.000000
0.955000
10.687000
10.474000
11.348000
11.379000
4.827000
14.646000
15.178000
8.431000
20.663000
1.755000
8.027000
11.835000
5.753000
8.000000
15.018000
4.098000
12.485000
17.046000
11.492000
7.049000
8.092000
5.690000
7.620000
12.720000
4.863000
15.276000
6.307000
20.393000
11.921000
12.868000
8.562000
16.172000
12.179000
7.788000
8.752000
11.576000
4.376000
8.486000
1.911000
11.174000
16.656000
0.000000
20.345000
13.215000
12.451000
13.293000
5.532000
9.074000
6.813000
18.463000
7.971000
13.132000
9.765000
13.136000
9.840000
16.784000
9.212000
5.810000
11.264000
12.909000
12.853000
20.784000
7.587000
11.010000
6.674000
13.493000
7.289000
7.407000
14.332000
14.276000
12.808000
15.675000
13.917000
10.374000
18.787000
7.711000
22.326000
6.180000
1.590000
6.866000
10.123000
12.266000
9.430000
13.192000
17.472000
10.313000
15.110000
11.467000
18.743000
8.248000
16.641000
7.562000
20.806000
7.722000
12.909000
11.948000
7.110000
6.239000
15.336000
16.689000
6.387000
10.746000
17.698000
15.146000
16.105000
12.836000
12.802000
12.624000
11.549000
12.727000
5.733000
12.011000
14.305000
3.337000
18.557000
16.855000
6.620000
11.415000
11.951000
15.584000
7.840000
16.138000
10.047000
6.941000
10.687000
10.178000
6.155000
8.188000
0.448000
1.013000
11.560000
9.078000
18.243000
11.678000
3.183000
13.387000
17.426000
9.392000
13.311000
13.005000
8.167000
17.535000
0.000000
13.085000
17.190000
10.409000
11.077000
12.379000
14.111000
7.058000
12.051000
1.721000
15.411000
6.637000
17.450000
9.242000
9.315000
10.416000
6.498000
19.933000
10.993000
19.060000
12.839000
16.630000
5.913000
13.244000
14.612000
15.747000
15.076000
13.600000
15.851000
10.906000
7.292000
11.857000
10.394000
15.779000
9.065000
6.232000
14.982000
12.013000
16.038000
11.756000
9.896000
6.565000
8.348000
13.320000
2.858000
13.668000
16.067000
7.567000
16.179000
13.080000
6.531000
11.723000
17.738000
8.140000
8.858000
6.890000
19.895000
13.510000
15.094000
17.938000
15.024000
16.539000
15.226000
10.887000
12.278000
5.494000
0.000000
11.186000
14.473000
17.249000
9.104000
11.694000
13.626000
7.223000
15.478000
6.246000
18.165000
9.604000
12.714000
19.327000
15.455000
7.178000
4.113000
11.010000
8.862000
5.328000
10.906000
9.579000
11.330000
13.561000
8.633000
6.879000
11.322000
14.956000
10.563000
13.964000
17.455000
13.728000
7.373000
12.923000
2.787000
10.015000
8.002000
9.925000
7.319000
10.170000
7.160000
11.177000
24.233000
11.192000
10.412000
12.138000
12.460000
7.053000
14.000000
8.798000
10.728000
7.942000
8.787000
21.646000
3.846000
13.198000
13.257000
10.270000
17.745000
10.400000
10.818000
13.457000
11.963000
12.000000
7.699000
12.794000
12.155000
13.092000
12.282000
14.755000
15.355000
12.489000
15.151000
14.973000
5.345000
10.772000
10.655000
12.748000
15.549000
16.395000
8.838000
8.223000
6.570000
4.495000
17.835000
13.290000
12.722000
7.528000
12.526000
10.789000
12.227000
5.115000
15.335000
13.955000
7.505000
9.629000
11.145000
9.807000
10.603000
4.604000
12.907000
17.448000
6.492000
8.248000
6.760000
10.788000
13.615000
8.595000
17.634000
6.121000
16.805000
11.725000
5.941000
17.543000
2.907000
5.384000
9.396000
14.315000
3.735000
9.393000
14.331000
2.797000
3.795000
9.949000
5.411000
6.481000
4.759000
18.050000
6.841000
10.256000
11.572000
6.787000
10.247000
4.375000
10.340000
9.631000
12.607000
11.110000
11.112000
13.887000
4.297000
9.547000
8.295000
7.285000
5.422000
20.903000
23.971000
4.460000
7.359000
8.570000
5.270000
5.118000
6.194000
4.115000
12.643000
12.196000
7.598000
5.160000
6.859000
3.162000
5.981000
20.468000
9.001000
8.418000
12.137000
9.421000
17.367000
5.929000
8.651000
11.341000
21.765000
4.817000
10.974000
6.528000
9.596000
6.633000
6.940000
15.953000
9.000000
7.043000
5.505000
14.148000
10.756000
11.300000
7.572000
6.583000
17.803000
7.908000
11.334000
8.980000
6.284000
11.293000
7.388000
10.683000
2.322000
1.298000
7.616000
8.921000
13.895000
3.317000
12.391000
11.196000
8.659000
19.373000
6.752000
19.375000
7.052000
13.499000
2.442000
11.356000
13.872000
9.864000
11.173000
3.658000
7.731000
14.560000
8.598000
7.968000
5.283000
6.386000
8.354000
4.441000
10.066000
18.457000
9.077000
8.381000
15.918000
6.206000
5.231000
9.729000
21.933000
7.025000
6.895000
3.832000
10.713000
7.131000
6.868000
3.268000
8.347000
10.675000
5.275000
7.922000
11.587000
12.021000
15.940000
1.966000
8.417000
7.256000
12.013000
17.779000
5.822000
13.240000
0.000000
19.824000
6.580000
8.092000
6.803000
8.441000
8.890000
9.014000
6.390000
5.461000
13.384000
14.341000
10.167000
7.533000
5.543000
12.597000
11.016000
4.754000
2.634000
6.032000
7.403000
7.957000
5.979000
8.575000
10.893000
10.436000
4.791000
7.758000
9.039000
7.731000
12.830000
17.196000
16.343000
9.356000
7.109000
7.341000
19.017000
8.075000
14.763000
13.301000
6.000000
5.662000
13.692000
4.575000
16.713000
3.987000
7.829000
8.647000
5.485000
1.429000
9.655000
6.647000
13.353000
7.650000
12.530000
11.709000
11.821000
4.580000
6.886000
15.190000
10.544000
8.172000
11.417000
13.175000
11.937000
8.318000
2.836000
5.533000
17.463000
14.031000
9.844000
4.292000
6.523000
7.742000
10.165000
9.946000
12.901000
13.709000
9.414000
11.965000
6.794000
14.606000
8.780000
5.817000
7.534000
11.460000
8.943000
6.617000
9.117000
10.558000
8.558000
7.753000
9.651000
7.521000
8.146000
11.035000
7.190000
6.359000
9.627000
3.166000
7.256000
3.652000
12.314000
10.063000
4.060000
5.021000
6.422000
4.961000
8.287000
12.925000
6.308000
13.886000
14.793000
15.269000
10.280000
11.806000
7.327000
10.173000
3.354000
6.553000
12.868000
3.798000
20.011000
5.461000
7.345000
7.841000
7.376000
3.375000
10.261000
5.583000
4.460000
7.588000
11.645000
3.891000
5.673000
4.355000
5.229000
8.786000
4.271000
8.212000
12.754000
8.770000
8.627000
3.811000
5.818000
4.992000
14.607000
6.771000
7.589000
4.978000
0.000000
5.255000
8.939000
3.508000
10.358000
9.056000
8.693000
9.699000
6.684000
0.652000
3.802000
6.879000
9.799000
4.119000
7.124000
5.303000
4.663000
10.198000
8.536000
7.354000
7.429000
8.031000
5.532000
11.113000
5.777000
7.657000
15.147000
3.286000
7.330000
12.662000
19.326000
5.040000
11.043000
1.551000
9.858000
23.053000
8.854000
10.277000
10.029000
19.568000
8.305000
7.713000
6.458000
7.479000
6.263000
7.572000
11.717000
8.567000
6.888000
10.517000
17.707000
7.825000
15.057000
12.160000
4.821000
4.955000
7.036000
4.033000
19.343000
4.647000
3.784000
20.381000
12.040000
8.896000
7.150000
2.728000
1.600000
3.218000
7.995000
8.836000
11.178000
9.047000
6.467000
8.741000
11.320000
7.238000
6.307000
7.468000
12.373000
5.055000
5.604000
8.710000
6.670000
9.809000
4.861000
7.085000
18.705000
9.157000
6.719000
3.263000
6.176000
2.385000
8.377000
9.916000
8.653000
7.691000
10.306000
19.658000
10.250000
0.166000
7.291000
7.703000
5.068000
9.697000
6.047000
8.045000
4.765000
5.647000
5.053000
8.756000
20.487000
10.173000
9.434000
10.459000
9.401000
7.590000
6.613000
12.739000
9.108000
11.749000
6.435000
10.075000
7.841000
10.511000
8.362000
8.392000
3.911000
20.836000
7.931000
11.616000
8.271000
7.030000
12.189000
9.228000
5.217000
8.947000
21.369000
5.246000
7.982000
4.434000
5.220000
10.654000
6.056000
9.471000
10.427000
15.804000
7.528000
13.763000
10.664000
8.558000
14.782000
6.669000
6.499000
4.932000
12.126000
14.021000
16.578000
9.967000
4.732000
14.304000
2.835000
4.678000
12.988000
2.687000
6.955000
8.969000
9.597000
15.518000
10.637000
13.529000
15.395000
12.193000
11.929000
6.756000
12.233000
13.793000
9.545000
9.739000
4.908000
10.081000
9.236000
1.642000
11.903000
15.068000
7.282000
9.001000
9.404000
9.871000
20.618000
11.824000
8.858000
3.441000
5.898000
5.773000
10.653000
8.322000
2.710000
9.664000
5.749000
7.539000
7.503000
6.485000
8.374000
8.754000
12.135000
11.087000
3.623000
10.124000
13.135000
11.579000
11.398000
15.878000
7.485000
11.731000
6.532000
7.169000
5.837000
13.049000
7.764000
12.862000
8.140000
9.904000
11.662000
11.776000
10.226000
7.425000
11.549000
6.196000
12.447000
0.000000
9.895000
4.166000
9.111000
11.943000
11.735000
4.909000
10.751000
9.984000
10.113000
13.656000
9.549000
11.991000
8.149000
8.563000
12.142000
4.330000
7.568000
8.714000
15.658000
9.588000
4.910000
18.521000
6.432000
10.216000
4.794000
7.384000
7.731000
3.241000
13.668000
4.443000
4.557000
11.192000
1.575000
15.419000
6.632000
5.494000
7.456000
13.883000
9.427000
10.451000
11.043000
6.534000
3.460000
9.417000
12.348000
10.563000
8.493000
9.851000
7.602000
12.977000
7.920000
14.162000
20.082000
9.111000
9.843000
6.168000
11.572000
6.663000
10.232000
11.674000
4.222000
15.753000
16.122000
9.672000
12.440000
10.340000
13.132000
6.706000
16.024000
12.941000
9.734000
18.053000
14.948000
13.353000
6.348000
1.543000
6.270000
14.392000
3.861000
8.681000
12.609000
4.329000
5.949000
6.353000
5.110000
7.262000
4.245000
11.661000
9.723000
9.683000
5.737000
3.482000
6.255000
1.826000
7.950000
3.410000
13.218000
12.030000
7.333000
12.113000
11.547000
12.832000
9.699000
15.016000
3.553000
5.438000
13.233000
10.487000
7.531000
6.260000
9.355000
9.797000
13.766000
16.286000
15.756000
11.238000
1.708000
17.855000
5.040000
12.921000
7.920000
7.069000
8.701000
15.456000
16.251000
7.868000
6.017000
4.702000
5.102000
19.934000
4.349000
12.860000
10.438000
2.780000
9.689000
5.278000
8.298000
10.412000
7.867000
4.726000
3.863000
10.153000
11.146000
7.487000
19.011000
7.520000
8.114000
8.686000
11.139000
2.017000
7.715000
11.325000
8.702000
3.254000
12.436000
7.791000
7.024000
7.665000
6.855000
9.669000
14.799000
10.558000
6.257000
22.088000
12.090000
5.762000
1.603000
6.079000
13.552000
7.574000
7.498000
4.370000
5.110000
13.646000
6.144000
12.315000
0.187000
9.506000
6.453000
2.757000
1.793000
14.974000
9.343000
3.588000
7.248000
11.989000
5.913000
3.596000
7.713000
8.306000
10.402000
2.997000
7.701000
9.190000
8.412000
7.032000
10.563000
4.560000
7.628000
5.244000
10.778000
4.168000
16.747000
6.998000
5.894000
11.070000
10.359000
13.666000
7.761000
10.135000
8.248000
12.996000
4.585000
5.809000
12.619000
10.907000
5.695000
3.842000
11.186000
9.433000
13.735000
9.426000
5.657000
6.829000
13.479000
4.395000
15.780000
11.127000
10.361000
7.361000
9.150000
0.574000
6.226000
8.681000
8.501000
0.617000
7.960000
14.154000
3.955000
14.286000
8.686000
7.559000
7.332000
10.704000
11.925000
7.283000
14.036000
4.438000
12.314000
7.257000
9.717000
7.075000
8.697000
8.092000
7.331000
11.877000
10.550000
4.790000
11.479000
10.693000
4.409000
10.976000
4.306000
5.793000
2.744000
11.026000
10.399000
14.673000
16.696000
16.448000
14.261000
14.944000
4.448000
14.592000
15.022000
9.735000
7.104000
8.340000
14.508000
9.588000
10.644000
12.411000
15.751000
20.135000
5.033000
5.412000
11.148000
8.832000
7.722000
12.271000
16.489000
4.751000
4.678000
7.937000
3.239000
14.496000
6.611000
5.222000
7.468000
11.774000
16.191000
12.874000
12.377000
19.292000
10.886000
14.722000
5.155000
2.964000
7.991000
15.754000
12.283000
10.988000
5.536000
14.632000
7.563000
4.624000
13.160000
8.584000
7.759000
7.329000
13.380000
12.080000
7.290000
13.199000
9.707000
6.009000
15.276000
5.273000
8.764000
14.470000
9.639000
7.549000
11.633000
11.323000
10.228000
11.776000
5.638000
10.071000
8.039000
9.260000
9.831000
12.077000
9.347000
4.531000
9.431000
7.754000
15.826000
11.056000
4.207000
6.723000
17.626000
6.141000
12.936000
7.977000
9.427000
4.088000
6.820000
9.457000
6.488000
5.581000
2.299000
13.018000
8.984000
11.360000
10.165000
14.311000
15.436000
6.420000
9.181000
15.520000
9.091000
4.541000
12.622000
9.239000
12.843000
13.008000
10.856000
8.952000
13.896000
11.190000
14.040000
11.411000
9.963000
4.011000
6.650000
10.037000
8.121000
9.761000
6.339000
12.694000
7.028000
13.004000
5.615000
11.086000
7.037000
9.881000
12.360000
8.414000
19.174000
9.406000
20.136000
7.610000
13.927000
9.860000
9.186000
9.054000
10.455000
9.697000
9.021000
16.579000
8.570000
7.758000
6.496000
6.977000
8.128000
8.233000
12.512000
8.365000
3.141000
7.303000
13.604000
6.952000
9.728000
5.453000
17.862000
6.869000
17.611000
12.523000
2.490000
2.124000
10.124000
9.492000
8.850000
1.494000
3.488000
8.923000
12.040000
6.033000
8.954000
11.529000
13.620000
14.923000
11.779000
6.412000
7.523000
9.613000
5.012000
15.963000
10.433000
6.087000
7.072000
4.148000
8.953000
12.394000
12.059000
9.875000
8.946000
18.822000
10.020000
2.035000
12.651000
7.406000
13.713000
9.306000
3.168000
6.404000
10.265000
3.997000
11.618000
13.917000
7.646000
9.483000
4.975000
12.194000
17.461000
17.625000
6.171000
10.498000
2.586000
6.396000
8.695000
14.496000
6.501000
13.487000
4.426000
3.788000
7.370000
5.143000
10.026000
5.027000
8.181000
7.516000
8.072000
6.856000
12.232000
10.111000
8.227000
10.422000
9.040000
9.174000
3.440000
6.158000
8.806000
4.117000
7.727000
13.298000
9.867000
9.189000
7.266000
5.721000
11.402000
8.032000
7.115000
7.165000
10.752000
6.338000
9.262000
6.901000
4.500000
6.053000
12.163000
7.612000
8.895000
8.373000
11.386000
14.483000
3.645000
12.698000
11.055000
11.156000
8.049000
9.914000
9.233000
9.687000
12.150000
11.940000
15.816000
12.092000
7.681000
4.403000
12.480000
7.543000
9.495000
12.784000
14.565000
9.162000
9.571000
11.708000
8.068000
6.902000
18.812000
5.678000
14.638000
8.965000
4.933000
12.031000
9.049000
9.858000
5.141000
9.150000
4.167000
5.428000
8.146000
8.888000
7.004000
8.352000
11.551000
5.922000
10.525000
9.397000
11.512000
9.194000
17.413000
7.495000
2.025000
11.369000
5.522000
10.377000
7.934000
11.236000
8.028000
8.963000
10.973000
8.719000
7.829000
6.575000
2.573000
10.144000
3.840000
6.732000
8.065000
7.457000
8.065000
7.295000
8.195000
12.876000
6.814000
2.371000
11.690000
15.914000
5.233000
11.651000
8.512000
8.332000
9.049000
6.418000
11.563000
7.100000
11.295000
8.738000
7.480000
14.030000
9.088000
8.565000
6.471000
7.936000
10.737000
9.809000
8.039000
9.512000
14.446000
9.741000
7.135000
10.060000
13.595000
12.332000
10.228000
10.164000
11.231000
14.123000
10.165000
9.717000
8.530000
10.486000
6.717000
9.463000
11.402000
7.167000
8.467000
11.234000
6.852000
15.830000
12.210000
10.385000
14.578000
16.348000
8.086000
14.180000
8.682000
7.192000
15.633000
7.445000
10.867000
11.242000
10.720000
8.881000
8.428000
12.004000
14.891000
12.622000
7.975000
13.788000
9.801000
13.615000
7.000000
11.129000
10.757000
4.331000
16.853000
5.672000
13.099000
12.502000
9.539000
8.478000
14.606000
11.001000
18.173000
9.255000
11.103000
12.217000
9.279000
12.319000
9.178000
12.868000
8.444000
14.286000
6.981000
11.943000
14.874000
6.360000
10.743000
20.366000
2.700000
11.941000
11.062000
17.486000
11.374000
10.330000
12.723000
10.866000
8.815000
6.996000
14.522000
13.097000
15.298000
11.150000
16.173000
16.465000
12.209000
7.921000
11.753000
10.157000
11.662000
9.311000
14.064000
4.971000
17.067000
13.273000
20.635000
6.136000
9.185000
19.257000
6.981000
11.140000
10.000000
8.622000
10.831000
11.932000
10.490000
14.375000
11.545000
12.658000
8.812000
13.149000
10.727000
14.552000
7.873000
11.579000
4.933000
7.705000
20.837000
9.178000
4.819000
9.915000
8.869000
3.357000
12.173000
9.458000
5.410000
7.636000
9.005000
9.127000
9.620000
11.746000
6.330000
15.078000
4.797000
7.486000
15.417000
9.582000
7.640000
12.453000
7.680000
8.466000
8.584000
13.304000
12.066000
16.696000
11.341000
8.293000
9.461000
11.569000
10.350000
8.125000
3.089000
9.440000
10.898000
4.218000
6.516000
11.044000
11.044000
14.132000
8.036000
8.066000
10.713000
7.717000
12.030000
5.517000
14.063000
17.964000
10.461000
12.346000
8.995000
10.442000
18.625000
8.089000
11.401000
9.394000
14.930000
8.489000
10.755000
15.088000
8.435000
6.043000
6.915000
11.705000
12.903000
11.394000
13.620000
11.725000
10.841000
11.227000
11.819000
13.549000
9.453000
9.096000
10.354000
12.426000
12.100000
8.654000
4.297000
9.924000
4.674000
11.892000
20.401000
9.875000
8.871000
14.457000
6.299000
4.800000
20.263000
10.048000
6.105000
10.067000
14.480000
9.101000
11.892000
8.173000
8.209000
9.909000
4.350000
7.927000
3.454000
9.963000
14.313000
10.370000
7.885000
7.530000
16.961000
8.930000
7.020000
13.254000
10.901000
21.274000
5.273000
7.418000
12.219000
8.202000
6.960000
10.878000
4.362000
5.770000
11.410000
9.869000
8.240000
9.203000
12.318000
8.033000
9.207000
14.734000
11.237000
18.595000
14.459000
2.476000
3.573000
3.999000
10.233000
12.478000
6.574000
13.732000
10.964000
12.094000
10.990000
9.739000
4.404000
7.097000
16.566000
6.447000
5.369000
11.173000
10.984000
23.163000
7.305000
13.480000
4.104000
15.357000
3.841000
11.374000
10.172000
10.641000
16.075000
14.141000
18.106000
8.990000
15.198000
6.271000
7.478000
10.819000
12.245000
15.377000
3.614000
11.301000
8.862000
16.977000
7.529000
6.229000
8.204000
10.868000
10.958000
9.012000
4.940000
14.845000
7.868000
16.289000
8.329000
17.546000
9.861000
8.939000
7.819000
9.666000
11.761000
10.632000
16.974000
11.170000
19.062000
16.559000
16.279000
16.831000
13.023000
3.888000
12.346000
14.406000
6.414000
10.954000
17.979000
13.845000
8.998000
9.888000
6.332000
14.019000
10.293000
8.479000
10.923000
7.594000
3.992000
9.159000
9.036000
15.359000
5.514000
16.162000
17.231000
10.323000
11.883000
12.740000
11.045000
7.137000
10.729000
10.548000
11.654000
5.145000
12.734000
11.689000
12.409000
19.190000
6.715000
17.663000
16.383000
11.211000
9.781000
23.934000
8.434000
9.480000
11.279000
16.896000
15.859000
12.112000
12.725000
7.639000
12.212000
15.456000
11.205000
7.875000
9.863000
10.941000
7.103000
15.534000
10.658000
11.237000
15.203000
15.273000
13.047000
12.638000
12.811000
8.954000
9.248000
10.941000
8.538000
6.063000
10.154000
3.923000
20.003000
15.303000
7.364000
20.322000
7.367000
3.872000
14.512000
21.103000
14.503000
13.491000
11.001000
10.914000
9.638000
8.404000
13.769000
10.945000
14.027000
13.699000
2.927000
6.849000
10.183000
5.859000
11.235000
14.065000
11.750000
10.766000
17.003000
14.179000
10.846000
5.366000
15.292000
13.526000
9.042000
6.680000
19.043000
11.870000
13.830000
7.822000
12.855000
10.866000
9.843000
12.558000
11.731000
17.318000
10.314000
7.521000
12.642000
6.994000
9.983000
9.331000
10.704000
14.135000
15.585000
14.196000
7.870000
12.136000
4.553000
24.498000
14.147000
10.155000
17.148000
11.781000
9.373000
12.686000
11.748000
12.700000
15.228000
8.712000
9.029000
10.437000
8.037000
8.169000
5.279000
9.671000
8.182000
13.813000
15.861000
9.065000
5.816000
11.221000
11.089000
9.845000
14.765000
14.081000
14.204000
9.267000
11.473000
11.032000
9.074000
13.043000
5.370000
8.858000
10.780000
8.563000
8.592000
8.652000
15.056000
3.072000
15.700000
6.475000
6.069000
9.008000
15.044000
14.449000
18.669000
7.829000
5.507000
18.594000
7.604000
15.809000
5.865000
12.908000
8.804000
8.944000
10.705000
9.890000
17.991000
5.718000
9.858000
6.626000
12.781000
15.426000
5.835000
11.391000
4.000000
11.404000
8.806000
6.752000
14.122000
8.282000
6.254000
13.474000
4.496000
11.414000
7.728000
8.631000
10.623000
5.222000
11.660000
7.189000
20.424000
5.879000
16.212000
20.773000
19.657000
19.024000
10.176000
11.154000
12.207000
9.479000
9.792000
4.267000
16.621000
11.860000
8.283000
14.889000
8.277000
13.958000
12.707000
6.227000
10.239000
8.443000
10.433000
4.841000
6.802000
14.191000
11.031000
13.243000
11.520000
10.704000
12.045000
15.704000
14.220000
5.621000
10.027000
16.366000
9.200000
9.894000
12.793000
9.387000
4.372000
11.088000
7.857000
14.162000
8.731000
9.278000
14.936000
9.260000
15.513000
12.377000
12.234000
8.909000
7.581000
9.924000
13.010000
4.928000
10.546000
17.898000
12.941000
6.224000
17.406000
10.091000
1.044000
11.484000
8.499000
12.232000
9.249000
11.827000
17.316000
10.726000
14.040000
14.207000
14.900000
11.415000
17.066000
5.648000
18.906000
21.757000
10.211000
14.874000
11.341000
7.314000
14.332000
15.160000
8.556000
11.178000
15.073000
2.901000
16.339000
7.217000
10.785000
10.717000
10.268000
9.462000
11.944000
17.398000
14.133000
8.633000
9.623000
20.821000
8.604000
11.969000
10.806000
7.496000
14.212000
6.594000
10.133000
16.547000
9.471000
14.267000
10.452000
9.953000
11.263000
14.162000
11.152000
12.912000
14.162000
12.303000
9.053000
11.810000
11.697000
6.963000
9.922000
16.037000
12.864000
16.049000
15.613000
16.416000
14.941000
6.691000
9.361000
8.703000
13.290000
7.236000
7.233000
20.850000
1.672000
7.967000
7.734000
12.827000
12.890000
14.181000
11.344000
9.698000
3.821000
17.087000
7.529000
14.176000
6.618000
17.153000
12.321000
10.535000
17.187000
6.377000
9.483000
17.049000
8.616000
16.892000
7.503000
10.410000
16.238000
5.455000
13.356000
2.460000
16.528000
9.739000
8.657000
4.624000
15.384000
13.689000
12.596000
7.063000
13.529000
8.905000
7.697000
10.679000
7.266000
1.888000
21.568000
7.833000
15.112000
11.926000
12.218000
6.084000
12.110000
9.442000
12.185000
14.137000
12.194000
7.940000
15.106000
9.705000
8.296000
10.799000
4.368000
12.043000
13.299000
13.970000
7.564000
16.372000
17.433000
6.754000
10.538000
11.319000
19.769000
10.701000
9.840000
12.765000
8.872000
12.125000
14.185000
13.737000
9.799000
4.976000
5.585000
12.806000
10.425000
9.069000
5.202000
10.429000
16.448000
5.933000
17.765000
16.092000
8.372000
11.744000
12.877000
11.120000
6.939000
18.832000
7.935000
21.306000
6.707000
10.670000
8.183000
4.741000
15.073000
7.151000
14.908000
5.608000
5.124000
19.367000
8.687000
10.390000
9.340000
10.850000
10.411000
14.773000
8.162000
11.952000
8.778000
9.829000
11.706000
6.675000
9.050000
7.551000
5.522000
8.785000
3.995000
5.961000
20.046000
10.517000
9.992000
0.000000
8.457000
4.053000
5.316000
2.331000
7.420000
13.052000
8.283000
10.752000
9.442000
9.200000
12.188000
15.193000
8.033000
7.521000
10.236000
8.510000
16.090000
9.940000
6.219000
7.294000
5.289000
8.174000
8.128000
9.384000
5.156000
10.734000
12.471000
16.515000
17.907000
10.809000
6.567000
13.301000
8.828000
7.430000
13.912000
3.551000
7.046000
6.557000
10.083000
1.858000
12.759000
10.549000
3.806000
7.682000
8.537000
15.266000
16.563000
5.729000
8.383000
5.990000
8.297000
11.179000
3.344000
9.061000
14.058000
3.902000
24.755000
3.842000
11.899000
7.739000
10.754000
9.685000
7.900000
13.987000
3.692000
2.904000
6.279000
7.683000
4.007000
14.091000
3.121000
6.606000
12.314000
11.335000
9.680000
6.196000
5.113000
7.475000
12.410000
6.919000
9.920000
10.760000
6.958000
8.034000
2.972000
8.856000
6.929000
6.872000
3.988000
6.012000
9.068000
13.027000
11.181000
2.575000
7.845000
2.701000
1.374000
11.587000
9.788000
5.278000
11.999000
17.854000
3.423000
6.899000
9.691000
7.880000
2.475000
3.967000
5.279000
6.550000
2.299000
5.375000
4.860000
10.697000
5.829000
2.582000
3.413000
8.749000
13.995000
2.944000
4.066000
3.924000
4.517000
15.957000
8.766000
4.082000
6.076000
2.955000
11.046000
4.401000
7.161000
16.831000
0.459000
10.303000
2.419000
4.713000
5.863000
10.634000
6.154000
6.510000
1.483000
7.431000
3.288000
0.056000
0.970000
5.437000
8.999000
4.105000
5.541000
9.011000
0.000000
7.766000
10.949000
6.366000
0.000000
1.853000
13.584000
5.640000
6.477000
3.452000
13.315000
5.672000
17.554000
4.793000
5.512000
1.085000
5.379000
4.016000
13.631000
4.937000
19.021000
19.788000
3.227000
11.185000
8.366000
11.660000
2.681000
14.261000
21.420000
12.389000
0.841000
3.016000
7.884000
14.780000
11.150000
9.473000
17.602000
15.183000
2.514000
4.802000
3.408000
10.967000
10.889000
6.460000
2.290000
15.868000
9.965000
12.306000
11.347000
9.783000
3.629000
10.792000
11.863000
3.492000
1.577000
9.676000
3.522000
12.832000
11.228000
5.144000
10.852000
8.230000
12.302000
9.136000
6.499000
10.385000
9.556000
4.373000
11.425000
5.846000
18.403000
11.782000
13.868000
12.485000
10.354000
4.667000
11.205000
6.589000
4.699000
12.480000
9.170000
13.275000
11.362000
9.901000
4.185000
3.747000
10.606000
4.928000
10.554000
8.583000
2.476000
11.284000
12.259000
12.745000
9.722000
15.620000
10.516000
10.513000
6.545000
5.557000
6.980000
7.936000
10.301000
3.391000
10.127000
6.726000
19.526000
5.555000
13.112000
10.287000
12.211000
11.928000
21.158000
9.592000
6.440000
16.783000
13.180000
3.707000
7.809000
8.988000
5.639000
15.202000
17.623000
10.469000
10.763000
13.511000
7.787000
11.398000
13.847000
14.231000
12.851000
12.285000
12.346000
5.589000
11.211000
8.281000
15.329000
0.000000
10.872000
4.921000
13.488000
8.867000
9.735000
10.176000
15.907000
12.020000
11.280000
10.079000
11.127000
12.004000
6.569000
9.364000
4.755000
16.448000
2.615000
5.826000
8.941000
8.915000
13.505000
10.947000
4.234000
15.455000
11.501000
12.325000
7.980000
11.976000
12.929000
5.180000
9.245000
29.457000
20.792000
15.993000
9.149000
11.547000
12.374000
10.612000
2.987000
15.445000
11.017000
0.411000
4.309000
7.120000
7.139000
7.935000
10.758000
8.512000
12.562000
7.517000
6.358000
12.444000
8.877000
8.760000
5.615000
16.155000
7.180000
7.940000
12.553000
5.949000
10.353000
13.484000
9.521000
11.428000
7.024000
5.956000
12.377000
15.852000
12.779000
14.085000
12.115000
16.900000
4.321000
9.435000
9.306000
11.134000
7.833000
8.728000
11.422000
11.220000
5.584000
17.144000
6.775000
2.516000
10.291000
7.471000
9.163000
10.695000
12.627000
11.674000
15.026000
9.280000
6.200000
14.668000
5.526000
13.199000
12.786000
10.714000
16.715000
14.330000
8.805000
11.080000
18.986000
8.960000
10.053000
7.366000
7.324000
12.353000
18.155000
12.689000
3.285000
8.957000
4.221000
10.703000
7.564000
13.466000
17.478000
11.899000
10.787000
9.716000
14.287000
14.770000
10.561000
17.674000
12.188000
15.481000
14.466000
12.397000
17.544000
7.247000
17.167000
8.170000
17.630000
7.413000
15.790000
8.592000
4.269000
15.136000
7.303000
13.345000
12.962000
10.160000
11.748000
14.062000
11.212000
13.426000
23.754000
14.330000
6.615000
11.547000
6.823000
11.480000
5.934000
13.778000
4.181000
14.224000
10.441000
10.463000
8.763000
11.261000
13.396000
5.066000
11.856000
13.036000
3.373000
13.451000
20.645000
17.298000
10.044000
11.085000
9.140000
1.328000
0.000000
10.616000
11.441000
9.130000
8.291000
13.434000
8.605000
6.333000
11.406000
9.536000
4.150000
10.240000
7.983000
4.313000
9.273000
12.265000
6.256000
4.158000
14.516000
14.941000
10.983000
15.885000
15.893000
2.189000
13.799000
9.406000
13.754000
12.712000
12.524000
8.868000
14.460000
5.413000
8.741000
19.390000
10.806000
11.262000
10.985000
10.553000
15.689000
15.267000
13.579000
1.799000
15.088000
14.241000
7.394000
7.944000
12.477000
4.060000
14.439000
9.500000
13.990000
5.901000
4.220000
11.978000
11.489000
13.865000
12.594000
17.141000
8.154000
6.791000
8.382000
7.403000
6.401000
5.795000
8.558000
8.800000
11.916000
13.224000
9.114000
9.258000
1.438000
12.248000
4.875000
3.118000
10.753000
11.760000
11.286000
11.336000
8.941000
19.460000
12.977000
10.873000
17.399000
9.196000
14.553000
18.442000
13.483000
10.020000
6.381000
12.422000
14.978000
13.709000
5.823000
3.300000
15.124000
7.034000
4.038000
2.436000
10.139000
3.722000
10.354000
13.456000
8.748000
15.963000
14.058000
7.604000
5.006000
7.149000
18.269000
5.891000
9.724000
13.045000
7.985000
11.625000
20.170000
1.717000
18.077000
21.038000
9.944000
3.958000
17.008000
7.837000
4.803000
15.110000
5.727000
5.830000
11.723000
1.849000
7.690000
9.339000
9.976000
12.909000
5.431000
9.801000
10.914000
6.477000
18.511000
8.641000
10.889000
6.950000
7.240000
7.821000
12.227000
18.103000
12.786000
10.727000
7.379000
13.555000
9.223000
4.190000
11.809000
2.342000
6.479000
5.576000
5.571000
27.303000
17.545000
5.783000
11.587000
8.151000
19.689000
13.313000
10.718000
12.596000
6.006000
13.114000
5.893000
11.627000
14.570000
3.842000
4.472000
20.011000
3.718000
7.487000
8.173000
5.213000
10.583000
11.905000
9.208000
2.586000
5.927000
17.759000
15.958000
7.748000
16.309000
0.933000
9.757000
5.238000
10.103000
10.535000
9.324000
13.636000
15.156000
2.683000
7.565000
9.558000
4.410000
0.577000
9.551000
0.449000
11.839000
20.010000
9.861000
7.190000
2.549000
7.957000
2.258000
4.834000
7.306000
4.091000
0.000000
17.555000
11.195000
12.796000
11.977000
1.113000
8.012000
16.278000
0.456000
9.607000
14.645000
11.857000
5.305000
0.000000
6.945000
18.509000
5.925000
6.843000
13.749000
8.547000
11.511000
12.847000
0.000000
0.000000
4.883000
3.735000
6.306000
16.912000
8.235000
19.113000
2.394000
4.121000
20.542000
3.829000
5.821000
13.287000
15.632000
10.487000
11.792000
4.707000
14.201000
17.420000
5.606000
16.870000
11.211000
5.180000
4.959000
18.347000
15.783000
8.331000
25.918000
11.499000
11.462000
14.152000
4.319000
0.000000
7.014000
9.986000
9.853000
13.456000
11.167000
6.569000
12.673000
16.741000
4.687000
9.705000
8.387000
0.265000
12.177000
15.045000
8.675000
16.842000
15.052000
6.835000
16.895000
13.177000
6.758000
10.312000
14.804000
10.981000
12.246000
4.396000
12.884000
14.126000
20.516000
3.521000
0.000000
13.065000
10.684000
10.349000
5.300000
5.495000
10.284000
1.152000
11.453000
7.420000
14.198000
9.693000
5.684000
7.848000
4.452000
14.124000
6.510000
12.000000
13.016000
9.567000
14.210000
11.484000
11.008000
17.191000
17.840000
13.545000
10.854000
14.925000
11.158000
9.175000
15.627000
3.517000
7.775000
13.394000
15.278000
12.703000
13.186000
12.795000
17.688000
12.227000
7.319000
13.508000
12.255000
14.305000
10.168000
16.693000
11.475000
10.515000
17.314000
10.708000
9.908000
6.820000
7.483000
11.610000
10.147000
7.621000
2.483000
8.193000
6.030000
14.354000
19.782000
16.111000
11.779000
0.000000
6.607000
17.636000
5.329000
9.666000
19.652000
8.862000
26.691000
7.132000
18.400000
5.986000
12.289000
12.268000
4.095000
17.678000
18.940000
12.204000
14.902000
9.633000
4.090000
7.525000
3.795000
9.664000
4.734000
8.517000
19.150000
9.963000
16.747000
10.876000
11.673000
21.082000
11.555000
3.547000
3.072000
13.474000
11.450000
14.639000
7.182000
3.731000
15.042000
11.366000
12.855000
8.495000
13.554000
14.607000
14.736000
9.653000
11.817000
9.580000
18.411000
14.681000
4.032000
12.986000
7.429000
11.817000
17.819000
2.750000
5.330000
6.854000
22.061000
6.593000
7.130000
0.000000
12.885000
18.314000
13.447000
18.503000
13.506000
8.666000
15.115000
18.109000
9.236000
16.398000
14.146000
3.757000
6.370000
15.720000
15.268000
14.241000
11.298000
8.982000
11.335000
11.918000
23.161000
12.218000
12.639000
7.172000
16.790000
10.477000
5.972000
11.703000
20.110000
16.828000
4.333000
6.505000
14.400000
11.961000
13.238000
7.659000
3.841000
9.873000
6.121000
5.716000
8.879000
9.054000
17.184000
14.362000
14.292000
2.504000
6.454000
12.511000
9.876000
8.259000
14.156000
17.556000
11.048000
16.051000
23.403000
10.186000
14.329000
7.695000
13.896000
12.202000
17.145000
12.308000
18.758000
10.770000
12.721000
17.826000
9.605000
18.749000
11.518000
9.053000
1.117000
13.373000
12.919000
10.795000
12.082000
10.952000
16.617000
18.748000
13.660000
15.980000
18.699000
6.569000
9.004000
11.614000
11.602000
9.402000
9.081000
9.750000
4.491000
11.654000
2.683000
11.798000
16.948000
11.783000
12.516000
10.317000
11.954000
9.052000
6.433000
10.449000
20.927000
7.431000
7.635000
4.431000
11.161000
10.646000
12.406000
9.478000
8.986000
10.536000
3.380000
5.508000
10.736000
11.757000
11.944000
15.218000
7.278000
10.107000
9.886000
7.082000
10.275000
9.749000
13.217000
11.629000
8.420000
13.057000
6.564000
4.308000
16.858000
7.173000
11.736000
19.090000
15.285000
14.476000
10.101000
13.216000
12.448000
14.863000
8.313000
11.719000
14.294000
8.814000
12.434000
14.541000
22.799000
12.522000
9.067000
20.389000
16.204000
14.250000
7.257000
17.775000
14.963000
18.112000
10.266000
18.269000
13.181000
8.791000
11.460000
12.838000
16.820000
19.125000
7.809000
10.364000
22.345000
9.541000
9.183000
13.306000
8.147000
22.918000
16.780000
12.930000
12.053000
14.265000
15.460000
11.520000
13.613000
5.663000
11.972000
12.189000
13.342000
11.020000
7.902000
16.501000
16.578000
12.649000
12.986000
12.968000
7.059000
0.524000
8.431000
12.703000
13.725000
8.465000
15.092000
13.711000
10.658000
6.879000
8.385000
10.616000
10.045000
13.333000
11.071000
13.282000
7.927000
12.644000
18.549000
15.036000
16.176000
12.957000
15.807000
12.687000
11.350000
21.250000
9.763000
9.762000
12.399000
16.550000
10.603000
6.552000
16.353000
8.699000
17.282000
13.637000
17.268000
15.678000
18.401000
14.967000
17.015000
11.177000
10.966000
18.201000
10.526000
14.522000
15.490000
14.486000
21.433000
15.860000
18.093000
15.808000
17.614000
13.949000
8.982000
24.091000
15.706000
14.736000
10.724000
23.531000
16.025000
10.101000
11.052000
12.690000
21.023000
7.857000
14.585000
14.932000
12.911000
11.378000
13.299000
14.560000
5.254000
14.626000
11.134000
14.488000
14.809000
14.858000
12.565000
11.761000
14.600000
11.059000
4.015000
9.065000
7.853000
12.577000
9.246000
9.827000
17.034000
8.127000
14.880000
13.260000
15.368000
13.313000
17.211000
19.163000
12.515000
6.853000
13.269000
6.331000
4.630000
14.778000
10.073000
13.317000
8.727000
11.785000
11.344000
15.459000
8.098000
14.330000
7.073000
17.053000
15.976000
9.803000
11.826000
9.854000
16.550000
13.831000
15.880000
10.685000
9.906000
11.157000
11.413000
14.842000
13.861000
15.550000
16.822000
10.783000
14.137000
17.428000
9.851000
15.218000
13.712000
15.415000
10.273000
6.074000
14.939000
11.098000
13.654000
8.186000
15.478000
16.533000
10.516000
22.112000
16.947000
10.069000
17.022000
14.606000
14.738000
7.655000
13.961000
14.572000
15.095000
11.311000
16.404000
13.956000
10.275000
10.699000
15.146000
10.944000
9.298000
16.500000
12.813000
15.653000
7.046000
23.032000
8.071000
9.087000
9.317000
14.174000
14.612000
11.405000
16.117000
19.911000
10.727000
19.236000
10.674000
18.023000
12.446000
6.977000
8.449000
4.508000
6.342000
10.886000
9.020000
12.073000
18.521000
17.259000
4.736000
11.032000
13.033000
17.577000
11.777000
14.855000
8.397000
7.461000
9.656000
10.440000
6.107000
6.959000
12.582000
12.706000
18.526000
7.887000
18.024000
13.726000
10.941000
9.382000
13.311000
10.689000
12.343000
11.931000
15.973000
14.090000
1.772000
13.238000
10.449000
7.987000
7.451000
16.639000
7.963000
11.168000
10.233000
3.781000
13.354000
10.296000
9.834000
12.256000
10.044000
15.016000
8.959000
13.815000
12.437000
11.751000
3.934000
15.898000
12.470000
14.933000
13.044000
11.264000
5.146000
8.527000
10.374000
8.179000
11.633000
11.097000
14.241000
11.979000
8.854000
11.361000
13.019000
9.080000
8.625000
15.024000
0.000000
13.030000
3.727000
7.355000
13.864000
12.271000
16.892000
18.303000
14.828000
5.764000
17.456000
10.516000
9.991000
9.681000
13.305000
12.590000
10.400000
7.404000
9.123000
2.979000
9.205000
8.264000
8.860000
7.850000
5.756000
13.199000
15.223000
14.042000
8.360000
18.050000
18.749000
8.099000
13.953000
15.006000
8.502000
9.973000
13.399000
6.998000
7.292000
17.360000
8.481000
9.622000
7.435000
11.519000
11.224000
12.549000
19.645000
15.761000
20.787000
5.989000
8.761000
8.385000
6.189000
14.181000
20.072000
16.772000
13.205000
8.006000
5.360000
13.243000
7.056000
8.813000
5.510000
11.502000
8.562000
5.617000
14.195000
9.037000
5.540000
6.522000
15.370000
8.029000
10.982000
16.054000
7.388000
16.294000
10.225000
11.030000
14.982000
12.946000
5.218000
10.775000
11.007000
8.624000
11.184000
1.491000
11.244000
10.628000
8.319000
9.712000
9.573000
11.001000
14.848000
14.691000
2.398000
1.411000
10.482000
17.214000
3.130000
4.666000
10.538000
7.920000
17.177000
6.363000
8.804000
4.662000
6.308000
5.273000
0.443000
13.381000
9.477000
12.578000
14.220000
8.193000
16.725000
17.624000
6.246000
0.000000
13.439000
6.696000
2.735000
11.251000
12.426000
10.392000
3.562000
15.778000
2.353000
11.903000
9.264000
10.784000
10.798000
9.344000
16.383000
11.861000
7.763000
6.346000
8.072000
4.950000
5.138000
9.178000
9.151000
11.654000
12.951000
2.315000
13.855000
8.454000
12.454000
10.682000
7.579000
8.041000
11.018000
0.000000
10.621000
18.876000
12.494000
8.602000
9.934000
7.580000
8.179000
9.897000
10.208000
13.950000
8.086000
2.596000
6.146000
5.873000
21.931000
4.793000
4.872000
10.311000
3.353000
12.172000
9.735000
12.596000
8.554000
14.805000
11.778000
15.406000
2.327000
0.000000
11.119000
8.406000
9.357000
8.267000
6.416000
16.014000
11.296000
9.505000
13.000000
11.542000
15.067000
13.038000
12.812000
10.324000
14.450000
9.178000
19.052000
4.551000
12.975000
12.398000
12.763000
8.350000
15.679000
19.432000
16.226000
6.401000
6.233000
12.935000
14.215000
13.698000
12.141000
3.119000
3.600000
1.161000
14.236000
17.658000
17.084000
0.998000
17.782000
8.140000
13.262000
0.000000
5.976000
6.942000
13.118000
9.658000
10.989000
8.553000
18.426000
10.140000
19.004000
7.784000
9.440000
10.460000
12.022000
13.561000
3.891000
14.277000
4.190000
11.256000
8.566000
7.756000
12.412000
12.216000
11.942000
6.470000
15.124000
5.793000
18.616000
12.468000
12.301000
8.913000
8.495000
6.972000
13.469000
10.630000
9.808000
8.414000
4.410000
21.801000
14.824000
9.015000
7.519000
15.249000
9.375000
8.683000
10.048000
13.721000
6.552000
6.817000
11.724000
15.179000
3.427000
11.909000
8.783000
12.935000
8.826000
12.889000
8.025000
9.138000
10.235000
8.561000
10.618000
17.913000
6.486000
4.753000
15.931000
12.086000
14.704000
10.364000
15.446000
11.964000
10.333000
16.068000
16.884000
5.366000
6.940000
3.515000
13.536000
17.072000
17.608000
15.099000
10.874000
17.214000
5.786000
11.836000
14.545000
4.325000
13.044000
8.238000
4.431000
8.817000
23.721000
16.714000
10.313000
11.240000
13.923000
12.405000
11.841000
10.468000
14.570000
11.393000
12.973000
13.973000
6.126000
13.396000
7.255000
10.771000
6.974000
10.863000
0.000000
11.240000
5.964000
6.941000
14.002000
4.995000
14.134000
13.412000
8.835000
3.403000
10.308000
6.337000
5.290000
8.682000
4.564000
18.267000
7.956000
20.504000
8.727000
8.292000
10.301000
3.702000
6.481000
10.876000
10.813000
15.569000
13.601000
11.775000
7.628000
15.038000
16.500000
10.364000
9.916000
11.693000
6.883000
4.763000
15.527000
12.180000
11.032000
17.937000
8.313000
9.845000
6.963000
15.781000
3.577000
0.000000
13.620000
10.955000
8.509000
13.376000
10.109000
9.250000
10.602000
11.480000
11.708000
9.974000
10.641000
16.915000
9.419000
7.568000
8.930000
18.091000
9.937000
5.792000
17.469000
9.781000
11.686000
10.968000
9.345000
11.952000
7.155000
8.861000
12.164000
12.922000
14.855000
14.052000
9.061000
12.302000
6.108000
11.353000
14.488000
12.005000
13.026000
11.434000
8.848000
10.108000
11.463000
15.982000
13.949000
6.940000
4.752000
7.464000
11.355000
9.005000
11.222000
6.360000
10.948000
15.579000
7.518000
13.198000
5.797000
12.390000
17.834000
7.239000
9.865000
12.722000
11.577000
4.692000
10.445000
11.671000
11.563000
13.598000
7.462000
7.442000
13.848000
9.495000
6.942000
11.778000
9.115000
14.886000
13.487000
0.000000
12.937000
9.079000
6.673000
7.609000
7.981000
7.237000
12.620000
9.295000
11.386000
9.936000
13.311000
9.670000
10.239000
16.237000
10.338000
11.347000
21.274000
12.410000
11.689000
19.029000
5.062000
15.492000
11.624000
4.021000
8.855000
17.541000
10.588000
9.590000
10.449000
2.621000
14.016000
3.449000
13.602000
9.711000
7.728000
12.586000
8.271000
16.014000
8.492000
5.267000
17.561000
8.682000
14.164000
8.840000
5.227000
10.594000
13.710000
13.000000
5.806000
10.792000
13.970000
15.782000
7.500000
9.867000
10.078000
7.284000
5.314000
7.756000
8.700000
11.034000
11.963000
17.296000
6.977000
4.674000
10.615000
6.997000
8.666000
8.360000
6.432000
6.809000
12.584000
13.044000
10.631000
11.295000
16.148000
7.175000
13.210000
15.631000
8.745000
8.982000
5.851000
4.191000
11.103000
8.853000
16.298000
10.331000
16.794000
20.761000
12.025000
7.363000
19.518000
13.951000
3.959000
10.902000
9.606000
10.463000
7.070000
21.319000
7.678000
6.730000
4.377000
15.066000
9.619000
11.978000
11.034000
13.724000
13.737000
10.600000
9.607000
6.135000
15.831000
7.318000
11.034000
8.674000
7.648000
17.680000
9.025000
8.248000
16.282000
23.394000
9.743000
6.111000
8.493000
13.454000
14.880000
10.012000
13.567000
9.803000
15.880000
16.934000
11.343000
10.442000
4.925000
11.928000
8.491000
7.555000
13.357000
11.461000
5.639000
11.096000
5.419000
13.711000
11.378000
7.231000
3.945000
5.442000
2.920000
10.605000
7.924000
2.586000
8.399000
10.920000
6.358000
7.247000
15.810000
6.143000
16.238000
12.052000
19.071000
17.261000
8.670000
4.115000
8.707000
7.518000
15.195000
5.415000
3.421000
8.367000
10.726000
6.609000
7.205000
7.779000
13.302000
6.234000
5.794000
14.606000
11.299000
11.095000
8.685000
12.736000
9.876000
6.219000
11.232000
15.756000
15.937000
18.868000
11.975000
3.915000
15.307000
5.478000
19.013000
7.401000
5.977000
14.969000
15.590000
13.702000
8.082000
9.795000
8.031000
11.958000
14.275000
10.498000
13.836000
7.370000
11.945000
5.214000
3.963000
18.071000
10.601000
8.832000
7.679000
4.827000
19.910000
23.535000
17.771000
11.173000
9.875000
15.564000
8.104000
11.592000
20.327000
10.679000
9.498000
12.736000
11.636000
17.860000
14.877000
14.749000
8.352000
13.488000
11.014000
15.826000
9.439000
10.310000
6.683000
3.604000
7.003000
6.941000
17.036000
12.419000
11.727000
4.485000
4.074000
9.772000
19.896000
9.245000
14.400000
6.350000
13.624000
16.023000
5.601000
4.600000
6.127000
18.817000
13.043000
6.355000
16.943000
15.659000
14.287000
12.841000
15.996000
8.863000
7.133000
11.985000
17.564000
6.880000
12.898000
8.176000
12.470000
16.083000
1.593000
8.663000
3.166000
6.995000
8.423000
1.977000
17.582000
12.228000
17.368000
15.115000
9.508000
10.770000
8.344000
14.608000
8.343000
12.216000
10.689000
19.795000
5.803000
7.236000
13.384000
9.256000
13.596000
10.115000
9.292000
4.834000
16.989000
14.064000
14.781000
5.216000
10.962000
14.927000
19.833000
8.429000
17.582000
12.429000
8.752000
2.149000
11.666000
7.710000
10.237000
7.262000
18.845000
14.500000
20.551000
9.998000
17.064000
9.882000
7.981000
12.287000
13.630000
19.236000
10.250000
11.164000
13.419000
14.055000
8.419000
14.871000
16.382000
8.608000
19.026000
15.384000
20.549000
18.982000
11.761000
10.728000
15.131000
14.587000
12.571000
14.481000
18.496000
12.926000
6.962000
8.060000
12.866000
13.298000
16.092000
9.483000
7.771000
8.998000
7.488000
5.219000
8.963000
6.265000
8.934000
11.214000
13.238000
12.709000
17.232000
17.838000
3.956000
10.987000
12.622000
13.786000
11.745000
15.138000
8.828000
7.035000
13.452000
9.967000
7.980000
20.863000
9.665000
9.256000
9.416000
14.626000
15.259000
4.872000
13.203000
10.614000
19.514000
3.811000
14.553000
14.361000
15.670000
12.550000
2.855000
8.127000
12.854000
8.894000
6.966000
10.788000
15.241000
8.816000
6.998000
10.530000
0.000000
13.957000
9.421000
14.607000
14.328000
16.983000
7.223000
10.572000
13.477000
11.873000
15.106000
15.680000
8.204000
11.515000
8.240000
16.988000
10.190000
12.210000
16.566000
19.086000
11.101000
12.563000
3.424000
10.583000
13.653000
17.093000
14.347000
13.516000
7.750000
12.596000
15.577000
14.850000
13.716000
12.254000
9.420000
8.771000
10.140000
6.521000
9.779000
16.283000
13.336000
12.420000
4.378000
8.347000
11.568000
13.422000
13.949000
17.995000
12.584000
12.409000
11.745000
10.794000
10.619000
16.261000
6.277000
12.256000
6.877000
10.147000
11.386000
9.804000
5.033000
12.891000
20.144000
8.823000
6.402000
8.367000
9.366000
10.636000
21.122000
11.370000
25.430000
10.541000
13.319000
10.101000
13.272000
6.308000
10.392000
7.881000
11.357000
7.647000
12.817000
15.081000
17.844000
12.119000
11.579000
12.444000
13.787000
11.028000
2.992000
13.682000
7.249000
20.559000
16.197000
14.692000
16.651000
7.012000
15.606000
14.768000
10.197000
6.918000
7.677000
5.970000
11.482000
9.888000
9.322000
7.745000
16.471000
11.186000
13.863000
8.654000
17.738000
12.714000
14.875000
10.615000
15.884000
14.077000
8.322000
11.890000
15.743000
12.183000
15.134000
13.167000
6.064000
5.393000
12.048000
11.224000
18.752000
8.190000
12.524000
16.122000
16.724000
12.555000
12.404000
11.149000
5.350000
13.277000
5.680000
18.026000
1.704000
17.165000
14.916000
11.957000
17.742000
4.307000
7.475000
15.577000
22.237000
14.161000
12.443000
5.863000
9.913000
9.980000
17.100000
14.430000
9.314000
6.058000
10.804000
7.738000
13.925000
14.011000
8.589000
15.675000
16.387000
8.959000
7.568000
11.723000
10.146000
13.164000
9.841000
6.521000
15.643000
3.680000
8.300000
6.284000
5.063000
17.685000
12.754000
29.917000
14.371000
4.449000
12.956000
8.081000
19.514000
3.130000
7.461000
16.579000
5.401000
12.975000
10.730000
7.301000
9.230000
14.299000
8.011000
6.363000
17.480000
14.414000
9.493000
6.726000
15.841000
17.565000
15.048000
15.123000
8.512000
8.961000
8.362000
4.896000
6.477000
12.096000
17.992000
16.990000
5.363000
4.199000
12.936000
3.439000
9.763000
13.043000
17.266000
9.919000
10.868000
7.823000
7.582000
2.555000
9.273000
15.553000
15.593000
9.007000
8.010000
11.857000
13.776000
6.845000
13.303000
16.013000
7.723000
11.211000
6.102000
10.109000
6.956000
5.356000
11.166000
4.912000
12.381000
6.932000
6.426000
9.693000
8.026000
11.547000
8.295000
7.314000
7.595000
7.825000
10.776000
6.897000
7.751000
5.546000
6.828000
15.994000
13.214000
4.856000
17.395000
6.355000
1.445000
6.188000
4.567000
12.930000
2.405000
6.601000
8.635000
7.425000
14.289000
7.109000
5.089000
6.434000
8.924000
7.898000
8.255000
10.711000
6.606000
19.591000
6.977000
8.798000
7.629000
8.977000
8.854000
6.637000
10.981000
0.000000
11.335000
11.110000
5.040000
11.879000
8.823000
7.815000
5.779000
6.448000
0.714000
7.104000
3.583000
7.520000
15.910000
8.573000
6.746000
10.065000
6.668000
5.282000
6.016000
3.779000
3.797000
8.296000
16.232000
12.586000
7.947000
14.791000
10.642000
11.088000
11.925000
5.204000
4.373000
3.266000
7.619000
5.979000
8.825000
9.436000
7.723000
2.760000
4.734000
17.402000
0.283000
5.493000
4.364000
5.927000
6.111000
0.703000
4.364000
11.877000
7.285000
5.763000
10.931000
13.707000
2.866000
13.901000
6.571000
6.442000
5.671000
6.553000
15.760000
0.000000
10.091000
3.038000
6.600000
7.670000
10.286000
3.437000
10.035000
12.612000
13.168000
15.088000
9.177000
8.060000
3.711000
12.170000
6.756000
5.902000
11.420000
7.404000
3.175000
2.679000
8.615000
9.135000
5.138000
6.476000
4.733000
8.438000
5.359000
12.240000
7.474000
7.213000
6.449000
7.452000
10.149000
7.458000
3.509000
7.860000
4.514000
7.528000
9.429000
7.982000
8.062000
7.481000
10.842000
1.938000
5.936000
5.373000
7.077000
6.782000
8.273000
4.158000
8.195000
5.529000
6.862000
10.089000
8.125000
22.455000
10.842000
3.932000
7.951000
4.433000
7.957000
6.043000
6.875000
5.991000
9.485000
26.747000
7.094000
9.408000
3.700000
8.551000
5.623000
6.988000
1.807000
13.670000
8.778000
6.058000
8.029000
10.664000
11.443000
11.682000
13.952000
8.190000
3.100000
6.022000
0.000000
8.751000
6.461000
7.362000
5.445000
5.255000
3.791000
4.729000
9.137000
6.839000
8.625000
5.632000
8.965000
5.698000
9.533000
13.148000
5.274000
16.340000
6.080000
16.689000
9.054000
7.432000
9.296000
5.474000
9.267000
12.046000
7.024000
14.025000
14.734000
9.959000
9.726000
4.114000
9.966000
12.206000
6.322000
6.554000
8.954000
9.321000
16.297000
4.495000
15.961000
9.454000
15.100000
10.484000
10.022000
10.175000
0.000000
5.829000
5.705000
10.125000
10.119000
8.846000
7.976000
13.353000
0.000000
9.172000
3.444000
3.257000
7.916000
1.981000
14.613000
4.009000
12.011000
5.308000
0.673000
0.005000
5.333000
13.918000
10.439000
7.555000
9.288000
10.423000
7.225000
8.481000
5.519000
20.366000
7.416000
7.097000
7.899000
11.844000
7.507000
5.551000
7.534000
12.580000
12.127000
9.384000
6.516000
17.564000
0.803000
13.352000
8.973000
20.363000
14.545000
7.123000
13.156000
8.849000
11.682000
0.613000
9.687000
2.237000
4.537000
9.836000
18.189000
6.191000
12.520000
10.689000
7.933000
9.300000
14.330000
9.141000
9.573000
6.077000
20.633000
11.040000
10.830000
4.367000
12.011000
19.983000
5.748000
9.686000
9.796000
9.785000
8.441000
13.285000
0.000000
11.040000
12.562000
4.920000
5.547000
4.123000
10.332000
3.102000
14.803000
0.184000
12.010000
3.951000
9.390000
13.334000
14.384000
12.042000
13.376000
6.723000
1.105000
0.086000
9.966000
7.336000
11.098000
10.877000
9.905000
7.507000
0.000000
2.400000
12.495000
3.704000
4.420000
0.726000
10.552000
10.375000
10.732000
4.188000
11.637000
11.687000
6.721000
6.475000
10.678000
10.521000
19.769000
12.169000
10.679000
9.325000
11.191000
7.503000
4.405000
6.378000
15.682000
10.495000
14.090000
12.917000
4.708000
13.566000
12.550000
11.829000
7.022000
3.079000
18.650000
4.042000
11.454000
12.624000
9.369000
7.224000
14.165000
6.496000
8.862000
10.546000
4.010000
0.000000
1.756000
4.919000
11.448000
8.567000
7.695000
7.506000
2.619000
16.794000
7.840000
13.170000
4.198000
8.613000
4.410000
6.069000
16.822000
5.607000
14.310000
9.992000
3.748000
15.716000
17.165000
14.767000
12.813000
14.049000
15.857000
11.740000
19.032000
13.302000
9.179000
4.247000
16.359000
6.165000
11.344000
7.621000
12.536000
15.526000
0.000000
12.015000
9.966000
21.346000
5.222000
3.994000
6.089000
14.759000
12.405000
13.562000
6.799000
11.217000
19.116000
12.829000
9.791000
14.993000
6.492000
15.157000
6.964000
10.594000
7.922000
19.776000
12.154000
0.000000
6.782000
10.216000
7.781000
12.861000
7.281000
5.257000
8.732000
4.720000
14.583000
5.402000
9.377000
18.329000
9.462000
7.534000
14.392000
11.693000
4.741000
8.163000
8.806000
4.426000
6.739000
4.358000
3.785000
12.010000
20.006000
1.402000
8.878000
9.900000
16.765000
13.217000
10.582000
10.647000
16.327000
11.579000
5.381000
12.981000
11.949000
5.513000
12.310000
8.625000
8.532000
9.499000
4.930000
15.267000
13.109000
11.531000
9.467000
6.489000
11.743000
7.102000
9.324000
12.153000
2.810000
6.251000
10.563000
9.347000
12.691000
12.991000
11.882000
12.917000
8.639000
3.538000
9.402000
10.089000
10.555000
7.466000
17.749000
10.883000
9.885000
12.408000
14.366000
11.099000
5.628000
11.220000
22.463000
5.392000
2.505000
16.931000
11.477000
15.619000
11.599000
7.153000
4.633000
14.104000
12.478000
8.142000
8.259000
10.416000
15.454000
7.269000
9.532000
10.669000
11.563000
6.676000
20.113000
11.401000
3.953000
11.574000
12.777000
16.147000
10.702000
10.698000
6.932000
11.924000
5.259000
24.013000
8.795000
4.233000
13.083000
4.389000
6.685000
1.895000
8.055000
4.418000
14.994000
7.236000
15.025000
7.619000
10.377000
11.462000
10.763000
3.109000
15.126000
8.592000
5.357000
6.878000
9.665000
9.907000
11.530000
4.568000
8.660000
3.639000
16.484000
0.000000
10.444000
6.151000
12.193000
7.522000
4.853000
12.124000
11.329000
0.000000
18.727000
6.332000
8.060000
7.653000
11.019000
7.230000
7.474000
0.000000
9.352000
15.119000
0.000000
12.962000
20.675000
12.743000
14.090000
8.680000
7.983000
7.972000
4.079000
14.179000
12.258000
7.129000
10.357000
1.187000
0.000000
18.234000
13.091000
2.112000
0.000000
18.725000
1.665000
7.124000
11.547000
16.726000
0.000000
3.688000
12.024000
7.561000
10.049000
6.452000
7.777000
5.287000
14.074000
2.469000
0.000000
5.689000
10.664000
13.840000
0.000000
12.706000
16.623000
0.000000
17.251000
3.217000
0.000000
15.506000
13.309000
12.711000
6.371000
4.902000
11.997000
13.353000
16.600000
9.885000
13.005000
14.885000
13.102000
11.402000
0.000000
0.000000
8.831000
8.349000
11.965000
9.967000
0.000000
7.454000
0.047000
15.604000
0.000000
4.164000
10.130000
10.694000
9.177000
0.000000
6.798000
9.495000
9.128000
0.000000
4.612000
0.000000
8.357000
9.866000
6.452000
0.000000
12.220000
0.000000
0.000000
8.984000
8.849000
0.000000
12.057000
7.818000
0.000000
6.386000
8.047000
6.316000
0.000000
9.605000
0.000000
0.454000
0.000000
1.691000
0.000000
0.000000
0.000000
11.435000
7.177000
0.000000
7.650000
0.000000
17.490000
6.063000
10.939000
0.000000
0.000000
0.000000
6.817000
0.351000
0.000000
0.000000
9.350000
0.000000
0.000000
0.000000
0.000000
0.000000
0.000000
0.000000
0.000000
3.307000
0.000000
1.218000
0.000000
2.414000
0.000000
1.117000
0.000000
0.000000
0.000000
0.000000
0.338000
2.549000
0.000000
0.000000
0.000000
0.000000
0.000000
6.955000
0.000000
0.000000
4.664000
0.000000
0.000000
0.000000
0.000000
0.000000
9.488000
0.000000
0.000000
0.000000
0.000000
0.000000
0.000000
8.187000
0.000000
0.000000
0.000000
0.000000
0.000000
0.000000
0.000000
1.664000
0.000000
0.497000
0.481000
0.303000
9.750000
0.000000
6.789000
5.920000
0.000000
0.000000
0.000000
2.220000
4.225000
8.569000
1.712000
0.000000
0.000000
0.000000
0.000000
0.000000
4.856000
0.000000
0.000000
0.000000
0.000000
0.000000
5.007000
5.401000
0.000000
10.309000
0.000000
0.000000
1.826000
0.000000
0.411000
0.000000
4.176000
8.119000
0.000000
0.000000
0.000000
0.000000
2.463000
6.035000
0.000000
2.464000
0.000000
8.694000
0.000000
11.829000
0.000000
0.000000
0.000000
0.000000
7.545000
0.000000
10.973000
0.000000
2.909000
7.324000
0.000000
6.740000
3.902000
0.000000
0.000000
0.000000
0.830000
1.854000
0.000000
8.932000
6.652000
0.000000
8.529000
0.000000
3.156000
2.749000
0.943000
5.995000
0.938000
0.000000
0.000000
4.003000
0.000000
0.000000
4.003000
5.273000
0.003000
3.226000
10.451000
0.000000
0.000000
9.312000
0.000000
0.000000
0.000000
0.000000
0.000000
1.619000
0.000000
0.000000
1.570000
3.012000
8.974000
0.000000
4.130000
0.000000
4.630000
1.091000
6.229000
0.000000
0.000000
6.305000
7.538000
9.594000
0.143000
4.130000
0.000000
0.000000
0.000000
4.094000
5.174000
0.318000
1.805000
0.000000
2.026000
2.798000
0.000000
0.000000
0.714000
0.000000
3.728000
0.000000
0.000000
4.448000
0.000000
0.000000
0.000000
6.385000
1.755000
0.000000
1.169000
0.119000
8.262000
0.760000
12.424000
0.000000
4.706000
0.000000
0.231000
0.294000
0.653000
2.009000
6.167000
0.000000
4.383000
1.742000
2.009000
0.000000
1.925000
1.969000
6.584000
0.000000
0.579000
4.335000
0.000000
1.211000
0.000000
5.462000
3.302000
0.000000
2.399000
5.901000
2.812000
0.000000
2.323000
4.696000
1.297000
6.794000
0.000000
1.504000
2.204000
0.383000
0.000000
4.584000
0.000000
0.000000
3.297000
2.609000
0.000000
2.580000
5.880000
0.124000
1.638000
13.535000
2.692000
4.927000
8.128000
1.530000
0.000000
3.279000
7.037000
0.000000
3.943000
0.000000
7.574000
4.086000
0.000000
1.840000
8.415000
0.000000
0.000000
6.100000
9.266000
3.840000
0.000000
0.000000
0.548000
0.000000
0.000000
12.300000
3.916000
0.000000
2.429000
0.000000
0.000000
0.000000
1.980000
4.030000
2.528000
0.000000
3.258000
9.436000
0.000000
7.457000
2.234000
9.848000
0.000000
0.000000
3.275000
0.000000
1.438000
4.966000
5.020000
0.000000
6.270000
4.647000
0.000000
6.924000
2.474000
1.643000
0.000000
0.000000
0.000000
2.994000
0.550000
4.066000
1.374000
2.931000
0.000000
7.800000
5.524000
1.143000
0.000000
1.437000
2.799000
6.098000
0.995000
0.000000
10.063000
2.976000
5.426000
0.000000
1.832000
3.532000
2.574000
2.290000
0.016000
3.287000
7.167000
0.000000
6.193000
0.000000
0.000000
7.493000
2.556000
0.000000
1.728000
0.255000
6.925000
1.535000
5.431000
5.446000
5.713000
1.880000
2.163000
12.779000
0.000000
2.447000
4.340000
8.486000
1.447000
1.896000
10.809000
0.293000
0.000000
4.492000
6.261000
7.441000
0.000000
0.836000
3.186000
3.818000
2.645000
0.000000
3.184000
1.275000
9.878000
0.368000
3.888000
9.010000
0.960000
5.909000
6.147000
7.925000
8.023000
3.513000
3.788000
0.000000
2.457000
9.058000
6.388000
1.760000
0.324000
2.317000
0.000000
0.320000
7.889000
0.000000
10.208000
0.000000
0.000000
7.870000
5.275000
13.156000
5.304000
0.279000
7.907000
5.631000
0.133000
10.141000
8.765000
2.458000
3.215000
0.911000
1.500000
4.087000
2.656000
4.296000
2.012000
0.000000
6.993000
1.313000
3.521000
0.000000
1.082000
11.699000
0.000000
0.000000
0.000000
6.343000
3.090000
1.217000
5.219000
4.675000
5.581000
5.459000
1.750000
2.854000
14.824000
11.188000
0.000000
5.898000
0.000000
5.070000
1.558000
0.000000
0.000000
5.286000
3.815000
0.000000
14.338000
0.000000
6.973000
6.416000
7.217000
4.029000
2.110000
0.000000
1.413000
0.000000
7.861000
9.441000
4.084000
4.212000
2.763000
6.990000
7.604000
0.869000
5.293000
6.214000
2.436000
1.666000
2.616000
0.356000
3.514000
4.934000
2.777000
3.658000
0.000000
5.367000
0.000000
2.931000
8.365000
1.261000
5.248000
5.485000
0.310000
8.855000
2.012000
0.000000
1.900000
8.542000
0.000000
4.851000
2.174000
2.211000
0.129000
7.133000
11.055000
11.938000
3.106000
7.267000
1.712000
0.216000
0.000000
1.629000
0.000000
0.410000
0.364000
5.548000
9.822000
1.135000
1.678000
2.246000
5.021000
1.736000
5.545000
0.000000
9.100000
6.389000
4.848000
3.339000
5.019000
7.967000
3.073000
3.722000
2.825000
10.292000
1.950000
2.667000
3.212000
7.020000
7.764000
7.408000
10.697000
1.176000
9.926000
1.441000
8.292000
5.445000
3.433000
1.438000
10.891000
1.027000
2.038000
5.796000
4.528000
0.000000
1.283000
5.927000
5.152000
2.258000
0.484000
0.000000
4.155000
2.300000
6.490000
0.000000
0.000000
5.881000
5.408000
8.155000
0.573000
8.367000
2.486000
7.746000
2.773000
0.663000
2.363000
2.203000
6.196000
2.637000
1.874000
6.181000
2.941000
13.525000
0.214000
0.943000
9.990000
5.396000
18.036000
7.411000
5.140000
1.057000
1.709000
1.055000
2.452000
2.630000
1.177000
7.896000
2.905000
8.091000
9.791000
2.239000
0.154000
3.990000
6.035000
0.000000
2.359000
6.346000
10.068000
4.399000
2.042000
7.091000
0.000000
0.069000
1.840000
1.892000
0.536000
3.882000
9.051000
0.000000
3.774000
4.049000
0.000000
2.166000
1.481000
12.783000
4.501000
3.884000
8.052000
3.725000
11.337000
7.995000
6.493000
10.445000
2.572000
3.724000
4.666000
4.456000
3.663000
7.642000
4.784000
6.020000
7.950000
5.895000
1.170000
0.000000
9.775000
0.000000
0.337000
0.095000
3.347000
5.984000
7.233000
3.628000
10.149000
8.745000
9.376000
9.170000
4.533000
12.715000
8.312000
2.583000
0.000000
8.974000
0.000000
0.000000
5.682000
0.000000
6.073000
9.081000
9.088000
6.447000
3.587000
1.714000
7.499000
10.094000
9.023000
6.934000
3.148000
4.930000
2.611000
10.928000
2.056000
0.000000
0.000000
5.108000
0.000000
6.144000
5.258000
2.235000
1.477000
1.787000
3.912000
9.534000
5.665000
6.921000
7.469000
0.000000
7.908000
5.341000
8.753000
3.926000
0.157000
5.233000
5.374000
11.065000
2.583000
2.236000
9.190000
2.393000
2.342000
0.000000
6.492000
7.954000
5.490000
4.054000
1.429000
2.591000
6.854000
8.616000
4.125000
0.000000
6.928000
7.978000
7.074000
3.561000
4.378000
1.266000
6.520000
4.224000
3.676000
0.000000
2.420000
3.599000
5.621000
3.212000
11.372000
9.352000
4.755000
12.298000
2.363000
3.261000
3.740000
3.296000
1.620000
0.326000
5.484000
9.712000
6.817000
5.757000
2.204000
2.636000
2.361000
3.044000
0.000000
5.254000
6.308000
3.014000
1.582000
5.754000
1.412000
6.363000
7.486000
10.057000
8.075000
6.827000
6.325000
5.057000
6.704000
4.552000
8.565000
0.696000
1.911000
3.750000
4.624000
2.610000
6.281000
0.426000
7.013000
0.000000
7.578000
4.725000
4.678000
4.686000
4.717000
5.168000
6.186000
8.858000
9.875000
6.095000
0.957000
2.771000
1.540000
7.754000
3.609000
10.079000
0.000000
5.680000
7.325000
3.298000
0.000000
6.896000
1.737000
4.880000
3.746000
17.563000
8.281000
9.799000
0.000000
1.247000
5.875000
7.868000
10.703000
9.707000
4.740000
3.692000
7.992000
0.011000
4.294000
2.885000
8.810000
6.984000
6.347000
3.585000
0.545000
3.305000
8.090000
8.335000
6.995000
4.915000
0.000000
2.537000
7.126000
5.162000
9.188000
10.908000
5.525000
4.572000
9.115000
5.584000
2.464000
5.306000
4.083000
0.000000
5.051000
6.357000
2.589000
8.939000
6.458000
0.939000
7.152000
5.447000
2.156000
2.518000
5.789000
3.647000
9.055000
6.057000
1.801000
9.664000
6.391000
1.951000
0.582000
5.225000
2.389000
0.000000
5.713000
3.300000
8.055000
8.436000
3.350000
6.904000
9.583000
4.673000
6.939000
3.255000
0.000000
5.878000
4.344000
3.386000
8.723000
8.232000
4.797000
1.419000
9.035000
8.967000
5.897000
5.685000
6.127000
3.562000
0.773000
11.570000
2.181000
6.784000
6.605000
8.873000
6.558000
2.792000
9.596000
0.000000
0.000000
2.417000
2.127000
2.903000
4.731000
5.495000
1.669000
3.091000
16.687000
3.113000
5.729000
3.992000
4.690000
13.135000
0.000000
7.129000
3.112000
2.464000
0.000000
9.776000
5.665000
3.751000
2.090000
7.030000
3.849000
10.454000
0.802000
3.986000
0.000000
6.858000
9.433000
0.000000
9.671000
2.851000
3.236000
6.444000
1.005000
1.994000
0.000000
9.071000
12.708000
9.512000
5.761000
8.536000
3.191000
4.904000
2.737000
4.219000
1.294000
9.114000
6.071000
6.481000
3.142000
0.695000
3.556000
8.674000
5.146000
0.705000
9.819000
1.670000
5.062000
0.913000
3.595000
2.805000
5.348000
3.807000
2.663000
4.540000
0.327000
12.218000
6.421000
0.902000
1.717000
0.094000
6.801000
9.237000
0.298000
8.579000
1.185000
14.529000
5.003000
2.079000
10.250000
5.007000
7.250000
0.680000
5.977000
7.893000
2.516000
7.837000
1.443000
4.985000
8.583000
5.139000
5.082000
7.799000
7.224000
2.681000
2.059000
8.010000
12.623000
7.848000
3.261000
0.344000
12.879000
2.468000
7.391000
6.619000
12.898000
6.602000
2.992000
8.842000
11.307000
4.917000
4.675000
0.849000
2.766000
9.352000
5.288000
6.659000
11.479000
6.463000
10.782000
2.994000
3.210000
4.533000
1.110000
5.961000
1.082000
10.894000
7.015000
4.658000
11.415000
10.914000
4.635000
0.000000
7.768000
4.507000
7.447000
2.000000
7.235000
7.068000
8.119000
10.880000
3.127000
2.449000
10.710000
7.607000
6.702000
5.413000
3.499000
2.441000
8.987000
3.129000
1.218000
10.330000
4.801000
1.944000
3.235000
5.033000
3.992000
3.332000
2.488000
0.000000
0.000000
0.963000
6.374000
4.898000
0.081000
5.803000
11.187000
2.892000
4.080000
7.434000
12.817000
7.949000
0.915000
4.854000
2.126000
3.465000
2.312000
3.526000
0.000000
2.551000
3.150000
0.232000
5.653000
5.005000
0.000000
1.145000
4.839000
2.984000
6.128000
0.000000
5.993000
4.840000
8.672000
4.353000
2.968000
4.511000
6.202000
2.114000
2.128000
3.824000
5.837000
3.593000
6.551000
5.554000
2.771000
4.011000
4.100000
0.086000
3.976000
5.767000
5.275000
7.247000
6.902000
1.664000
1.115000
4.645000
3.868000
4.401000
0.201000
2.130000
7.044000
6.415000
0.099000
6.549000
5.443000
5.554000
1.338000
4.480000
0.518000
10.666000
1.201000
4.918000
1.478000
0.000000
2.479000
11.127000
4.783000
4.793000
1.429000
2.205000
0.000000
2.185000
2.409000
3.166000
2.623000
9.140000
5.626000
5.574000
1.780000
2.288000
5.548000
1.531000
3.723000
0.000000
2.413000
6.762000
7.631000
0.845000
4.376000
4.041000
0.000000
3.645000
0.000000
2.255000
6.204000
8.375000
0.000000
5.381000
3.252000
6.738000
2.516000
1.173000
3.277000
3.284000
8.214000
0.000000
9.035000
0.931000
5.841000
2.767000
9.344000
6.480000
4.062000
1.503000
3.550000
0.000000
1.655000
4.242000
2.326000
4.712000
6.139000
0.957000
6.786000
7.859000
0.000000
10.549000
8.671000
1.440000
8.100000
0.000000
8.537000
3.631000
1.811000
7.686000
6.116000
0.390000
7.142000
4.341000
7.498000
8.613000
12.884000
13.927000
0.000000
4.055000
7.801000
5.913000
3.062000
1.852000
3.252000
1.240000
6.800000
0.000000
6.651000
4.912000
4.094000
6.467000
4.412000
0.000000
3.312000
0.000000
7.949000
0.659000
0.816000
4.644000
2.435000
3.258000
6.702000
4.464000
0.000000
3.834000
2.706000
5.298000
6.994000
4.129000
9.429000
1.560000
1.273000
12.378000
0.504000
8.405000
4.814000
11.025000
1.815000
4.467000
7.275000
4.080000
0.171000
2.293000
5.135000
6.839000
0.000000
1.609000
0.866000
7.363000
1.923000
7.565000
0.000000
10.865000
5.224000
6.553000
3.601000
1.967000
0.723000
3.075000
7.335000
4.314000
4.507000
7.352000
7.322000
0.000000
3.035000
2.913000
0.000000
2.345000
5.049000
4.729000
4.232000
1.563000
2.447000
5.884000
2.247000
6.249000
7.292000
5.498000
0.138000
2.439000
4.127000
4.869000
9.060000
0.900000
0.461000
9.658000
4.272000
8.046000
0.000000
4.155000
5.775000
0.000000
1.077000
3.110000
1.447000
2.851000
5.420000
0.000000
7.973000
1.955000
4.455000
1.645000
2.579000
2.947000
1.033000
0.034000
0.000000
5.772000
4.764000
4.339000
8.241000
6.990000
2.168000
0.000000
3.857000
0.000000
0.000000
4.730000
3.031000
1.119000
7.231000
1.378000
3.122000
3.953000
4.254000
2.991000
1.945000
5.425000
4.149000
3.907000
0.000000
0.306000
2.202000
4.117000
0.000000
6.311000
5.397000
9.316000
6.417000
8.960000
3.008000
2.467000
2.955000
0.000000
3.107000
1.430000
5.212000
8.209000
4.296000
7.266000
7.431000
4.341000
4.591000
6.233000
4.122000
2.263000
2.589000
7.382000
0.000000
3.544000
3.254000
5.129000
12.179000
1.898000
2.638000
3.539000
0.000000
1.190000
8.341000
1.765000
0.000000
4.721000
3.895000
10.273000
4.878000
10.320000
5.355000
4.277000
6.210000
5.425000
4.697000
10.194000
0.000000
6.245000
2.469000
7.816000
6.967000
1.658000
10.263000
10.817000
2.348000
5.347000
1.047000
2.562000
10.186000
5.889000
1.627000
6.607000
5.040000
0.000000
4.259000
9.921000
4.254000
13.445000
8.817000
0.000000
0.000000
4.392000
6.341000
7.435000
5.251000
7.517000
0.399000
7.636000
0.000000
1.381000
1.227000
3.054000
2.730000
0.197000
0.000000
0.000000
4.772000
6.658000
8.414000
4.514000
6.089000
0.000000
2.274000
2.670000
6.271000
6.956000
8.172000
13.652000
6.060000
3.520000
4.475000
4.131000
0.000000
7.760000
4.679000
3.217000
8.008000
6.931000
0.511000
0.000000
3.196000
11.243000
0.120000
3.556000
6.007000
5.283000
4.718000
4.954000
3.520000
7.500000
8.672000
0.000000
4.990000
0.000000
8.594000
0.000000
3.035000
5.985000
0.000000
10.747000
0.000000
0.000000
0.000000
0.000000
4.539000
2.939000
1.597000
3.297000
6.133000
2.033000
0.000000
1.446000
4.185000
0.000000
0.000000
5.657000
4.378000
1.000000
4.109000
10.403000
0.000000
3.424000
2.272000
9.428000
6.265000
5.436000
5.314000
0.000000
0.000000
0.000000
0.742000
1.192000
0.000000
0.226000
5.822000
2.355000
9.713000
2.558000
6.542000
7.044000
5.456000
0.000000
8.511000
0.000000
3.944000
0.000000
1.927000
0.000000
8.744000
6.603000
0.000000
7.183000
2.530000
0.000000
2.169000
0.465000
2.036000
3.287000
0.000000
0.000000
15.412000
0.000000
1.520000
1.034000
2.916000
0.000000
6.042000
4.866000
3.927000
2.923000
2.493000
3.539000
5.458000
0.394000
7.174000
0.000000
5.552000
0.000000
1.362000
3.364000
6.539000
1.776000
0.000000
0.875000
5.947000
15.088000
0.000000
0.000000
0.000000
0.000000
1.619000
2.519000
0.000000
2.812000
2.850000
4.248000
3.176000
0.708000
6.405000
2.542000
2.777000
2.352000
2.931000
0.000000
1.266000
3.159000
0.964000
0.000000
9.393000
7.509000
2.721000
0.000000
2.973000
0.000000
0.000000
1.474000
3.922000
0.000000
1.607000
0.000000
3.779000
2.338000
2.222000
0.000000
2.931000
5.371000
6.029000
0.674000
0.000000
1.115000
10.769000
1.156000
0.497000
7.913000
3.917000
1.625000
3.556000
2.084000
0.000000
7.125000
1.197000
0.000000
11.336000
5.779000
3.966000
9.185000
2.093000
3.613000
0.000000
3.438000
4.125000
0.000000
6.386000
0.000000
4.956000
2.511000
2.523000
3.289000
6.094000
0.448000
5.711000
0.000000
6.205000
8.798000
5.808000
3.006000
3.288000
1.621000
0.000000
3.261000
2.377000
11.487000
2.682000
5.664000
0.000000
6.083000
3.604000
5.611000
8.004000
5.095000
7.348000
0.000000
7.786000
7.043000
6.265000
0.000000
0.778000
1.813000
0.000000
2.100000
2.928000
0.000000
0.000000
7.010000
2.161000
0.000000
6.857000
1.610000
4.549000
3.961000
1.554000
0.830000
2.055000
3.477000
0.000000
1.068000
3.232000
4.540000
0.393000
10.611000
1.774000
6.255000
0.869000
0.103000
4.805000
1.260000
4.141000
10.238000
3.107000
2.219000
5.853000
0.981000
1.703000
6.259000
5.998000
7.482000
2.707000
4.290000
2.241000
0.000000
5.902000
3.988000
1.994000
5.012000
3.501000
13.110000
4.437000
5.720000
3.675000
2.967000
0.000000
0.366000
3.775000
3.401000
2.658000
2.048000
1.071000
0.000000
10.266000
8.033000
8.683000
5.915000
9.017000
2.402000
0.000000
0.000000
6.954000
4.686000
3.490000
0.537000
6.214000
3.416000
4.167000
7.929000
9.039000
5.214000
2.419000
0.450000
3.929000
3.253000
2.250000
0.000000
4.435000
0.419000
1.008000
11.742000
5.076000
6.564000
1.057000
1.519000
5.458000
7.257000
7.843000
2.241000
3.552000
3.954000
0.292000
8.592000
2.737000
11.039000
10.470000
5.179000
4.495000
5.018000
4.418000
8.498000
3.378000
2.627000
3.841000
1.608000
4.205000
0.000000
5.712000
9.602000
2.778000
2.227000
2.620000
5.830000
5.163000
10.223000
6.021000
0.000000
6.575000
0.044000
4.745000
0.494000
8.444000
3.080000
4.850000
5.910000
3.848000
3.066000
4.788000
2.958000
2.937000
8.351000
4.193000
4.609000
5.960000
0.000000
5.241000
4.355000
5.949000
7.496000
2.166000
2.926000
8.960000
6.088000
8.302000
2.318000
5.298000
1.614000
5.470000
3.282000
5.993000
1.671000
4.649000
0.000000
8.685000
5.345000
0.665000
0.097000
4.738000
0.000000
8.493000
2.109000
0.000000
0.121000
2.597000
2.405000
5.552000
7.549000
0.833000
2.921000
7.535000
5.581000
3.352000
0.000000
0.657000
8.005000
0.000000
0.000000
2.893000
6.119000
3.222000
0.273000
6.524000
6.533000
0.000000
8.736000
7.140000
2.969000
0.000000
3.655000
5.201000
7.732000
1.216000
3.783000
0.948000
4.474000
0.928000
4.740000
0.000000
0.000000
2.832000
9.688000
5.838000
0.288000
0.824000
8.695000
0.000000
8.477000
4.362000
2.299000
8.587000
3.820000
2.152000
1.474000
0.000000
4.277000
0.000000
3.839000
0.413000
10.175000
2.114000
2.558000
1.152000
1.613000
2.860000
0.000000
2.370000
0.745000
3.321000
6.324000
7.691000
1.338000
0.000000
0.000000
5.492000
3.662000
2.754000
1.554000
2.077000
0.000000
5.331000
0.944000
7.088000
0.000000
3.311000
0.000000
4.119000
2.984000
0.194000
5.961000
1.929000
5.164000
0.000000
4.703000
5.205000
4.438000
0.000000
6.263000
0.440000
1.230000
2.698000
0.140000
0.000000
10.630000
5.319000
3.514000
1.922000
11.952000
0.673000
1.453000
0.000000
1.602000
0.000000
4.417000
12.032000
0.000000
5.070000
0.000000
0.441000
5.204000
2.079000
0.000000
1.315000
5.379000
0.958000
0.000000
0.000000
0.000000
0.957000
3.088000
1.812000
2.105000
0.000000
3.892000
0.000000
1.139000
0.000000
2.906000
0.000000
13.633000
1.873000
14.501000
3.726000
2.798000
0.000000
4.493000
4.576000
1.890000
0.000000
3.988000
3.376000
4.623000
5.960000
0.000000
0.386000
0.000000
0.000000
7.306000
4.264000
0.000000
0.000000
0.000000
0.000000
0.339000
2.545000
0.000000
2.646000
6.072000
0.806000
7.127000
4.321000
0.000000
1.178000
2.244000
1.860000
0.000000
4.217000
5.161000
0.000000
2.249000
2.647000
3.453000
3.205000
0.000000
0.000000
1.876000
4.273000
0.000000
0.000000
3.435000
0.000000
0.000000
3.808000
5.465000
4.482000
0.072000
0.000000
4.250000
8.530000
0.000000
1.411000
3.647000
5.096000
7.097000
0.000000
5.421000
4.496000
7.541000
4.427000
5.039000
0.000000
2.001000
0.000000
2.203000
4.617000
0.000000
0.000000
4.696000
0.000000
0.921000
0.956000
4.391000
3.544000
2.603000
1.119000
6.238000
0.000000
0.000000
0.000000
9.378000
2.922000
0.000000
0.000000
8.220000
4.459000
1.493000
0.220000
0.000000
3.807000
0.000000
1.008000
4.273000
4.368000
0.000000
0.000000
5.723000
0.000000
3.007000
4.637000
1.181000
0.649000
1.456000
2.479000
1.352000
3.020000
0.596000
5.429000
5.087000
0.658000
0.000000
0.526000
0.000000
0.000000
0.176000
0.265000
3.540000
2.769000
0.944000
6.149000
2.625000
2.001000
0.000000
2.185000
1.829000
2.674000
2.321000
0.063000
2.066000
2.701000
0.000000
6.199000
3.346000
1.697000
0.510000
0.000000
1.638000
9.322000
2.216000
3.318000
5.419000
0.541000
0.000000
3.921000
10.463000
0.000000
6.609000
2.202000
0.000000
0.000000
2.863000
0.000000
0.000000
0.000000
6.176000
1.341000
3.710000
5.175000
0.487000
4.971000
1.012000
0.000000
3.551000
2.587000
1.737000
4.529000
0.000000
3.313000
4.120000
0.000000
0.000000
0.998000
2.835000
1.589000
0.434000
1.193000
0.000000
1.447000
0.168000
0.000000
7.350000
2.281000
0.817000
5.593000
0.000000
0.000000
4.346000
0.000000
2.356000
0.267000
0.000000
0.011000
0.000000
4.788000
0.201000
0.000000
1.336000
0.000000
2.979000
0.000000
3.829000
0.000000
7.379000
5.039000
2.766000
6.956000
5.714000
3.157000
7.383000
1.172000
0.000000
2.194000
1.923000
8.779000
3.121000
3.567000
0.000000
3.403000
0.000000
5.301000
8.538000
0.993000
2.395000
3.122000
0.000000
4.641000
3.082000
1.235000
1.279000
3.062000
8.036000
0.000000
5.656000
3.102000
0.167000
5.332000
3.891000
0.156000
5.902000
6.617000
5.737000
5.519000
2.142000
0.915000
10.578000
0.000000
0.000000
2.810000
4.835000
3.040000
8.888000
1.726000
2.714000
0.000000
5.902000
5.743000
8.445000
0.000000
1.858000
1.097000
1.781000
5.600000
3.979000
7.820000
0.000000
0.853000
1.494000
0.000000
0.943000
1.668000
3.473000
9.355000
0.000000
0.000000
0.285000
0.000000
0.000000
0.000000
3.191000
7.431000
0.167000
0.000000
3.958000
6.077000
1.486000
0.757000
0.000000
0.000000
3.024000
7.114000
2.650000
9.085000
3.546000
3.882000
1.461000
0.000000
0.000000
7.833000
5.407000
0.000000
6.157000
1.677000
4.142000
0.557000
1.170000
0.786000
0.000000
1.102000
2.243000
3.894000
0.833000
4.532000
2.004000
0.000000
4.727000
0.780000
1.844000
1.927000
5.539000
3.875000
1.437000
4.834000
0.556000
0.000000
0.000000
3.788000
7.940000
0.000000
0.000000
0.000000
0.868000
0.390000
0.000000
0.905000
2.034000
3.432000
0.000000
3.630000
0.000000
0.000000
3.449000
0.000000
0.000000
0.000000
0.000000
8.337000
0.863000
3.713000
0.000000
0.000000
0.802000
8.957000
4.244000
4.795000
3.772000
1.125000
5.305000
0.000000
6.620000
2.310000
6.590000
6.623000
4.537000
12.004000
1.760000
0.725000
6.769000
4.459000
0.251000
11.339000
1.780000
9.385000
0.000000
3.261000
0.000000
3.128000
0.000000
3.840000
0.000000
0.000000
3.426000
10.961000
3.973000
0.000000
4.003000
3.669000
0.000000
7.404000
7.216000
1.782000
0.000000
0.277000
0.000000
4.441000
3.647000
0.000000
0.753000
2.402000
0.000000
0.000000
6.184000
3.207000
2.013000
3.528000
4.454000
0.000000
1.995000
0.000000
0.974000
0.000000
0.000000
0.000000
2.810000
1.428000
1.085000
7.617000
0.951000
6.582000
1.855000
0.000000
3.638000
0.861000
4.394000
3.971000
0.025000
3.876000
4.960000
0.000000
2.709000
0.000000
8.326000
2.607000
0.535000
6.908000
6.666000
4.439000
8.955000
2.835000
2.203000
3.955000
0.606000
0.000000
0.000000
0.000000
2.290000
3.019000
4.539000
5.184000
2.064000
0.799000
0.661000
1.671000
3.296000
0.000000
6.178000
0.000000
2.544000
3.391000
2.414000
1.766000
0.000000
5.078000
0.000000
2.989000
2.859000
4.938000
0.000000
3.620000
3.889000
1.511000
3.716000
0.539000
1.153000
0.246000
6.570000
7.436000
3.059000
0.330000
2.529000
4.027000
1.448000
3.733000
1.898000
0.000000
0.000000
5.471000
4.824000
4.240000
7.687000
5.402000
0.000000
1.338000
0.017000
6.076000
2.802000
0.000000
3.199000
0.000000
3.992000
2.563000
4.750000
0.000000
4.108000
1.851000
0.000000
0.000000
0.000000
7.418000
0.575000
2.241000
6.526000
0.975000
3.016000
0.000000
3.427000
2.076000
2.811000
4.638000
3.708000
1.438000
2.961000
2.500000
3.654000
0.000000
4.793000
3.869000
0.000000
0.000000
0.132000
0.000000
0.000000
2.845000
0.684000
0.000000
0.000000
3.674000
0.000000
2.879000
4.395000
5.877000
1.900000
0.693000
3.925000
0.000000
3.450000
0.374000
5.352000
6.566000
1.809000
4.684000
3.037000
0.471000
1.659000
0.782000
0.379000
0.399000
0.000000
5.364000
0.000000
2.889000
2.765000
2.820000
5.010000
0.000000
0.000000
1.532000
1.944000
2.599000
4.305000
3.347000
1.665000
0.000000
0.000000
4.017000
1.552000
6.528000
1.259000
4.048000
1.920000
5.560000
1.208000
0.000000
0.000000
1.014000
2.012000
0.000000
0.000000
0.000000
4.951000
0.000000
1.952000
4.434000
0.000000
0.000000
0.000000
0.000000
2.103000
0.244000
0.000000
0.000000
0.000000
4.397000
1.857000
2.219000
0.000000
1.787000
0.000000
1.456000
2.067000
2.709000
4.960000
0.000000
0.000000
0.000000
0.000000
0.000000
0.000000
3.789000
2.091000
0.000000
0.000000
0.616000
0.628000
1.707000
3.257000
0.934000
0.090000
1.284000
0.000000
4.383000
0.508000
1.264000
0.000000
2.259000
1.966000
0.000000
0.000000
0.937000
0.820000
0.000000
4.113000
0.059000
2.759000
0.000000
0.000000
2.921000
0.000000
2.525000
0.000000
0.270000
1.088000
0.000000
0.000000
4.633000
0.754000
0.000000
0.000000
0.000000
0.000000
8.385000
0.000000
0.000000
2.784000
0.000000
1.714000
0.000000
0.000000
0.000000
0.000000
0.000000
4.435000
0.000000
6.236000
0.000000
2.016000
0.760000
0.000000
5.107000
0.301000
0.927000
3.412000
0.000000
0.000000
4.883000
0.000000
5.094000
0.000000
4.208000
0.000000
0.439000
0.000000
0.000000
2.339000
1.606000
0.499000
0.000000
0.000000
0.000000
3.704000
0.000000
0.575000
0.746000
2.771000
0.000000
0.000000
1.802000
0.184000
2.775000
0.930000
3.407000
2.962000
0.000000
0.000000
0.000000
0.000000
0.000000
3.480000
2.542000
0.000000
0.000000
0.000000
2.965000
0.495000
0.000000
2.760000
1.790000
0.000000
1.344000
4.339000
8.208000
0.000000
2.781000
4.337000
0.000000
0.000000
1.280000
3.930000
0.039000
0.000000
0.600000
2.040000
0.949000
3.284000
0.000000
0.000000
0.000000
0.000000
1.295000
0.000000
0.000000
0.000000
5.800000
0.000000
2.970000
0.000000
0.000000
1.575000
0.539000
0.135000
0.000000
5.513000
1.931000
0.000000
2.061000
3.451000
0.000000
3.827000
2.895000
2.271000
1.852000
3.365000
2.516000
1.172000
0.000000
4.250000
0.610000
0.639000
0.000000
0.000000
1.708000
2.129000
2.741000
4.350000
0.539000
1.711000
0.000000
1.829000
2.658000
2.301000
2.294000
2.057000
0.000000
0.000000
0.000000
2.379000
5.584000
0.000000
2.653000
5.318000
0.000000
1.003000
3.932000
3.117000
2.593000
0.209000
0.000000
0.640000
0.000000
0.000000
1.671000
0.000000
4.454000
0.000000
1.386000
0.000000
4.666000
0.000000
0.000000
2.014000
2.261000
2.314000
4.708000
0.714000
2.381000
0.939000
2.095000
0.645000
3.133000
1.002000
0.000000
0.000000
0.079000
0.000000
0.091000
1.705000
0.000000
0.000000
0.994000
0.000000
0.508000
1.101000
5.988000
2.981000
1.458000
0.000000
0.000000
0.000000
0.399000
0.502000
1.590000
1.788000
2.091000
0.394000
2.606000
0.000000
0.000000
0.000000
1.709000
0.000000
2.193000
0.452000
0.000000
1.786000
0.000000
0.000000
0.000000
0.605000
0.967000
4.352000
3.699000
0.000000
0.000000
2.209000
2.743000
0.000000
2.203000
1.363000
3.097000
0.449000
0.939000
0.000000
4.000000
1.518000
0.000000
1.306000
0.000000
0.000000
0.000000
0.854000
1.612000
2.200000
0.000000
0.000000
0.594000
0.635000
1.105000
0.000000
0.000000
0.273000
4.225000
1.674000
7.025000
6.409000
0.000000
0.000000
0.958000
0.000000
3.877000
0.000000
2.582000
0.000000
0.822000
0.000000
0.000000
2.489000
0.000000
0.000000
0.233000
4.125000
0.000000
1.768000
0.607000
1.032000
2.287000
3.918000
0.049000
2.976000
0.180000
3.582000
1.729000
0.000000
0.845000
2.956000
2.382000
0.000000
2.622000
0.000000
0.000000
0.000000
2.134000
1.747000
0.312000
1.143000
3.588000
0.000000
1.102000
0.000000
0.000000
0.000000
0.250000
1.302000
0.000000
0.492000
0.000000
0.319000
0.000000
0.000000
0.963000
0.000000
2.743000
0.000000
0.000000
1.756000
0.810000
0.414000
1.158000
1.301000
0.000000
0.000000
0.000000
0.007000
0.000000
0.000000
0.000000
4.005000
0.000000
0.000000
2.401000
0.000000
0.507000
1.335000
4.191000
0.181000
1.298000
1.466000
0.000000
0.000000
0.410000
4.621000
0.000000
0.000000
0.000000
0.000000
2.906000
0.115000
0.000000
2.476000
0.000000
2.486000
3.832000
0.000000
0.489000
1.929000
1.280000
0.000000
0.000000
0.756000
3.216000
2.047000
0.661000
0.632000
1.103000
1.460000
1.785000
0.000000
1.797000
1.148000
0.000000
0.000000
0.740000
4.408000
1.870000
0.765000
0.000000
0.000000
0.918000
1.313000
3.176000
0.000000
1.747000
1.810000
0.000000
0.664000
2.846000
0.686000
0.000000
1.797000
2.736000
2.205000
1.060000
0.054000
1.528000
0.000000
2.094000
0.000000
0.355000
0.277000
4.984000
0.000000
0.572000
1.494000
2.605000
4.994000
1.516000
0.000000
2.143000
0.000000
3.452000
0.000000
2.314000
0.000000
0.000000
2.005000
0.564000
2.123000
0.621000
1.602000
2.810000
0.000000
0.000000
0.798000
0.000000
1.588000
0.000000
0.057000
3.025000
1.553000
0.829000
0.042000
0.965000
3.163000
0.000000
1.062000
0.810000
2.200000
0.006000
0.000000
1.330000
0.363000
1.713000
3.174000
1.939000
1.999000
0.000000
7.447000
3.866000
0.000000
2.707000
2.990000
2.602000
0.284000
0.000000
3.538000
3.259000
0.000000
0.330000
0.046000
2.850000
2.573000
1.638000
4.113000
1.537000
0.784000
2.362000
0.000000
1.737000
1.256000
0.184000
0.000000
1.781000
0.000000
3.036000
2.521000
1.574000
3.159000
1.802000
0.816000
0.000000
0.000000
2.921000
1.040000
0.058000
0.000000
3.582000
2.954000
4.674000
0.000000
1.408000
1.218000
0.239000
0.000000
0.000000
3.834000
0.000000
2.643000
3.930000
0.000000
0.803000
3.893000
0.000000
2.798000
0.000000
0.000000
0.895000
0.000000
0.972000
0.000000
1.242000
2.245000
0.000000
3.367000
1.127000
0.000000
3.047000
0.166000
0.056000
1.324000
3.514000
0.000000
7.882000
2.238000
1.808000
0.000000
1.049000
0.120000
2.620000
0.429000
0.000000
1.275000
0.000000
0.000000
0.000000
1.347000
0.000000
0.644000
0.000000
1.538000
0.000000
1.565000
1.246000
2.337000
0.838000
1.499000
0.000000
0.000000
0.000000
1.008000
2.691000
0.000000
0.000000
0.000000
2.600000
0.000000
1.231000
0.541000
3.369000
1.753000
1.109000
0.000000
3.045000
0.000000
0.000000
4.016000
4.305000
0.000000
0.000000
0.000000
0.000000
0.000000
0.216000
0.000000
0.000000
2.370000
0.000000
0.000000
0.000000
0.841000
1.334000
1.312000
2.507000
0.000000
1.043000
0.000000
0.885000
0.000000
0.086000
0.000000
5.011000
1.527000
2.781000
0.943000
0.000000
0.009000
1.261000
1.808000
4.199000
0.000000
0.000000
0.000000
0.907000
0.751000
1.081000
0.000000
0.000000
0.000000
3.154000
1.972000
0.000000
0.000000
0.581000
0.000000
0.991000
0.000000
0.559000
5.236000
1.179000
2.265000
0.000000
0.768000
1.049000
0.000000
5.040000
0.000000
0.000000
0.000000
0.000000
2.133000
1.912000
2.163000
0.411000
0.000000
1.748000
0.947000
1.345000
2.477000
1.173000
2.408000
0.000000
0.303000
2.638000
1.098000
0.000000
2.053000
0.000000
0.898000
0.114000
0.000000
0.042000
0.000000
1.208000
0.000000
0.000000
2.870000
7.511000
0.000000
1.809000
0.110000
2.467000
0.000000
1.632000
1.161000
0.000000
1.420000
1.030000
2.026000
0.422000
2.314000
0.000000
0.000000
3.514000
0.000000
0.000000
0.000000
0.000000
1.104000
1.543000
0.000000
1.092000
0.132000
2.297000
0.887000
3.779000
0.227000
0.000000
0.000000
0.000000
0.000000
0.000000
0.000000
0.979000
1.445000
0.000000
0.102000
0.300000
4.666000
7.028000
0.000000
1.260000
0.000000
1.210000
1.300000
0.000000
0.000000
0.000000
0.000000
0.000000
0.000000
2.082000
0.000000
0.000000
0.000000
0.000000
3.082000
0.000000
0.000000
4.554000
1.952000
0.817000
0.000000
1.062000
2.185000
0.000000
1.513000
1.096000
0.000000
1.392000
1.313000
1.056000
1.754000
0.000000
0.000000
0.000000
0.856000
0.000000
0.000000
0.000000
1.704000
0.990000
0.449000
0.881000
1.369000
0.600000
3.004000
1.244000
0.000000
1.015000
0.185000
0.000000
0.000000
0.000000
0.000000
0.000000
0.288000
0.423000
2.043000
0.000000
0.000000
0.881000
3.971000
4.450000
0.000000
0.000000
0.000000
0.843000
2.870000
1.731000
1.860000
0.000000
0.000000
0.000000
1.428000
0.000000
1.368000
0.000000
0.891000
0.000000
0.163000
1.842000
0.000000
0.072000
0.000000
0.000000
1.303000
0.000000
1.094000
1.700000
2.321000
1.117000
0.191000
0.233000
0.000000
0.226000
1.131000
0.000000
0.000000
0.431000
0.000000
0.000000
0.000000
1.093000
6.520000
5.898000
0.000000
0.000000
4.237000
0.000000
2.934000
5.094000
1.087000
0.336000
1.065000
2.220000
0.000000
0.000000
0.000000
0.000000
0.000000
0.000000
1.368000
0.074000
0.000000
0.399000
0.000000
6.331000
0.000000
1.003000
0.000000
0.000000
0.000000
1.708000
1.591000
2.866000
1.553000
2.015000
0.000000
0.076000
3.004000
1.463000
1.332000
0.000000
2.374000
0.000000
0.753000
0.000000
1.311000
0.000000
1.244000
2.848000
2.258000
0.000000
0.905000
0.070000
1.639000
0.016000
1.598000
0.000000
1.238000
2.004000
0.000000
0.000000
2.579000
0.000000
0.000000
0.000000
1.640000
3.347000
0.000000
0.000000
2.566000
0.732000
0.732000
1.102000
0.000000
0.000000
0.000000
0.628000
0.000000
2.924000
0.000000
0.032000
0.294000
0.080000
0.416000
0.000000
0.000000
0.000000
1.079000
1.152000
0.000000
1.638000
0.000000
0.502000
2.885000
1.232000
1.235000
2.780000
0.000000
0.478000
0.000000
1.876000
0.124000
0.536000
1.957000
0.095000
1.479000
3.338000
2.151000
0.000000
0.107000
2.714000
0.422000
1.535000
3.114000
0.000000
0.000000
1.770000
0.000000
0.000000
0.000000
1.119000
0.000000
2.586000
0.000000
0.000000
1.641000
1.980000
0.280000
0.000000
1.180000
1.847000
0.616000
0.000000
0.708000
1.087000
3.661000
6.104000
0.000000
0.000000
0.000000
2.008000
0.000000
0.000000
0.000000
0.000000
3.906000
5.858000
0.561000
0.000000
0.000000
3.112000
3.020000
0.000000
0.588000
0.792000
0.694000
1.561000
3.741000
0.198000
0.000000
0.000000
0.000000
2.731000
0.000000
0.000000
0.278000
0.000000
0.000000
0.000000
0.000000
0.000000
0.000000
0.000000
0.000000
0.000000
1.658000
0.000000
0.000000
0.000000
2.115000
0.000000
0.000000
0.000000
0.428000
0.000000
4.074000
0.659000
0.000000
0.000000
0.000000
0.000000
0.000000
0.000000
0.000000
1.221000
0.470000
0.000000
0.162000
0.000000
0.000000
2.718000
0.295000
0.000000
0.000000
0.336000
0.000000
0.942000
4.468000
0.000000
0.000000
0.000000
0.000000
2.532000
0.000000
0.593000
0.000000
2.354000
0.000000
0.000000
0.000000
0.000000
0.000000
0.195000
0.000000
0.111000
0.073000
0.183000
0.000000
0.433000
0.000000
0.000000
0.810000
0.000000
0.000000
2.932000
0.000000
0.243000
0.000000
0.634000
3.350000
1.089000
0.061000
0.505000
1.822000
0.000000
1.478000
0.000000
0.000000
1.374000
0.000000
1.609000
0.000000
0.398000
1.468000
0.000000
0.000000
0.446000
0.859000
0.446000
0.000000
0.000000
0.000000
0.000000
0.000000
2.576000
0.000000
0.000000
0.732000
0.132000
2.020000
3.807000
0.550000
2.772000
2.250000
0.926000
0.000000
1.038000
0.000000
0.000000
0.000000
1.703000
0.000000
0.478000
0.000000
0.664000
2.191000
0.000000
1.216000
4.405000
2.200000
4.877000
0.431000
1.864000
0.725000
1.050000
0.000000
0.000000
0.000000
0.000000
3.226000
1.492000
2.244000
0.053000
0.000000
0.000000
1.660000
1.595000
0.000000
2.817000
1.779000
1.260000
0.000000
0.000000
0.319000
2.678000
1.106000
0.000000
1.644000
0.407000
0.000000
0.000000
4.585000
0.000000
0.000000
0.000000
0.000000
0.613000
2.982000
0.349000
1.062000
4.957000
0.000000
0.964000
0.339000
0.365000
0.009000
0.000000
0.217000
0.806000
0.173000
0.631000
1.085000
0.000000
0.000000
2.071000
0.000000
0.000000
1.787000
0.104000
0.000000
1.541000
0.000000
0.369000
1.064000
0.000000
0.000000
0.016000
0.000000
0.000000
0.328000
0.952000
0.000000
1.890000
0.000000
0.844000
0.000000
0.000000
4.407000
2.200000
0.000000
2.666000
0.000000
0.000000
1.735000
0.000000
0.111000
0.727000
0.000000
0.895000
1.106000
2.424000
3.021000
0.780000
2.234000
2.420000
0.000000
1.597000
0.000000
0.000000
2.346000
1.228000
0.045000
0.000000
0.000000
0.000000
0.830000
0.000000
0.000000
1.142000
0.000000
0.287000
0.516000
1.835000
3.040000
0.000000
2.233000
0.000000
2.179000
0.116000
1.829000
0.000000
0.000000
0.000000
1.366000
1.044000
0.000000
0.000000
0.000000
0.000000
1.323000
0.000000
0.000000
0.000000
0.000000
0.000000
0.000000
0.000000
0.000000
0.000000
0.000000
1.691000
0.000000
0.000000
2.734000
0.977000
2.105000
0.000000
2.489000
0.000000
2.431000
0.000000
0.000000
2.453000
0.965000
2.394000
3.988000
3.504000
1.089000
3.708000
1.970000
3.084000
3.174000
1.666000
0.940000
0.000000
0.954000
3.200000
0.000000
1.703000
1.130000
1.057000
0.456000
1.957000
2.944000
0.000000
0.000000
1.187000
2.849000
1.660000
2.628000
2.933000
0.000000
0.704000
0.000000
0.000000
2.385000
0.000000
0.048000
0.704000
0.000000
0.000000
