16.831000
17.748000
15.911000
16.176000
14.265000
13.747000
15.781000
19.717000
14.674000
12.352000
17.203000
10.211000
13.138000
12.924000
18.077000
15.701000
17.937000
15.590000
15.157000
19.024000
18.233000
16.371000
12.856000
15.010000
13.508000
15.101000
20.527000
11.488000
15.131000
18.783000
17.213000
16.693000
12.946000
17.131000
16.191000
10.173000
16.320000
16.130000
16.643000
12.100000
19.773000
21.086000
19.733000
12.207000
17.964000
19.961000
16.696000
13.614000
12.635000
16.777000
15.532000
22.221000
14.892000
20.842000
13.214000
19.782000
19.236000
14.076000
12.798000
21.817000
21.009000
14.492000
11.716000
14.626000
16.411000
14.330000
15.976000
15.689000
14.046000
23.238000
16.983000
16.551000
21.165000
19.401000
16.762000
12.978000
17.561000
12.986000
18.416000
23.072000
19.955000
15.869000
8.048000
15.346000
19.911000
2.308000
10.768000
18.538000
9.900000
2.193000
6.264000
3.514000
7.911000
2.547000
7.733000
3.556000
4.969000
18.804000
5.497000
5.464000
7.178000
7.358000
5.050000
3.474000
5.741000
4.908000
17.556000
17.077000
1.369000
7.571000
5.784000
8.965000
9.733000
5.761000
5.054000
9.341000
0.729000
5.802000
22.843000
4.482000
5.036000
8.139000
4.845000
8.331000
4.715000
2.874000
4.377000
6.817000
5.514000
2.230000
9.040000
4.481000
9.088000
1.866000
1.010000
7.056000
9.349000
6.177000
4.291000
5.728000
5.174000
4.034000
8.346000
8.190000
3.105000
7.458000
12.406000
5.931000
6.552000
4.634000
4.533000
17.165000
8.756000
7.564000
6.530000
8.285000
5.228000
4.352000
7.010000
8.835000
5.891000
5.259000
3.775000
6.527000
7.677000
3.285000
10.117000
3.961000
3.321000
10.497000
6.278000
11.897000
4.655000
22.828000
3.510000
5.270000
8.692000
10.379000
4.593000
5.214000
3.544000
1.181000
5.597000
2.024000
10.397000
3.508000
12.392000
8.264000
8.901000
6.119000
7.615000
10.082000
5.281000
3.525000
5.052000
4.726000
11.481000
20.551000
2.766000
5.197000
6.261000
2.525000
6.733000
2.997000
7.153000
10.619000
5.348000
3.961000
4.645000
11.644000
2.215000
5.415000
8.315000
4.486000
8.318000
9.413000
1.475000
9.743000
11.748000
4.286000
7.778000
7.399000
2.897000
4.729000
13.630000
10.812000
6.845000
15.401000
5.405000
6.758000
7.553000
7.758000
0.617000
6.689000
5.123000
11.298000
18.736000
7.388000
5.700000
10.547000
10.297000
5.634000
19.667000
6.499000
4.113000
16.736000
3.493000
4.771000
2.758000
10.214000
16.934000
3.039000
13.819000
6.822000
5.860000
5.469000
9.990000
9.960000
14.317000
20.948000
5.939000
6.089000
4.141000
20.327000
11.642000
8.838000
5.833000
7.420000
9.997000
10.380000
6.924000
2.397000
0.000000
8.119000
5.499000
8.727000
8.810000
6.632000
2.943000
11.068000
5.626000
2.101000
6.570000
9.599000
10.996000
5.536000
12.327000
14.143000
6.886000
9.594000
12.315000
13.583000
6.949000
8.790000
12.112000
14.047000
3.977000
7.888000
21.869000
13.556000
4.296000
5.237000
18.748000
0.324000
4.898000
13.519000
7.730000
6.822000
6.099000
3.794000
2.416000
8.958000
1.150000
9.164000
13.836000
9.108000
1.610000
6.550000
6.752000
5.810000
3.486000
6.674000
6.540000
3.771000
16.793000
4.259000
9.168000
5.145000
7.180000
6.247000
3.280000
3.038000
11.479000
0.743000
4.340000
6.394000
8.123000
11.845000
1.934000
6.017000
11.342000
9.225000
0.000000
4.249000
8.485000
1.179000
7.616000
20.549000
3.193000
5.055000
2.363000
5.458000
11.322000
8.892000
7.847000
2.447000
2.713000
3.558000
3.563000
15.333000
9.352000
4.216000
9.806000
8.606000
7.247000
6.637000
5.596000
5.941000
7.228000
11.099000
6.514000
0.000000
5.596000
15.756000
2.390000
2.729000
1.984000
9.829000
10.456000
9.521000
5.875000
10.781000
5.729000
4.250000
4.399000
11.026000
11.313000
9.394000
0.000000
16.203000
11.621000
0.000000
1.419000
5.801000
9.172000
11.501000
3.077000
6.910000
7.971000
4.807000
8.561000
7.513000
9.064000
4.547000
9.300000
4.754000
5.920000
4.459000
8.092000
9.167000
9.890000
11.323000
4.859000
10.689000
3.791000
6.640000
6.578000
4.893000
6.590000
15.857000
9.190000
15.839000
7.237000
6.339000
9.313000
9.614000
6.134000
18.493000
6.435000
11.724000
12.030000
0.548000
4.200000
10.398000
6.380000
9.178000
17.094000
9.385000
6.232000
13.289000
4.854000
3.652000
12.164000
6.200000
0.543000
1.911000
11.807000
2.537000
8.978000
15.902000
6.109000
5.886000
7.281000
9.979000
5.587000
7.131000
10.083000
3.983000
1.515000
9.579000
10.094000
8.025000
16.120000
12.875000
4.883000
14.654000
6.185000
11.196000
6.657000
19.053000
3.221000
11.536000
8.236000
9.209000
9.164000
2.611000
7.254000
5.270000
12.315000
9.933000
11.542000
4.223000
14.496000
10.921000
12.085000
10.113000
14.789000
4.159000
5.925000
11.572000
4.545000
10.622000
7.752000
6.323000
7.758000
6.719000
12.320000
9.594000
7.102000
10.078000
10.216000
3.235000
13.218000
0.622000
15.436000
9.497000
14.626000
12.910000
13.396000
7.817000
3.952000
11.727000
11.929000
9.699000
7.972000
10.350000
5.806000
13.354000
9.287000
12.522000
10.465000
9.054000
10.563000
0.299000
7.991000
12.796000
12.941000
19.971000
11.227000
13.004000
10.652000
14.998000
9.016000
16.725000
5.532000
7.937000
12.083000
13.578000
7.809000
14.592000
5.615000
20.334000
7.000000
2.410000
10.655000
7.325000
10.558000
9.797000
12.346000
7.778000
8.764000
17.594000
7.859000
14.375000
6.663000
5.894000
0.140000
14.361000
7.731000
9.739000
9.315000
3.863000
6.879000
12.113000
12.656000
9.728000
10.455000
13.992000
10.907000
6.506000
4.909000
11.368000
5.148000
9.722000
12.447000
10.653000
11.160000
11.070000
10.238000
10.544000
7.791000
11.645000
9.967000
9.184000
11.087000
17.022000
13.646000
13.883000
9.458000
10.656000
9.282000
15.982000
10.132000
3.597000
11.015000
10.526000
5.576000
14.799000
9.549000
7.720000
12.271000
9.929000
11.043000
9.984000
12.512000
13.290000
10.020000
14.304000
5.521000
7.950000
11.776000
12.802000
12.609000
4.532000
12.230000
12.050000
10.031000
6.946000
9.236000
10.119000
14.734000
17.214000
10.801000
11.674000
6.159000
10.709000
8.939000
13.049000
9.958000
8.296000
8.755000
6.803000
9.717000
11.265000
7.636000
12.340000
10.067000
9.904000
11.394000
7.406000
10.555000
5.102000
12.189000
9.843000
9.947000
7.124000
10.228000
11.238000
10.044000
11.547000
6.141000
5.901000
8.829000
4.059000
17.184000
5.571000
8.146000
12.115000
13.135000
4.751000
9.273000
10.718000
14.770000
13.511000
10.211000
10.353000
12.353000
8.760000
11.366000
11.192000
16.093000
6.510000
9.647000
13.301000
13.177000
13.831000
11.428000
9.429000
7.764000
6.479000
12.150000
7.419000
11.348000
13.657000
12.348000
13.770000
7.564000
8.521000
11.237000
10.561000
8.999000
12.930000
17.264000
12.233000
8.608000
8.681000
9.134000
8.387000
5.431000
5.066000
5.154000
9.723000
3.920000
9.372000
10.053000
11.903000
5.182000
6.188000
12.397000
11.748000
13.206000
9.123000
6.064000
10.806000
13.066000
12.314000
9.653000
15.804000
13.731000
4.013000
12.385000
14.330000
4.588000
12.491000
12.188000
7.562000
10.913000
11.944000
6.646000
10.512000
6.791000
12.447000
9.242000
10.432000
10.657000
9.306000
6.531000
5.468000
12.030000
12.921000
15.478000
10.683000
14.963000
13.451000
10.232000
10.868000
4.095000
10.474000
14.604000
11.817000
4.090000
8.641000
9.735000
7.468000
11.484000
6.051000
11.158000
14.614000
13.027000
9.801000
11.817000
10.045000
9.052000
5.300000
5.308000
3.278000
3.484000
6.059000
9.329000
7.291000
10.535000
12.188000
4.298000
5.520000
13.506000
14.513000
14.126000
9.973000
11.298000
9.174000
8.140000
11.645000
10.658000
8.790000
12.379000
11.757000
6.054000
10.583000
6.047000
9.435000
9.272000
7.805000
11.547000
9.567000
11.008000
12.360000
10.751000
7.748000
12.664000
14.156000
13.380000
4.496000
8.853000
17.045000
7.370000
7.482000
5.526000
13.018000
15.756000
13.233000
8.259000
7.875000
14.062000
5.494000
7.364000
12.202000
10.878000
9.427000
10.240000
10.983000
7.833000
11.978000
16.383000
5.720000
13.168000
7.503000
6.014000
11.963000
0.524000
10.015000
11.167000
11.153000
12.612000
6.528000
8.959000
8.407000
9.852000
8.282000
11.555000
14.058000
10.186000
11.420000
15.720000
9.140000
11.152000
18.386000
11.432000
10.096000
13.030000
8.125000
9.674000
10.158000
12.996000
10.111000
6.854000
9.399000
8.357000
12.211000
4.844000
10.168000
14.804000
8.858000
7.341000
9.196000
5.344000
11.190000
11.999000
8.183000
8.394000
13.995000
7.429000
13.434000
9.592000
9.901000
11.779000
8.537000
8.385000
7.734000
11.772000
14.656000
12.562000
9.181000
12.694000
11.362000
10.165000
10.147000
9.388000
11.890000
11.726000
8.431000
2.793000
7.775000
9.536000
11.819000
17.545000
14.736000
3.939000
14.632000
9.475000
11.018000
12.244000
10.944000
12.687000
3.691000
9.111000
9.846000
15.780000
12.485000
14.224000
12.596000
13.733000
16.372000
13.315000
4.513000
12.712000
10.412000
13.149000
5.986000
13.114000
8.914000
9.672000
9.697000
6.562000
9.136000
12.421000
13.769000
12.163000
15.088000
14.210000
13.394000
8.495000
17.314000
10.905000
16.023000
7.280000
8.791000
8.984000
7.233000
8.689000
7.169000
4.915000
8.828000
7.403000
9.840000
6.701000
11.773000
12.577000
9.415000
15.069000
9.762000
9.754000
15.481000
15.818000
10.727000
11.269000
10.613000
8.583000
11.639000
6.505000
7.920000
11.425000
17.097000
12.306000
4.793000
13.085000
11.615000
8.960000
14.287000
13.199000
12.218000
12.719000
1.210000
9.976000
8.027000
12.259000
9.928000
8.038000
4.948000
7.114000
10.333000
12.139000
13.495000
8.776000
16.578000
11.359000
8.963000
8.045000
15.052000
14.864000
8.089000
17.933000
14.607000
6.643000
14.019000
17.298000
10.427000
11.335000
10.035000
11.549000
9.358000
11.085000
8.297000
11.856000
10.787000
12.890000
14.703000
11.347000
9.997000
13.639000
9.095000
10.958000
8.542000
11.178000
4.337000
3.000000
14.781000
11.295000
16.535000
11.725000
7.491000
12.046000
4.800000
9.355000
11.395000
11.134000
6.854000
15.667000
16.188000
11.017000
11.201000
9.287000
12.977000
7.533000
7.659000
14.000000
11.697000
9.115000
8.472000
14.085000
10.115000
12.410000
15.831000
11.042000
11.836000
7.648000
15.585000
15.446000
13.766000
6.940000
9.153000
11.192000
9.953000
13.656000
12.909000
7.697000
10.968000
11.211000
7.478000
7.957000
10.325000
14.656000
15.785000
11.393000
13.469000
14.020000
8.129000
15.115000
7.097000
4.377000
6.140000
12.180000
17.394000
12.673000
11.674000
13.439000
11.916000
12.018000
20.208000
17.925000
7.647000
7.559000
11.137000
12.851000
14.880000
5.792000
8.313000
6.243000
7.920000
9.324000
14.907000
7.155000
12.565000
10.630000
12.602000
10.906000
11.746000
13.699000
8.832000
7.298000
4.971000
9.015000
6.823000
10.442000
12.739000
10.463000
9.934000
12.021000
10.449000
11.925000
5.469000
10.364000
7.464000
11.497000
11.064000
9.419000
11.205000
8.193000
8.670000
6.088000
12.246000
9.897000
13.698000
7.591000
8.366000
9.914000
7.323000
13.917000
11.150000
11.564000
13.302000
6.420000
8.310000
9.845000
15.503000
8.531000
13.198000
11.093000
13.044000
9.792000
11.160000
14.058000
13.290000
8.862000
9.163000
14.449000
10.176000
5.826000
8.772000
14.196000
8.788000
9.019000
13.465000
12.615000
10.402000
4.995000
10.809000
6.615000
10.910000
11.463000
8.701000
9.081000
6.673000
10.771000
6.691000
12.020000
12.142000
9.487000
12.898000
9.361000
9.840000
6.489000
12.005000
9.387000
7.540000
9.127000
13.238000
11.842000
10.489000
10.383000
8.930000
14.175000
5.962000
11.374000
12.682000
13.379000
14.496000
9.963000
7.679000
12.147000
11.861000
12.030000
11.181000
16.586000
15.189000
8.611000
22.115000
14.112000
12.799000
10.876000
10.809000
11.279000
7.695000
10.150000
12.234000
10.229000
10.638000
8.932000
11.319000
8.561000
8.442000
16.826000
14.065000
13.912000
12.189000
11.341000
5.823000
7.568000
9.552000
10.160000
6.052000
8.271000
13.442000
6.494000
10.048000
5.130000
11.890000
5.663000
13.529000
11.177000
10.771000
7.257000
11.415000
16.111000
11.053000
12.172000
13.317000
11.724000
11.228000
7.900000
4.940000
11.861000
11.863000
8.618000
9.580000
12.209000
9.875000
9.343000
13.461000
14.305000
10.447000
11.941000
6.000000
7.063000
13.145000
15.045000
10.737000
13.180000
19.001000
10.608000
11.363000
8.998000
15.589000
14.900000
6.981000
13.412000
12.141000
8.736000
4.669000
12.809000
12.957000
10.906000
13.047000
12.245000
10.233000
9.831000
7.383000
12.627000
6.931000
10.594000
10.715000
9.458000
10.298000
7.352000
16.154000
13.423000
12.007000
9.068000
10.867000
12.413000
9.578000
11.200000
12.527000
13.396000
12.059000
7.191000
11.781000
4.372000
11.596000
10.850000
13.902000
5.842000
8.506000
7.478000
7.588000
12.059000
10.554000
11.951000
12.201000
8.604000
11.676000
14.246000
11.674000
10.714000
8.592000
7.870000
11.748000
3.236000
12.125000
9.287000
15.359000
9.249000
9.260000
12.336000
9.829000
8.712000
11.301000
11.170000
8.404000
7.935000
11.587000
11.520000
11.731000
7.266000
7.519000
9.200000
12.686000
9.947000
13.737000
10.154000
8.360000
14.272000
6.227000
9.704000
8.499000
8.954000
3.847000
12.760000
10.705000
9.052000
9.530000
7.078000
10.967000
6.156000
9.065000
3.522000
7.829000
12.377000
14.134000
11.750000
19.967000
13.918000
10.517000
11.089000
9.845000
9.843000
11.173000
6.092000
16.870000
7.798000
8.802000
12.834000
12.514000
8.654000
11.704000
8.538000
15.763000
9.959000
6.950000
9.931000
10.825000
8.915000
10.658000
12.627000
5.684000
9.483000
7.315000
9.431000
9.090000
14.512000
10.697000
10.323000
3.357000
5.753000
19.079000
10.746000
8.214000
8.621000
9.231000
7.911000
12.541000
11.883000
13.637000
11.412000
15.202000
7.367000
8.687000
11.660000
8.479000
11.860000
11.798000
10.934000
12.126000
10.412000
17.444000
10.949000
11.820000
8.329000
12.725000
9.080000
12.377000
16.404000
10.643000
13.086000
10.080000
6.887000
15.882000
13.598000
10.413000
11.404000
10.841000
13.451000
7.189000
11.952000
4.632000
11.515000
15.067000
11.343000
12.000000
7.024000
7.857000
5.194000
11.541000
10.188000
12.444000
10.428000
11.164000
12.811000
9.059000
11.945000
14.237000
8.815000
10.453000
16.182000
11.181000
10.250000
10.704000
12.829000
5.014000
11.464000
13.680000
12.881000
12.489000
12.413000
8.249000
10.605000
8.514000
5.222000
10.310000
15.138000
2.927000
6.401000
10.902000
6.715000
10.728000
10.989000
11.886000
8.238000
8.493000
10.190000
12.153000
9.180000
8.340000
9.156000
7.113000
9.831000
9.781000
12.405000
6.649000
7.125000
11.487000
16.855000
9.217000
6.363000
8.853000
7.155000
7.982000
6.432000
10.920000
5.393000
10.333000
4.627000
9.863000
11.945000
5.095000
12.180000
3.468000
5.089000
13.000000
10.714000
7.233000
9.405000
7.104000
11.761000
8.682000
13.304000
11.102000
10.392000
9.644000
6.193000
13.083000
13.487000
5.109000
10.725000
10.078000
11.376000
7.794000
9.795000
15.533000
5.024000
7.175000
8.963000
7.066000
11.601000
14.245000
9.602000
9.152000
11.159000
14.080000
13.491000
8.700000
8.897000
6.617000
7.488000
15.329000
7.521000
12.100000
7.683000
6.997000
10.601000
9.783000
11.778000
11.481000
4.047000
10.537000
10.689000
11.336000
11.952000
8.840000
9.250000
8.527000
11.845000
16.583000
8.633000
15.408000
7.696000
16.566000
5.859000
8.816000
14.287000
5.267000
10.649000
12.584000
12.837000
11.103000
6.820000
11.034000
10.736000
12.841000
6.006000
8.367000
11.221000
13.572000
12.862000
7.442000
11.398000
11.484000
9.558000
13.342000
8.582000
11.227000
15.761000
8.631000
16.337000
5.173000
9.116000
16.297000
4.578000
12.065000
10.498000
11.198000
14.805000
8.424000
10.588000
7.550000
11.706000
8.107000
11.915000
7.364000
8.169000
6.713000
9.502000
10.799000
13.847000
13.711000
7.628000
5.395000
13.970000
7.124000
12.101000
7.996000
10.080000
11.386000
16.050000
16.285000
8.492000
6.790000
16.282000
17.610000
13.854000
13.731000
17.212000
15.684000
6.022000
13.035000
6.668000
6.340000
9.931000
7.751000
6.956000
9.583000
7.860000
10.500000
5.401000
7.756000
5.927000
17.535000
7.521000
10.521000
11.763000
2.719000
7.619000
6.553000
7.025000
6.358000
9.273000
8.060000
4.926000
7.771000
11.040000
8.823000
9.974000
7.951000
10.153000
10.664000
8.818000
5.632000
7.077000
12.624000
8.195000
7.823000
8.696000
14.367000
10.693000
6.756000
8.413000
7.595000
12.471000
8.026000
10.048000
6.650000
6.016000
13.086000
8.419000
8.310000
8.458000
7.269000
10.213000
8.441000
8.615000
15.445000
4.379000
5.328000
9.791000
3.738000
8.295000
5.204000
7.750000
11.222000
9.007000
15.195000
11.472000
9.876000
10.173000
16.961000
7.960000
9.141000
10.003000
4.968000
4.197000
5.952000
9.250000
4.912000
9.345000
8.029000
8.924000
13.026000
8.869000
11.043000
6.838000
7.384000
10.124000
4.740000
8.756000
4.861000
7.657000
7.922000
8.501000
6.532000
3.562000
4.481000
7.452000
7.703000
2.777000
9.436000
6.507000
4.434000
8.190000
8.778000
3.790000
5.193000
5.282000
8.377000
7.319000
11.224000
13.215000
9.079000
16.315000
11.274000
7.333000
7.030000
5.557000
8.947000
13.435000
2.113000
8.362000
4.765000
7.468000
10.277000
6.442000
7.723000
7.745000
5.214000
6.017000
5.949000
11.597000
16.014000
8.854000
6.595000
10.198000
6.034000
7.801000
8.207000
8.438000
6.534000
2.989000
6.307000
8.374000
9.719000
4.649000
8.037000
4.821000
5.529000
4.166000
6.435000
9.545000
7.670000
6.756000
15.220000
5.698000
4.896000
12.040000
6.127000
9.001000
7.213000
10.704000
6.293000
2.144000
5.749000
11.616000
5.217000
13.447000
15.680000
6.196000
9.031000
9.797000
4.908000
11.242000
5.837000
11.113000
11.833000
17.450000
6.491000
4.834000
18.143000
7.379000
6.855000
12.868000
5.055000
5.735000
8.322000
13.949000
9.434000
15.198000
15.303000
6.606000
11.453000
18.303000
6.359000
8.834000
7.604000
8.551000
10.556000
15.417000
10.081000
2.835000
11.991000
6.901000
7.982000
7.282000
7.543000
7.539000
6.176000
9.860000
9.091000
4.440000
8.923000
6.611000
9.021000
2.634000
4.167000
11.215000
6.952000
10.124000
2.750000
9.150000
14.585000
1.647000
6.396000
8.850000
6.408000
12.073000
3.352000
10.204000
6.056000
8.107000
2.649000
9.011000
6.856000
4.932000
4.933000
4.500000
4.678000
0.628000
12.678000
3.320000
10.554000
8.296000
5.756000
9.049000
11.405000
8.181000
6.418000
3.788000
8.128000
8.524000
6.869000
8.062000
8.708000
7.495000
6.338000
1.708000
7.528000
7.037000
6.451000
6.136000
12.522000
4.674000
11.357000
2.573000
3.645000
3.829000
5.155000
3.141000
9.888000
6.984000
9.039000
7.572000
7.115000
6.569000
8.695000
3.030000
4.794000
3.781000
10.689000
15.919000
6.033000
6.497000
8.227000
6.087000
11.032000
6.739000
8.567000
9.233000
5.881000
9.492000
9.442000
8.373000
9.079000
5.053000
6.820000
8.414000
9.705000
7.954000
17.584000
7.523000
4.127000
7.425000
7.957000
9.922000
8.021000
11.577000
6.416000
8.240000
11.147000
6.626000
5.461000
11.974000
5.350000
9.023000
21.233000
11.775000
11.943000
8.444000
5.027000
8.990000
5.453000
12.855000
9.983000
7.610000
11.940000
8.806000
8.002000
8.952000
9.186000
8.783000
7.521000
7.192000
9.697000
11.156000
7.910000
2.490000
8.068000
5.244000
9.536000
14.090000
8.565000
8.953000
6.488000
8.039000
9.306000
10.498000
6.982000
9.162000
8.738000
7.639000
5.367000
18.771000
7.028000
5.517000
8.939000
13.788000
3.482000
7.004000
7.480000
10.157000
14.030000
4.685000
17.565000
7.612000
9.189000
4.399000
9.463000
8.245000
8.959000
9.461000
12.194000
6.271000
6.902000
9.671000
5.437000
5.012000
10.727000
8.027000
9.830000
3.806000
13.950000
8.895000
6.255000
12.622000
4.975000
7.937000
10.377000
10.886000
7.364000
7.829000
12.502000
11.690000
7.701000
6.814000
9.416000
7.942000
10.231000
11.553000
7.165000
7.101000
5.215000
7.332000
10.083000
11.119000
5.946000
7.947000
9.433000
6.815000
9.392000
19.126000
15.300000
6.409000
9.836000
14.542000
10.437000
6.780000
12.299000
8.467000
8.086000
3.020000
8.858000
23.169000
4.148000
11.892000
7.916000
14.016000
11.568000
12.929000
7.429000
10.632000
7.778000
7.982000
8.039000
9.208000
4.571000
7.712000
7.905000
10.702000
9.570000
4.797000
7.587000
11.114000
11.719000
5.842000
6.799000
11.965000
7.374000
19.940000
10.895000
11.753000
12.480000
5.625000
9.174000
9.605000
7.747000
4.614000
10.183000
12.446000
7.135000
11.626000
8.118000
5.378000
8.412000
5.143000
2.371000
15.898000
6.882000
9.039000
7.612000
8.205000
10.023000
9.246000
9.750000
12.723000
11.551000
7.987000
18.876000
11.886000
9.020000
9.279000
9.239000
7.456000
10.881000
10.027000
10.060000
15.679000
14.499000
8.365000
9.607000
17.614000
21.928000
7.020000
12.558000
5.920000
17.211000
7.590000
8.700000
11.055000
10.044000
8.798000
12.869000
14.850000
14.064000
6.726000
10.202000
6.291000
13.067000
11.453000
8.530000
8.719000
7.266000
10.333000
10.648000
13.227000
11.097000
15.154000
22.109000
10.228000
9.203000
5.759000
7.841000
11.512000
10.439000
7.210000
10.626000
9.674000
16.759000
9.909000
12.332000
11.953000
8.072000
11.998000
15.127000
14.439000
3.527000
9.680000
12.518000
12.346000
6.732000
7.072000
9.322000
17.952000
9.705000
12.793000
8.277000
7.430000
9.442000
7.046000
8.766000
9.691000
11.851000
10.425000
7.480000
7.900000
6.215000
7.418000
6.958000
6.557000
7.245000
8.806000
12.113000
14.671000
6.626000
6.580000
6.335000
8.988000
7.384000
2.419000
11.185000
14.096000
7.038000
11.220000
10.079000
5.729000
8.183000
10.679000
13.341000
5.608000
18.680000
9.749000
8.283000
14.137000
6.084000
8.034000
12.281000
8.162000
3.184000
7.077000
7.420000
11.778000
9.965000
7.574000
9.992000
7.481000
4.788000
7.551000
9.069000
10.000000
7.009000
19.956000
8.128000
5.522000
12.043000
6.939000
6.802000
15.550000
15.041000
10.583000
13.299000
10.308000
7.705000
13.352000
12.358000
13.048000
15.355000
4.736000
5.156000
10.236000
9.171000
17.142000
7.845000
13.589000
9.840000
5.837000
7.744000
14.091000
6.012000
9.471000
15.653000
15.406000
8.457000
7.120000
7.880000
7.809000
8.828000
12.470000
10.083000
12.716000
8.332000
14.804000
8.810000
7.451000
10.133000
19.118000
10.311000
3.307000
4.312000
10.910000
9.584000
12.110000
10.226000
3.344000
5.627000
14.032000
7.245000
11.576000
8.428000
11.744000
21.148000
8.877000
11.563000
4.978000
6.393000
17.661000
15.016000
5.835000
7.650000
8.162000
8.344000
13.272000
14.528000
6.260000
12.314000
10.239000
13.804000
9.867000
14.612000
9.611000
8.356000
14.572000
10.301000
16.144000
10.966000
8.028000
14.838000
11.150000
10.015000
9.825000
10.477000
4.595000
18.459000
9.452000
6.219000
10.745000
10.487000
3.336000
9.788000
12.139000
5.314000
0.805000
10.038000
0.000000
7.146000
8.276000
0.000000
8.510000
3.683000
2.232000
8.383000
4.490000
2.229000
0.000000
2.347000
0.000000
1.429000
3.846000
5.791000
2.288000
0.913000
3.926000
0.000000
4.827000
0.000000
12.244000
0.448000
5.596000
6.307000
0.000000
4.742000
0.947000
4.376000
6.518000
11.777000
0.000000
4.589000
13.008000
11.788000
1.353000
6.977000
2.332000
0.000000
13.932000
3.881000
4.336000
11.179000
4.846000
13.120000
2.424000
1.609000
18.046000
4.584000
0.000000
8.871000
0.000000
2.841000
10.728000
14.154000
1.939000
16.133000
8.207000
14.990000
17.087000
8.065000
9.065000
10.293000
7.408000
1.812000
6.188000
5.228000
7.728000
13.353000
2.797000
9.865000
11.411000
11.045000
2.928000
15.583000
17.461000
5.470000
13.052000
8.401000
15.337000
5.770000
8.065000
6.178000
6.797000
4.875000
9.233000
10.385000
7.682000
9.098000
8.443000
3.667000
15.520000
3.313000
8.397000
10.616000
16.696000
1.216000
10.634000
10.153000
8.281000
0.993000
13.917000
3.689000
21.300000
13.843000
8.033000
13.493000
14.799000
10.546000
6.047000
0.000000
0.982000
11.783000
5.355000
11.175000
14.042000
0.520000
9.151000
10.898000
9.180000
1.086000
10.808000
7.223000
7.921000
2.578000
19.693000
1.947000
8.517000
12.048000
15.307000
11.414000
6.499000
9.803000
0.668000
8.218000
2.736000
12.656000
14.508000
5.746000
11.251000
0.955000
11.142000
9.311000
1.454000
10.558000
3.821000
7.715000
11.537000
8.290000
10.756000
12.811000
12.786000
15.859000
3.985000
1.755000
4.098000
9.049000
17.486000
16.448000
13.445000
11.502000
7.935000
15.613000
2.348000
13.666000
9.194000
11.045000
4.356000
8.179000
10.133000
9.869000
10.245000
8.882000
9.181000
11.853000
11.980000
7.564000
1.897000
11.932000
12.173000
9.178000
3.347000
10.399000
13.090000
8.174000
16.696000
5.363000
23.415000
8.449000
1.103000
15.830000
8.468000
12.218000
7.151000
5.841000
3.885000
10.069000
0.718000
9.178000
10.570000
11.707000
8.436000
16.037000
8.259000
9.397000
0.000000
11.248000
2.829000
9.851000
11.961000
11.662000
9.440000
15.498000
3.313000
7.478000
11.877000
8.546000
9.088000
10.440000
14.522000
12.232000
12.656000
10.374000
8.271000
3.888000
9.087000
8.854000
8.670000
8.789000
8.965000
11.237000
11.776000
9.623000
10.583000
10.144000
11.724000
12.540000
7.329000
11.643000
16.941000
13.620000
13.358000
9.054000
13.497000
7.601000
18.549000
12.179000
11.633000
9.549000
16.457000
12.690000
8.068000
9.881000
9.761000
13.624000
10.354000
10.754000
9.895000
12.846000
0.000000
5.783000
8.554000
7.822000
6.723000
13.169000
11.549000
1.338000
13.709000
7.825000
15.044000
9.483000
12.622000
11.651000
10.100000
11.263000
13.112000
7.885000
8.798000
13.864000
10.766000
12.383000
14.303000
3.481000
14.765000
10.284000
17.685000
11.708000
15.965000
17.021000
18.468000
6.776000
16.840000
13.503000
15.614000
10.208000
7.977000
9.061000
10.685000
11.875000
10.272000
6.874000
15.459000
12.354000
11.781000
16.690000
9.808000
16.263000
11.979000
10.914000
11.001000
12.908000
7.327000
11.826000
13.317000
12.784000
13.376000
11.394000
7.698000
7.094000
13.868000
11.943000
7.217000
17.826000
9.343000
12.786000
10.410000
8.496000
10.452000
10.211000
12.703000
10.550000
5.856000
16.073000
11.195000
11.587000
12.501000
16.051000
13.298000
9.827000
12.740000
11.413000
4.537000
10.852000
12.843000
16.073000
9.717000
3.872000
10.641000
5.371000
10.400000
5.402000
7.404000
0.000000
0.308000
14.864000
4.373000
5.333000
13.334000
1.220000
8.954000
5.402000
7.503000
1.119000
12.046000
3.131000
4.872000
0.184000
5.447000
1.324000
4.804000
4.405000
3.874000
13.178000
10.664000
7.621000
9.556000
3.932000
9.179000
8.974000
0.714000
9.300000
8.567000
7.507000
1.323000
10.842000
5.959000
13.431000
4.021000
16.103000
4.808000
4.009000
7.777000
10.729000
10.594000
3.700000
5.392000
8.977000
9.122000
12.703000
0.000000
11.044000
7.022000
13.213000
10.778000
9.394000
10.484000
6.273000
7.555000
4.410000
2.342000
10.908000
7.135000
4.926000
14.613000
23.703000
12.048000
6.988000
13.712000
6.440000
10.937000
10.108000
6.284000
12.973000
12.706000
9.085000
0.000000
10.176000
9.035000
10.842000
15.670000
11.654000
7.955000
10.830000
3.791000
3.930000
10.126000
9.711000
6.987000
11.386000
9.321000
14.668000
4.805000
7.236000
7.004000
9.907000
11.932000
10.012000
11.056000
8.574000
9.920000
11.110000
9.429000
9.296000
0.000000
7.097000
7.869000
9.267000
6.569000
11.980000
5.274000
13.896000
5.474000
14.510000
0.247000
8.748000
8.253000
6.378000
2.453000
8.624000
7.528000
10.286000
9.457000
0.806000
6.521000
5.448000
18.999000
7.362000
5.985000
11.401000
12.010000
10.332000
11.214000
13.387000
6.875000
11.023000
8.995000
10.377000
14.809000
12.206000
6.111000
10.835000
5.748000
4.741000
4.079000
8.981000
7.561000
15.619000
13.360000
5.983000
12.057000
0.000000
1.668000
8.420000
8.357000
4.733000
5.359000
15.525000
8.480000
8.849000
10.704000
7.294000
15.957000
6.452000
13.136000
10.516000
13.083000
9.789000
9.905000
6.133000
10.516000
14.488000
4.923000
8.639000
13.260000
11.651000
14.286000
15.931000
20.319000
6.726000
12.183000
7.978000
4.145000
12.689000
10.127000
14.446000
13.970000
11.930000
7.129000
5.490000
12.917000
4.434000
12.743000
21.905000
10.793000
10.295000
9.402000
11.629000
10.490000
14.740000
7.529000
9.885000
5.743000
9.616000
10.760000
12.986000
2.469000
11.234000
11.647000
16.203000
16.726000
11.547000
12.678000
8.000000
9.420000
14.554000
5.650000
10.686000
14.608000
7.521000
8.686000
6.286000
11.732000
16.489000
8.963000
9.627000
11.443000
3.994000
12.278000
10.179000
11.154000
16.563000
3.424000
7.642000
9.828000
15.106000
15.220000
6.386000
7.936000
12.877000
8.352000
14.264000
11.217000
8.441000
9.090000
12.090000
10.140000
5.705000
14.700000
10.089000
13.443000
9.533000
15.925000
12.391000
13.279000
8.831000
14.833000
9.687000
16.912000
8.973000
3.196000
8.531000
10.759000
5.979000
11.013000
12.145000
15.345000
11.573000
15.049000
17.682000
8.365000
9.267000
9.861000
0.000000
10.089000
8.388000
17.611000
15.426000
12.470000
14.738000
5.221000
13.622000
12.820000
3.012000
11.261000
7.124000
5.049000
9.020000
12.192000
9.924000
13.549000
7.868000
13.035000
5.146000
9.310000
12.220000
17.721000
0.282000
19.657000
0.000000
0.535000
0.000000
1.780000
0.000000
8.407000
0.000000
0.000000
6.802000
4.158000
0.000000
4.886000
0.000000
0.000000
0.000000
0.000000
0.000000
1.814000
7.598000
0.506000
0.000000
0.000000
0.000000
8.343000
0.000000
3.336000
0.000000
0.000000
0.000000
0.000000
0.000000
0.000000
10.641000
10.094000
0.000000
0.000000
17.835000
0.620000
0.000000
0.223000
13.808000
0.598000
0.000000
8.855000
0.000000
2.160000
9.923000
0.000000
0.000000
13.733000
7.469000
8.091000
1.215000
5.598000
0.000000
0.000000
4.893000
0.000000
15.189000
11.709000
0.000000
0.000000
0.000000
0.000000
7.400000
6.225000
0.000000
15.482000
16.399000
0.000000
8.733000
10.356000
9.682000
0.000000
0.000000
8.980000
0.000000
4.652000
8.977000
0.470000
9.118000
0.000000
14.524000
0.000000
7.985000
5.158000
0.000000
1.544000
14.524000
10.909000
0.000000
0.000000
7.546000
0.000000
6.794000
13.573000
8.950000
9.547000
1.155000
0.000000
6.096000
9.570000
12.945000
6.947000
8.452000
0.000000
0.000000
6.986000
1.339000
7.674000
0.990000
0.000000
0.682000
12.109000
12.231000
0.000000
0.000000
3.071000
0.761000
0.000000
0.952000
7.046000
14.772000
11.732000
5.045000
9.596000
10.492000
10.726000
18.091000
13.675000
7.322000
0.508000
8.721000
11.373000
16.883000
11.037000
7.740000
7.799000
12.767000
12.956000
8.523000
0.000000
7.651000
9.678000
0.000000
0.000000
11.612000
12.238000
0.000000
0.000000
10.400000
8.121000
1.268000
15.421000
7.316000
10.139000
13.715000
7.511000
13.555000
16.758000
7.943000
10.544000
15.295000
0.000000
10.778000
8.817000
10.757000
10.927000
8.406000
15.217000
11.052000
1.197000
11.154000
13.927000
14.238000
0.000000
17.264000
9.058000
11.086000
13.810000
17.067000
0.161000
8.572000
0.000000
12.693000
8.456000
15.845000
11.497000
12.530000
11.773000
12.937000
8.273000
8.239000
0.000000
18.991000
7.168000
13.601000
12.111000
9.530000
9.764000
7.469000
8.918000
13.845000
13.500000
0.000000
16.985000
8.809000
4.760000
8.646000
18.529000
12.769000
7.024000
9.487000
22.814000
10.705000
15.287000
10.168000
10.666000
8.917000
18.591000
9.629000
6.957000
12.512000
14.123000
14.002000
0.304000
10.955000
11.632000
8.953000
18.335000
5.594000
12.352000
0.607000
12.785000
10.645000
13.016000
0.000000
11.424000
12.148000
13.058000
9.736000
5.615000
11.437000
6.804000
11.704000
13.856000
7.425000
6.499000
8.499000
10.237000
13.677000
8.885000
17.205000
10.770000
14.077000
4.952000
14.778000
22.157000
12.287000
8.434000
14.096000
23.130000
5.436000
9.311000
0.000000
10.477000
14.125000
10.925000
11.609000
7.301000
12.531000
10.478000
11.164000
13.065000
3.562000
13.285000
15.820000
0.000000
4.370000
8.832000
9.099000
8.713000
13.589000
13.055000
11.866000
7.059000
6.481000
8.304000
4.827000
0.000000
4.387000
6.512000
6.946000
12.306000
12.151000
7.750000
12.887000
9.843000
10.872000
11.979000
7.631000
8.655000
15.736000
11.684000
11.099000
11.230000
11.752000
9.563000
10.171000
16.373000
9.865000
7.613000
9.280000
7.717000
6.763000
9.262000
8.216000
9.307000
5.694000
9.451000
4.828000
10.738000
1.746000
9.711000
4.775000
7.785000
5.184000
11.477000
9.670000
5.733000
12.778000
2.143000
13.618000
8.354000
7.398000
10.993000
7.752000
9.572000
0.000000
13.081000
12.652000
13.036000
11.125000
9.195000
11.510000
8.250000
0.000000
5.984000
9.509000
11.417000
10.349000
8.106000
11.052000
6.096000
7.707000
8.491000
6.772000
11.999000
14.935000
18.388000
11.336000
14.955000
8.062000
4.529000
10.024000
10.268000
7.101000
10.522000
9.706000
7.133000
9.059000
9.935000
16.828000
11.015000
10.634000
5.264000
6.591000
12.352000
9.256000
10.244000
5.536000
11.498000
5.877000
9.653000
0.000000
11.928000
6.995000
10.320000
6.096000
9.790000
13.257000
12.363000
6.399000
11.200000
15.265000
9.561000
12.671000
7.877000
9.846000
9.040000
9.336000
10.590000
18.806000
12.009000
13.801000
9.037000
10.769000
13.836000
10.313000
8.978000
8.075000
8.894000
9.046000
9.881000
17.207000
3.154000
8.507000
12.132000
11.690000
17.407000
13.512000
13.789000
5.338000
9.718000
11.003000
10.492000
12.949000
8.067000
11.878000
5.463000
7.537000
8.007000
12.955000
6.266000
5.744000
7.802000
5.633000
6.425000
5.006000
9.636000
12.408000
4.090000
2.142000
6.467000
5.685000
4.717000
4.440000
6.458000
10.297000
11.967000
6.850000
6.972000
13.175000
3.103000
12.519000
5.011000
10.696000
18.036000
5.457000
7.937000
5.964000
5.803000
12.328000
11.382000
9.619000
4.324000
1.992000
6.572000
9.275000
5.510000
4.405000
3.399000
11.083000
7.631000
8.854000
2.571000
6.251000
7.970000
9.584000
12.817000
7.613000
5.803000
11.157000
6.985000
8.614000
7.097000
4.461000
3.430000
4.657000
4.917000
4.295000
7.150000
9.117000
9.344000
8.615000
4.759000
11.798000
5.235000
12.564000
11.672000
11.170000
10.467000
1.881000
6.905000
4.486000
10.014000
6.858000
3.026000
12.144000
13.097000
4.789000
5.602000
6.741000
9.109000
5.228000
4.074000
5.507000
11.952000
9.521000
16.175000
9.060000
10.229000
6.142000
2.940000
11.785000
7.526000
10.788000
11.789000
10.584000
10.218000
10.043000
9.394000
2.521000
11.056000
10.989000
11.450000
10.614000
16.317000
9.432000
17.566000
15.877000
1.519000
11.891000
6.892000
4.490000
11.073000
10.593000
13.917000
11.164000
8.837000
6.811000
4.911000
13.948000
9.645000
14.922000
7.697000
7.349000
10.329000
10.299000
5.557000
10.081000
13.896000
11.710000
10.834000
19.257000
8.243000
10.616000
8.294000
7.255000
11.480000
6.727000
11.463000
11.847000
4.320000
12.272000
11.298000
10.709000
8.545000
13.126000
10.528000
12.259000
8.535000
8.244000
11.759000
8.158000
4.534000
10.334000
9.964000
12.450000
8.516000
10.486000
12.011000
15.302000
7.795000
5.724000
14.409000
15.358000
11.131000
8.517000
1.077000
21.386000
16.219000
12.884000
9.964000
20.778000
3.642000
12.166000
11.099000
14.819000
3.776000
5.936000
13.887000
6.593000
10.036000
11.258000
14.122000
12.824000
14.882000
12.115000
15.643000
4.464000
6.200000
11.084000
9.865000
5.086000
13.008000
10.270000
12.161000
11.512000
15.357000
6.364000
1.283000
9.904000
16.547000
12.444000
8.877000
12.112000
19.934000
7.413000
11.311000
9.481000
11.328000
12.554000
12.674000
14.493000
15.856000
10.486000
14.461000
8.770000
16.401000
11.987000
13.357000
10.448000
13.905000
14.359000
17.735000
15.461000
10.401000
8.904000
10.130000
15.225000
13.087000
11.153000
9.676000
10.009000
15.404000
9.425000
12.376000
14.991000
12.036000
10.018000
14.625000
10.505000
7.891000
10.666000
12.107000
8.758000
5.188000
6.899000
10.211000
7.607000
14.175000
5.820000
17.945000
3.567000
6.782000
7.176000
4.616000
12.348000
6.597000
11.474000
5.210000
7.224000
9.023000
4.927000
3.623000
6.126000
7.815000
9.440000
9.232000
7.268000
5.780000
13.494000
7.551000
6.707000
15.072000
7.895000
2.684000
7.139000
12.937000
2.544000
12.374000
8.149000
5.959000
17.422000
6.021000
8.101000
15.366000
6.071000
18.158000
15.047000
17.593000
4.051000
14.183000
7.956000
5.507000
6.409000
6.330000
19.238000
7.395000
7.751000
5.376000
7.395000
15.852000
9.735000
4.431000
9.691000
10.073000
13.485000
13.691000
9.934000
8.772000
8.976000
14.055000
9.008000
12.946000
7.816000
7.048000
12.701000
15.671000
5.615000
17.938000
14.977000
9.384000
13.952000
10.459000
5.716000
10.229000
10.364000
9.862000
12.637000
9.543000
12.133000
15.248000
7.262000
10.460000
10.991000
19.107000
4.368000
6.363000
8.318000
11.770000
10.110000
15.542000
18.555000
3.582000
10.026000
12.261000
7.598000
17.564000
7.290000
5.994000
15.278000
10.335000
16.167000
7.375000
11.683000
9.742000
10.891000
15.843000
4.321000
10.275000
11.643000
8.314000
20.025000
6.465000
7.690000
17.389000
7.095000
14.417000
11.150000
14.920000
7.709000
10.534000
9.075000
8.654000
10.074000
9.401000
13.465000
12.231000
4.676000
11.097000
8.934000
7.431000
13.887000
10.267000
14.438000
10.750000
11.341000
10.426000
8.317000
11.473000
17.739000
8.555000
14.246000
6.300000
14.491000
14.405000
14.782000
13.257000
14.560000
6.582000
10.866000
9.783000
17.980000
11.443000
10.823000
16.990000
11.533000
7.526000
6.033000
11.031000
9.216000
11.967000
7.487000
5.372000
11.779000
13.804000
16.725000
5.213000
14.191000
11.127000
7.294000
4.309000
11.431000
13.938000
21.145000
17.497000
16.547000
13.467000
19.043000
10.768000
18.875000
13.253000
4.978000
14.041000
15.517000
13.177000
13.642000
12.300000
19.162000
12.413000
11.028000
14.220000
3.757000
13.056000
16.607000
14.503000
12.485000
12.894000
16.483000
12.641000
11.406000
11.247000
13.610000
5.445000
7.723000
8.334000
21.020000
12.470000
9.101000
14.390000
16.065000
4.205000
12.069000
6.968000
11.789000
10.397000
13.321000
6.934000
10.998000
5.540000
7.526000
13.519000
13.031000
12.919000
6.940000
8.914000
15.626000
17.076000
14.406000
24.727000
12.926000
9.790000
12.256000
9.286000
14.129000
11.944000
14.827000
8.155000
12.539000
11.450000
14.698000
11.491000
12.278000
11.745000
8.119000
10.818000
11.336000
8.065000
15.773000
15.250000
12.193000
9.712000
14.479000
9.924000
9.213000
14.636000
8.364000
12.594000
11.805000
11.210000
10.368000
11.170000
9.334000
14.221000
9.742000
13.933000
9.612000
6.307000
14.860000
12.052000
14.670000
13.020000
12.752000
13.413000
12.232000
8.485000
8.668000
6.985000
13.385000
13.132000
15.323000
16.522000
13.753000
10.870000
12.796000
10.899000
13.481000
13.285000
16.904000
13.545000
7.473000
9.418000
8.742000
12.368000
11.188000
13.821000
9.228000
9.650000
15.316000
10.395000
11.828000
11.805000
11.115000
11.647000
11.205000
13.275000
9.824000
10.758000
10.896000
7.583000
8.724000
6.574000
9.528000
6.500000
3.010000
11.235000
15.669000
10.743000
9.309000
12.697000
12.044000
8.656000
6.012000
11.363000
14.028000
12.118000
18.228000
10.303000
9.028000
11.479000
12.078000
10.134000
10.675000
13.304000
11.254000
11.816000
17.529000
8.842000
19.493000
9.972000
12.373000
8.441000
10.697000
6.017000
9.459000
8.040000
15.235000
4.205000
7.085000
16.417000
17.411000
5.022000
10.374000
9.116000
9.250000
13.597000
14.517000
12.100000
6.004000
15.901000
8.388000
12.933000
10.517000
21.549000
5.224000
6.741000
8.960000
7.216000
10.531000
8.421000
10.329000
11.760000
13.176000
11.743000
8.947000
18.082000
8.585000
9.826000
15.813000
8.710000
9.360000
11.726000
11.932000
6.047000
12.585000
11.828000
9.606000
9.479000
6.414000
10.681000
13.603000
9.060000
11.782000
13.096000
16.438000
5.469000
14.143000
7.867000
5.672000
17.434000
8.541000
11.827000
4.896000
12.517000
6.920000
13.052000
13.754000
5.172000
15.288000
9.580000
5.127000
10.941000
6.934000
11.212000
9.157000
9.418000
9.675000
11.151000
14.126000
12.486000
10.802000
15.594000
10.713000
8.862000
14.609000
11.622000
12.795000
15.533000
14.014000
10.202000
8.950000
12.891000
14.410000
12.537000
12.075000
11.563000
10.342000
15.972000
9.095000
6.402000
10.114000
11.494000
12.104000
9.384000
13.897000
15.577000
9.998000
9.071000
10.627000
11.547000
12.658000
7.040000
15.507000
5.195000
9.836000
8.722000
10.356000
11.525000
9.480000
12.633000
11.314000
13.433000
12.808000
8.883000
9.403000
10.885000
12.078000
3.286000
13.789000
14.116000
11.667000
12.149000
10.737000
7.419000
11.119000
12.710000
9.542000
14.598000
12.459000
9.458000
16.201000
7.634000
15.336000
13.416000
9.412000
8.271000
11.568000
17.078000
13.866000
16.172000
9.387000
9.304000
10.902000
7.743000
11.307000
9.028000
13.014000
15.183000
8.900000
12.509000
11.623000
12.731000
12.054000
10.526000
12.852000
12.670000
15.166000
15.599000
17.328000
10.220000
14.776000
12.650000
11.380000
6.085000
16.399000
13.843000
18.669000
14.608000
9.402000
13.509000
10.784000
13.560000
13.170000
12.075000
15.382000
10.142000
7.348000
11.900000
12.646000
5.592000
5.041000
6.895000
11.295000
11.498000
12.347000
7.380000
10.646000
10.745000
7.838000
7.537000
6.882000
9.725000
9.453000
11.527000
12.081000
11.253000
10.914000
13.793000
9.374000
10.054000
7.153000
12.812000
13.809000
13.116000
10.298000
8.931000
2.758000
8.653000
13.575000
18.135000
12.657000
7.929000
6.531000
10.225000
10.154000
11.105000
16.024000
5.853000
13.602000
9.482000
8.085000
16.120000
9.792000
16.210000
8.458000
9.760000
9.884000
12.083000
16.014000
10.342000
3.909000
10.375000
14.163000
2.705000
1.313000
20.948000
8.001000
1.938000
7.870000
0.886000
0.603000
2.202000
4.818000
5.275000
7.434000
6.245000
0.000000
0.000000
7.266000
5.018000
0.000000
3.721000
7.105000
5.457000
8.080000
5.165000
10.313000
8.610000
5.734000
6.845000
2.216000
2.832000
4.062000
3.103000
9.031000
1.726000
2.531000
5.263000
3.062000
11.439000
2.440000
0.189000
0.000000
9.339000
3.092000
5.606000
12.641000
12.600000
15.053000
4.773000
11.362000
16.038000
0.084000
8.105000
7.349000
5.917000
5.100000
7.797000
0.000000
10.452000
9.419000
1.307000
0.000000
1.879000
2.947000
0.000000
0.000000
2.800000
0.000000
4.834000
0.000000
0.000000
0.000000
0.000000
1.928000
13.466000
0.000000
0.139000
3.347000
0.462000
0.000000
5.877000
0.000000
3.014000
0.000000
2.412000
1.536000
1.520000
0.000000
0.000000
3.483000
0.110000
0.000000
0.000000
1.370000
3.669000
6.199000
0.000000
0.000000
0.000000
2.908000
4.974000
1.542000
1.529000
0.000000
0.000000
6.809000
0.000000
0.000000
0.000000
2.925000
0.000000
0.000000
8.422000
6.406000
2.019000
2.053000
2.712000
0.000000
0.000000
0.000000
0.000000
0.000000
5.285000
3.620000
10.058000
11.502000
1.335000
9.421000
3.801000
0.000000
6.177000
5.368000
2.395000
7.965000
0.000000
4.479000
0.000000
0.000000
3.538000
0.655000
1.994000
5.599000
10.475000
0.000000
5.584000
7.752000
0.000000
3.445000
4.559000
4.123000
0.000000
0.000000
11.012000
0.000000
6.780000
3.521000
4.274000
12.080000
3.033000
0.000000
8.065000
13.432000
7.748000
3.220000
2.783000
3.575000
1.175000
2.869000
0.000000
0.000000
0.179000
0.264000
0.000000
3.350000
0.000000
1.388000
0.000000
0.006000
3.050000
2.413000
6.117000
4.851000
0.869000
3.025000
0.000000
3.338000
0.000000
0.000000
1.686000
6.180000
6.798000
6.967000
3.795000
0.000000
0.000000
0.000000
0.000000
0.000000
0.000000
0.000000
0.000000
3.489000
0.000000
10.900000
0.000000
2.424000
3.820000
0.000000
13.063000
0.000000
0.000000
2.332000
0.000000
0.019000
0.000000
1.356000
1.191000
0.000000
0.000000
13.428000
6.134000
0.000000
0.000000
0.000000
0.933000
3.638000
0.000000
0.523000
0.000000
4.190000
4.267000
3.673000
0.445000
9.355000
0.000000
0.000000
2.097000
0.000000
0.000000
0.000000
0.000000
0.689000
0.000000
0.000000
0.331000
1.182000
0.000000
4.383000
0.589000
0.000000
0.000000
10.834000
0.000000
0.970000
4.921000
0.000000
0.000000
3.929000
6.227000
0.000000
2.517000
0.000000
1.477000
0.000000
0.000000
0.000000
4.655000
7.770000
1.600000
1.811000
9.102000
0.000000
0.000000
1.426000
6.959000
1.483000
1.975000
0.000000
0.000000
3.918000
2.617000
0.000000
3.035000
9.854000
5.765000
0.000000
4.108000
4.129000
2.149000
1.960000
0.000000
0.000000
9.244000
0.000000
0.470000
0.841000
0.000000
2.780000
1.713000
6.678000
2.872000
0.000000
1.372000
0.000000
10.131000
0.000000
13.154000
3.141000
7.584000
0.000000
0.000000
0.000000
2.786000
8.507000
0.000000
2.708000
0.000000
4.865000
3.313000
1.123000
1.948000
1.647000
0.135000
0.000000
3.736000
7.997000
2.972000
1.369000
6.953000
0.000000
3.623000
0.000000
3.038000
6.084000
0.068000
6.583000
4.330000
0.104000
1.327000
9.139000
0.000000
8.271000
3.354000
2.843000
0.000000
3.382000
0.457000
0.666000
7.886000
1.606000
0.000000
1.757000
0.374000
2.405000
0.000000
5.437000
8.856000
8.000000
10.298000
4.082000
0.000000
0.000000
7.982000
0.000000
8.464000
2.599000
2.926000
2.177000
3.024000
4.978000
0.000000
2.300000
2.517000
5.432000
1.970000
12.587000
9.850000
7.786000
6.954000
2.288000
14.412000
2.645000
5.910000
6.765000
0.000000
5.941000
6.192000
0.000000
3.463000
4.483000
3.499000
0.000000
0.000000
6.477000
1.335000
7.099000
5.774000
3.847000
0.000000
4.390000
5.564000
8.190000
9.348000
3.236000
2.687000
5.020000
4.687000
1.549000
0.000000
8.242000
1.748000
6.753000
6.376000
3.755000
11.715000
10.002000
6.859000
8.227000
0.000000
4.559000
6.904000
10.875000
0.395000
4.542000
4.088000
5.721000
1.172000
10.232000
9.052000
11.236000
8.102000
9.801000
0.459000
9.746000
0.000000
3.732000
6.848000
9.460000
3.000000
0.000000
12.483000
2.363000
4.017000
6.126000
9.395000
0.588000
5.561000
0.000000
4.292000
6.682000
12.659000
11.137000
2.642000
3.614000
10.995000
0.118000
0.000000
12.348000
12.904000
10.376000
1.376000
1.683000
4.894000
0.061000
5.453000
0.112000
0.000000
0.000000
0.000000
1.762000
13.686000
6.593000
6.366000
8.959000
13.885000
0.930000
0.000000
4.582000
7.232000
0.433000
3.626000
5.087000
0.313000
6.076000
5.982000
5.710000
5.856000
11.253000
6.070000
6.784000
6.558000
6.351000
7.868000
5.254000
6.298000
2.147000
4.659000
5.556000
1.721000
0.000000
0.000000
7.070000
3.967000
13.468000
8.071000
1.604000
4.182000
11.660000
7.631000
13.804000
13.545000
5.321000
4.868000
8.569000
9.050000
6.991000
4.815000
5.854000
10.274000
6.325000
3.706000
0.000000
0.970000
10.275000
3.835000
1.685000
4.096000
7.488000
9.628000
4.494000
7.966000
10.646000
0.000000
7.723000
4.333000
12.262000
11.475000
8.308000
4.372000
5.123000
9.885000
2.911000
3.431000
1.984000
6.213000
4.639000
4.099000
10.526000
5.960000
10.582000
10.692000
1.246000
0.000000
0.000000
5.559000
0.714000
7.165000
11.650000
5.789000
6.065000
3.951000
12.862000
12.857000
13.617000
4.256000
7.425000
2.669000
0.000000
6.366000
1.967000
5.712000
8.364000
1.871000
3.784000
3.850000
0.000000
14.147000
6.420000
6.757000
5.813000
0.000000
16.993000
1.810000
7.548000
1.954000
8.285000
4.020000
7.164000
4.964000
5.820000
6.092000
8.487000
2.843000
0.000000
8.615000
0.297000
8.723000
9.339000
2.885000
5.179000
2.968000
10.897000
12.683000
4.150000
0.483000
4.702000
0.000000
4.119000
10.118000
6.235000
10.873000
10.636000
11.703000
1.412000
5.748000
6.630000
8.214000
10.578000
9.358000
14.987000
7.632000
10.957000
11.695000
1.516000
15.393000
2.006000
15.553000
3.363000
7.122000
0.238000
6.491000
4.209000
3.865000
6.334000
4.949000
8.945000
4.657000
4.393000
6.246000
4.744000
11.798000
10.679000
6.703000
10.470000
7.565000
5.639000
12.347000
7.481000
13.625000
7.159000
7.034000
2.420000
5.174000
11.611000
7.405000
6.321000
1.489000
13.390000
7.925000
7.604000
15.975000
4.260000
0.711000
4.216000
12.107000
11.237000
7.238000
12.483000
7.166000
1.848000
5.035000
11.947000
6.090000
11.069000
1.629000
7.221000
14.473000
9.801000
5.846000
2.418000
11.510000
4.135000
8.220000
15.040000
4.176000
8.973000
4.690000
2.777000
6.804000
4.113000
10.895000
8.677000
4.363000
9.497000
7.871000
7.507000
4.394000
8.061000
11.855000
9.946000
9.801000
1.990000
14.978000
15.708000
5.206000
5.781000
7.680000
7.669000
7.942000
11.215000
9.513000
5.346000
8.799000
15.024000
5.096000
12.573000
12.773000
8.022000
12.746000
20.888000
6.193000
1.882000
10.150000
10.750000
4.071000
0.000000
4.431000
7.669000
6.621000
8.763000
7.312000
8.461000
9.980000
5.985000
4.229000
5.522000
9.551000
10.408000
8.965000
9.993000
3.607000
9.083000
3.898000
7.436000
13.287000
12.492000
7.073000
6.123000
8.827000
12.169000
9.286000
8.825000
7.503000
8.380000
19.427000
9.628000
8.496000
8.984000
11.751000
7.767000
4.938000
10.931000
10.273000
8.145000
5.868000
7.416000
6.478000
5.818000
4.219000
3.438000
5.776000
0.000000
6.932000
7.874000
14.408000
0.000000
3.811000
3.731000
6.143000
13.967000
5.511000
6.175000
7.855000
6.804000
4.023000
7.737000
9.490000
3.742000
5.620000
10.408000
5.802000
6.601000
3.700000
0.000000
6.266000
5.855000
6.271000
0.000000
10.595000
4.926000
8.425000
16.442000
5.424000
4.842000
9.114000
9.220000
4.409000
6.277000
7.352000
17.216000
4.689000
4.468000
10.640000
10.434000
6.303000
5.118000
5.272000
8.416000
2.823000
8.014000
11.357000
6.653000
3.045000
7.161000
11.104000
8.369000
6.351000
9.245000
6.607000
10.729000
7.005000
9.198000
9.398000
5.130000
4.880000
9.850000
17.134000
7.134000
6.270000
6.675000
7.965000
11.487000
12.289000
8.389000
3.724000
6.990000
5.714000
12.075000
5.219000
5.387000
5.460000
11.385000
6.574000
8.577000
7.566000
11.416000
16.428000
3.286000
1.161000
0.000000
5.597000
8.973000
8.389000
2.125000
4.621000
5.199000
4.273000
7.546000
4.810000
10.095000
10.435000
7.482000
3.787000
8.914000
14.124000
10.953000
3.459000
4.994000
5.176000
11.876000
12.147000
4.422000
5.015000
10.795000
8.945000
6.567000
10.170000
8.376000
13.731000
7.852000
7.064000
5.430000
4.754000
5.414000
12.946000
11.181000
3.317000
11.812000
10.100000
9.312000
3.949000
5.286000
8.179000
9.347000
11.485000
7.714000
11.128000
2.228000
2.692000
11.631000
7.307000
4.104000
7.427000
9.285000
6.629000
9.886000
16.804000
8.764000
15.092000
6.169000
9.216000
10.004000
4.830000
3.066000
3.394000
5.568000
6.249000
6.950000
5.761000
3.478000
7.514000
15.072000
7.500000
3.313000
9.330000
15.631000
8.399000
9.460000
3.653000
12.778000
6.403000
11.202000
5.680000
14.181000
8.465000
7.489000
9.807000
9.879000
6.823000
9.154000
12.012000
9.379000
3.768000
7.500000
9.117000
4.769000
9.334000
10.622000
6.090000
7.523000
8.083000
10.918000
7.221000
5.138000
13.564000
9.550000
5.189000
9.529000
5.324000
10.377000
7.234000
7.092000
4.978000
0.000000
5.354000
9.002000
7.051000
8.621000
1.947000
6.928000
12.617000
1.001000
8.291000
3.197000
3.066000
11.873000
6.227000
8.538000
3.944000
6.573000
8.493000
7.473000
5.296000
11.734000
5.131000
9.744000
1.196000
1.667000
3.747000
0.569000
3.537000
5.028000
11.724000
0.000000
4.279000
4.045000
3.975000
10.761000
1.311000
9.244000
6.983000
8.341000
2.910000
9.938000
3.445000
4.694000
4.170000
5.481000
8.073000
3.406000
0.000000
3.413000
2.181000
4.707000
7.713000
5.322000
4.355000
3.669000
6.193000
1.719000
4.398000
7.360000
3.161000
5.540000
6.361000
6.639000
1.001000
6.000000
9.960000
1.259000
0.533000
8.708000
13.365000
8.146000
3.922000
4.452000
2.198000
3.492000
4.778000
7.764000
2.537000
5.338000
12.933000
4.360000
3.677000
4.217000
6.962000
9.902000
1.945000
3.362000
5.529000
2.435000
4.264000
5.911000
5.149000
7.452000
2.180000
6.966000
1.305000
0.008000
2.420000
3.098000
2.324000
7.258000
3.599000
1.942000
0.155000
4.302000
4.167000
0.265000
6.639000
3.837000
4.311000
8.957000
2.732000
6.414000
8.383000
2.238000
4.790000
5.784000
4.686000
14.506000
8.036000
0.432000
4.115000
7.186000
14.131000
3.182000
8.509000
4.878000
4.961000
5.448000
4.383000
4.822000
3.705000
8.890000
3.995000
12.269000
9.152000
6.570000
1.098000
4.187000
0.574000
4.696000
13.574000
7.494000
9.018000
11.882000
11.658000
0.450000
4.945000
5.114000
9.620000
3.272000
3.710000
5.686000
5.544000
2.636000
3.415000
1.051000
9.774000
0.645000
7.283000
8.877000
7.902000
6.554000
6.681000
0.000000
0.000000
7.373000
1.241000
1.607000
3.887000
1.669000
8.855000
5.102000
3.615000
0.000000
2.541000
4.243000
0.000000
0.000000
4.398000
12.233000
6.575000
0.000000
0.000000
3.051000
0.000000
3.067000
7.960000
2.489000
1.288000
3.066000
1.086000
13.312000
0.089000
9.243000
4.972000
8.007000
7.198000
2.968000
0.057000
3.341000
3.243000
6.912000
0.499000
2.494000
1.251000
3.570000
1.017000
0.139000
5.613000
5.527000
1.794000
11.227000
2.181000
0.000000
0.000000
0.000000
2.330000
0.000000
0.691000
0.000000
3.041000
2.949000
3.308000
7.477000
2.205000
6.424000
5.711000
14.895000
5.783000
2.479000
6.883000
6.971000
2.656000
5.515000
0.989000
2.290000
4.534000
8.409000
4.584000
1.464000
4.911000
0.882000
0.000000
3.461000
3.563000
0.314000
9.725000
2.883000
7.245000
1.319000
2.245000
12.586000
3.782000
10.104000
9.194000
3.380000
13.539000
10.178000
10.267000
4.237000
4.947000
4.434000
5.634000
7.140000
14.185000
3.518000
0.000000
11.475000
1.163000
3.177000
6.144000
6.940000
0.000000
3.956000
0.895000
5.616000
7.991000
0.019000
1.686000
2.891000
0.458000
5.653000
5.020000
4.766000
1.793000
7.742000
5.284000
4.771000
1.250000
0.142000
0.000000
6.358000
5.032000
0.828000
4.081000
4.827000
0.406000
4.462000
5.867000
2.550000
1.517000
3.806000
10.003000
4.019000
7.344000
3.978000
9.728000
3.003000
6.314000
1.646000
2.389000
2.100000
0.148000
2.743000
0.000000
7.747000
5.603000
1.596000
2.558000
4.475000
2.714000
5.746000
9.545000
1.575000
7.348000
0.219000
0.000000
2.202000
8.318000
7.779000
7.053000
8.757000
3.947000
3.585000
1.956000
6.008000
3.820000
0.922000
8.556000
0.886000
10.492000
0.000000
7.665000
0.231000
0.000000
5.816000
4.315000
1.888000
1.619000
0.520000
6.069000
1.176000
4.726000
8.933000
8.329000
4.249000
11.108000
6.262000
0.000000
3.067000
1.763000
0.000000
0.469000
6.963000
3.460000
3.656000
1.421000
2.421000
4.781000
0.000000
4.185000
11.099000
2.956000
8.895000
7.204000
4.852000
0.000000
6.861000
4.576000
11.333000
5.990000
5.646000
3.487000
0.000000
0.939000
4.349000
7.400000
5.101000
1.923000
0.000000
3.326000
4.461000
9.743000
5.692000
8.347000
4.739000
2.202000
6.016000
3.901000
6.790000
9.393000
1.628000
8.605000
2.771000
10.322000
5.522000
1.084000
9.075000
4.748000
10.728000
5.721000
11.445000
5.908000
8.739000
6.236000
0.316000
1.983000
9.185000
3.398000
3.813000
9.361000
6.471000
6.406000
5.281000
4.828000
10.571000
10.879000
5.772000
5.238000
11.765000
2.769000
8.656000
6.285000
3.562000
7.820000
3.160000
8.064000
10.303000
0.721000
5.618000
10.044000
3.491000
1.744000
2.884000
5.489000
3.666000
11.573000
3.040000
3.668000
0.812000
11.080000
10.214000
6.273000
6.567000
0.000000
12.807000
5.413000
5.638000
5.897000
0.000000
0.000000
1.351000
8.068000
7.355000
5.595000
1.597000
9.409000
3.474000
2.626000
3.449000
6.621000
10.300000
3.546000
12.514000
2.365000
5.773000
2.555000
5.968000
3.130000
7.501000
8.464000
7.873000
7.547000
3.416000
3.927000
4.532000
5.217000
0.000000
6.163000
6.773000
2.931000
7.915000
14.606000
4.501000
11.298000
6.104000
8.610000
4.891000
9.631000
9.789000
7.652000
7.750000
6.255000
3.922000
7.586000
8.121000
7.302000
2.044000
9.781000
2.815000
9.326000
8.928000
7.002000
7.192000
6.930000
10.226000
3.361000
12.900000
2.613000
7.697000
6.283000
7.858000
9.858000
8.454000
5.662000
10.342000
6.140000
2.543000
7.532000
0.000000
14.888000
4.275000
10.411000
11.857000
7.334000
3.482000
6.537000
6.261000
6.050000
4.711000
9.164000
6.772000
5.896000
3.468000
7.880000
3.466000
4.828000
13.382000
10.761000
7.496000
2.923000
7.707000
6.834000
11.157000
9.290000
3.874000
10.434000
9.573000
9.468000
12.825000
9.462000
4.532000
8.380000
4.350000
7.103000
8.190000
13.412000
7.769000
5.930000
1.678000
0.000000
3.192000
10.069000
6.585000
5.507000
0.299000
4.987000
1.470000
8.385000
6.930000
4.820000
4.433000
10.955000
13.447000
8.004000
3.440000
4.661000
3.711000
11.137000
7.798000
2.565000
2.289000
5.318000
7.332000
5.619000
6.973000
10.231000
7.074000
2.219000
3.727000
6.368000
6.903000
5.218000
3.962000
9.423000
5.914000
8.152000
4.491000
3.353000
10.385000
8.583000
11.235000
4.954000
7.831000
7.669000
3.296000
8.821000
3.530000
3.014000
3.982000
4.723000
3.623000
3.645000
8.507000
10.781000
5.150000
8.075000
6.399000
10.438000
7.652000
8.496000
7.011000
4.915000
14.028000
10.013000
0.543000
5.202000
4.068000
6.751000
3.076000
7.053000
6.241000
9.245000
7.418000
4.680000
12.532000
16.731000
4.112000
4.479000
8.639000
11.161000
10.435000
2.643000
8.713000
9.452000
3.918000
12.162000
3.393000
8.219000
11.769000
0.794000
12.185000
6.307000
4.061000
8.393000
9.019000
4.920000
4.507000
10.484000
5.239000
10.618000
3.341000
6.560000
10.368000
7.571000
6.517000
12.146000
2.622000
1.822000
7.654000
11.074000
4.547000
12.630000
14.500000
8.395000
9.550000
14.782000
7.261000
9.336000
7.978000
8.634000
7.143000
10.176000
8.002000
5.965000
9.674000
8.522000
2.446000
5.618000
4.075000
6.655000
5.133000
5.032000
4.721000
9.381000
6.577000
6.704000
4.736000
6.730000
8.235000
7.244000
7.078000
8.962000
5.668000
5.493000
9.071000
10.166000
9.338000
9.307000
6.586000
4.168000
9.777000
8.616000
6.364000
11.309000
13.861000
3.807000
9.187000
12.546000
7.446000
8.388000
7.693000
5.590000
5.825000
7.213000
7.058000
7.355000
5.698000
6.331000
6.895000
6.430000
7.411000
2.944000
8.578000
5.129000
14.220000
11.482000
10.610000
4.912000
5.461000
6.772000
3.788000
5.207000
4.817000
5.956000
9.178000
8.628000
6.052000
2.064000
7.702000
7.728000
9.286000
11.982000
1.642000
6.751000
4.954000
7.102000
6.714000
5.751000
7.487000
4.753000
4.441000
5.627000
8.649000
8.806000
5.196000
5.842000
9.481000
1.453000
10.236000
5.357000
5.484000
4.350000
5.702000
6.828000
7.920000
6.581000
6.404000
4.492000
6.855000
0.000000
5.050000
5.334000
7.245000
4.652000
5.948000
3.874000
4.092000
7.358000
6.962000
8.266000
2.153000
11.446000
3.463000
8.543000
4.492000
3.646000
6.237000
4.327000
4.937000
7.711000
9.629000
4.260000
5.233000
8.431000
7.178000
6.356000
8.198000
5.998000
6.209000
3.493000
9.119000
4.521000
2.633000
10.281000
0.628000
5.207000
4.548000
4.728000
4.438000
7.655000
5.313000
6.976000
5.974000
5.076000
3.663000
6.107000
4.363000
3.227000
7.746000
6.178000
3.106000
5.250000
4.038000
7.369000
5.765000
5.454000
6.855000
6.647000
0.291000
3.796000
4.650000
6.853000
7.097000
5.408000
8.464000
4.996000
3.352000
6.290000
4.987000
1.364000
2.719000
3.094000
7.695000
6.446000
4.012000
2.582000
8.291000
1.104000
5.874000
5.145000
8.208000
1.890000
3.408000
0.000000
3.430000
3.102000
4.507000
8.831000
7.313000
6.719000
8.237000
4.518000
5.235000
1.011000
4.493000
5.901000
4.744000
5.523000
7.946000
5.202000
4.845000
4.737000
7.107000
2.408000
5.715000
5.459000
7.247000
4.456000
10.173000
4.887000
3.243000
3.811000
1.926000
5.306000
4.283000
2.340000
6.005000
6.730000
2.879000
7.088000
5.167000
2.614000
2.415000
2.272000
4.673000
5.405000
7.599000
6.541000
3.351000
3.273000
6.227000
4.739000
4.548000
5.797000
2.841000
2.178000
9.686000
6.048000
11.007000
10.629000
8.573000
6.339000
3.778000
3.248000
5.684000
8.775000
0.000000
7.933000
4.460000
7.263000
6.899000
6.917000
5.246000
4.768000
1.992000
3.443000
3.604000
5.813000
7.139000
2.497000
7.873000
4.915000
3.983000
3.290000
5.052000
6.791000
2.955000
1.456000
4.103000
3.267000
3.046000
4.441000
6.130000
4.110000
1.755000
5.941000
1.011000
10.473000
7.160000
5.003000
4.985000
9.590000
0.000000
4.831000
2.388000
3.655000
4.939000
3.124000
4.503000
6.583000
3.773000
2.117000
9.616000
7.020000
10.933000
9.440000
5.972000
5.726000
9.325000
6.172000
3.114000
2.087000
5.106000
8.490000
7.518000
4.889000
7.236000
0.752000
3.190000
8.954000
9.582000
8.567000
6.319000
8.614000
7.663000
5.464000
9.517000
8.558000
9.283000
4.453000
7.820000
5.678000
3.851000
11.976000
5.355000
2.452000
9.197000
7.692000
8.004000
6.987000
3.646000
1.901000
7.961000
4.078000
7.058000
14.058000
2.827000
11.121000
2.698000
4.998000
14.754000
10.233000
5.577000
9.393000
6.823000
8.013000
9.337000
11.583000
11.203000
3.068000
5.925000
2.205000
7.862000
8.021000
6.960000
7.687000
5.415000
9.719000
5.707000
7.696000
8.164000
1.734000
2.858000
8.259000
2.297000
11.163000
0.721000
0.000000
0.131000
6.261000
9.719000
7.795000
6.967000
7.369000
9.637000
8.414000
15.112000
9.571000
7.907000
11.956000
11.296000
7.080000
8.381000
4.195000
6.420000
8.666000
0.463000
12.097000
6.627000
2.148000
5.137000
5.335000
3.095000
5.610000
6.592000
2.394000
6.625000
7.863000
0.544000
4.806000
4.244000
3.504000
7.613000
2.912000
7.498000
7.195000
8.243000
10.050000
6.336000
6.528000
4.112000
6.878000
3.345000
1.818000
8.425000
7.111000
6.903000
2.984000
5.815000
8.558000
7.505000
5.735000
8.367000
7.222000
9.326000
3.510000
4.720000
8.622000
10.020000
9.664000
6.498000
7.228000
5.684000
3.900000
5.760000
3.439000
5.191000
10.452000
1.992000
6.311000
5.147000
5.636000
6.291000
4.768000
3.704000
12.297000
4.875000
5.153000
2.299000
4.787000
6.823000
0.887000
0.408000
8.196000
12.849000
4.496000
8.387000
9.338000
6.154000
13.241000
6.133000
3.243000
7.603000
5.436000
6.376000
10.955000
3.568000
6.526000
4.539000
9.038000
4.873000
11.929000
9.868000
10.539000
4.929000
5.244000
5.088000
7.763000
9.220000
2.397000
6.890000
5.139000
2.663000
4.725000
11.611000
2.709000
11.626000
12.928000
5.863000
15.268000
11.029000
7.021000
5.857000
9.929000
8.009000
8.770000
7.705000
6.812000
6.919000
7.462000
4.067000
6.764000
5.954000
9.064000
7.858000
5.093000
3.420000
10.943000
5.087000
10.580000
9.687000
7.837000
10.953000
0.155000
7.173000
2.852000
5.755000
9.046000
5.410000
7.010000
5.061000
2.845000
1.538000
4.679000
4.593000
5.717000
3.716000
6.282000
2.759000
9.148000
6.239000
8.301000
3.690000
9.971000
6.075000
6.965000
2.202000
7.077000
8.479000
6.468000
8.259000
7.994000
6.168000
8.855000
7.019000
7.567000
7.207000
11.032000
8.419000
4.879000
5.818000
6.849000
9.886000
3.528000
1.013000
10.578000
0.000000
15.415000
8.199000
9.969000
8.990000
11.348000
10.643000
10.772000
4.179000
6.247000
9.843000
4.914000
7.021000
9.927000
10.325000
7.920000
7.682000
9.477000
7.495000
6.963000
7.323000
10.315000
3.924000
6.736000
10.685000
9.927000
4.932000
2.344000
8.376000
5.218000
4.185000
6.458000
8.265000
5.573000
10.144000
8.902000
11.137000
9.379000
8.185000
9.402000
9.877000
9.933000
10.544000
10.932000
12.657000
7.294000
12.990000
5.294000
5.903000
8.002000
5.187000
4.081000
4.041000
8.338000
5.445000
10.721000
9.943000
7.704000
7.664000
7.075000
12.000000
9.098000
7.611000
4.451000
7.402000
10.682000
10.673000
7.383000
7.094000
4.988000
7.878000
14.401000
15.490000
11.273000
10.364000
15.126000
10.214000
4.331000
11.124000
5.879000
11.575000
7.261000
11.379000
10.851000
7.010000
6.955000
11.371000
5.935000
3.524000
10.254000
5.496000
8.955000
11.357000
12.171000
7.432000
7.719000
8.754000
8.345000
11.132000
10.986000
6.056000
6.085000
9.839000
7.283000
9.608000
7.788000
3.684000
6.680000
6.246000
7.443000
13.153000
12.432000
6.842000
13.257000
6.352000
2.862000
16.691000
9.632000
7.552000
2.580000
8.927000
15.481000
8.038000
8.828000
5.846000
15.265000
2.782000
7.091000
11.744000
6.937000
7.950000
8.745000
7.928000
3.289000
5.274000
10.531000
9.737000
12.065000
8.712000
12.050000
6.239000
11.307000
4.234000
5.603000
0.000000
8.337000
7.720000
6.582000
9.100000
7.660000
11.916000
7.277000
0.000000
6.076000
12.056000
9.252000
7.799000
9.047000
8.789000
6.605000
4.773000
6.569000
11.413000
12.423000
5.925000
12.476000
5.129000
6.836000
8.759000
3.232000
5.148000
11.205000
9.958000
16.932000
5.622000
7.636000
2.888000
7.674000
2.707000
9.921000
5.546000
6.739000
6.115000
9.956000
6.541000
9.515000
5.973000
4.887000
6.962000
16.510000
8.869000
3.107000
6.799000
15.946000
10.854000
6.286000
5.476000
10.034000
8.426000
5.164000
7.890000
11.742000
7.780000
9.115000
9.047000
4.490000
9.261000
10.967000
8.223000
10.205000
7.353000
8.814000
5.261000
7.964000
8.329000
9.377000
8.910000
15.980000
15.509000
6.638000
6.995000
10.434000
3.992000
8.115000
8.117000
12.506000
7.517000
10.587000
9.039000
3.637000
8.311000
8.952000
8.008000
5.763000
11.849000
7.561000
9.397000
10.436000
3.673000
6.129000
13.842000
14.001000
8.502000
4.974000
8.773000
0.000000
4.257000
6.547000
8.456000
9.302000
11.518000
8.780000
10.124000
9.985000
6.958000
11.565000
5.441000
17.989000
8.986000
12.551000
7.694000
3.302000
9.987000
12.747000
8.450000
12.063000
13.086000
10.272000
6.757000
9.440000
8.351000
10.611000
5.810000
7.884000
12.002000
11.901000
5.700000
9.679000
6.067000
6.720000
8.806000
3.838000
7.302000
11.137000
9.405000
6.865000
10.485000
11.366000
10.016000
8.135000
8.947000
8.505000
17.395000
10.165000
4.211000
5.663000
7.936000
7.574000
2.773000
6.937000
13.000000
6.030000
6.552000
8.995000
16.902000
11.584000
9.989000
2.566000
9.831000
7.495000
13.475000
11.379000
7.157000
10.417000
13.773000
11.325000
8.284000
16.954000
7.956000
7.281000
8.115000
9.638000
7.945000
6.764000
9.669000
9.281000
8.606000
10.492000
12.291000
17.676000
4.887000
10.462000
10.047000
12.506000
8.411000
18.069000
13.202000
7.646000
8.466000
8.047000
5.511000
3.835000
10.657000
5.865000
9.394000
6.060000
13.064000
15.269000
8.611000
16.685000
8.561000
9.916000
9.366000
8.455000
9.304000
9.641000
12.404000
8.531000
12.067000
6.398000
12.690000
7.349000
6.608000
6.146000
7.666000
9.976000
4.596000
4.064000
15.135000
17.714000
9.434000
14.006000
9.712000
10.375000
11.780000
12.874000
7.912000
8.861000
10.278000
9.117000
12.235000
11.445000
11.880000
6.010000
9.864000
12.080000
13.253000
8.079000
17.138000
9.741000
6.734000
10.578000
6.148000
11.598000
7.692000
9.242000
5.677000
11.450000
7.122000
10.730000
9.050000
4.431000
4.920000
16.079000
9.485000
9.114000
8.860000
9.328000
7.538000
10.830000
12.388000
9.623000
12.492000
9.863000
9.810000
10.864000
5.996000
14.200000
14.529000
5.054000
9.501000
5.583000
11.153000
14.216000
7.127000
7.838000
13.319000
10.357000
9.897000
7.713000
11.399000
10.680000
13.457000
9.577000
1.969000
10.444000
7.534000
10.916000
14.314000
10.109000
4.210000
8.665000
9.488000
9.854000
11.827000
13.673000
9.069000
11.273000
11.026000
8.464000
2.813000
10.396000
7.746000
12.593000
9.834000
12.916000
7.911000
7.560000
5.096000
6.909000
3.381000
4.254000
8.595000
11.220000
10.185000
3.127000
9.578000
13.664000
6.261000
7.273000
15.993000
12.182000
13.257000
9.186000
13.978000
0.393000
11.460000
7.984000
13.954000
9.252000
9.866000
7.503000
10.039000
3.337000
4.583000
2.041000
1.443000
2.480000
0.000000
1.002000
0.000000
3.148000
3.523000
10.892000
8.914000
0.800000
1.188000
6.137000
0.000000
0.000000
0.000000
7.013000
0.339000
6.063000
4.174000
3.715000
4.954000
7.331000
0.000000
0.000000
3.377000
9.236000
1.304000
1.704000
0.153000
13.166000
0.000000
0.080000
9.552000
5.651000
6.984000
10.644000
6.458000
9.969000
10.521000
12.121000
12.394000
0.000000
0.000000
3.589000
9.855000
6.872000
10.547000
0.000000
2.528000
2.536000
2.385000
6.210000
5.525000
4.616000
0.000000
14.632000
9.284000
9.926000
9.790000
2.171000
8.349000
11.833000
6.574000
12.673000
14.294000
0.353000
10.172000
3.478000
4.999000
2.355000
3.451000
0.000000
9.777000
6.039000
0.370000
3.118000
0.129000
9.648000
10.548000
9.410000
9.507000
17.235000
10.533000
0.356000
8.649000
8.690000
9.623000
12.212000
0.000000
10.291000
7.051000
12.916000
10.795000
0.628000
12.235000
11.036000
5.421000
7.337000
0.733000
11.858000
11.946000
11.801000
15.807000
1.551000
10.487000
8.624000
7.064000
9.229000
12.171000
7.274000
13.154000
6.658000
7.137000
2.678000
13.146000
2.027000
17.284000
3.731000
1.852000
10.601000
1.254000
12.839000
6.366000
8.567000
14.850000
5.399000
9.763000
6.253000
1.015000
15.370000
10.687000
0.000000
0.000000
1.214000
14.566000
13.149000
8.857000
8.585000
10.150000
7.679000
13.010000
5.677000
8.267000
8.502000
8.044000
2.760000
2.267000
13.857000
0.029000
7.691000
4.377000
2.933000
5.985000
7.380000
3.244000
7.747000
0.000000
3.434000
0.878000
6.394000
7.770000
8.240000
2.249000
5.728000
0.268000
6.042000
0.000000
14.734000
5.231000
0.000000
5.125000
10.191000
9.666000
1.675000
1.265000
0.000000
10.967000
13.859000
4.758000
4.445000
2.966000
8.658000
2.027000
7.050000
9.878000
1.464000
6.263000
3.804000
5.366000
4.977000
6.325000
2.155000
2.819000
3.201000
9.448000
4.642000
2.750000
11.300000
11.630000
1.005000
2.710000
6.157000
6.018000
14.202000
5.770000
0.000000
3.486000
11.141000
0.000000
14.375000
2.652000
13.694000
5.411000
12.795000
14.494000
1.212000
9.947000
10.265000
13.096000
3.464000
0.279000
0.037000
10.025000
5.527000
0.066000
8.249000
7.965000
9.827000
11.658000
3.408000
12.281000
14.093000
10.783000
5.162000
14.554000
4.669000
0.000000
9.708000
0.000000
5.307000
14.579000
5.122000
2.672000
9.030000
4.135000
9.931000
1.609000
12.039000
1.170000
3.319000
3.789000
3.135000
8.512000
3.523000
8.829000
3.712000
7.297000
1.513000
15.100000
8.710000
13.440000
15.031000
1.729000
13.438000
5.208000
0.062000
0.000000
2.557000
4.981000
5.900000
11.178000
10.565000
15.210000
1.924000
14.366000
1.721000
12.497000
4.651000
6.634000
7.481000
10.075000
10.251000
0.000000
6.302000
6.777000
10.800000
10.957000
5.545000
10.800000
9.866000
3.639000
3.022000
14.161000
3.289000
15.981000
8.820000
7.839000
6.849000
9.860000
4.782000
10.919000
10.118000
6.579000
11.307000
3.651000
6.987000
3.683000
6.323000
8.805000
12.574000
13.995000
8.356000
2.956000
7.937000
7.844000
13.550000
17.544000
7.370000
15.110000
10.094000
5.811000
5.802000
7.878000
10.438000
7.078000
9.331000
0.729000
11.991000
8.890000
3.478000
6.790000
4.475000
6.377000
10.262000
6.495000
5.917000
7.773000
9.809000
3.671000
7.187000
1.409000
9.161000
14.211000
10.062000
4.323000
10.679000
9.276000
5.967000
9.195000
8.501000
5.643000
6.265000
7.799000
13.345000
9.585000
0.000000
4.599000
7.816000
5.968000
15.183000
11.639000
8.060000
12.105000
4.147000
11.266000
10.039000
6.643000
8.000000
7.920000
4.425000
3.327000
4.474000
5.657000
3.613000
7.514000
9.752000
0.771000
4.968000
9.943000
3.907000
7.255000
4.814000
8.999000
8.953000
10.317000
12.794000
9.745000
9.894000
3.937000
10.807000
8.048000
4.669000
4.800000
4.626000
5.981000
9.666000
16.365000
2.701000
10.629000
8.282000
6.707000
4.211000
10.043000
8.248000
5.369000
5.990000
7.572000
10.487000
0.563000
8.590000
10.341000
7.038000
6.585000
3.122000
11.244000
3.097000
6.998000
5.585000
9.557000
6.276000
9.866000
0.768000
5.042000
5.460000
8.602000
8.871000
10.210000
4.281000
11.467000
6.928000
12.565000
11.934000
2.442000
6.542000
10.549000
13.200000
9.043000
12.369000
10.258000
2.637000
12.458000
5.075000
4.363000
11.646000
10.653000
1.695000
8.097000
6.687000
17.964000
6.834000
10.396000
5.974000
6.768000
4.838000
8.916000
3.714000
6.129000
9.960000
2.584000
4.638000
9.203000
5.373000
4.758000
6.438000
15.460000
4.755000
7.036000
6.635000
0.188000
2.039000
9.913000
4.962000
2.200000
1.984000
5.868000
10.955000
9.082000
4.217000
4.293000
0.000000
0.000000
7.545000
2.389000
3.134000
5.680000
10.430000
10.801000
0.000000
6.736000
4.705000
6.559000
1.293000
5.357000
3.524000
4.337000
8.062000
7.045000
10.488000
7.233000
12.201000
3.640000
11.947000
3.455000
3.640000
10.296000
6.676000
5.202000
1.951000
8.413000
2.443000
1.127000
13.770000
5.561000
4.756000
0.000000
5.366000
0.256000
5.624000
10.646000
4.133000
9.127000
10.280000
5.508000
10.788000
6.665000
8.855000
7.662000
0.000000
7.620000
3.329000
8.773000
11.009000
11.826000
11.138000
7.311000
8.581000
4.482000
9.945000
4.823000
8.607000
10.841000
7.463000
7.989000
3.698000
0.168000
7.466000
18.023000
12.408000
12.892000
8.362000
8.812000
8.710000
1.687000
10.064000
8.245000
15.866000
10.946000
8.572000
6.704000
10.832000
8.486000
5.967000
6.113000
3.927000
7.806000
11.233000
0.000000
2.242000
6.185000
15.174000
10.581000
6.007000
2.494000
11.055000
12.209000
7.439000
5.812000
5.937000
6.279000
9.251000
1.456000
11.215000
9.383000
8.821000
9.362000
7.513000
7.760000
4.902000
11.429000
8.009000
7.659000
5.364000
5.233000
9.995000
8.018000
11.379000
5.065000
8.221000
4.485000
8.426000
5.610000
12.151000
8.494000
8.444000
3.882000
7.719000
3.354000
10.735000
9.312000
9.194000
0.000000
8.708000
7.475000
12.435000
13.292000
2.353000
10.221000
9.392000
9.228000
11.282000
9.916000
10.384000
11.485000
4.799000
12.517000
10.780000
12.445000
4.899000
10.735000
7.603000
11.797000
15.611000
3.306000
3.669000
3.550000
9.267000
16.400000
1.784000
9.477000
4.038000
13.034000
7.104000
13.425000
1.101000
11.795000
6.547000
14.516000
10.563000
2.989000
13.988000
5.736000
9.348000
9.791000
9.583000
3.280000
7.071000
11.898000
11.826000
12.620000
12.801000
13.109000
12.257000
8.293000
13.059000
9.943000
13.386000
10.564000
7.141000
11.004000
3.383000
7.136000
6.854000
4.291000
11.634000
9.012000
9.583000
12.917000
14.384000
9.945000
3.594000
7.409000
7.517000
13.097000
5.222000
7.815000
4.630000
6.178000
13.563000
8.435000
15.445000
11.685000
7.124000
13.831000
8.623000
8.010000
8.674000
3.473000
9.293000
9.160000
15.290000
7.600000
6.414000
3.757000
8.288000
7.609000
9.291000
14.337000
6.418000
3.858000
10.624000
6.121000
9.196000
10.638000
11.545000
1.146000
7.925000
8.576000
7.771000
12.140000
0.000000
16.722000
9.697000
13.254000
12.282000
9.797000
14.005000
8.873000
14.674000
10.707000
12.218000
12.030000
15.563000
10.275000
9.181000
9.006000
14.124000
9.695000
9.413000
10.484000
9.733000
11.321000
11.103000
9.898000
14.753000
1.197000
9.348000
11.495000
15.076000
7.772000
10.541000
7.189000
8.734000
7.995000
9.820000
10.354000
11.855000
11.052000
10.817000
10.782000
9.779000
11.634000
11.231000
7.508000
0.000000
14.184000
10.461000
7.310000
10.973000
13.132000
10.587000
17.257000
9.673000
8.520000
9.662000
10.200000
5.748000
9.540000
1.719000
11.063000
3.372000
0.000000
3.761000
0.000000
6.592000
0.000000
8.701000
4.458000
0.000000
4.056000
9.879000
0.000000
3.140000
0.000000
0.000000
0.000000
0.000000
0.925000
0.000000
0.000000
0.000000
0.000000
5.732000
0.000000
5.862000
10.196000
0.000000
0.000000
2.047000
0.000000
0.000000
0.250000
6.331000
0.000000
1.045000
6.839000
10.843000
0.000000
3.159000
0.094000
0.670000
3.542000
11.081000
0.000000
0.636000
6.878000
4.847000
0.000000
2.598000
6.676000
11.171000
1.925000
0.808000
10.339000
11.282000
6.139000
2.012000
0.000000
0.283000
1.324000
11.481000
7.448000
8.158000
4.894000
1.788000
14.169000
8.160000
0.327000
0.391000
4.540000
2.157000
0.000000
2.322000
2.905000
2.705000
0.000000
3.785000
11.832000
5.800000
0.000000
2.392000
10.807000
10.889000
5.842000
2.768000
0.000000
6.418000
2.022000
5.857000
0.000000
9.003000
1.879000
6.748000
10.765000
10.771000
0.000000
11.898000
0.000000
1.253000
3.427000
3.929000
5.982000
9.786000
2.031000
0.317000
6.342000
0.000000
7.392000
0.000000
6.000000
9.966000
0.000000
8.379000
9.048000
9.998000
3.143000
4.173000
4.980000
14.308000
0.000000
10.639000
10.694000
1.982000
9.807000
7.095000
3.860000
0.000000
5.817000
14.637000
5.965000
2.933000
10.974000
0.000000
3.309000
1.276000
13.047000
1.548000
0.000000
1.955000
0.577000
0.000000
0.219000
2.452000
4.314000
6.653000
8.127000
5.530000
5.401000
0.000000
1.630000
6.506000
3.905000
7.674000
3.683000
3.054000
2.435000
0.000000
2.104000
2.256000
0.000000
1.894000
4.822000
0.000000
0.877000
2.900000
1.484000
6.096000
5.192000
4.049000
0.998000
8.066000
0.000000
0.922000
0.640000
1.590000
2.981000
0.000000
1.418000
1.284000
9.355000
1.759000
6.619000
2.527000
10.293000
2.891000
5.173000
8.395000
3.226000
6.370000
3.918000
2.698000
3.156000
0.916000
6.683000
4.506000
5.223000
9.377000
0.851000
13.496000
7.393000
8.869000
7.489000
2.942000
5.434000
3.748000
0.157000
14.127000
9.452000
0.695000
5.570000
1.057000
3.879000
3.861000
8.128000
9.504000
13.864000
0.000000
2.757000
0.000000
10.197000
0.412000
1.353000
2.427000
9.819000
1.336000
14.922000
0.000000
10.064000
5.610000
1.732000
3.268000
0.000000
4.397000
3.886000
0.000000
6.228000
1.576000
0.919000
5.989000
2.631000
11.749000
6.126000
0.000000
8.468000
4.188000
1.392000
7.764000
0.642000
5.796000
10.601000
0.138000
0.000000
11.190000
2.642000
9.197000
14.530000
10.211000
3.089000
10.304000
4.294000
10.122000
6.963000
5.916000
8.043000
10.888000
8.100000
3.878000
10.141000
1.223000
5.319000
5.458000
4.109000
3.694000
10.723000
3.619000
4.278000
7.610000
0.532000
10.712000
0.000000
0.000000
1.300000
10.797000
5.968000
8.074000
4.737000
7.223000
4.676000
5.769000
0.000000
0.000000
2.442000
1.209000
1.420000
2.476000
0.000000
7.312000
1.095000
0.000000
11.222000
2.000000
0.000000
2.428000
0.000000
0.000000
0.000000
2.454000
0.167000
12.138000
4.525000
5.342000
10.743000
5.874000
0.000000
12.149000
0.502000
5.852000
1.349000
5.658000
0.000000
7.294000
4.091000
10.125000
0.000000
6.517000
3.297000
10.070000
0.000000
0.000000
0.000000
0.000000
0.000000
7.259000
5.303000
0.000000
0.782000
0.000000
0.000000
7.836000
9.272000
7.362000
0.000000
10.970000
10.125000
3.513000
7.732000
0.000000
0.000000
1.682000
6.887000
5.037000
3.481000
11.094000
4.560000
2.714000
1.095000
3.888000
0.000000
0.137000
6.615000
2.804000
0.950000
2.085000
14.987000
3.821000
3.665000
4.566000
6.347000
3.007000
3.177000
2.522000
6.009000
7.782000
0.000000
0.542000
1.415000
6.975000
7.256000
0.000000
1.906000
0.091000
2.792000
3.456000
3.657000
4.019000
0.539000
11.736000
0.000000
7.041000
0.000000
0.000000
15.407000
4.429000
4.913000
0.000000
0.000000
0.000000
1.278000
1.803000
0.733000
0.000000
4.445000
0.000000
0.000000
6.680000
1.620000
3.568000
1.749000
3.188000
0.762000
0.000000
8.184000
0.612000
2.712000
0.000000
0.000000
0.000000
1.068000
0.000000
0.000000
0.000000
0.000000
0.531000
0.000000
5.578000
3.870000
2.806000
0.000000
0.000000
1.679000
0.000000
0.000000
1.582000
7.614000
0.416000
1.788000
3.713000
4.362000
0.000000
0.000000
0.000000
0.119000
0.000000
1.119000
0.941000
0.000000
0.804000
2.348000
0.000000
0.000000
1.292000
2.412000
2.294000
0.000000
0.903000
0.314000
0.000000
0.000000
0.000000
0.000000
0.851000
0.000000
0.000000
0.000000
0.000000
0.000000
2.042000
0.000000
0.000000
0.000000
0.000000
0.000000
4.590000
0.000000
0.000000
0.000000
3.908000
6.792000
0.000000
0.000000
0.000000
0.328000
0.000000
0.000000
0.000000
0.000000
4.541000
0.000000
4.142000
0.000000
0.000000
0.000000
0.000000
0.812000
0.000000
1.909000
1.840000
0.000000
0.000000
6.970000
0.000000
0.000000
0.000000
0.000000
0.000000
0.000000
0.000000
0.000000
0.000000
0.000000
0.000000
2.339000
0.000000
0.000000
0.000000
0.000000
0.955000
0.000000
0.000000
8.369000
3.785000
1.894000
0.000000
0.000000
0.000000
0.000000
0.000000
0.000000
0.000000
0.000000
0.000000
0.000000
0.000000
0.000000
0.000000
0.000000
2.438000
0.000000
0.000000
0.522000
0.769000
0.026000
4.759000
0.000000
0.000000
1.289000
0.000000
0.000000
0.000000
0.000000
0.000000
3.716000
0.000000
0.000000
0.000000
5.098000
0.000000
0.000000
6.471000
5.088000
0.000000
0.000000
0.000000
0.000000
0.000000
0.000000
0.000000
3.472000
0.000000
0.000000
0.000000
1.565000
0.000000
0.000000
0.000000
3.990000
0.643000
4.455000
0.000000
0.000000
6.428000
4.158000
0.000000
0.000000
0.000000
1.764000
0.000000
3.678000
0.000000
3.828000
0.000000
0.712000
4.398000
0.000000
7.206000
0.000000
0.270000
6.840000
0.000000
0.000000
0.506000
0.000000
0.000000
0.000000
0.000000
4.600000
0.000000
0.000000
5.599000
1.171000
3.071000
0.000000
0.965000
4.402000
0.000000
0.000000
3.904000
0.000000
6.328000
0.000000
0.000000
0.000000
0.000000
0.000000
0.619000
0.000000
0.000000
0.000000
0.000000
1.486000
5.363000
7.076000
5.690000
0.000000
0.000000
0.000000
2.244000
0.000000
5.590000
0.000000
0.000000
0.000000
7.223000
0.000000
0.000000
0.000000
2.247000
0.735000
0.000000
5.730000
5.413000
3.603000
5.324000
0.000000
0.000000
0.000000
0.000000
6.590000
0.000000
4.343000
0.000000
0.000000
0.566000
8.048000
0.000000
0.596000
0.000000
2.164000
0.690000
4.999000
6.369000
0.000000
3.200000
0.000000
0.000000
0.000000
6.707000
2.633000
0.000000
6.664000
0.000000
4.206000
0.000000
1.386000
0.000000
4.917000
0.000000
0.601000
0.000000
6.943000
0.000000
5.487000
0.000000
0.000000
0.000000
2.986000
8.309000
0.000000
0.000000
0.000000
1.781000
2.450000
0.000000
0.000000
0.000000
0.000000
6.457000
0.000000
1.312000
0.000000
0.000000
0.000000
2.446000
0.000000
0.000000
0.973000
0.000000
0.000000
0.000000
0.000000
0.000000
0.000000
0.000000
0.000000
0.000000
0.000000
0.000000
2.182000
0.000000
0.000000
4.796000
3.722000
0.000000
0.000000
0.000000
0.000000
0.000000
0.000000
0.000000
0.000000
0.000000
0.000000
0.000000
0.000000
0.000000
0.000000
1.485000
0.000000
0.000000
0.000000
0.000000
0.000000
0.729000
0.000000
0.000000
0.000000
0.806000
0.000000
0.000000
2.819000
0.000000
0.000000
0.000000
0.000000
0.411000
0.000000
1.464000
0.000000
0.428000
0.000000
0.000000
0.404000
0.000000
0.000000
0.000000
0.000000
0.000000
0.127000
0.000000
0.000000
0.000000
0.000000
0.065000
0.000000
0.000000
0.000000
0.000000
0.000000
0.627000
0.000000
0.000000
0.000000
0.000000
0.000000
0.000000
0.000000
0.000000
0.000000
0.000000
0.000000
0.000000
0.000000
0.000000
0.000000
0.000000
0.000000
0.125000
0.000000
0.558000
0.000000
0.000000
0.000000
0.000000
0.000000
0.000000
0.000000
0.000000
0.000000
0.000000
0.220000
0.000000
0.577000
0.000000
0.000000
0.000000
0.000000
0.000000
0.000000
0.000000
0.000000
0.000000
0.000000
0.000000
0.551000
0.000000
0.000000
0.000000
0.000000
0.358000
0.000000
0.000000
0.000000
0.000000
0.000000
0.000000
0.000000
0.000000
0.135000
0.000000
0.382000
0.000000
0.000000
0.000000
0.000000
0.000000
0.000000
0.000000
0.000000
0.000000
0.138000
0.000000
0.000000
0.000000
0.000000
0.000000
0.000000
0.736000
0.000000
0.222000
0.000000
0.000000
0.000000
0.000000
0.000000
0.000000
0.000000
0.000000
0.000000
0.000000
1.068000
0.000000
0.000000
0.000000
0.000000
0.000000
0.000000
0.000000
0.000000
0.047000
0.000000
0.000000
0.000000
0.068000
0.000000
0.000000
0.000000
0.000000
0.057000
0.000000
0.000000
0.000000
0.000000
0.000000
0.315000
0.000000
0.000000
0.000000
0.000000
0.000000
0.000000
0.000000
0.000000
0.000000
0.066000
0.000000
0.000000
0.000000
0.000000
0.000000
0.000000
0.000000
0.000000
0.000000
0.000000
0.000000
0.000000
0.000000
0.000000
0.000000
0.000000
0.000000
0.000000
0.000000
0.000000
0.000000
0.000000
0.000000
0.000000
0.000000
0.000000
0.000000
0.000000
0.000000
0.303000
0.024000
0.000000
0.000000
0.000000
0.000000
0.000000
0.000000
0.000000
0.000000
0.000000
0.000000
0.000000
0.000000
0.000000
0.000000
0.000000
0.000000
0.000000
0.000000
0.000000
0.000000
0.000000
0.000000
0.000000
0.000000
0.000000
0.000000
0.000000
0.000000
0.000000
0.000000
0.000000
0.000000
0.000000
0.000000
0.000000
0.000000
0.000000
0.000000
0.000000
0.000000
0.000000
0.000000
0.000000
0.000000
0.000000
0.000000
0.000000
0.303000
0.000000
0.000000
0.117000
0.000000
0.000000
0.000000
0.000000
0.377000
0.000000
0.000000
0.000000
0.000000
0.000000
0.000000
0.006000
0.000000
0.000000
0.000000
0.000000
0.000000
0.000000
0.000000
0.000000
0.000000
0.000000
0.000000
0.000000
0.000000
0.000000
0.000000
0.000000
0.000000
0.000000
0.000000
0.000000
0.000000
0.000000
0.000000
0.000000
0.000000
0.000000
0.000000
0.000000
0.000000
0.000000
0.000000
0.000000
0.000000
0.000000
0.000000
0.000000
0.000000
0.000000
0.496000
0.000000
0.000000
0.000000
0.000000
0.000000
0.000000
0.000000
0.000000
0.009000
0.000000
0.000000
0.000000
0.000000
0.000000
0.000000
0.131000
0.000000
0.000000
0.000000
0.000000
0.000000
0.000000
0.000000
0.000000
0.000000
0.000000
0.000000
0.179000
0.000000
0.000000
0.000000
0.000000
0.000000
0.000000
0.000000
0.041000
0.000000
0.000000
0.000000
0.000000
0.000000
0.000000
0.026000
0.000000
0.000000
0.000000
0.000000
0.000000
0.000000
0.000000
0.000000
0.882000
0.000000
0.000000
0.000000
0.000000
0.000000
0.000000
0.000000
0.000000
0.000000
0.000000
0.000000
0.000000
0.000000
0.000000
0.000000
0.468000
0.000000
0.037000
0.000000
0.048000
0.000000
0.000000
0.000000
0.000000
0.000000
0.028000
0.000000
0.000000
0.000000
0.000000
0.000000
0.004000
0.000000
0.000000
0.000000
0.000000
0.000000
0.000000
0.000000
0.000000
0.000000
0.000000
0.000000
0.000000
0.000000
0.000000
0.000000
0.000000
0.158000
0.000000
0.000000
0.014000
0.005000
0.000000
0.000000
0.000000
0.000000
0.000000
0.000000
0.000000
0.000000
0.000000
0.000000
0.000000
0.000000
0.000000
0.000000
0.000000
0.000000
0.000000
0.000000
0.000000
0.000000
0.000000
0.000000
0.000000
0.000000
0.006000
0.000000
0.000000
0.000000
0.000000
0.000000
0.000000
0.000000
0.169000
0.000000
0.000000
0.300000
0.000000
0.000000
0.022000
0.000000
0.000000
0.000000
0.000000
0.000000
0.000000
0.000000
0.000000
0.000000
0.000000
0.000000
0.000000
0.000000
0.045000
0.000000
0.000000
0.000000
0.000000
0.000000
0.000000
0.036000
0.000000
0.000000
0.000000
0.000000
0.000000
0.000000
0.000000
0.000000
0.000000
0.045000
0.000000
0.000000
0.000000
0.030000
0.000000
0.000000
0.000000
0.000000
0.000000
0.000000
0.000000
0.073000
0.000000
0.000000
0.000000
0.000000
0.000000
0.000000
0.000000
0.000000
0.127000
0.000000
0.000000
0.000000
0.000000
0.000000
0.000000
0.000000
0.000000
0.000000
0.000000
0.000000
0.000000
0.000000
0.000000
0.000000
0.000000
0.000000
0.000000
0.000000
0.000000
0.000000
0.000000
0.000000
0.000000
0.000000
0.000000
0.000000
0.000000
0.000000
0.000000
0.000000
0.000000
0.074000
0.000000
0.000000
0.000000
0.000000
0.000000
0.000000
0.000000
0.000000
0.000000
0.000000
0.016000
0.000000
0.000000
0.000000
0.000000
0.000000
0.000000
0.000000
0.000000
0.000000
0.000000
0.000000
0.000000
0.000000
0.000000
0.000000
0.000000
0.000000
0.000000
0.000000
0.115000
0.000000
0.000000
0.000000
0.000000
0.000000
0.000000
0.000000
0.000000
0.020000
0.000000
0.000000
0.000000
0.074000
0.000000
0.000000
0.000000
0.000000
0.000000
0.000000
0.000000
0.000000
0.000000
0.000000
0.000000
0.000000
0.000000
0.030000
0.000000
0.000000
0.066000
0.000000
0.000000
0.087000
0.000000
0.000000
0.000000
0.000000
0.000000
0.000000
0.000000
0.000000
0.000000
0.000000
0.000000
0.084000
0.000000
0.000000
0.000000
0.000000
0.000000
0.000000
0.000000
0.000000
0.000000
0.000000
0.000000
0.000000
0.000000
0.000000
0.000000
0.000000
0.000000
0.000000
0.000000
0.000000
0.000000
0.000000
0.032000
0.000000
0.000000
0.000000
0.000000
0.179000
0.033000
0.000000
0.000000
0.072000
0.000000
0.000000
0.020000
0.000000
0.000000
0.000000
0.000000
0.000000
0.000000
0.000000
0.000000
0.099000
0.000000
0.000000
0.000000
0.000000
0.000000
0.000000
0.000000
0.000000
0.000000
0.000000
0.000000
0.000000
0.000000
0.000000
0.000000
0.238000
0.000000
0.000000
0.000000
0.000000
0.000000
0.000000
0.000000
0.000000
0.053000
0.000000
0.000000
0.023000
0.000000
0.000000
0.000000
0.000000
0.000000
0.000000
0.000000
0.000000
0.000000
0.000000
0.091000
0.000000
0.000000
0.000000
0.000000
0.000000
0.000000
0.148000
0.000000
0.000000
0.000000
0.000000
0.091000
0.000000
0.000000
0.000000
0.000000
0.000000
0.000000
0.000000
0.000000
0.000000
0.000000
0.000000
0.000000
0.000000
0.000000
0.000000
0.000000
0.000000
0.000000
0.000000
0.000000
0.000000
0.000000
0.000000
0.000000
0.000000
0.000000
0.000000
0.000000
0.000000
0.000000
0.075000
0.000000
0.000000
0.000000
0.000000
0.000000
0.000000
0.000000
0.000000
0.000000
0.000000
0.000000
0.000000
0.000000
0.000000
0.000000
0.000000
0.000000
0.000000
0.000000
0.000000
0.029000
0.000000
0.000000
0.000000
0.000000
0.000000
0.000000
0.000000
0.035000
0.000000
0.000000
0.000000
0.000000
0.000000
0.000000
0.000000
0.000000
0.000000
0.000000
0.000000
0.074000
0.000000
0.000000
0.000000
0.000000
0.000000
0.000000
0.045000
0.000000
0.000000
0.102000
0.000000
0.000000
0.000000
0.000000
0.000000
0.000000
0.096000
0.000000
0.216000
0.000000
0.000000
0.000000
0.000000
0.000000
0.000000
0.000000
0.000000
0.000000
0.000000
0.000000
0.000000
0.000000
0.000000
0.000000
0.023000
0.000000
0.000000
0.000000
0.000000
0.000000
0.000000
0.000000
0.000000
0.000000
0.000000
0.000000
0.000000
0.000000
0.000000
0.000000
0.000000
0.000000
0.000000
0.060000
0.000000
0.000000
0.000000
0.000000
0.000000
0.000000
0.000000
0.000000
0.000000
0.000000
0.000000
0.000000
0.000000
0.000000
0.000000
0.000000
0.000000
0.000000
0.000000
0.000000
0.000000
0.000000
0.000000
0.000000
0.000000
0.000000
0.000000
0.000000
0.000000
0.000000
0.000000
0.000000
0.000000
0.000000
0.000000
0.000000
0.000000
0.000000
0.000000
0.000000
0.000000
0.000000
0.000000
0.000000
0.000000
0.000000
0.000000
0.000000
0.000000
0.000000
0.000000
0.000000
0.000000
0.000000
0.000000
0.020000
0.000000
0.000000
0.000000
0.000000
0.000000
0.000000
0.000000
0.000000
0.000000
0.000000
0.000000
0.000000
0.000000
0.000000
0.000000
0.000000
0.000000
0.000000
0.000000
0.055000
0.000000
0.000000
0.000000
0.000000
0.000000
0.000000
0.000000
0.000000
0.000000
0.000000
0.000000
0.000000
0.000000
0.000000
0.000000
0.000000
0.000000
0.000000
0.000000
0.000000
0.000000
0.000000
0.000000
0.000000
0.000000
0.000000
0.000000
0.000000
0.000000
0.000000
0.000000
0.000000
0.000000
0.089000
0.000000
0.000000
0.000000
0.000000
0.000000
0.000000
0.000000
0.000000
0.000000
0.000000
0.000000
0.000000
0.000000
0.000000
0.000000
0.000000
0.000000
0.000000
0.000000
0.000000
0.000000
0.000000
0.000000
0.000000
0.000000
0.000000
0.000000
0.000000
0.090000
0.000000
0.000000
0.141000
0.000000
0.000000
0.000000
0.000000
0.000000
0.000000
0.000000
0.000000
0.000000
0.000000
0.000000
0.000000
0.000000
0.000000
0.000000
0.000000
0.000000
0.000000
0.000000
0.000000
0.000000
0.000000
0.000000
0.000000
0.019000
0.000000
0.000000
0.000000
0.000000
0.000000
0.008000
0.000000
0.000000
0.000000
0.000000
0.000000
0.000000
0.000000
0.000000
0.000000
0.000000
0.000000
0.000000
0.000000
0.000000
0.000000
0.006000
0.000000
0.000000
0.000000
0.000000
0.000000
0.000000
0.000000
0.017000
0.000000
0.000000
0.005000
0.000000
0.000000
0.000000
0.000000
0.000000
0.000000
0.000000
0.000000
0.015000
0.000000
0.000000
0.000000
0.000000
0.000000
0.000000
0.000000
0.000000
0.000000
0.000000
0.000000
0.000000
0.000000
0.000000
0.000000
0.000000
0.000000
0.035000
0.000000
0.000000
0.000000
0.000000
0.000000
0.000000
0.000000
0.000000
0.000000
0.004000
0.000000
0.000000
0.000000
0.000000
0.000000
0.000000
0.000000
0.000000
0.000000
0.000000
0.000000
0.000000
0.008000
0.000000
0.000000
0.000000
0.000000
0.000000
0.000000
0.000000
0.000000
0.000000
0.000000
0.000000
0.000000
0.000000
0.000000
0.000000
0.000000
0.000000
0.000000
0.000000
0.000000
0.000000
0.000000
0.000000
0.000000
0.081000
0.000000
0.000000
0.000000
0.000000
0.000000
0.000000
0.000000
0.000000
0.000000
0.000000
0.000000
0.000000
0.000000
0.000000
0.000000
0.000000
0.000000
0.000000
0.000000
0.000000
0.000000
0.000000
0.000000
0.000000
0.000000
0.000000
0.000000
0.000000
0.000000
0.000000
0.000000
0.000000
0.000000
0.000000
0.000000
0.000000
0.000000
0.000000
0.000000
0.000000
0.000000
0.000000
0.000000
0.000000
0.032000
0.000000
0.000000
0.000000
0.000000
0.000000
0.000000
0.000000
0.078000
0.000000
0.000000
0.000000
0.000000
0.000000
0.000000
0.000000
0.000000
0.000000
0.000000
0.000000
0.000000
0.000000
0.000000
0.000000
0.000000
0.000000
0.000000
0.000000
0.000000
0.000000
0.000000
0.000000
0.000000
0.000000
0.000000
0.000000
0.000000
0.000000
0.000000
0.000000
0.000000
0.000000
0.000000
0.000000
0.000000
0.000000
0.000000
0.000000
0.000000
0.000000
0.000000
0.000000
0.000000
0.000000
0.000000
0.000000
0.000000
0.000000
0.000000
0.000000
0.000000
0.000000
0.000000
0.000000
0.000000
0.000000
0.000000
0.000000
0.000000
0.000000
0.000000
0.000000
0.000000
0.000000
0.000000
0.000000
0.000000
0.000000
0.000000
0.000000
0.000000
0.013000
0.000000
0.000000
0.000000
0.000000
0.000000
0.000000
0.000000
0.000000
0.000000
0.000000
0.000000
0.000000
0.000000
0.000000
0.000000
0.000000
0.000000
0.096000
0.000000
0.000000
0.000000
0.000000
0.000000
0.000000
0.000000
0.000000
0.000000
0.000000
0.000000
0.000000
0.000000
0.000000
0.000000
0.000000
0.000000
0.000000
0.000000
0.000000
0.046000
0.055000
0.000000
0.000000
0.000000
0.000000
0.000000
0.000000
0.000000
0.000000
0.000000
0.000000
0.000000
0.000000
0.000000
0.000000
0.000000
0.000000
0.000000
0.000000
0.013000
0.000000
0.000000
0.000000
0.000000
0.000000
0.000000
0.000000
0.000000
0.000000
0.000000
0.000000
0.000000
0.000000
0.000000
0.000000
0.000000
0.000000
0.000000
0.000000
0.000000
0.000000
0.000000
0.000000
0.000000
0.000000
0.000000
0.000000
0.000000
0.000000
0.000000
0.000000
0.000000
0.000000
0.000000
0.000000
0.000000
0.000000
0.000000
0.000000
0.000000
0.032000
0.000000
0.000000
0.000000
0.000000
0.000000
0.000000
0.000000
0.000000
0.000000
0.000000
0.000000
0.000000
0.000000
0.000000
0.000000
0.000000
0.000000
0.000000
0.000000
0.000000
0.000000
0.000000
0.000000
0.000000
0.000000
0.000000
0.000000
0.000000
0.000000
0.000000
0.000000
0.000000
0.000000
0.000000
0.000000
0.000000
0.000000
0.000000
0.000000
0.000000
0.000000
0.000000
0.000000
0.000000
0.000000
0.000000
0.000000
0.000000
0.000000
0.000000
0.000000
0.000000
0.000000
0.000000
0.000000
0.000000
0.000000
0.000000
0.000000
0.000000
0.000000
0.000000
0.000000
0.000000
0.000000
0.000000
0.000000
0.000000
0.000000
0.000000
0.000000
0.000000
0.000000
0.000000
0.000000
0.000000
0.000000
0.000000
0.000000
0.000000
0.000000
0.000000
0.000000
0.000000
0.000000
0.000000
0.000000
0.000000
0.000000
0.000000
0.002000
0.000000
0.000000
0.019000
0.000000
0.000000
0.000000
0.000000
0.000000
0.000000
0.000000
0.000000
0.000000
0.000000
0.000000
0.000000
0.000000
0.000000
0.000000
0.000000
0.000000
0.000000
0.000000
0.000000
0.000000
0.000000
0.000000
0.000000
0.000000
0.000000
0.000000
0.000000
0.000000
0.000000
0.000000
0.000000
0.000000
0.000000
0.000000
0.000000
0.000000
0.029000
0.000000
0.000000
0.000000
0.000000
0.000000
0.000000
0.000000
0.000000
0.000000
0.000000
0.000000
0.000000
0.135000
0.000000
0.000000
0.000000
0.000000
0.000000
0.000000
0.000000
0.000000
0.004000
0.000000
0.000000
0.000000
0.081000
0.000000
0.000000
0.000000
0.000000
0.000000
0.000000
0.000000
0.000000
0.000000
0.000000
0.000000
0.000000
0.000000
0.000000
0.000000
0.000000
0.000000
0.000000
0.000000
0.000000
0.000000
0.000000
0.000000
0.000000
0.025000
0.000000
0.000000
0.000000
0.000000
0.000000
0.000000
0.000000
0.000000
0.000000
