21.020000
18.552000
18.158000
25.116000
18.416000
16.275000
16.802000
22.799000
17.165000
17.337000
19.236000
17.781000
20.005000
6.618000
19.967000
18.311000
17.719000
5.898000
19.668000
10.954000
13.474000
6.450000
14.204000
13.043000
11.088000
7.681000
14.027000
14.185000
6.998000
9.922000
8.448000
18.497000
20.010000
9.571000
11.486000
8.684000
11.475000
11.104000
12.471000
8.531000
3.573000
12.136000
18.329000
14.908000
8.372000
6.346000
14.261000
17.366000
17.819000
8.657000
21.723000
20.645000
11.576000
11.350000
16.621000
14.332000
16.092000
8.563000
11.625000
4.977000
10.411000
9.373000
7.715000
10.799000
22.112000
15.534000
14.332000
17.153000
14.542000
8.391000
8.556000
17.316000
11.120000
8.616000
17.625000
9.799000
21.319000
11.220000
14.864000
14.162000
1.836000
21.652000
13.793000
12.185000
14.446000
11.333000
7.503000
16.339000
10.240000
23.336000
14.773000
15.419000
11.943000
14.214000
9.861000
8.882000
8.259000
11.633000
1.888000
9.895000
9.181000
25.267000
14.874000
5.746000
12.011000
11.857000
11.792000
12.936000
15.384000
9.175000
14.137000
7.777000
14.508000
5.885000
10.993000
10.664000
12.689000
13.298000
12.090000
8.872000
13.075000
13.243000
8.554000
10.176000
10.982000
16.489000
18.819000
15.193000
13.666000
9.457000
21.882000
16.586000
12.318000
10.452000
19.836000
11.740000
21.123000
8.468000
7.891000
12.218000
20.476000
8.218000
15.613000
3.888000
9.049000
6.254000
18.140000
9.687000
11.826000
17.592000
17.611000
15.377000
9.548000
13.067000
10.558000
11.877000
24.455000
9.085000
15.810000
9.924000
19.052000
11.776000
12.832000
17.067000
21.082000
10.766000
7.372000
14.162000
9.440000
7.604000
17.444000
10.176000
11.518000
10.902000
9.255000
15.273000
11.001000
9.801000
10.998000
12.321000
8.697000
9.807000
9.713000
12.717000
9.928000
10.391000
13.813000
17.692000
9.881000
14.329000
10.375000
8.871000
12.555000
15.332000
5.453000
24.755000
12.580000
9.796000
10.144000
10.535000
12.759000
8.703000
11.084000
13.381000
10.268000
11.949000
11.414000
21.452000
21.817000
15.520000
7.366000
9.761000
9.852000
8.652000
14.545000
12.711000
19.358000
8.065000
7.488000
22.870000
16.070000
16.673000
12.632000
11.344000
7.833000
16.897000
13.252000
14.498000
10.303000
9.050000
14.060000
22.115000
15.830000
15.716000
13.909000
10.275000
22.146000
12.153000
11.502000
17.589000
8.507000
9.135000
11.873000
18.544000
14.993000
19.168000
12.829000
12.153000
9.867000
8.702000
7.564000
10.550000
6.254000
11.287000
10.289000
14.803000
19.541000
15.180000
16.049000
21.334000
14.133000
14.958000
16.191000
19.062000
18.977000
11.212000
7.977000
15.704000
19.734000
15.296000
14.583000
13.112000
6.531000
10.410000
14.313000
8.653000
10.526000
20.821000
12.011000
17.803000
17.116000
18.023000
11.263000
13.496000
11.086000
15.751000
8.527000
12.043000
16.075000
12.478000
10.176000
10.732000
10.623000
12.154000
12.721000
11.531000
14.489000
19.460000
18.774000
7.653000
11.402000
16.521000
17.765000
15.146000
11.137000
14.116000
11.498000
15.025000
19.993000
14.500000
13.927000
8.654000
6.069000
16.528000
9.685000
13.663000
7.466000
18.925000
17.728000
10.112000
16.210000
11.952000
7.781000
10.645000
11.089000
15.396000
9.440000
14.595000
12.010000
18.314000
13.917000
13.602000
15.456000
17.528000
17.759000
17.461000
4.630000
9.733000
20.317000
20.792000
18.403000
12.532000
5.006000
20.475000
14.480000
8.995000
12.262000
16.083000
11.056000
9.644000
9.785000
9.866000
5.173000
13.378000
8.802000
6.489000
8.592000
2.927000
8.654000
8.915000
6.649000
11.697000
10.245000
9.845000
10.705000
8.404000
5.753000
10.099000
11.301000
8.506000
8.858000
10.841000
10.048000
7.935000
11.045000
11.750000
9.266000
9.843000
15.422000
20.836000
11.883000
8.633000
10.704000
12.377000
8.037000
10.487000
11.105000
11.731000
9.065000
16.811000
8.514000
7.801000
7.024000
15.149000
11.327000
13.387000
10.323000
14.512000
21.157000
10.658000
6.227000
10.239000
26.185000
9.367000
14.176000
7.367000
22.821000
10.704000
9.462000
9.530000
20.634000
8.169000
8.934000
20.597000
19.029000
15.856000
15.359000
13.353000
23.934000
12.513000
16.878000
8.538000
9.355000
14.978000
12.212000
11.010000
6.713000
12.781000
12.686000
11.461000
12.318000
8.499000
14.368000
12.794000
11.723000
17.835000
16.205000
17.740000
22.312000
5.816000
11.579000
12.885000
19.015000
7.189000
11.528000
9.260000
13.620000
15.126000
3.357000
17.214000
18.822000
12.784000
13.883000
7.234000
15.198000
15.018000
7.681000
11.989000
10.154000
7.870000
13.673000
3.872000
15.578000
9.869000
8.954000
13.355000
4.368000
11.749000
12.332000
4.627000
6.715000
12.526000
13.032000
5.859000
10.093000
7.534000
9.451000
14.183000
9.335000
10.949000
6.809000
12.834000
13.555000
11.520000
7.266000
12.900000
11.173000
14.175000
9.249000
7.192000
13.623000
11.569000
9.731000
15.816000
5.222000
12.962000
11.952000
7.024000
10.603000
13.491000
7.804000
13.697000
15.270000
12.155000
12.415000
11.103000
14.477000
9.578000
6.337000
12.116000
10.140000
9.152000
12.786000
11.170000
11.617000
11.930000
8.621000
9.402000
9.704000
7.191000
11.781000
18.262000
12.279000
13.526000
10.626000
11.472000
11.899000
7.205000
13.092000
9.351000
6.156000
15.303000
13.929000
5.194000
9.423000
13.611000
15.965000
7.472000
10.643000
8.783000
7.478000
8.793000
7.911000
8.595000
8.485000
11.860000
10.883000
11.211000
10.194000
8.360000
12.837000
13.616000
10.714000
12.814000
5.221000
5.684000
11.406000
12.007000
14.635000
23.729000
12.527000
13.689000
13.005000
14.220000
7.008000
6.092000
14.941000
11.763000
10.867000
3.236000
12.563000
12.413000
14.312000
14.932000
10.413000
11.344000
10.453000
10.569000
10.168000
11.376000
14.318000
11.540000
7.829000
13.613000
26.009000
14.427000
11.820000
9.604000
16.399000
13.668000
9.959000
8.944000
14.246000
17.545000
5.437000
10.428000
9.828000
10.293000
15.549000
12.541000
16.279000
14.216000
6.570000
20.208000
24.866000
9.890000
22.455000
9.483000
11.674000
7.937000
14.430000
13.615000
10.517000
14.929000
21.319000
17.399000
15.763000
8.214000
7.985000
19.845000
10.697000
15.575000
7.352000
14.753000
9.934000
20.307000
12.377000
16.073000
12.000000
10.385000
9.052000
11.871000
11.497000
16.916000
14.337000
11.186000
16.858000
10.676000
13.215000
15.149000
9.431000
14.765000
11.549000
13.495000
21.928000
10.736000
7.383000
15.160000
21.340000
10.536000
9.881000
13.257000
10.204000
14.242000
8.815000
6.838000
12.663000
12.489000
12.138000
10.702000
11.152000
10.746000
11.725000
16.617000
19.709000
12.320000
6.451000
10.505000
8.249000
13.443000
13.086000
9.200000
12.379000
12.581000
12.362000
7.888000
11.064000
6.064000
17.450000
13.887000
5.657000
16.138000
16.534000
11.318000
14.524000
12.793000
9.580000
12.021000
11.174000
17.214000
13.626000
9.398000
13.270000
11.541000
6.887000
12.802000
10.714000
20.619000
17.264000
13.031000
13.085000
11.965000
19.210000
14.000000
6.377000
11.227000
8.071000
5.735000
15.395000
17.232000
11.015000
8.420000
10.015000
11.924000
15.091000
14.036000
20.436000
13.035000
13.971000
10.913000
15.812000
13.287000
6.159000
12.385000
12.340000
13.831000
12.192000
11.645000
14.317000
10.298000
16.121000
12.360000
15.973000
10.792000
9.392000
15.455000
14.272000
12.745000
9.031000
21.263000
10.466000
12.517000
12.244000
8.051000
10.067000
13.035000
9.909000
12.000000
12.694000
10.412000
16.383000
17.090000
14.025000
12.744000
10.934000
17.734000
10.295000
9.123000
8.828000
14.268000
7.298000
12.420000
8.939000
12.748000
15.168000
9.236000
11.944000
7.954000
11.861000
6.193000
15.589000
15.525000
9.846000
12.703000
9.653000
14.900000
5.065000
5.650000
5.442000
6.265000
9.863000
7.822000
9.852000
13.452000
8.707000
10.902000
10.474000
2.621000
17.933000
3.538000
10.692000
14.749000
5.356000
1.671000
4.853000
12.216000
7.980000
11.034000
10.667000
10.615000
7.981000
8.685000
8.948000
11.568000
12.177000
8.176000
11.975000
14.021000
6.548000
12.460000
18.771000
11.173000
5.803000
16.915000
7.070000
15.684000
7.132000
8.752000
8.663000
9.743000
10.392000
5.069000
4.827000
3.956000
12.923000
11.592000
8.407000
15.024000
16.194000
14.763000
7.167000
11.674000
21.329000
4.925000
7.679000
10.280000
14.584000
15.304000
10.600000
13.044000
18.143000
3.519000
6.790000
15.947000
7.550000
11.034000
11.886000
5.415000
5.219000
14.606000
12.937000
14.606000
8.208000
9.697000
10.756000
5.991000
12.569000
16.690000
15.355000
9.439000
12.909000
9.181000
7.363000
15.041000
7.205000
5.252000
13.737000
10.239000
18.549000
4.353000
14.659000
15.690000
10.151000
17.295000
9.611000
15.532000
5.586000
8.104000
4.769000
9.924000
14.271000
13.494000
13.643000
12.887000
18.555000
15.019000
4.167000
14.554000
10.272000
18.021000
8.152000
15.645000
14.962000
17.543000
22.109000
10.250000
18.747000
8.352000
8.491000
16.182000
16.775000
17.045000
12.079000
14.060000
3.771000
19.283000
14.804000
8.509000
12.302000
9.025000
14.319000
14.980000
13.488000
10.655000
6.967000
19.495000
8.745000
19.513000
16.713000
17.455000
6.364000
9.230000
10.631000
14.064000
11.159000
8.863000
14.606000
16.272000
11.539000
11.978000
9.069000
8.978000
10.473000
21.476000
16.989000
18.252000
10.726000
10.621000
19.335000
11.892000
7.707000
8.817000
15.124000
16.828000
13.746000
5.218000
7.224000
10.958000
24.747000
12.348000
10.906000
12.454000
14.231000
12.563000
14.553000
8.719000
12.025000
10.825000
17.294000
9.353000
8.206000
5.877000
15.782000
17.782000
5.503000
12.975000
11.892000
14.144000
11.865000
8.963000
10.670000
9.352000
13.863000
12.845000
11.035000
9.875000
17.480000
9.863000
13.951000
9.647000
8.082000
11.402000
10.172000
12.940000
11.964000
12.478000
4.350000
5.865000
6.143000
8.204000
7.594000
9.140000
12.638000
7.753000
4.104000
11.969000
8.930000
10.190000
9.876000
6.612000
5.369000
14.459000
9.903000
11.391000
4.015000
21.358000
10.990000
6.680000
6.520000
8.256000
17.373000
6.340000
17.419000
7.940000
19.414000
13.964000
14.429000
12.219000
9.453000
13.710000
22.234000
16.728000
9.185000
15.100000
11.185000
4.412000
8.066000
12.112000
17.052000
8.460000
10.053000
17.504000
7.817000
24.134000
8.913000
10.941000
9.036000
14.110000
12.829000
14.457000
10.460000
11.177000
9.940000
11.913000
6.941000
7.247000
9.568000
7.640000
12.889000
12.765000
11.348000
9.207000
13.272000
8.240000
15.228000
16.558000
6.574000
5.273000
10.155000
8.182000
12.086000
10.380000
12.011000
11.404000
5.478000
10.397000
10.301000
14.180000
9.012000
15.056000
21.797000
16.559000
16.162000
17.087000
7.530000
11.771000
11.740000
9.580000
8.489000
5.970000
10.313000
14.657000
18.083000
10.806000
15.473000
9.937000
19.043000
15.093000
15.579000
15.977000
11.781000
8.136000
9.964000
10.819000
10.364000
11.394000
10.906000
12.926000
10.898000
11.772000
11.191000
12.316000
8.259000
11.413000
10.357000
25.961000
9.153000
12.495000
12.256000
12.753000
9.110000
7.819000
12.281000
15.503000
15.679000
10.880000
6.509000
11.976000
11.140000
15.044000
11.386000
19.082000
27.198000
8.963000
10.763000
12.316000
12.571000
14.038000
13.376000
14.286000
6.683000
17.259000
4.358000
18.555000
8.217000
15.815000
9.026000
15.370000
9.122000
8.512000
12.391000
11.237000
12.639000
10.173000
9.035000
5.536000
13.604000
16.855000
18.173000
9.200000
7.927000
14.344000
9.888000
4.821000
16.382000
15.733000
13.833000
6.531000
10.874000
11.227000
16.465000
5.625000
9.452000
16.241000
8.899000
10.548000
13.953000
8.209000
6.874000
14.843000
12.094000
14.570000
9.827000
12.862000
5.519000
13.244000
8.202000
14.813000
15.659000
11.200000
11.906000
12.310000
9.991000
11.435000
10.694000
7.798000
9.025000
6.964000
15.735000
10.445000
10.076000
11.545000
3.257000
12.344000
10.168000
5.222000
9.890000
11.682000
8.635000
9.916000
8.643000
8.785000
7.474000
8.259000
7.198000
13.214000
10.985000
10.790000
11.098000
5.773000
14.545000
12.124000
10.207000
11.774000
8.532000
13.918000
12.690000
10.743000
7.029000
12.907000
9.426000
9.885000
13.133000
12.731000
11.088000
11.702000
7.135000
19.435000
10.698000
9.485000
7.737000
10.552000
11.454000
10.669000
9.499000
9.340000
4.426000
10.423000
12.405000
12.181000
12.086000
9.717000
7.225000
10.985000
10.133000
17.612000
13.887000
8.878000
13.203000
14.264000
16.358000
17.142000
10.901000
15.867000
6.258000
17.947000
14.154000
6.798000
8.285000
12.173000
7.695000
12.599000
7.522000
12.586000
11.594000
11.963000
7.901000
17.367000
11.092000
11.164000
16.917000
19.629000
10.216000
15.022000
8.990000
7.224000
12.941000
10.647000
12.588000
15.130000
10.314000
5.964000
14.832000
16.298000
6.414000
8.625000
7.698000
10.797000
9.496000
1.794000
16.143000
9.245000
4.311000
16.103000
7.905000
12.855000
11.325000
14.703000
9.384000
9.627000
11.355000
7.432000
18.099000
16.089000
10.492000
8.613000
14.926000
11.232000
18.725000
5.461000
10.601000
8.726000
11.942000
17.992000
10.877000
17.394000
16.490000
7.521000
16.534000
11.910000
5.547000
9.666000
14.363000
10.416000
15.119000
13.243000
5.211000
9.856000
10.022000
13.609000
12.843000
18.013000
3.570000
12.812000
19.489000
11.113000
15.106000
8.271000
14.734000
15.667000
0.628000
10.570000
10.439000
13.493000
5.055000
9.545000
12.166000
4.908000
7.429000
8.854000
15.902000
9.090000
4.649000
6.507000
10.277000
5.949000
4.821000
8.869000
9.039000
1.647000
3.352000
7.590000
18.500000
10.226000
5.217000
6.435000
17.504000
3.790000
9.041000
8.567000
2.144000
5.749000
10.704000
6.017000
17.535000
11.043000
13.156000
12.722000
11.624000
6.855000
8.068000
13.949000
7.942000
10.964000
6.307000
10.081000
4.794000
5.540000
4.765000
6.534000
5.053000
7.333000
4.197000
10.124000
10.788000
9.966000
2.113000
13.272000
19.456000
12.040000
14.174000
6.475000
7.572000
4.861000
7.982000
4.434000
10.606000
12.736000
13.250000
10.414000
9.250000
11.530000
8.727000
12.847000
11.235000
14.286000
9.325000
15.088000
11.208000
6.532000
4.010000
18.106000
6.756000
13.372000
8.412000
8.385000
13.030000
6.260000
9.116000
7.030000
4.166000
13.396000
9.251000
11.616000
13.709000
4.379000
15.839000
8.070000
6.056000
4.740000
8.362000
16.772000
14.838000
12.410000
2.634000
8.624000
12.398000
7.384000
14.025000
18.521000
6.359000
13.354000
13.381000
7.703000
9.730000
7.461000
13.726000
5.455000
10.482000
13.835000
7.528000
5.881000
13.620000
11.903000
6.176000
12.468000
12.437000
13.223000
8.601000
4.928000
9.687000
9.506000
6.776000
12.620000
12.868000
11.710000
13.923000
7.574000
4.685000
9.813000
8.041000
17.223000
12.514000
9.123000
9.369000
11.296000
8.920000
9.434000
18.473000
12.898000
7.411000
5.490000
11.420000
17.167000
13.454000
18.243000
8.849000
11.335000
7.658000
11.007000
15.267000
4.127000
18.373000
10.169000
6.196000
4.198000
17.021000
12.707000
7.123000
11.305000
11.574000
18.493000
7.282000
12.806000
15.754000
14.956000
12.868000
12.271000
14.560000
8.273000
15.095000
15.868000
10.273000
11.844000
8.756000
9.697000
2.835000
8.033000
10.214000
8.684000
9.505000
12.412000
10.003000
7.239000
6.189000
11.154000
16.689000
7.521000
16.294000
14.957000
12.877000
8.547000
5.398000
9.806000
2.777000
9.432000
9.205000
12.582000
6.998000
11.473000
8.891000
12.524000
9.425000
15.370000
9.593000
14.096000
7.841000
15.223000
7.927000
11.982000
10.420000
13.753000
4.678000
10.895000
10.768000
10.198000
11.991000
8.444000
8.360000
14.651000
11.929000
9.037000
14.473000
12.115000
17.009000
12.022000
17.555000
7.534000
19.761000
6.707000
16.027000
11.743000
11.184000
15.320000
12.394000
10.685000
16.500000
12.760000
18.496000
13.380000
23.681000
11.587000
13.282000
13.240000
9.001000
6.499000
13.461000
7.632000
15.411000
15.223000
12.152000
9.352000
8.947000
10.509000
11.651000
17.554000
15.822000
5.837000
19.698000
17.426000
12.046000
14.780000
9.573000
10.897000
11.363000
15.057000
17.561000
11.821000
16.019000
5.360000
11.756000
8.832000
17.207000
13.762000
14.483000
14.927000
8.322000
8.374000
8.987000
16.621000
6.016000
20.614000
14.220000
17.384000
17.256000
11.629000
14.330000
19.114000
14.948000
13.351000
17.131000
12.048000
8.377000
8.062000
10.383000
11.157000
12.763000
12.590000
14.317000
13.311000
14.698000
12.951000
11.195000
16.651000
14.195000
13.198000
13.921000
10.693000
10.667000
9.966000
14.522000
13.003000
10.253000
10.066000
10.759000
12.549000
12.703000
13.855000
10.857000
8.838000
6.600000
11.464000
9.606000
8.775000
10.035000
10.502000
6.993000
9.230000
6.691000
11.414000
14.035000
9.339000
11.700000
9.264000
13.031000
13.647000
16.370000
11.109000
8.797000
11.244000
16.490000
10.546000
12.722000
12.328000
17.934000
10.460000
10.119000
11.310000
10.296000
8.529000
5.183000
8.451000
5.843000
10.629000
7.912000
14.028000
24.578000
6.799000
10.378000
9.430000
8.199000
14.320000
11.040000
11.367000
5.769000
7.015000
3.562000
8.916000
10.950000
12.862000
4.816000
9.749000
8.438000
1.828000
13.956000
7.823000
12.700000
8.935000
18.788000
14.103000
12.104000
10.059000
5.193000
2.642000
13.844000
7.662000
9.133000
17.102000
14.387000
9.922000
10.463000
5.776000
5.588000
6.009000
15.076000
12.870000
10.081000
10.031000
9.015000
8.157000
7.999000
8.625000
14.101000
10.185000
22.377000
9.118000
13.417000
7.872000
10.742000
7.900000
14.165000
11.580000
9.930000
6.489000
15.216000
6.801000
9.054000
15.420000
15.742000
16.527000
12.447000
4.481000
13.398000
17.405000
5.668000
10.033000
10.610000
9.064000
15.276000
8.083000
6.576000
15.294000
5.912000
11.178000
11.552000
7.621000
7.993000
9.384000
4.789000
11.519000
7.859000
22.644000
6.160000
10.428000
10.440000
10.773000
6.978000
9.802000
4.932000
10.516000
11.759000
8.698000
3.929000
7.959000
11.291000
7.711000
10.677000
8.482000
8.626000
9.925000
6.799000
8.163000
8.294000
8.266000
11.727000
7.173000
12.056000
5.698000
6.612000
7.016000
8.375000
7.379000
8.964000
10.614000
5.725000
8.007000
9.388000
10.396000
10.496000
5.783000
9.268000
7.197000
19.804000
10.834000
13.907000
6.458000
5.066000
7.982000
11.083000
7.286000
10.275000
10.520000
5.957000
9.141000
9.760000
6.983000
7.957000
6.022000
9.931000
9.436000
8.696000
10.300000
6.657000
3.738000
7.627000
9.066000
6.016000
8.760000
8.324000
8.060000
7.558000
7.077000
21.282000
6.606000
5.481000
6.815000
17.021000
7.025000
7.178000
7.612000
7.456000
7.860000
6.668000
7.937000
9.327000
11.679000
7.406000
6.956000
6.726000
5.208000
5.328000
5.924000
6.107000
10.176000
7.002000
4.563000
15.255000
10.076000
7.916000
13.205000
20.834000
6.034000
5.395000
4.080000
7.327000
8.295000
9.306000
8.823000
7.595000
6.751000
7.823000
7.751000
12.132000
10.393000
4.329000
5.736000
9.974000
7.544000
6.309000
5.300000
14.671000
2.811000
11.094000
8.195000
8.062000
6.632000
4.762000
5.007000
8.701000
5.086000
8.615000
6.364000
4.481000
8.642000
7.133000
7.845000
10.979000
10.745000
13.118000
10.242000
5.792000
15.583000
8.419000
7.269000
3.307000
18.057000
8.136000
13.615000
7.682000
7.951000
5.487000
5.529000
7.083000
8.296000
9.311000
8.379000
8.054000
7.745000
8.778000
13.019000
11.654000
6.626000
10.618000
9.922000
4.759000
10.153000
13.490000
6.650000
9.801000
4.593000
9.273000
9.934000
3.105000
12.603000
11.215000
9.852000
8.948000
7.458000
5.756000
6.882000
8.937000
5.632000
5.416000
3.278000
3.961000
2.024000
1.181000
8.924000
3.544000
6.689000
10.521000
5.123000
8.551000
7.619000
6.553000
6.527000
8.669000
5.281000
5.729000
9.225000
11.561000
3.771000
8.285000
5.596000
7.452000
4.250000
6.530000
4.634000
3.510000
5.597000
13.057000
5.182000
12.073000
3.321000
4.034000
7.778000
3.285000
4.291000
9.228000
9.067000
9.115000
5.833000
16.520000
6.261000
7.265000
6.758000
5.931000
2.997000
7.128000
1.866000
3.191000
6.258000
7.615000
14.552000
7.399000
12.184000
5.469000
13.831000
7.180000
9.007000
8.437000
8.190000
8.026000
7.010000
18.825000
9.928000
15.763000
6.515000
2.766000
13.891000
5.728000
3.525000
5.270000
16.262000
8.756000
1.651000
5.204000
3.153000
4.533000
3.221000
8.625000
8.874000
4.352000
5.634000
4.912000
5.174000
6.278000
13.595000
11.219000
16.038000
8.660000
4.883000
6.552000
13.692000
3.508000
3.280000
6.089000
15.208000
5.348000
8.442000
4.093000
17.634000
7.972000
12.959000
2.758000
8.793000
5.469000
8.505000
1.590000
8.101000
5.052000
4.948000
5.259000
6.760000
6.598000
11.688000
9.947000
10.236000
21.147000
10.919000
7.281000
5.891000
4.898000
20.002000
14.522000
5.927000
5.219000
8.058000
2.989000
4.286000
6.154000
4.771000
9.791000
11.570000
6.540000
0.617000
7.420000
5.952000
12.027000
11.893000
17.937000
6.262000
4.486000
6.733000
3.974000
3.961000
6.247000
12.624000
6.694000
8.432000
7.677000
7.787000
14.019000
7.506000
12.888000
8.915000
4.731000
8.614000
13.654000
12.123000
14.604000
3.414000
7.771000
9.464000
6.177000
11.040000
16.315000
16.448000
6.570000
9.074000
11.159000
7.771000
7.811000
8.438000
12.678000
14.312000
17.739000
10.351000
7.437000
7.947000
12.678000
1.150000
12.472000
5.405000
12.721000
10.727000
4.968000
6.780000
12.101000
12.310000
9.315000
12.700000
4.645000
8.029000
7.336000
7.213000
21.905000
9.952000
7.153000
8.786000
10.068000
3.952000
17.624000
9.658000
7.597000
7.691000
9.475000
9.052000
3.156000
6.155000
15.700000
10.554000
8.776000
5.197000
13.932000
15.470000
4.729000
5.282000
3.775000
8.264000
7.255000
15.513000
6.724000
10.191000
10.516000
14.683000
5.810000
6.727000
3.039000
13.868000
16.912000
8.541000
10.101000
4.013000
15.953000
9.744000
3.038000
14.855000
9.188000
11.773000
13.465000
10.551000
7.846000
10.226000
9.938000
11.244000
11.875000
10.701000
13.733000
19.837000
14.307000
12.991000
13.258000
13.213000
9.377000
5.401000
6.552000
9.959000
6.526000
11.560000
11.429000
9.159000
17.054000
10.584000
7.670000
8.862000
6.373000
12.961000
16.415000
7.521000
2.719000
8.680000
14.656000
11.533000
9.215000
10.252000
9.218000
8.763000
11.510000
9.783000
6.112000
5.027000
4.059000
8.119000
13.618000
5.100000
8.793000
10.810000
14.276000
12.800000
12.258000
12.076000
9.645000
4.952000
11.329000
14.080000
11.577000
7.674000
5.522000
13.091000
13.631000
5.938000
8.899000
13.906000
8.548000
7.647000
10.415000
12.485000
2.525000
9.280000
10.865000
7.013000
16.822000
8.316000
6.491000
5.210000
11.108000
10.713000
18.669000
11.737000
7.496000
16.765000
13.704000
8.808000
6.046000
10.908000
13.353000
7.922000
13.029000
7.396000
5.860000
10.554000
8.806000
4.614000
10.327000
16.359000
15.220000
12.408000
6.311000
8.952000
5.705000
8.982000
5.012000
10.511000
7.451000
7.037000
12.214000
8.069000
9.860000
6.584000
6.856000
5.453000
6.611000
6.901000
3.023000
7.910000
6.418000
11.684000
8.850000
8.373000
9.327000
2.371000
10.176000
9.697000
15.069000
9.186000
8.128000
4.440000
12.563000
8.365000
10.314000
6.409000
10.694000
3.482000
4.440000
8.181000
12.194000
5.946000
24.556000
23.099000
6.338000
9.021000
9.897000
10.237000
6.033000
7.102000
6.497000
8.413000
10.124000
9.492000
24.634000
8.227000
5.143000
4.148000
7.914000
12.624000
4.674000
9.750000
7.612000
12.930000
10.500000
17.680000
7.329000
6.869000
12.949000
0.324000
10.385000
2.573000
4.399000
6.982000
2.649000
8.990000
5.184000
9.049000
7.610000
6.408000
3.320000
12.348000
14.471000
18.154000
8.248000
5.367000
5.155000
6.739000
13.358000
9.997000
13.485000
12.813000
6.442000
6.396000
6.512000
11.616000
15.490000
4.500000
9.600000
4.377000
7.480000
14.727000
10.329000
13.038000
20.191000
15.220000
13.107000
8.190000
9.950000
7.523000
29.075000
19.637000
4.926000
6.952000
10.696000
4.405000
4.481000
10.444000
15.806000
9.867000
10.281000
11.295000
9.150000
5.611000
6.387000
3.645000
7.869000
7.497000
8.537000
12.501000
8.444000
13.632000
14.237000
13.501000
15.455000
18.708000
12.962000
6.820000
9.233000
8.072000
7.701000
12.784000
13.536000
9.435000
5.489000
18.268000
4.530000
12.024000
16.390000
9.267000
8.107000
11.639000
6.737000
3.030000
13.128000
11.725000
13.354000
9.179000
6.273000
7.507000
12.065000
9.429000
0.000000
6.488000
9.091000
4.410000
10.842000
10.089000
7.094000
9.587000
8.695000
1.994000
7.899000
6.260000
6.284000
14.310000
13.432000
13.353000
4.741000
5.371000
7.503000
4.373000
0.000000
3.023000
12.605000
6.021000
2.760000
9.300000
17.360000
6.378000
7.362000
5.933000
8.849000
13.731000
9.429000
4.975000
7.097000
3.829000
3.932000
5.402000
8.490000
13.334000
12.705000
8.331000
5.705000
5.364000
6.136000
9.381000
2.405000
3.131000
8.954000
6.657000
4.011000
11.401000
7.028000
1.668000
7.777000
2.490000
4.733000
7.376000
4.808000
1.119000
5.979000
7.468000
0.237000
8.414000
8.042000
4.376000
9.905000
3.994000
10.594000
10.835000
2.985000
4.010000
8.798000
11.806000
3.704000
7.740000
8.973000
2.215000
7.941000
7.419000
6.988000
1.323000
1.708000
9.495000
8.624000
4.009000
11.647000
10.044000
0.184000
3.784000
16.977000
11.230000
3.424000
6.569000
8.328000
8.467000
7.561000
2.400000
14.405000
7.943000
7.555000
9.256000
6.756000
12.706000
10.536000
7.398000
2.750000
13.238000
5.648000
16.226000
7.455000
15.266000
8.147000
8.567000
7.323000
23.307000
6.785000
7.621000
12.421000
11.664000
13.769000
19.550000
8.834000
10.286000
7.960000
6.286000
6.303000
12.428000
9.605000
12.046000
9.375000
3.791000
8.977000
18.258000
14.885000
14.179000
8.420000
8.960000
4.167000
9.677000
10.613000
8.639000
4.805000
11.879000
4.145000
3.874000
11.164000
21.313000
4.021000
11.443000
6.435000
7.404000
7.723000
9.604000
20.322000
11.264000
6.243000
11.547000
1.794000
5.794000
18.444000
5.392000
11.110000
12.536000
6.854000
7.753000
13.995000
7.978000
7.730000
13.561000
9.296000
2.469000
15.426000
14.090000
11.029000
5.572000
10.049000
6.521000
11.622000
5.985000
9.976000
12.509000
13.774000
8.039000
12.042000
14.392000
5.748000
6.711000
5.447000
7.004000
12.890000
6.844000
5.333000
10.374000
10.014000
10.830000
13.698000
8.352000
6.089000
7.900000
11.563000
10.740000
11.021000
19.484000
9.953000
9.020000
12.220000
12.955000
8.272000
6.516000
6.111000
9.885000
11.462000
10.357000
9.973000
8.973000
4.633000
13.114000
15.004000
11.746000
9.279000
10.089000
11.347000
9.876000
6.353000
7.124000
8.000000
11.335000
11.395000
10.126000
6.691000
12.278000
10.035000
11.428000
3.784000
11.425000
10.555000
8.714000
10.306000
8.129000
15.329000
12.485000
7.521000
2.787000
6.401000
7.920000
8.653000
11.999000
6.955000
2.385000
9.711000
8.146000
5.663000
2.194000
14.002000
7.036000
7.630000
10.856000
9.014000
1.369000
10.332000
11.706000
5.040000
3.652000
5.777000
6.647000
3.385000
5.686000
5.229000
10.302000
11.145000
7.290000
11.178000
8.172000
5.604000
15.583000
7.115000
7.085000
7.602000
5.514000
15.287000
5.478000
7.266000
8.692000
11.547000
10.850000
3.500000
6.670000
7.129000
11.587000
5.956000
0.000000
6.348000
3.662000
8.392000
13.737000
11.978000
10.029000
7.713000
12.306000
8.464000
10.179000
11.319000
7.403000
3.691000
8.945000
6.458000
9.533000
11.916000
9.809000
10.391000
8.509000
0.000000
16.732000
10.718000
11.726000
8.684000
12.917000
8.306000
7.022000
8.079000
5.647000
14.860000
8.212000
10.171000
18.316000
2.329000
7.825000
9.689000
7.069000
9.913000
18.836000
9.321000
10.484000
3.930000
8.693000
12.410000
5.729000
8.627000
13.847000
9.140000
8.563000
5.818000
9.039000
12.930000
11.398000
9.762000
15.205000
3.906000
13.199000
11.881000
4.060000
3.802000
4.793000
10.512000
4.663000
0.899000
10.353000
8.770000
7.190000
2.383000
6.222000
13.317000
4.933000
5.583000
8.602000
4.751000
5.098000
9.189000
10.012000
6.888000
6.886000
9.477000
6.972000
4.135000
4.793000
4.055000
2.223000
6.308000
7.072000
8.193000
6.470000
7.944000
8.267000
14.058000
6.074000
8.406000
2.272000
4.596000
3.480000
4.113000
4.662000
9.402000
10.561000
9.143000
8.836000
5.138000
7.518000
6.233000
3.470000
3.600000
9.005000
0.043000
9.536000
7.789000
12.054000
9.178000
10.784000
5.258000
2.347000
5.716000
10.358000
5.246000
4.872000
8.502000
2.955000
9.375000
4.551000
2.398000
4.200000
5.811000
14.215000
8.011000
7.956000
4.190000
2.979000
5.270000
4.249000
8.923000
8.573000
0.000000
6.488000
4.545000
3.235000
6.949000
10.664000
6.346000
1.395000
3.119000
2.547000
9.413000
5.761000
5.786000
3.183000
0.000000
3.468000
0.000000
6.246000
7.963000
6.146000
9.295000
2.874000
10.790000
4.754000
4.950000
7.479000
5.626000
7.888000
11.931000
4.482000
6.506000
8.813000
11.963000
9.088000
7.056000
4.845000
7.388000
3.650000
9.040000
7.520000
9.998000
5.458000
7.691000
8.608000
9.406000
5.802000
8.387000
6.499000
8.341000
3.474000
1.005000
9.349000
11.644000
4.726000
5.532000
4.038000
3.354000
7.544000
1.475000
0.643000
5.464000
7.857000
2.943000
2.308000
3.039000
7.809000
7.056000
2.230000
3.652000
11.181000
5.764000
7.733000
5.587000
4.564000
3.558000
5.716000
10.714000
5.154000
7.494000
4.337000
10.240000
8.346000
0.840000
4.259000
6.822000
5.873000
6.437000
4.959000
6.119000
5.036000
1.648000
2.390000
7.333000
3.977000
7.911000
2.596000
6.853000
1.911000
4.093000
6.826000
8.965000
5.939000
7.616000
3.920000
2.593000
3.130000
7.778000
5.596000
10.051000
9.521000
1.610000
3.847000
8.072000
5.148000
0.000000
4.621000
8.606000
12.870000
5.801000
6.771000
5.920000
0.000000
2.537000
15.092000
12.115000
0.000000
6.008000
4.234000
7.228000
8.092000
5.784000
9.594000
5.532000
9.242000
9.108000
9.064000
4.969000
5.578000
4.340000
3.493000
7.513000
0.602000
9.168000
3.109000
11.654000
1.179000
7.800000
5.055000
10.031000
6.134000
9.497000
3.484000
6.072000
8.123000
8.943000
5.925000
6.822000
13.699000
8.414000
0.743000
4.537000
7.102000
6.051000
5.431000
1.210000
6.435000
4.807000
0.543000
6.872000
13.451000
1.273000
4.042000
13.066000
2.611000
9.167000
5.673000
3.514000
2.363000
0.000000
4.141000
6.640000
7.247000
4.547000
5.497000
6.637000
2.447000
12.397000
2.397000
9.733000
6.578000
5.875000
6.200000
15.931000
3.486000
0.548000
9.164000
6.516000
13.609000
3.000000
13.840000
7.232000
3.792000
0.000000
10.781000
4.578000
0.000000
13.342000
15.893000
9.513000
4.793000
8.527000
14.159000
8.350000
5.741000
6.518000
8.123000
12.777000
6.142000
2.101000
9.417000
8.318000
7.971000
12.396000
5.499000
11.134000
8.357000
9.178000
7.752000
16.009000
8.310000
5.810000
6.140000
9.196000
15.960000
5.468000
2.713000
5.941000
14.049000
0.000000
13.511000
8.099000
6.514000
4.216000
11.366000
6.380000
14.058000
9.272000
9.164000
8.086000
11.845000
10.583000
13.341000
8.139000
7.178000
3.597000
16.238000
3.241000
9.900000
5.806000
5.672000
5.308000
10.195000
7.155000
5.050000
10.214000
12.868000
4.473000
9.429000
4.588000
10.484000
10.044000
12.687000
14.181000
17.184000
8.810000
11.212000
11.428000
4.296000
11.661000
1.515000
12.678000
12.055000
9.597000
7.957000
9.753000
6.054000
12.752000
3.556000
14.330000
3.794000
8.121000
1.038000
9.502000
7.564000
16.805000
6.674000
1.934000
7.495000
12.989000
13.874000
6.109000
9.174000
9.223000
13.154000
5.484000
7.075000
9.921000
15.445000
11.481000
15.037000
3.791000
13.153000
5.054000
6.824000
5.913000
4.350000
3.562000
8.760000
4.790000
7.178000
6.312000
13.315000
10.842000
9.829000
7.549000
5.237000
4.399000
14.528000
18.288000
3.694000
6.046000
6.658000
11.127000
11.211000
4.306000
6.079000
3.710000
3.955000
1.449000
10.988000
6.479000
4.426000
5.040000
16.351000
4.496000
5.428000
11.897000
10.976000
10.135000
6.017000
5.773000
3.522000
6.829000
5.979000
10.402000
4.789000
8.181000
9.579000
4.702000
20.173000
4.159000
9.462000
5.657000
7.361000
8.117000
9.506000
4.330000
0.140000
16.703000
6.257000
15.366000
3.712000
5.695000
1.557000
15.802000
9.683000
7.761000
19.798000
3.682000
11.411000
12.057000
0.000000
16.456000
0.738000
12.578000
4.011000
4.741000
4.910000
10.324000
11.085000
3.172000
6.496000
6.087000
7.571000
6.706000
8.574000
6.496000
5.110000
20.107000
12.139000
16.266000
5.110000
12.436000
22.158000
3.633000
4.585000
5.721000
6.275000
4.459000
6.998000
7.262000
7.531000
13.451000
6.133000
4.908000
4.541000
6.482000
17.938000
11.322000
15.488000
8.754000
9.669000
12.806000
9.606000
2.598000
15.101000
11.146000
15.057000
5.274000
16.383000
7.097000
7.236000
13.030000
16.950000
9.455000
16.404000
12.903000
7.332000
11.479000
12.135000
4.448000
13.060000
14.982000
8.829000
2.537000
10.798000
3.939000
10.754000
8.331000
4.990000
8.729000
5.364000
16.492000
13.572000
7.233000
4.979000
15.673000
14.591000
9.825000
3.891000
15.086000
4.362000
13.107000
9.397000
11.142000
7.722000
11.520000
10.359000
9.306000
3.828000
15.619000
13.474000
12.426000
10.127000
11.139000
5.244000
8.681000
18.535000
7.104000
12.782000
6.752000
10.713000
3.983000
7.728000
10.686000
9.623000
4.215000
12.034000
12.250000
5.068000
12.731000
17.840000
4.696000
15.088000
9.157000
6.588000
8.001000
7.847000
9.718000
8.406000
5.106000
12.136000
9.347000
17.126000
11.026000
16.759000
8.048000
6.181000
6.685000
6.676000
9.588000
13.085000
12.375000
10.460000
9.273000
11.017000
0.299000
19.257000
12.335000
10.839000
6.934000
11.649000
2.729000
10.793000
17.088000
9.456000
13.290000
8.686000
12.644000
10.350000
12.299000
3.184000
11.665000
11.144000
7.833000
18.716000
12.627000
10.563000
16.760000
14.767000
13.197000
14.330000
7.844000
21.033000
12.736000
14.300000
3.864000
12.551000
11.060000
16.958000
18.945000
9.128000
6.234000
15.227000
6.615000
8.935000
7.867000
5.521000
9.816000
5.520000
16.896000
10.583000
12.743000
14.612000
8.977000
5.762000
10.873000
7.358000
9.937000
15.371000
6.701000
11.093000
12.409000
15.157000
6.133000
16.086000
10.813000
15.397000
7.713000
12.063000
13.718000
7.237000
14.392000
3.246000
16.372000
7.419000
10.538000
8.934000
23.827000
17.546000
15.231000
10.881000
10.170000
8.340000
16.387000
19.689000
5.787000
13.132000
15.478000
7.779000
9.707000
13.320000
15.259000
14.236000
4.655000
5.571000
6.510000
5.475000
15.139000
13.749000
7.167000
13.188000
13.083000
17.034000
9.324000
12.321000
11.870000
6.505000
6.394000
7.750000
15.120000
12.562000
10.839000
6.453000
20.723000
11.070000
12.912000
17.132000
14.963000
4.483000
17.961000
8.582000
9.901000
17.239000
5.496000
12.579000
13.665000
7.568000
8.999000
7.784000
12.794000
12.769000
15.837000
5.635000
17.338000
12.112000
21.752000
15.761000
13.963000
13.105000
20.366000
15.167000
17.602000
10.981000
6.645000
12.217000
12.291000
19.001000
9.670000
7.197000
5.986000
15.818000
7.763000
12.036000
23.322000
13.301000
4.715000
16.988000
9.697000
16.137000
9.947000
17.155000
14.224000
7.559000
12.139000
14.613000
8.984000
12.839000
14.871000
7.279000
14.790000
5.419000
16.922000
9.068000
17.745000
3.911000
9.924000
17.105000
9.466000
9.462000
9.992000
12.799000
13.508000
9.799000
7.685000
16.078000
8.604000
7.355000
16.170000
7.200000
14.443000
15.481000
16.696000
8.425000
14.313000
8.496000
15.010000
11.420000
19.013000
7.435000
14.265000
15.690000
18.783000
14.287000
12.332000
18.625000
12.856000
16.371000
9.973000
8.993000
2.683000
8.947000
9.671000
15.411000
10.983000
10.623000
10.682000
11.582000
11.006000
7.570000
11.945000
5.880000
8.021000
15.287000
12.406000
13.016000
11.349000
13.873000
9.357000
15.480000
8.047000
10.441000
11.760000
20.761000
11.481000
15.685000
7.305000
3.905000
12.890000
8.605000
8.305000
16.176000
2.278000
13.010000
15.110000
10.553000
14.329000
16.606000
11.890000
8.385000
14.096000
9.774000
11.967000
8.752000
15.047000
15.124000
13.631000
8.741000
8.800000
6.744000
7.848000
9.280000
11.128000
7.793000
10.229000
10.312000
3.001000
6.550000
10.753000
3.829000
4.452000
7.172000
10.763000
12.100000
3.842000
5.495000
9.788000
3.718000
1.726000
15.756000
9.501000
6.306000
7.014000
3.062000
9.183000
11.211000
2.837000
17.107000
8.019000
0.456000
2.054000
4.299000
17.545000
3.517000
10.349000
5.604000
4.410000
10.889000
8.862000
17.141000
1.113000
6.758000
3.118000
9.041000
10.361000
5.925000
7.333000
5.934000
5.300000
3.315000
3.092000
1.635000
12.000000
4.091000
2.436000
2.732000
5.727000
0.000000
6.945000
15.976000
11.614000
6.845000
7.190000
18.071000
5.576000
9.783000
7.483000
6.835000
12.248000
10.854000
5.891000
9.771000
13.718000
8.648000
4.062000
4.707000
5.238000
4.702000
10.554000
12.596000
1.954000
11.326000
4.121000
12.444000
16.083000
4.773000
8.015000
10.855000
3.495000
12.835000
11.905000
5.329000
2.261000
18.109000
3.103000
4.992000
6.337000
11.512000
14.201000
7.306000
5.263000
7.208000
11.511000
6.370000
11.779000
5.092000
11.281000
17.594000
11.615000
11.748000
10.556000
10.181000
16.111000
18.669000
8.458000
12.227000
11.293000
7.565000
15.911000
3.004000
9.044000
9.870000
1.044000
5.971000
7.518000
1.328000
12.705000
1.750000
12.754000
12.477000
7.985000
9.198000
5.305000
4.472000
12.183000
11.673000
2.713000
9.402000
13.360000
16.147000
3.336000
4.410000
11.856000
15.113000
13.313000
13.747000
8.675000
12.422000
0.000000
0.995000
5.273000
11.224000
8.982000
10.401000
5.821000
13.456000
23.394000
12.945000
4.340000
12.480000
12.265000
12.413000
17.742000
12.777000
12.207000
11.964000
7.034000
3.841000
14.652000
15.770000
7.404000
19.667000
9.479000
20.263000
17.561000
13.681000
9.754000
5.803000
9.749000
0.774000
15.136000
8.151000
7.636000
12.371000
6.791000
7.837000
10.486000
16.014000
12.080000
14.674000
10.867000
19.971000
2.394000
20.327000
15.179000
0.570000
10.508000
18.889000
20.374000
13.023000
13.677000
10.562000
5.366000
7.872000
19.622000
9.861000
14.930000
11.931000
15.785000
8.959000
8.040000
7.124000
12.098000
20.693000
19.693000
12.828000
19.940000
16.640000
19.403000
10.232000
15.009000
10.809000
16.507000
5.602000
11.037000
14.361000
14.085000
12.179000
14.351000
15.329000
16.056000
15.826000
7.001000
15.492000
8.704000
22.221000
3.822000
15.790000
15.778000
16.841000
23.153000
9.473000
10.738000
14.040000
17.663000
13.218000
11.688000
11.934000
13.754000
11.286000
12.539000
16.579000
13.689000
0.814000
20.037000
16.008000
11.497000
8.454000
7.949000
17.268000
12.740000
11.832000
17.434000
4.038000
8.974000
11.336000
12.657000
7.240000
0.000000
8.485000
4.319000
13.318000
7.539000
8.443000
17.035000
22.088000
11.693000
11.964000
14.770000
13.521000
9.339000
6.452000
12.164000
13.484000
10.856000
12.282000
16.122000
9.409000
11.232000
16.155000
17.478000
10.174000
10.096000
13.537000
16.890000
14.036000
1.849000
20.187000
9.893000
11.134000
9.323000
18.511000
10.616000
13.086000
11.643000
11.807000
17.296000
6.806000
1.544000
10.158000
17.964000
14.635000
0.000000
19.126000
15.422000
0.000000
8.560000
14.578000
9.724000
13.296000
0.000000
6.012000
0.000000
0.000000
0.139000
0.000000
4.506000
6.402000
1.370000
1.907000
0.000000
0.000000
1.772000
12.565000
2.974000
0.164000
0.506000
2.293000
2.343000
0.000000
0.000000
0.000000
0.952000
0.000000
4.498000
0.000000
0.000000
0.000000
10.460000
0.000000
0.000000
17.498000
0.000000
0.000000
0.049000
11.647000
12.924000
17.819000
0.282000
0.000000
0.000000
12.259000
0.000000
0.000000
14.654000
14.574000
0.000000
9.431000
10.486000
1.920000
12.322000
0.000000
0.000000
13.515000
13.785000
0.000000
0.470000
12.979000
6.112000
5.859000
1.699000
1.339000
16.023000
15.454000
17.182000
0.000000
0.000000
17.293000
0.000000
0.000000
3.074000
11.212000
0.000000
0.000000
0.000000
7.713000
13.336000
7.533000
8.436000
0.662000
10.738000
2.350000
5.884000
10.946000
14.461000
15.118000
16.607000
0.000000
10.955000
1.155000
0.000000
0.000000
0.000000
1.197000
0.620000
8.279000
11.321000
12.698000
0.000000
3.678000
15.813000
12.153000
15.817000
21.200000
10.384000
9.402000
6.492000
0.000000
0.000000
10.899000
12.100000
0.000000
12.820000
12.635000
0.000000
1.989000
20.588000
9.086000
0.304000
11.788000
15.647000
13.138000
3.557000
16.178000
10.994000
0.000000
0.000000
9.572000
0.000000
11.745000
2.794000
3.375000
5.312000
10.629000
11.190000
14.673000
10.173000
8.363000
0.000000
5.671000
10.047000
12.306000
10.896000
9.415000
11.980000
3.286000
0.000000
13.081000
0.000000
20.000000
5.584000
9.098000
9.039000
4.336000
3.386000
8.372000
0.589000
2.620000
0.000000
4.285000
0.000000
0.000000
17.594000
4.878000
1.995000
9.980000
7.591000
10.211000
1.982000
10.520000
1.804000
7.018000
0.223000
6.953000
2.424000
4.818000
4.182000
5.093000
0.000000
4.500000
2.932000
3.582000
3.008000
9.690000
14.835000
0.162000
10.942000
6.354000
5.837000
4.086000
3.687000
7.325000
10.722000
3.499000
6.099000
0.544000
6.671000
4.577000
8.397000
0.000000
2.819000
4.594000
2.374000
2.511000
9.281000
14.913000
10.814000
4.082000
6.780000
15.452000
9.462000
3.897000
13.727000
6.023000
0.000000
1.556000
0.000000
5.247000
5.664000
2.338000
15.646000
0.000000
0.000000
4.750000
1.755000
2.460000
0.000000
1.477000
0.000000
1.889000
0.357000
1.909000
3.013000
0.000000
3.241000
5.228000
0.000000
5.918000
0.628000
0.000000
0.000000
4.105000
1.061000
6.108000
1.947000
5.605000
0.000000
0.913000
3.689000
0.000000
1.017000
2.106000
3.210000
0.000000
12.527000
1.957000
17.871000
3.058000
8.487000
2.144000
0.000000
10.950000
0.551000
0.000000
0.431000
0.058000
0.000000
9.586000
0.087000
0.000000
0.267000
3.347000
5.391000
3.750000
8.351000
9.547000
3.259000
17.537000
12.328000
5.604000
0.000000
1.299000
9.513000
11.125000
2.532000
13.763000
5.084000
9.381000
4.203000
2.994000
12.068000
11.716000
1.962000
0.000000
0.887000
0.645000
0.719000
1.358000
12.444000
3.133000
12.937000
0.000000
0.000000
7.405000
11.082000
0.000000
2.424000
14.713000
13.865000
12.885000
14.126000
4.544000
4.943000
5.124000
0.000000
0.668000
8.025000
14.586000
0.000000
3.474000
2.318000
9.719000
12.541000
1.214000
12.653000
2.724000
0.000000
6.114000
5.103000
5.149000
12.075000
8.982000
0.000000
10.006000
10.104000
13.083000
5.095000
9.684000
14.176000
12.233000
7.822000
11.456000
10.593000
3.161000
9.839000
13.992000
11.738000
0.000000
0.780000
7.583000
0.175000
8.441000
0.000000
14.048000
0.000000
6.177000
4.144000
5.912000
3.721000
15.770000
2.377000
4.151000
6.962000
11.745000
8.097000
6.085000
0.000000
11.898000
16.239000
7.642000
4.131000
3.155000
0.000000
12.032000
11.854000
13.176000
5.621000
13.178000
4.329000
0.000000
3.807000
9.613000
1.731000
0.000000
13.449000
7.110000
10.330000
10.675000
9.565000
7.414000
6.629000
1.861000
6.153000
3.929000
9.355000
12.106000
0.000000
7.376000
13.241000
8.751000
1.438000
8.425000
0.000000
7.910000
3.617000
15.597000
7.448000
9.309000
8.981000
4.937000
7.275000
5.989000
8.659000
10.304000
6.105000
2.777000
7.958000
0.360000
9.999000
3.571000
0.000000
3.250000
0.000000
8.295000
8.109000
17.015000
12.172000
8.809000
7.827000
7.627000
7.250000
8.837000
0.000000
9.257000
7.250000
10.020000
12.118000
0.000000
11.086000
7.519000
8.529000
3.778000
9.962000
4.917000
15.925000
10.542000
1.905000
9.230000
13.387000
3.132000
9.187000
3.896000
5.689000
9.131000
10.052000
12.999000
5.368000
18.118000
5.040000
8.388000
8.438000
10.531000
9.653000
0.000000
7.564000
5.850000
2.484000
12.818000
8.847000
16.372000
4.993000
10.158000
4.983000
7.005000
9.780000
1.902000
5.594000
6.689000
13.647000
7.736000
4.616000
0.000000
7.668000
2.232000
0.000000
6.174000
24.503000
10.697000
8.357000
5.804000
5.076000
11.848000
10.930000
16.556000
6.701000
12.924000
5.599000
9.728000
11.229000
10.445000
8.416000
0.000000
4.691000
3.612000
7.138000
0.000000
8.229000
8.271000
10.958000
6.672000
10.813000
15.379000
8.672000
16.794000
14.911000
12.803000
5.655000
6.905000
5.096000
10.397000
12.392000
6.284000
13.177000
7.598000
5.684000
6.245000
10.400000
5.506000
9.116000
7.539000
10.728000
8.337000
8.411000
12.250000
6.425000
11.031000
10.584000
7.540000
5.556000
10.881000
8.983000
11.099000
15.835000
10.025000
6.800000
2.295000
9.981000
8.155000
10.412000
7.100000
8.253000
7.248000
11.205000
12.120000
5.717000
8.587000
9.122000
8.120000
1.853000
11.190000
4.222000
6.881000
10.220000
8.773000
19.251000
11.564000
3.346000
7.168000
14.885000
9.945000
9.783000
11.651000
11.332000
11.503000
6.949000
10.517000
5.106000
11.003000
7.625000
0.000000
11.970000
9.119000
0.000000
10.729000
8.151000
12.981000
10.584000
5.285000
9.130000
11.688000
9.833000
15.954000
9.253000
13.258000
10.488000
16.855000
9.584000
5.437000
8.287000
8.060000
9.258000
6.836000
5.982000
5.202000
8.642000
0.673000
6.502000
11.684000
6.304000
4.269000
8.321000
2.444000
11.426000
6.341000
11.013000
8.811000
13.846000
8.090000
13.808000
8.267000
13.321000
3.720000
9.636000
0.000000
7.047000
7.600000
8.334000
16.644000
5.515000
7.500000
13.092000
8.427000
12.835000
8.892000
10.544000
18.665000
2.248000
8.744000
9.196000
5.620000
9.287000
8.990000
11.137000
7.025000
8.895000
10.755000
11.045000
7.063000
0.000000
5.744000
5.671000
9.092000
7.654000
12.926000
9.021000
8.750000
17.580000
4.148000
13.789000
4.756000
8.883000
18.421000
7.951000
7.859000
7.105000
5.774000
11.870000
8.395000
3.591000
9.904000
11.232000
3.744000
5.215000
9.204000
7.634000
9.862000
3.000000
4.427000
11.729000
9.203000
8.998000
6.867000
3.076000
10.356000
6.858000
5.209000
9.035000
6.448000
7.757000
8.279000
16.584000
16.391000
5.811000
9.536000
1.388000
7.612000
1.435000
5.940000
4.176000
7.317000
7.172000
5.229000
8.574000
9.239000
9.657000
5.407000
7.967000
5.864000
12.309000
10.823000
11.486000
7.187000
7.010000
2.319000
6.135000
6.742000
4.856000
13.648000
8.406000
8.391000
3.020000
7.848000
11.998000
4.990000
14.589000
3.587000
4.517000
13.846000
10.273000
17.879000
5.959000
3.219000
7.051000
7.086000
5.070000
8.086000
8.049000
4.742000
10.762000
5.100000
10.426000
13.933000
7.972000
9.649000
11.648000
10.331000
5.874000
14.160000
9.601000
17.735000
12.078000
6.542000
13.958000
12.562000
7.777000
14.123000
8.343000
18.413000
15.217000
5.547000
5.926000
6.027000
14.484000
8.331000
7.077000
4.868000
14.118000
5.072000
7.519000
17.224000
5.644000
3.595000
4.779000
2.337000
10.481000
14.034000
10.115000
7.436000
6.046000
6.927000
8.064000
12.255000
4.606000
9.055000
13.174000
10.578000
5.643000
15.204000
10.550000
7.601000
11.120000
13.380000
10.192000
14.680000
5.424000
6.076000
12.070000
5.178000
14.122000
7.901000
7.550000
16.505000
10.807000
12.266000
8.626000
16.547000
6.516000
5.136000
10.397000
4.667000
9.386000
11.346000
7.281000
7.164000
8.232000
11.591000
6.390000
12.875000
17.502000
5.838000
14.439000
6.594000
2.479000
7.747000
7.886000
4.270000
9.543000
12.296000
7.062000
17.012000
7.785000
12.842000
12.445000
12.554000
5.596000
12.151000
11.403000
7.976000
6.933000
7.996000
15.214000
10.866000
11.709000
11.026000
7.654000
16.014000
13.257000
13.691000
10.794000
12.470000
10.161000
5.901000
10.490000
10.541000
14.135000
4.541000
18.839000
11.306000
2.936000
11.450000
10.795000
7.557000
11.427000
5.251000
12.199000
11.084000
9.115000
3.984000
13.933000
10.775000
14.771000
8.753000
10.505000
8.722000
8.486000
16.399000
12.069000
5.552000
9.487000
9.496000
8.657000
10.839000
12.752000
12.982000
10.247000
7.143000
14.026000
9.829000
4.105000
15.050000
7.683000
8.325000
5.738000
7.971000
9.888000
6.514000
5.008000
6.136000
8.349000
6.543000
7.379000
12.407000
15.972000
16.412000
11.375000
8.631000
5.837000
4.605000
9.613000
14.667000
8.767000
8.257000
7.210000
14.068000
9.473000
17.294000
7.486000
11.272000
3.833000
13.685000
10.084000
10.363000
9.941000
12.428000
12.008000
6.620000
10.489000
10.841000
9.316000
10.108000
15.720000
10.599000
8.296000
8.048000
7.962000
9.421000
8.981000
7.085000
12.656000
8.977000
7.571000
8.442000
6.530000
8.851000
13.759000
12.693000
14.163000
11.069000
11.237000
11.113000
5.856000
11.203000
7.112000
6.032000
8.320000
8.340000
8.597000
13.025000
9.647000
6.480000
13.785000
8.611000
6.774000
6.567000
8.473000
4.088000
13.061000
7.208000
6.903000
13.437000
12.423000
8.345000
8.134000
10.143000
10.447000
0.000000
11.897000
10.945000
5.936000
7.421000
10.354000
11.999000
6.568000
5.122000
9.584000
11.732000
14.242000
16.743000
12.610000
8.290000
9.242000
8.916000
6.899000
7.654000
4.279000
11.998000
12.379000
6.178000
11.566000
5.312000
14.088000
8.922000
9.347000
9.179000
11.626000
4.998000
5.775000
4.759000
7.390000
13.385000
8.697000
3.293000
9.640000
5.629000
13.223000
8.743000
8.485000
5.732000
3.649000
6.772000
11.302000
7.960000
3.299000
6.605000
10.769000
9.443000
12.194000
7.659000
13.195000
7.458000
5.021000
6.798000
5.449000
5.243000
7.285000
3.214000
10.217000
2.497000
2.161000
10.599000
2.217000
2.836000
6.340000
5.603000
7.332000
18.457000
7.380000
3.978000
6.016000
6.368000
6.791000
8.918000
1.861000
3.681000
9.416000
9.420000
5.399000
9.399000
6.620000
8.642000
8.783000
6.328000
1.596000
9.818000
9.470000
6.802000
7.536000
8.671000
2.915000
2.010000
1.330000
6.065000
8.580000
12.174000
10.028000
0.571000
5.232000
7.301000
14.693000
3.438000
12.256000
8.068000
5.981000
3.468000
2.361000
5.837000
3.946000
8.699000
14.537000
4.194000
6.836000
5.140000
11.681000
12.368000
8.034000
7.292000
4.232000
7.838000
7.901000
15.128000
3.739000
15.523000
8.829000
6.168000
10.802000
5.314000
11.840000
0.000000
14.077000
11.030000
13.096000
14.049000
10.655000
10.453000
9.369000
3.133000
5.333000
12.300000
5.885000
5.143000
6.608000
8.457000
9.982000
3.184000
13.097000
10.599000
6.503000
7.377000
11.379000
10.601000
9.108000
6.763000
7.626000
1.497000
6.016000
3.111000
10.915000
9.344000
7.037000
9.655000
6.252000
6.913000
5.152000
6.695000
9.439000
13.217000
13.545000
9.914000
4.654000
7.218000
5.696000
9.755000
2.458000
2.007000
5.454000
7.972000
7.144000
13.573000
10.989000
13.720000
4.706000
10.158000
11.216000
9.094000
7.559000
8.281000
8.365000
5.937000
7.490000
3.517000
7.259000
11.940000
5.403000
8.996000
10.089000
9.602000
7.885000
8.076000
3.873000
7.679000
10.935000
9.284000
10.476000
1.874000
6.655000
8.695000
8.790000
13.044000
7.285000
4.833000
4.844000
2.014000
13.634000
5.255000
15.187000
8.064000
9.514000
7.685000
4.340000
9.154000
10.084000
11.031000
4.892000
4.193000
8.533000
11.379000
9.340000
8.932000
16.231000
9.180000
7.386000
7.695000
14.194000
7.072000
4.692000
4.070000
10.244000
10.456000
15.140000
5.251000
11.712000
12.298000
9.244000
6.299000
13.448000
9.436000
6.792000
14.927000
9.824000
5.539000
10.574000
10.090000
6.753000
5.601000
4.661000
6.914000
10.090000
10.460000
12.697000
9.782000
10.907000
10.165000
8.065000
13.919000
15.944000
2.684000
6.985000
5.148000
6.189000
9.512000
7.841000
9.152000
7.469000
14.399000
15.669000
10.159000
7.875000
8.585000
8.364000
10.265000
3.146000
8.895000
8.008000
10.182000
17.796000
19.052000
7.706000
0.604000
10.416000
11.412000
2.812000
11.882000
11.662000
10.916000
12.214000
7.293000
3.016000
2.590000
12.867000
11.732000
9.208000
9.708000
8.427000
10.433000
9.389000
9.956000
3.342000
7.201000
10.451000
12.144000
12.942000
5.315000
9.021000
11.134000
2.374000
12.956000
13.674000
15.382000
6.206000
11.051000
6.358000
12.980000
8.364000
5.752000
4.499000
10.113000
11.090000
13.182000
10.187000
8.956000
13.381000
11.798000
6.179000
4.099000
9.113000
8.304000
16.505000
8.377000
10.372000
9.099000
10.183000
4.240000
9.054000
8.513000
11.731000
13.271000
7.205000
5.314000
11.841000
9.156000
2.607000
5.365000
6.014000
13.494000
9.355000
13.500000
12.554000
6.049000
9.351000
13.402000
7.146000
8.077000
6.641000
8.823000
8.352000
13.564000
10.751000
11.035000
10.319000
15.641000
15.655000
12.342000
13.535000
12.556000
7.406000
8.941000
6.779000
7.996000
13.056000
15.375000
14.737000
8.796000
4.638000
8.755000
5.582000
10.945000
11.810000
16.156000
8.459000
9.013000
16.433000
13.549000
9.792000
5.884000
16.563000
12.393000
10.341000
9.698000
10.906000
9.405000
6.631000
10.406000
13.948000
8.687000
11.683000
12.705000
3.916000
8.207000
10.659000
10.808000
11.946000
7.150000
8.180000
11.630000
6.391000
13.120000
14.376000
4.862000
8.320000
6.130000
9.633000
10.727000
2.735000
13.340000
10.974000
8.751000
6.962000
13.464000
9.437000
6.205000
8.901000
8.469000
8.232000
10.763000
12.127000
17.261000
7.162000
13.020000
9.122000
5.487000
13.012000
12.943000
9.535000
7.502000
12.508000
7.399000
7.477000
11.381000
11.461000
14.634000
11.827000
7.688000
11.806000
9.617000
6.876000
13.931000
11.294000
8.822000
13.813000
13.905000
11.140000
8.686000
12.942000
10.810000
10.812000
8.914000
11.497000
12.491000
12.845000
13.451000
4.484000
14.417000
9.830000
10.555000
8.608000
8.921000
14.668000
13.002000
9.944000
9.234000
9.345000
9.835000
7.340000
12.703000
7.923000
13.126000
9.727000
8.198000
11.542000
7.681000
10.939000
6.685000
12.505000
7.364000
9.730000
9.941000
8.958000
4.739000
8.511000
14.894000
9.014000
13.145000
6.527000
7.289000
8.436000
11.451000
10.036000
12.012000
12.231000
11.423000
10.361000
10.055000
7.893000
6.130000
8.907000
8.593000
9.075000
4.959000
8.547000
6.769000
11.159000
9.289000
6.324000
7.974000
11.494000
14.295000
12.641000
8.373000
16.578000
16.620000
6.826000
19.198000
12.942000
10.109000
6.622000
9.024000
11.374000
10.563000
13.201000
6.567000
8.834000
7.384000
13.252000
16.117000
5.609000
8.783000
9.362000
11.688000
10.613000
1.486000
12.114000
10.397000
9.715000
12.890000
8.066000
10.071000
10.196000
9.664000
4.320000
10.046000
8.924000
11.493000
11.021000
4.854000
6.499000
11.870000
8.008000
9.856000
7.216000
9.920000
7.295000
8.674000
10.092000
16.584000
0.080000
14.242000
10.878000
10.426000
9.452000
9.437000
4.928000
6.031000
3.979000
5.323000
8.399000
12.976000
8.818000
4.907000
4.195000
13.028000
11.308000
11.742000
12.298000
8.062000
11.292000
11.671000
15.344000
10.329000
10.004000
11.534000
11.988000
11.474000
10.182000
4.830000
8.520000
13.065000
14.565000
14.327000
13.207000
7.035000
6.682000
12.460000
10.967000
12.683000
7.169000
7.951000
14.143000
7.480000
7.785000
18.472000
14.394000
6.465000
5.390000
5.205000
12.566000
11.209000
8.724000
9.407000
13.154000
14.699000
5.911000
7.321000
12.462000
7.138000
6.269000
11.486000
13.222000
11.625000
8.182000
8.168000
4.411000
8.442000
7.058000
11.138000
10.437000
8.321000
8.140000
10.641000
11.810000
9.011000
4.565000
5.039000
8.063000
10.353000
2.987000
8.176000
10.691000
7.620000
2.142000
13.903000
8.850000
11.822000
6.511000
9.329000
3.343000
14.479000
6.367000
10.273000
7.006000
12.770000
10.767000
9.451000
10.919000
6.419000
9.510000
8.868000
7.614000
3.342000
8.469000
7.423000
14.086000
10.427000
12.142000
15.584000
6.696000
5.843000
12.634000
8.389000
18.335000
11.423000
4.177000
7.240000
13.161000
6.425000
9.758000
8.831000
12.913000
5.329000
8.652000
9.512000
7.145000
13.132000
8.776000
4.234000
9.226000
5.953000
6.188000
5.014000
5.809000
2.828000
6.779000
4.645000
5.660000
9.171000
2.828000
10.446000
7.453000
7.017000
4.165000
6.524000
6.302000
10.015000
8.244000
4.312000
7.863000
3.011000
6.559000
13.285000
6.150000
6.347000
7.004000
8.326000
10.529000
6.338000
3.566000
5.522000
9.125000
6.120000
5.835000
5.239000
1.883000
7.059000
8.090000
2.880000
6.879000
6.580000
5.316000
3.527000
10.933000
3.191000
9.980000
8.168000
4.538000
6.335000
3.770000
7.971000
7.985000
8.735000
6.661000
6.318000
7.698000
11.048000
14.504000
9.188000
5.397000
3.810000
6.045000
5.650000
6.706000
5.167000
8.964000
10.876000
6.660000
3.381000
7.163000
6.878000
13.994000
7.510000
8.525000
4.663000
5.296000
8.727000
8.354000
6.365000
13.708000
10.148000
2.262000
7.942000
10.400000
4.438000
5.811000
4.659000
4.940000
5.279000
6.215000
7.434000
7.250000
4.777000
7.190000
8.880000
6.937000
7.181000
6.793000
9.512000
5.739000
7.926000
5.755000
9.995000
7.106000
15.331000
3.606000
3.760000
6.654000
6.957000
9.655000
6.723000
8.091000
9.664000
6.446000
6.007000
4.082000
2.845000
6.471000
6.133000
9.033000
4.935000
10.245000
5.447000
10.648000
5.821000
9.615000
5.301000
7.592000
0.000000
14.259000
10.415000
6.865000
3.974000
13.993000
12.104000
11.002000
9.504000
4.608000
2.513000
5.202000
8.449000
5.013000
5.885000
5.404000
13.630000
1.861000
9.748000
13.273000
9.164000
11.452000
7.236000
8.047000
5.973000
5.021000
10.790000
10.320000
7.619000
4.167000
4.086000
4.570000
5.250000
12.632000
15.039000
8.317000
6.537000
5.842000
9.403000
1.120000
9.488000
3.389000
6.681000
7.708000
7.541000
4.755000
6.535000
18.344000
6.140000
6.058000
5.286000
0.000000
8.991000
4.165000
8.253000
6.979000
8.486000
8.144000
5.688000
8.140000
8.227000
12.234000
7.103000
5.683000
1.891000
12.893000
0.272000
9.723000
11.135000
8.035000
12.550000
6.846000
9.175000
7.113000
5.493000
11.005000
7.966000
8.026000
4.088000
10.193000
14.089000
8.760000
8.370000
5.877000
14.821000
10.494000
8.030000
3.039000
6.253000
12.604000
8.538000
7.549000
9.147000
8.566000
9.152000
0.000000
5.210000
6.403000
4.213000
8.503000
9.649000
7.000000
12.360000
6.679000
11.499000
10.262000
5.318000
3.250000
0.000000
11.559000
4.857000
14.786000
6.021000
0.000000
14.782000
6.199000
0.000000
4.123000
0.000000
0.000000
8.164000
20.989000
2.184000
3.483000
0.000000
0.000000
0.000000
0.000000
0.000000
0.186000
7.308000
0.000000
17.945000
3.867000
0.593000
0.000000
0.000000
0.000000
0.000000
0.000000
0.000000
0.000000
0.000000
1.335000
0.000000
0.000000
0.000000
1.660000
6.149000
0.000000
0.000000
2.466000
9.329000
2.996000
0.000000
4.101000
12.056000
0.000000
5.858000
3.014000
6.704000
0.000000
9.602000
0.000000
7.302000
0.000000
0.000000
2.455000
3.347000
3.417000
9.717000
4.734000
2.897000
0.000000
11.964000
2.009000
6.380000
1.694000
8.832000
7.122000
6.324000
8.858000
0.000000
0.000000
5.549000
0.696000
6.377000
5.543000
0.000000
6.764000
11.682000
0.000000
5.143000
8.969000
7.209000
0.000000
0.000000
6.834000
1.536000
10.075000
0.000000
10.630000
0.000000
4.360000
7.643000
0.000000
6.631000
10.254000
9.283000
3.218000
0.000000
3.052000
0.000000
10.604000
12.152000
10.412000
0.000000
4.001000
3.669000
5.371000
5.554000
9.908000
0.000000
12.375000
10.244000
0.110000
0.000000
0.000000
7.457000
5.863000
4.697000
3.767000
3.916000
1.370000
9.346000
8.302000
5.101000
10.722000
4.503000
0.000000
12.387000
12.343000
0.000000
2.186000
3.938000
6.143000
8.156000
2.557000
6.942000
8.077000
6.128000
8.370000
1.015000
3.944000
2.602000
5.529000
17.909000
0.000000
9.441000
5.218000
8.127000
10.856000
0.037000
0.763000
0.000000
4.532000
5.558000
7.010000
0.000000
0.000000
0.000000
7.782000
3.126000
0.000000
0.000000
6.425000
2.915000
0.000000
4.367000
0.000000
0.000000
4.558000
4.974000
1.934000
0.000000
0.915000
0.000000
2.804000
4.578000
0.000000
6.111000
0.000000
2.491000
0.000000
9.714000
2.599000
1.806000
9.238000
5.474000
5.920000
3.984000
4.161000
10.080000
6.755000
2.383000
10.006000
4.513000
4.593000
7.524000
7.946000
8.472000
9.730000
8.193000
0.000000
6.270000
5.967000
12.960000
7.751000
8.317000
11.971000
7.239000
9.478000
8.505000
7.429000
5.523000
5.005000
5.179000
4.529000
8.247000
3.890000
6.262000
5.437000
4.443000
10.612000
6.578000
5.098000
8.223000
6.037000
8.960000
12.404000
9.479000
7.578000
0.000000
7.749000
7.634000
0.000000
8.288000
7.351000
11.135000
7.752000
8.517000
4.195000
2.631000
8.765000
9.253000
2.336000
3.680000
9.158000
8.695000
6.180000
9.167000
1.087000
11.537000
9.823000
6.620000
2.429000
3.301000
5.591000
0.000000
0.000000
9.935000
8.058000
5.450000
6.880000
4.134000
5.687000
8.521000
11.070000
5.867000
4.360000
8.583000
2.351000
9.926000
13.154000
4.750000
0.000000
8.137000
13.951000
10.494000
0.000000
5.811000
1.119000
9.303000
9.269000
4.186000
11.018000
3.076000
9.831000
9.960000
0.000000
12.949000
3.049000
2.568000
11.350000
5.678000
8.022000
3.484000
9.899000
3.204000
9.358000
11.526000
2.092000
13.036000
1.780000
11.638000
10.392000
6.422000
9.251000
11.658000
2.354000
7.881000
0.689000
6.094000
5.677000
4.076000
4.608000
9.668000
9.933000
4.274000
7.757000
9.522000
6.664000
9.398000
4.190000
4.773000
7.480000
4.404000
5.446000
8.858000
4.758000
4.780000
3.062000
6.679000
9.594000
5.137000
6.770000
10.060000
2.363000
7.133000
5.286000
7.565000
7.795000
9.524000
8.462000
6.816000
7.907000
4.835000
7.194000
7.443000
0.019000
8.175000
2.429000
2.908000
5.651000
6.552000
2.411000
9.097000
6.394000
8.586000
5.512000
3.956000
6.428000
3.276000
8.859000
8.050000
7.679000
8.954000
4.219000
3.723000
8.167000
0.279000
6.683000
9.870000
8.025000
6.043000
6.954000
6.393000
2.289000
7.730000
8.960000
10.097000
3.806000
4.986000
7.686000
9.069000
8.031000
9.532000
7.729000
10.335000
7.014000
4.419000
3.950000
2.045000
4.807000
6.024000
5.828000
5.648000
8.527000
9.043000
3.161000
5.386000
2.180000
1.384000
8.859000
8.083000
2.692000
15.423000
4.035000
3.619000
1.518000
7.316000
9.494000
15.752000
9.721000
10.784000
6.264000
11.507000
5.388000
4.673000
6.752000
8.470000
8.536000
8.548000
10.600000
10.430000
3.169000
4.883000
2.257000
8.143000
15.316000
9.532000
0.630000
4.080000
2.052000
11.170000
8.960000
8.241000
3.260000
8.570000
6.036000
2.062000
3.011000
8.652000
6.724000
8.760000
6.211000
4.738000
6.941000
8.310000
11.175000
6.066000
11.298000
3.059000
7.756000
9.531000
3.957000
6.507000
2.944000
10.636000
2.655000
7.083000
8.147000
11.365000
6.128000
8.280000
8.141000
6.130000
7.826000
9.691000
8.828000
8.647000
4.835000
10.132000
7.559000
10.937000
4.462000
6.353000
6.416000
9.707000
9.932000
5.627000
4.467000
8.511000
4.734000
5.058000
5.772000
7.769000
10.667000
5.610000
6.209000
7.134000
8.946000
8.073000
5.402000
5.336000
6.288000
6.523000
9.893000
1.986000
9.032000
8.547000
8.806000
9.312000
11.598000
7.722000
8.367000
4.884000
4.638000
4.765000
9.836000
3.133000
1.661000
4.883000
4.050000
6.717000
8.558000
3.052000
10.301000
5.333000
0.000000
4.749000
5.885000
8.143000
10.653000
6.503000
7.040000
12.397000
6.297000
9.139000
0.943000
10.394000
6.275000
6.726000
7.040000
7.096000
0.498000
4.674000
9.278000
2.749000
7.415000
1.877000
5.270000
9.124000
5.408000
7.208000
9.002000
3.161000
11.554000
9.091000
9.541000
3.882000
7.436000
6.899000
3.029000
9.605000
5.912000
19.365000
9.309000
11.009000
9.136000
9.869000
1.248000
7.772000
4.354000
8.655000
9.858000
3.389000
3.724000
10.007000
11.892000
7.336000
9.628000
10.746000
7.357000
7.220000
6.453000
10.727000
0.000000
5.523000
2.584000
7.720000
4.551000
8.444000
8.705000
7.320000
3.849000
6.339000
2.743000
8.596000
4.119000
9.427000
7.030000
3.592000
8.785000
7.039000
2.265000
2.530000
2.132000
7.581000
5.807000
0.865000
4.083000
1.404000
7.038000
7.921000
6.864000
2.662000
5.100000
10.996000
4.097000
6.180000
10.161000
7.857000
5.365000
5.033000
4.191000
4.463000
0.057000
7.701000
2.360000
7.634000
5.513000
11.749000
6.813000
6.598000
5.389000
5.773000
2.199000
9.835000
3.512000
5.779000
6.717000
3.804000
5.457000
8.654000
9.777000
3.794000
7.153000
7.544000
6.755000
5.124000
7.313000
4.883000
10.646000
4.653000
9.209000
6.673000
4.958000
8.853000
2.377000
12.328000
10.093000
5.141000
4.676000
7.098000
0.150000
3.588000
4.335000
8.304000
5.422000
12.096000
7.764000
7.281000
6.763000
12.363000
2.165000
4.375000
7.113000
5.462000
5.800000
4.261000
3.092000
6.536000
15.414000
8.131000
7.479000
9.287000
5.676000
10.020000
9.865000
5.922000
11.503000
3.189000
7.261000
8.314000
2.654000
10.287000
6.780000
5.263000
15.778000
11.018000
11.795000
8.786000
9.766000
10.529000
8.663000
7.898000
8.082000
12.047000
1.331000
5.842000
5.640000
10.117000
6.767000
3.641000
8.293000
7.723000
8.468000
10.256000
5.531000
3.898000
4.579000
7.369000
9.131000
10.656000
12.330000
2.358000
11.187000
11.708000
11.104000
9.987000
13.170000
3.942000
5.310000
16.471000
6.007000
6.398000
16.574000
12.724000
5.296000
1.444000
7.815000
3.186000
8.665000
7.986000
6.036000
11.083000
7.540000
3.882000
12.231000
8.469000
9.843000
6.775000
17.348000
9.164000
2.652000
10.511000
9.718000
7.653000
7.379000
3.721000
12.026000
9.262000
7.010000
11.251000
12.947000
6.617000
1.668000
8.942000
3.882000
11.206000
8.009000
3.175000
4.433000
12.465000
19.732000
7.644000
4.523000
11.307000
10.265000
12.501000
11.894000
12.437000
7.537000
13.602000
9.782000
9.717000
8.656000
8.753000
11.472000
5.965000
2.550000
12.879000
8.477000
18.207000
9.920000
3.772000
9.997000
13.217000
8.905000
7.429000
1.193000
6.220000
3.654000
10.027000
16.446000
6.664000
9.365000
7.448000
9.874000
6.810000
12.606000
8.898000
10.577000
13.828000
8.037000
11.373000
12.574000
6.302000
8.796000
10.610000
12.457000
6.258000
13.064000
3.948000
6.332000
4.825000
4.770000
4.795000
6.167000
13.198000
0.339000
9.108000
5.674000
8.213000
6.505000
6.732000
7.829000
13.225000
10.961000
8.661000
8.834000
8.712000
6.745000
9.489000
3.619000
7.764000
9.847000
1.875000
6.865000
7.939000
4.922000
10.927000
12.591000
10.808000
9.377000
6.623000
5.404000
8.950000
13.080000
2.993000
7.450000
13.678000
9.059000
6.924000
8.816000
8.906000
6.762000
11.417000
12.331000
9.713000
10.773000
10.142000
14.427000
7.234000
13.876000
6.727000
5.810000
6.178000
9.520000
9.609000
10.127000
6.218000
7.411000
11.671000
7.785000
6.438000
10.585000
6.869000
11.643000
5.694000
12.713000
11.195000
5.124000
6.316000
4.997000
11.891000
8.266000
11.008000
10.267000
12.486000
8.281000
5.846000
6.759000
9.008000
8.919000
10.497000
9.721000
7.323000
3.372000
7.762000
3.113000
7.008000
9.231000
7.892000
10.128000
12.945000
9.676000
3.322000
5.411000
6.157000
11.779000
3.900000
0.953000
5.507000
4.632000
8.127000
6.363000
7.572000
6.734000
2.818000
7.233000
12.372000
5.138000
4.318000
2.458000
4.814000
4.962000
8.356000
8.264000
6.510000
0.466000
5.729000
4.438000
10.729000
8.065000
9.009000
8.755000
7.271000
3.532000
7.374000
9.589000
12.369000
2.779000
10.175000
2.115000
15.236000
7.872000
1.055000
9.494000
7.727000
9.384000
6.662000
3.862000
4.716000
5.408000
9.707000
9.053000
7.269000
8.482000
5.913000
9.717000
8.968000
5.530000
8.315000
12.986000
7.645000
6.582000
9.976000
7.517000
9.246000
5.811000
9.028000
5.488000
4.906000
7.691000
7.317000
7.375000
5.831000
3.356000
7.067000
7.719000
4.937000
5.403000
3.940000
9.742000
8.945000
5.465000
9.489000
11.928000
6.739000
5.990000
12.223000
12.862000
8.331000
10.026000
9.232000
3.731000
10.292000
5.820000
7.116000
10.573000
0.626000
13.615000
8.174000
8.377000
15.815000
14.959000
8.706000
11.473000
6.782000
6.364000
8.304000
5.164000
7.268000
9.297000
7.052000
6.782000
3.818000
4.507000
2.748000
8.666000
9.133000
11.110000
5.808000
5.547000
11.745000
4.521000
12.012000
1.720000
2.021000
3.257000
3.228000
10.769000
12.205000
6.213000
3.306000
14.754000
0.000000
4.418000
12.965000
5.974000
4.132000
3.711000
11.523000
7.702000
9.735000
8.781000
0.000000
8.104000
6.652000
7.481000
14.189000
7.388000
6.292000
2.246000
4.606000
8.370000
3.189000
6.377000
5.807000
8.979000
17.225000
4.005000
8.602000
6.491000
8.269000
1.847000
8.599000
2.824000
8.644000
10.106000
3.036000
16.891000
3.606000
7.605000
8.009000
8.622000
7.332000
10.144000
3.127000
10.394000
6.660000
3.289000
7.309000
5.118000
9.322000
9.307000
6.768000
5.041000
1.533000
10.170000
8.212000
16.132000
4.679000
17.671000
10.100000
10.423000
11.404000
5.080000
20.151000
11.122000
11.272000
11.095000
6.179000
2.826000
7.667000
9.209000
13.766000
7.590000
4.279000
10.696000
7.206000
10.284000
1.534000
3.676000
3.338000
7.013000
4.437000
7.361000
7.213000
15.967000
15.462000
8.101000
8.529000
7.458000
7.900000
15.071000
6.798000
10.140000
16.207000
2.900000
5.533000
11.458000
10.485000
8.626000
2.121000
1.387000
13.101000
10.785000
5.324000
6.155000
20.289000
7.681000
11.937000
5.346000
8.471000
5.975000
10.216000
12.568000
1.549000
7.800000
11.484000
8.653000
4.494000
9.238000
6.944000
7.161000
8.598000
9.261000
1.904000
19.199000
1.742000
7.941000
8.371000
6.222000
12.658000
6.025000
9.524000
11.555000
10.285000
14.059000
5.310000
7.782000
10.528000
11.525000
5.841000
6.819000
6.765000
9.954000
6.052000
10.212000
8.303000
8.062000
11.227000
9.294000
5.925000
7.310000
2.311000
8.120000
6.597000
7.969000
8.081000
11.912000
8.192000
3.408000
9.908000
1.324000
11.223000
11.991000
8.728000
6.504000
8.134000
10.127000
7.305000
5.223000
16.925000
8.088000
4.691000
4.902000
2.881000
5.362000
11.991000
6.370000
9.595000
6.034000
8.350000
9.761000
2.612000
7.440000
10.058000
12.546000
11.736000
7.487000
6.101000
15.383000
7.573000
12.223000
8.732000
8.446000
5.890000
13.637000
11.538000
8.548000
10.770000
10.837000
8.997000
16.687000
10.406000
11.889000
9.772000
6.968000
11.473000
7.559000
9.183000
7.304000
15.138000
6.849000
11.321000
10.745000
8.746000
8.457000
7.848000
9.197000
15.309000
9.402000
13.182000
9.991000
5.415000
15.538000
13.089000
14.021000
10.503000
15.128000
9.902000
9.681000
10.503000
16.077000
8.374000
15.658000
9.941000
5.716000
9.388000
20.724000
6.952000
10.884000
10.186000
10.535000
11.300000
8.616000
9.147000
5.402000
4.720000
8.788000
10.737000
5.698000
11.189000
3.627000
4.419000
9.958000
8.197000
9.994000
11.088000
13.688000
7.235000
6.966000
9.592000
7.710000
5.060000
11.221000
14.487000
11.282000
9.555000
14.021000
7.711000
13.324000
5.122000
15.181000
10.718000
6.694000
5.147000
9.096000
7.987000
10.833000
16.809000
5.405000
5.454000
5.762000
8.130000
8.489000
13.969000
7.670000
10.488000
5.983000
9.240000
13.280000
11.535000
10.967000
10.909000
12.968000
9.952000
8.327000
8.649000
8.572000
11.123000
10.309000
12.276000
11.631000
7.752000
7.544000
7.533000
5.604000
15.676000
4.655000
7.694000
9.358000
7.995000
3.999000
2.441000
7.121000
6.796000
3.679000
8.917000
9.927000
9.238000
6.519000
11.178000
9.194000
4.963000
6.921000
4.259000
10.456000
10.476000
8.610000
12.319000
7.585000
2.848000
5.985000
6.496000
10.354000
2.750000
6.047000
8.781000
6.225000
3.784000
4.857000
8.628000
10.269000
4.957000
9.066000
4.901000
3.519000
10.946000
7.897000
9.369000
6.448000
10.710000
12.892000
18.299000
8.356000
2.678000
9.835000
3.884000
4.927000
7.607000
11.023000
4.066000
13.050000
12.572000
7.624000
5.274000
3.524000
7.841000
6.706000
3.117000
6.562000
14.141000
4.599000
3.891000
0.000000
10.309000
5.151000
2.399000
5.744000
2.502000
15.861000
10.172000
10.212000
3.211000
8.080000
5.182000
5.878000
7.998000
5.289000
7.967000
3.926000
6.687000
10.791000
5.962000
4.993000
4.534000
2.982000
8.254000
3.177000
7.016000
5.756000
6.156000
6.709000
5.428000
4.801000
8.220000
9.323000
7.213000
6.072000
10.825000
5.343000
5.352000
8.541000
9.273000
11.807000
3.709000
3.082000
1.822000
17.446000
6.373000
5.281000
15.248000
7.803000
9.304000
3.815000
20.826000
6.253000
7.553000
5.112000
5.382000
0.000000
5.106000
9.150000
3.385000
5.062000
7.249000
16.604000
6.196000
3.018000
7.213000
8.256000
10.253000
9.059000
8.474000
8.932000
5.605000
9.268000
4.304000
5.437000
4.141000
1.871000
6.629000
12.849000
21.302000
6.250000
13.455000
8.026000
8.624000
4.204000
8.119000
4.949000
11.593000
4.616000
6.648000
6.041000
9.610000
9.446000
10.646000
7.103000
4.267000
3.636000
6.102000
13.443000
5.470000
4.995000
9.967000
7.830000
11.612000
9.166000
8.533000
12.976000
11.370000
5.082000
0.000000
15.288000
12.778000
12.674000
9.616000
5.514000
1.657000
5.711000
9.802000
10.925000
6.601000
15.567000
6.073000
9.277000
11.951000
8.276000
9.690000
10.578000
13.803000
9.378000
7.482000
8.392000
15.855000
11.064000
4.426000
10.752000
8.679000
2.135000
9.449000
5.138000
9.161000
0.000000
12.955000
14.007000
8.457000
3.344000
2.748000
13.273000
7.303000
7.734000
15.030000
5.137000
12.124000
19.234000
10.717000
15.173000
8.431000
11.279000
9.046000
3.965000
13.198000
14.942000
7.795000
3.558000
10.919000
10.532000
12.870000
10.747000
15.431000
6.503000
11.352000
10.675000
10.402000
12.392000
11.674000
10.819000
13.203000
7.260000
9.187000
3.610000
3.654000
9.783000
5.580000
10.667000
9.117000
7.552000
8.674000
10.955000
11.895000
4.291000
10.148000
13.008000
9.815000
13.331000
12.792000
11.882000
3.515000
7.204000
10.718000
10.350000
10.624000
11.224000
8.225000
8.260000
9.015000
3.148000
9.872000
11.678000
13.112000
10.277000
9.161000
13.425000
13.597000
7.213000
8.408000
6.278000
5.885000
11.673000
1.013000
3.667000
4.354000
5.508000
6.913000
9.204000
11.546000
8.550000
8.717000
3.579000
13.286000
8.953000
4.954000
9.039000
6.697000
7.830000
5.217000
12.075000
2.263000
3.416000
12.418000
10.968000
7.154000
0.427000
3.713000
7.043000
2.031000
1.580000
5.214000
7.812000
9.833000
0.000000
0.000000
15.550000
0.000000
6.809000
9.111000
4.304000
0.000000
1.847000
4.490000
0.000000
0.000000
0.000000
12.854000
0.000000
0.000000
0.000000
0.000000
0.000000
0.000000
0.954000
0.000000
0.000000
1.759000
0.000000
0.000000
2.603000
0.000000
0.000000
0.000000
0.000000
0.000000
0.688000
0.000000
9.485000
6.880000
0.000000
0.000000
5.356000
0.033000
0.000000
7.862000
5.515000
0.000000
7.904000
0.000000
1.266000
12.024000
0.000000
0.000000
8.002000
0.000000
6.461000
0.342000
0.000000
0.616000
5.820000
9.506000
0.000000
0.000000
0.365000
0.000000
0.000000
0.000000
5.942000
0.000000
0.000000
11.826000
2.049000
17.301000
0.000000
0.000000
0.000000
4.118000
0.000000
0.000000
0.000000
0.000000
0.000000
8.570000
0.000000
0.877000
0.000000
0.202000
4.277000
5.036000
3.012000
0.000000
1.455000
0.506000
11.299000
0.000000
5.009000
1.730000
8.895000
5.058000
0.000000
8.528000
9.615000
0.000000
5.989000
0.000000
0.804000
5.000000
0.000000
0.000000
1.603000
0.000000
0.000000
4.662000
2.820000
7.702000
3.729000
4.718000
6.191000
0.000000
0.000000
5.361000
11.161000
2.131000
0.000000
3.278000
5.505000
6.858000
6.997000
4.828000
0.000000
2.727000
3.758000
0.669000
4.349000
6.889000
1.047000
10.064000
0.000000
0.000000
0.998000
10.010000
4.050000
0.000000
4.410000
0.000000
1.366000
0.000000
8.822000
4.086000
0.000000
8.237000
0.000000
10.409000
2.471000
4.044000
10.886000
0.498000
7.308000
0.000000
0.000000
1.897000
4.743000
0.000000
0.000000
0.000000
1.733000
5.133000
0.000000
0.000000
0.813000
0.595000
0.000000
0.705000
0.000000
0.000000
8.857000
10.100000
0.000000
7.910000
10.277000
11.013000
0.491000
4.321000
0.000000
2.384000
7.943000
5.146000
3.723000
3.590000
6.248000
8.584000
0.000000
3.199000
6.406000
3.046000
0.889000
3.602000
3.897000
11.890000
1.577000
1.290000
11.358000
0.000000
0.981000
11.106000
10.933000
4.348000
3.671000
3.513000
7.033000
9.927000
1.766000
0.000000
2.995000
8.721000
1.798000
7.075000
2.370000
7.536000
8.445000
6.379000
0.000000
8.409000
8.596000
0.000000
6.275000
3.108000
7.853000
0.000000
3.890000
2.006000
5.321000
3.224000
6.334000
11.256000
5.831000
17.602000
1.179000
0.000000
8.420000
8.005000
0.000000
5.106000
3.726000
7.984000
3.956000
0.000000
1.811000
0.106000
0.000000
3.766000
13.353000
6.932000
9.028000
11.753000
3.490000
11.632000
11.115000
2.149000
9.619000
6.798000
0.000000
6.725000
4.770000
10.038000
8.927000
11.666000
11.793000
12.223000
1.560000
0.000000
2.266000
10.518000
13.346000
0.000000
8.566000
8.244000
2.947000
5.364000
0.370000
0.000000
9.302000
13.944000
0.000000
12.118000
6.505000
3.348000
12.240000
7.301000
10.733000
11.164000
8.432000
6.009000
10.069000
3.800000
6.323000
10.997000
4.818000
13.584000
7.108000
0.000000
3.291000
5.855000
0.135000
10.038000
10.222000
0.000000
10.228000
14.051000
10.272000
14.213000
10.588000
11.190000
10.438000
7.580000
4.243000
7.438000
3.432000
6.013000
8.190000
5.222000
11.211000
6.250000
14.728000
12.182000
4.462000
0.000000
7.265000
8.035000
0.000000
0.704000
5.820000
9.670000
11.246000
12.142000
2.009000
6.240000
0.000000
3.320000
4.110000
12.196000
11.003000
8.182000
3.833000
0.000000
12.057000
3.935000
9.221000
10.278000
4.995000
0.000000
7.802000
0.000000
6.791000
0.000000
0.000000
5.450000
7.908000
8.315000
0.000000
5.269000
2.425000
7.259000
4.410000
5.171000
4.677000
0.928000
0.000000
9.429000
2.908000
0.000000
4.608000
4.305000
0.000000
0.000000
0.961000
0.000000
0.000000
0.000000
6.714000
0.000000
0.000000
0.000000
0.000000
0.000000
3.112000
0.000000
8.087000
0.000000
0.610000
0.000000
0.000000
0.000000
5.955000
1.501000
0.000000
0.000000
3.598000
0.000000
0.807000
0.000000
0.000000
0.000000
0.000000
0.000000
5.153000
1.304000
0.000000
2.971000
0.000000
0.000000
0.000000
0.000000
0.000000
0.000000
0.000000
0.000000
0.782000
0.000000
0.000000
0.011000
0.000000
0.000000
0.000000
0.000000
0.000000
0.000000
0.000000
0.000000
0.000000
0.000000
0.000000
1.635000
0.000000
2.306000
0.000000
0.000000
0.000000
0.000000
0.048000
1.046000
0.000000
0.000000
0.484000
0.000000
0.000000
0.000000
5.561000
0.000000
0.000000
0.000000
1.325000
0.790000
0.700000
0.000000
0.000000
0.000000
1.045000
1.162000
0.000000
1.372000
0.000000
0.000000
0.000000
0.000000
0.000000
0.000000
0.000000
0.000000
0.000000
2.601000
0.001000
0.271000
0.000000
0.000000
1.344000
0.000000
0.000000
0.000000
0.183000
0.000000
5.100000
0.000000
0.000000
2.362000
0.000000
0.000000
1.409000
0.000000
0.000000
0.000000
0.540000
0.000000
0.000000
0.000000
2.764000
2.493000
0.000000
1.247000
0.000000
0.000000
0.000000
0.000000
0.012000
0.000000
0.000000
0.000000
3.269000
2.697000
0.000000
0.000000
0.000000
0.529000
0.000000
0.279000
2.976000
0.000000
0.000000
0.000000
0.000000
4.004000
0.000000
0.000000
0.000000
0.000000
0.000000
0.000000
0.000000
0.000000
0.215000
0.707000
0.000000
0.000000
1.341000
1.901000
2.743000
4.005000
0.000000
0.000000
0.000000
0.836000
0.000000
0.000000
1.502000
0.000000
2.290000
0.000000
0.749000
1.498000
0.000000
2.928000
0.000000
0.000000
0.000000
1.350000
0.000000
0.000000
0.000000
0.000000
0.000000
0.000000
0.000000
0.000000
0.000000
0.000000
0.249000
4.513000
0.000000
0.000000
2.094000
0.000000
0.070000
0.544000
1.565000
0.000000
0.000000
0.000000
1.381000
0.000000
0.000000
0.941000
0.000000
1.805000
3.331000
0.000000
0.000000
0.000000
0.000000
0.000000
0.000000
0.000000
0.000000
0.000000
0.000000
0.535000
0.000000
0.785000
0.000000
0.000000
1.910000
3.644000
0.125000
3.140000
0.091000
0.000000
0.000000
0.654000
0.000000
0.000000
0.000000
2.985000
0.000000
0.000000
2.210000
0.000000
2.645000
0.000000
0.832000
1.335000
0.000000
0.000000
0.156000
0.000000
0.000000
0.000000
0.093000
0.000000
0.000000
0.704000
0.000000
0.000000
0.000000
0.000000
0.000000
0.000000
0.000000
0.066000
2.774000
0.000000
0.000000
0.728000
0.277000
0.000000
0.000000
0.000000
0.321000
0.000000
0.000000
0.000000
0.000000
1.785000
0.000000
0.434000
0.034000
0.000000
1.165000
0.000000
0.000000
2.907000
0.000000
0.000000
0.000000
0.124000
3.982000
0.000000
0.000000
1.041000
0.061000
0.000000
0.000000
0.406000
0.628000
0.000000
0.000000
0.000000
0.000000
0.000000
0.000000
1.080000
0.000000
0.000000
2.230000
0.024000
0.000000
0.000000
0.000000
0.000000
2.825000
0.000000
0.000000
0.326000
0.346000
0.000000
0.000000
0.000000
4.694000
0.000000
0.252000
0.000000
0.000000
0.975000
0.000000
0.000000
0.000000
0.974000
1.140000
0.133000
0.000000
0.000000
0.022000
0.000000
0.000000
0.000000
0.000000
1.366000
0.000000
0.000000
0.000000
0.012000
0.000000
0.000000
3.040000
0.000000
0.000000
0.000000
0.000000
3.234000
0.000000
0.131000
2.405000
0.000000
0.000000
0.000000
0.000000
0.776000
0.000000
0.124000
0.000000
0.000000
0.000000
0.000000
0.000000
0.000000
0.000000
0.000000
0.000000
0.000000
0.000000
0.000000
0.000000
0.825000
0.000000
0.000000
1.180000
0.668000
0.481000
0.000000
0.000000
0.000000
0.000000
0.000000
4.685000
1.715000
0.000000
0.165000
0.000000
0.837000
0.323000
0.000000
0.000000
0.000000
0.775000
0.000000
3.953000
0.000000
1.458000
0.000000
0.000000
0.000000
0.377000
1.055000
2.957000
1.434000
0.304000
0.000000
0.000000
0.000000
0.000000
0.000000
0.000000
0.000000
0.000000
0.000000
0.909000
0.000000
2.959000
0.000000
0.000000
0.000000
2.659000
0.000000
0.000000
0.000000
0.254000
0.000000
0.000000
0.000000
0.000000
0.000000
0.000000
0.000000
0.161000
0.000000
0.400000
0.000000
1.262000
0.000000
5.200000
0.531000
1.856000
0.000000
0.000000
2.911000
0.560000
0.832000
0.000000
0.000000
0.000000
0.000000
0.401000
1.826000
1.322000
0.000000
0.395000
0.000000
0.000000
0.000000
0.000000
0.000000
0.000000
0.259000
0.788000
1.588000
0.657000
0.000000
2.640000
1.461000
0.000000
0.160000
0.000000
0.000000
0.000000
0.000000
0.824000
0.000000
0.000000
0.000000
0.000000
0.000000
0.000000
0.000000
0.000000
0.000000
0.522000
0.383000
0.000000
0.346000
0.000000
0.323000
0.000000
0.000000
0.000000
0.000000
0.000000
0.000000
1.420000
0.000000
0.000000
0.101000
0.000000
0.000000
0.000000
0.000000
0.000000
0.013000
0.816000
0.000000
0.495000
0.000000
0.000000
0.000000
0.000000
0.000000
0.000000
0.000000
0.000000
0.000000
0.000000
0.000000
0.000000
0.000000
0.000000
0.000000
0.000000
0.277000
3.068000
0.000000
0.000000
0.878000
0.000000
1.050000
0.436000
0.529000
0.000000
1.580000
0.000000
0.000000
0.000000
0.000000
3.399000
0.000000
0.060000
0.000000
0.000000
0.000000
0.448000
0.000000
1.208000
0.000000
0.651000
0.000000
0.000000
0.000000
0.914000
1.391000
0.000000
0.000000
0.000000
1.858000
0.000000
0.000000
0.000000
0.000000
0.000000
0.000000
0.000000
0.606000
0.000000
0.000000
0.000000
0.279000
0.000000
0.449000
0.000000
0.000000
0.000000
0.000000
0.000000
0.000000
0.000000
0.000000
0.000000
0.000000
0.437000
0.511000
0.000000
1.510000
0.000000
0.000000
0.000000
0.000000
0.000000
0.000000
0.000000
1.121000
2.885000
0.000000
0.000000
1.969000
0.000000
0.000000
0.000000
0.000000
0.000000
0.000000
0.000000
0.000000
0.000000
0.000000
0.000000
0.135000
0.000000
0.000000
0.000000
0.000000
0.000000
0.774000
0.000000
0.000000
0.103000
2.163000
0.000000
0.000000
0.000000
0.612000
0.000000
0.000000
0.054000
1.597000
0.000000
0.105000
0.097000
0.000000
0.408000
0.000000
0.000000
0.000000
0.008000
2.082000
1.102000
2.714000
0.000000
0.066000
0.000000
0.000000
0.000000
0.000000
0.052000
0.000000
0.350000
0.000000
0.033000
0.213000
0.000000
0.000000
0.000000
0.000000
1.618000
0.000000
0.000000
0.078000
0.000000
0.000000
0.045000
0.000000
0.267000
0.733000
0.000000
0.000000
0.740000
0.000000
0.175000
0.000000
0.000000
0.639000
0.419000
0.000000
0.377000
0.459000
0.000000
1.980000
0.000000
0.607000
0.000000
0.277000
0.000000
0.039000
0.078000
0.000000
0.012000
0.000000
0.000000
0.237000
0.000000
0.000000
0.000000
0.000000
0.000000
0.000000
0.000000
0.132000
0.768000
0.084000
0.000000
0.000000
0.000000
0.000000
0.000000
0.000000
0.000000
0.000000
0.564000
0.673000
1.561000
0.000000
0.000000
0.000000
0.000000
0.000000
0.000000
0.000000
0.000000
0.000000
0.452000
0.000000
0.076000
0.000000
0.095000
0.000000
0.835000
0.000000
0.000000
0.059000
0.000000
0.000000
0.000000
0.000000
0.000000
0.000000
0.000000
0.000000
0.017000
1.269000
0.000000
0.000000
0.063000
0.000000
0.000000
0.000000
0.000000
0.000000
0.802000
0.074000
0.000000
0.000000
0.000000
0.000000
0.000000
0.000000
0.306000
0.650000
0.000000
0.000000
0.000000
1.493000
0.000000
0.000000
0.216000
0.000000
0.000000
0.915000
0.000000
0.000000
0.000000
0.910000
0.051000
0.000000
0.000000
0.005000
0.638000
0.000000
0.000000
0.000000
0.038000
0.000000
0.000000
0.000000
0.000000
0.002000
0.000000
0.000000
0.000000
0.000000
0.348000
0.000000
0.000000
0.650000
0.000000
1.446000
0.000000
0.000000
0.000000
0.702000
0.000000
0.908000
0.000000
0.000000
0.103000
0.089000
0.000000
0.000000
0.000000
0.000000
0.000000
0.145000
0.183000
0.530000
0.000000
0.000000
0.000000
0.000000
0.000000
0.000000
0.000000
0.000000
0.000000
0.000000
0.000000
0.000000
0.074000
0.000000
0.000000
0.001000
0.000000
0.000000
0.000000
0.136000
0.000000
0.000000
0.000000
0.000000
0.000000
0.046000
0.000000
0.000000
0.000000
0.000000
0.000000
0.245000
0.000000
0.048000
0.000000
0.000000
0.482000
0.000000
0.000000
0.905000
0.000000
0.000000
0.014000
0.000000
0.204000
0.000000
0.000000
0.000000
0.255000
0.000000
0.000000
0.000000
0.000000
0.000000
0.064000
0.000000
0.000000
0.000000
0.000000
0.000000
0.042000
0.021000
0.000000
0.000000
0.000000
1.596000
0.000000
0.000000
0.000000
0.000000
0.000000
0.000000
1.430000
0.000000
0.067000
0.000000
0.000000
0.000000
0.000000
0.000000
0.000000
0.005000
0.000000
0.595000
0.783000
0.050000
0.000000
1.180000
0.035000
0.379000
0.000000
0.000000
0.000000
0.000000
0.000000
0.000000
0.000000
0.111000
0.000000
0.000000
0.000000
0.281000
0.000000
0.000000
0.000000
0.000000
0.000000
0.000000
0.000000
0.000000
0.000000
0.000000
0.187000
0.000000
0.000000
0.000000
0.002000
0.000000
0.057000
1.283000
0.000000
0.000000
0.000000
0.000000
0.000000
0.000000
0.000000
0.024000
0.000000
0.000000
0.000000
0.000000
0.000000
1.013000
0.073000
0.000000
0.058000
0.000000
0.000000
0.000000
0.034000
1.300000
0.000000
0.000000
0.000000
0.000000
0.000000
0.000000
0.000000
0.000000
1.295000
0.000000
0.000000
0.000000
0.000000
0.000000
0.000000
0.156000
0.000000
0.000000
0.032000
0.000000
0.000000
0.010000
0.000000
1.402000
0.000000
0.000000
0.000000
0.015000
0.000000
0.000000
0.000000
0.000000
0.000000
0.000000
0.036000
0.000000
0.001000
0.000000
0.000000
0.221000
0.000000
0.000000
0.000000
0.243000
0.617000
0.000000
0.486000
0.000000
0.000000
0.000000
0.000000
0.000000
0.000000
0.091000
0.000000
0.236000
0.286000
0.000000
0.000000
0.000000
0.000000
0.000000
0.000000
0.000000
0.000000
0.000000
0.000000
0.000000
0.000000
0.000000
0.000000
0.000000
0.000000
0.000000
0.000000
0.000000
0.686000
0.000000
0.000000
0.000000
0.000000
0.000000
0.644000
0.000000
0.000000
0.000000
0.000000
0.000000
0.000000
0.000000
0.000000
0.303000
0.000000
0.000000
0.000000
0.000000
0.000000
0.000000
0.000000
0.000000
0.000000
0.000000
0.414000
0.000000
0.000000
0.000000
0.000000
0.000000
1.480000
0.000000
0.000000
0.000000
0.000000
0.343000
0.000000
0.000000
0.043000
0.000000
0.000000
0.000000
0.000000
0.000000
0.000000
0.131000
0.000000
0.381000
0.297000
0.000000
0.000000
0.000000
0.000000
0.000000
0.000000
0.000000
0.000000
0.390000
0.000000
0.000000
0.000000
0.000000
0.220000
0.381000
0.000000
0.000000
0.000000
0.000000
0.000000
0.867000
0.000000
0.000000
0.000000
0.000000
0.000000
1.257000
0.000000
0.000000
0.000000
0.000000
0.000000
0.000000
0.000000
0.000000
0.000000
0.000000
0.000000
0.000000
0.000000
0.000000
0.000000
0.000000
0.000000
0.000000
0.000000
0.000000
0.000000
0.000000
0.000000
0.000000
0.000000
0.000000
0.000000
0.001000
0.000000
0.000000
0.045000
0.072000
0.000000
0.000000
0.000000
0.000000
0.000000
0.000000
0.035000
0.000000
0.000000
0.000000
0.000000
0.000000
0.000000
0.000000
0.000000
0.000000
0.075000
0.000000
0.000000
0.000000
0.000000
0.000000
0.000000
0.000000
0.000000
0.000000
0.000000
0.217000
0.000000
0.000000
0.016000
0.000000
0.000000
0.000000
0.000000
0.000000
0.000000
0.000000
0.000000
0.000000
0.000000
0.000000
0.000000
0.000000
0.000000
0.000000
0.000000
0.022000
0.000000
0.000000
0.000000
0.000000
0.000000
0.000000
0.000000
0.000000
0.000000
0.000000
0.000000
0.000000
0.000000
0.000000
0.000000
0.000000
0.000000
0.000000
0.000000
0.000000
0.000000
0.000000
0.000000
0.000000
0.000000
0.000000
0.000000
0.000000
0.000000
0.000000
0.000000
0.000000
0.000000
0.000000
0.000000
0.000000
0.000000
0.000000
0.096000
0.000000
0.000000
0.000000
0.000000
0.000000
0.000000
0.024000
0.000000
0.000000
0.000000
0.000000
0.000000
0.000000
0.000000
0.000000
0.000000
0.000000
0.000000
0.000000
0.000000
0.000000
0.000000
0.000000
0.000000
0.000000
0.000000
0.000000
0.000000
0.000000
0.000000
0.000000
0.000000
0.000000
0.000000
0.043000
0.000000
0.027000
0.032000
0.000000
0.000000
0.000000
0.000000
0.000000
0.000000
0.000000
0.000000
0.000000
0.000000
0.000000
0.000000
0.000000
0.000000
0.000000
0.000000
0.000000
0.000000
0.000000
0.000000
0.000000
0.000000
0.000000
0.000000
0.000000
0.000000
0.000000
0.086000
0.037000
0.024000
0.000000
0.008000
0.000000
0.000000
0.000000
0.000000
0.081000
0.000000
0.006000
0.000000
0.000000
0.000000
0.000000
0.000000
0.000000
0.000000
0.000000
0.000000
0.000000
0.000000
0.000000
0.037000
0.000000
0.000000
0.000000
0.000000
0.051000
0.089000
0.000000
0.000000
0.000000
0.000000
0.000000
0.000000
0.000000
0.006000
0.000000
0.000000
0.000000
0.000000
0.000000
0.000000
0.000000
0.000000
0.000000
0.001000
0.000000
0.000000
0.000000
0.000000
0.000000
0.000000
0.000000
0.000000
0.000000
0.000000
0.000000
0.000000
0.000000
0.000000
0.000000
0.000000
0.000000
0.000000
0.000000
0.000000
0.000000
0.000000
0.000000
0.000000
0.000000
0.000000
0.000000
0.000000
0.000000
0.000000
0.000000
0.000000
0.000000
0.000000
0.000000
0.000000
0.000000
0.000000
0.000000
0.000000
0.000000
0.000000
0.000000
0.000000
0.014000
0.000000
0.000000
0.000000
0.000000
0.000000
0.000000
0.000000
0.000000
0.000000
0.000000
0.000000
0.000000
0.000000
0.000000
0.000000
0.000000
0.000000
0.000000
0.000000
0.000000
0.082000
0.000000
0.000000
0.000000
0.000000
0.000000
0.000000
0.000000
0.000000
0.000000
0.000000
0.000000
0.000000
0.000000
0.000000
0.000000
0.000000
0.000000
0.055000
0.000000
0.040000
0.000000
0.000000
0.000000
0.000000
0.000000
0.000000
0.000000
0.000000
0.000000
0.000000
0.000000
0.000000
0.000000
0.000000
0.000000
0.000000
0.000000
0.000000
0.000000
0.000000
0.000000
0.000000
0.000000
0.000000
0.022000
0.000000
0.000000
0.000000
0.000000
0.000000
0.000000
0.000000
0.000000
0.000000
0.000000
0.000000
0.000000
0.034000
0.000000
0.155000
0.000000
0.000000
0.000000
0.000000
0.000000
0.000000
0.107000
0.000000
0.000000
0.000000
0.000000
0.000000
0.010000
0.000000
0.000000
0.000000
0.000000
0.019000
0.000000
0.000000
0.000000
0.000000
0.000000
0.000000
0.000000
0.000000
0.000000
0.000000
0.000000
0.000000
0.000000
0.000000
0.000000
0.000000
0.000000
0.000000
0.000000
0.000000
0.000000
0.000000
0.000000
0.000000
0.000000
0.000000
0.000000
0.000000
0.000000
0.000000
0.000000
0.000000
0.000000
0.000000
0.000000
0.000000
0.000000
0.000000
0.000000
0.000000
0.000000
0.000000
0.000000
0.000000
0.032000
0.000000
0.000000
0.000000
0.000000
0.000000
0.000000
0.000000
0.000000
0.000000
0.000000
0.000000
0.000000
0.000000
0.000000
0.138000
0.000000
0.000000
0.000000
0.000000
0.000000
0.000000
0.000000
0.000000
0.000000
0.000000
0.000000
0.000000
0.000000
0.000000
0.000000
0.036000
0.000000
0.000000
0.000000
0.000000
0.000000
0.000000
0.000000
0.000000
0.000000
0.000000
0.000000
0.000000
0.000000
0.000000
0.000000
0.000000
0.000000
0.000000
0.000000
0.116000
0.000000
0.030000
0.000000
0.000000
0.000000
0.000000
0.000000
0.000000
0.096000
0.000000
0.000000
0.000000
0.000000
0.000000
0.000000
0.005000
0.000000
0.000000
0.000000
0.000000
0.000000
0.000000
0.000000
0.000000
0.000000
0.000000
0.000000
0.000000
0.000000
0.000000
0.000000
0.000000
0.000000
0.000000
0.000000
0.000000
0.000000
0.000000
0.000000
0.000000
0.000000
0.000000
0.000000
0.000000
0.000000
0.000000
0.000000
0.031000
0.000000
0.000000
0.000000
0.000000
0.000000
0.000000
0.000000
0.000000
0.000000
0.000000
0.000000
0.000000
0.065000
0.000000
0.000000
0.000000
0.000000
0.000000
0.000000
0.000000
0.000000
0.000000
0.000000
0.000000
0.000000
0.000000
0.000000
0.000000
0.000000
0.000000
0.000000
0.000000
0.000000
0.000000
0.000000
0.000000
0.000000
0.000000
0.000000
0.000000
0.000000
0.000000
0.000000
0.000000
0.000000
0.000000
0.000000
0.000000
0.000000
0.000000
0.000000
0.000000
0.000000
0.000000
0.000000
0.000000
0.000000
0.000000
0.000000
0.000000
0.000000
0.000000
0.000000
0.000000
0.000000
0.000000
0.000000
0.000000
0.000000
0.000000
0.000000
0.000000
0.000000
0.110000
0.000000
0.000000
0.000000
0.075000
0.000000
0.000000
0.000000
0.000000
0.000000
0.000000
0.000000
0.000000
0.000000
0.014000
0.000000
0.000000
0.000000
0.000000
0.000000
0.000000
0.000000
0.000000
0.000000
0.000000
0.000000
0.000000
0.000000
0.000000
0.000000
0.000000
0.000000
0.000000
0.029000
0.000000
0.000000
0.000000
0.000000
0.000000
0.000000
0.000000
0.000000
0.000000
0.000000
0.041000
0.000000
0.000000
0.000000
0.000000
0.000000
0.000000
0.000000
0.000000
0.000000
0.000000
0.000000
0.000000
0.030000
0.004000
0.000000
0.000000
0.000000
0.000000
0.000000
0.000000
0.000000
0.000000
0.000000
0.000000
0.000000
0.000000
0.000000
0.000000
0.000000
0.000000
0.053000
0.000000
0.000000
0.000000
0.000000
0.000000
0.000000
0.000000
0.000000
0.093000
0.000000
0.000000
0.000000
0.000000
0.000000
0.000000
0.000000
0.000000
0.000000
0.005000
0.000000
0.000000
0.000000
0.000000
0.000000
0.000000
0.000000
0.000000
0.000000
0.000000
0.000000
0.000000
0.000000
0.000000
0.000000
0.000000
0.000000
0.000000
0.000000
0.000000
0.000000
0.000000
0.000000
0.000000
0.000000
0.000000
0.000000
0.000000
0.000000
0.000000
0.000000
0.000000
0.000000
0.000000
0.000000
0.000000
0.000000
0.000000
0.000000
0.000000
0.000000
0.000000
0.000000
0.000000
0.000000
0.020000
0.128000
0.000000
0.000000
0.000000
0.000000
0.000000
0.000000
0.000000
0.000000
0.000000
0.000000
0.160000
0.000000
0.000000
0.000000
0.000000
0.000000
0.000000
0.000000
0.000000
0.000000
0.000000
0.000000
0.000000
0.000000
0.000000
0.000000
0.000000
0.000000
0.000000
0.000000
0.000000
0.000000
0.000000
0.000000
0.000000
0.000000
0.000000
0.000000
0.000000
0.000000
0.000000
0.000000
0.000000
0.000000
0.000000
0.000000
0.089000
0.000000
0.000000
0.000000
0.000000
0.000000
0.006000
0.000000
0.081000
0.000000
0.000000
0.000000
0.000000
0.000000
0.000000
0.012000
0.000000
0.000000
0.000000
0.000000
0.000000
0.000000
0.000000
0.000000
0.000000
0.000000
0.000000
0.000000
0.000000
0.000000
0.000000
0.141000
0.000000
0.000000
0.000000
0.000000
0.000000
0.000000
0.000000
0.000000
0.000000
0.000000
0.000000
0.000000
0.000000
0.000000
0.000000
0.000000
0.000000
0.000000
0.000000
0.000000
0.000000
0.000000
0.000000
0.000000
0.000000
0.000000
0.000000
0.000000
0.000000
0.000000
0.000000
0.000000
0.000000
0.017000
0.000000
0.000000
0.081000
0.000000
0.000000
0.000000
0.000000
0.000000
0.000000
0.000000
0.000000
0.000000
0.000000
0.000000
0.000000
0.000000
0.000000
0.000000
0.000000
0.000000
0.000000
0.000000
0.000000
0.000000
0.000000
0.000000
0.000000
0.000000
0.000000
0.000000
0.000000
0.000000
0.000000
0.000000
0.000000
0.000000
0.000000
0.000000
0.000000
0.000000
0.000000
0.000000
0.000000
0.000000
0.000000
0.000000
0.000000
0.000000
0.000000
0.000000
0.000000
0.039000
0.000000
0.000000
0.000000
0.000000
0.000000
0.000000
0.000000
0.019000
0.000000
0.000000
0.000000
0.000000
0.000000
0.000000
0.000000
0.000000
0.000000
0.122000
0.000000
0.000000
0.000000
0.000000
0.000000
0.000000
0.025000
0.000000
0.000000
0.000000
0.000000
0.000000
0.000000
0.000000
0.000000
0.000000
0.000000
0.000000
0.000000
0.000000
0.000000
0.000000
0.000000
0.000000
