1.934000
2.627000
3.983000
4.547000
8.606000
5.810000
5.148000
7.102000
0.622000
0.000000
9.242000
9.497000
5.806000
11.335000
3.652000
5.856000
11.579000
6.017000
4.340000
4.216000
9.108000
6.637000
9.594000
14.077000
7.468000
2.363000
6.822000
5.875000
4.588000
10.583000
0.743000
0.299000
8.240000
6.514000
11.322000
3.486000
8.947000
2.729000
6.051000
10.781000
7.752000
11.666000
6.134000
0.000000
11.129000
15.048000
8.691000
9.429000
0.543000
5.925000
7.333000
4.249000
4.908000
8.869000
2.390000
3.563000
5.920000
7.521000
4.932000
9.064000
7.513000
7.237000
9.164000
10.704000
7.030000
8.374000
4.807000
1.179000
8.271000
11.845000
16.990000
10.173000
4.567000
5.801000
1.610000
10.226000
4.399000
0.140000
7.971000
8.092000
4.765000
5.596000
8.767000
9.168000
5.145000
4.259000
5.941000
10.889000
8.068000
6.185000
6.640000
3.484000
4.159000
3.092000
0.000000
9.250000
12.420000
4.678000
2.410000
7.942000
8.343000
7.394000
6.109000
5.329000
5.214000
10.198000
8.854000
5.055000
23.274000
7.847000
9.167000
8.377000
9.827000
3.597000
5.521000
3.791000
4.197000
1.515000
7.384000
6.499000
1.647000
6.176000
10.031000
11.211000
7.528000
11.043000
10.985000
6.359000
4.740000
11.774000
2.713000
11.616000
7.572000
12.868000
11.673000
9.039000
14.290000
2.777000
6.435000
9.521000
11.113000
1.750000
11.909000
10.570000
3.794000
7.590000
4.091000
9.001000
4.707000
5.934000
2.611000
9.434000
5.477000
17.612000
11.208000
8.322000
8.123000
5.837000
6.196000
6.843000
6.306000
5.925000
13.466000
5.308000
8.675000
8.501000
6.435000
17.564000
8.147000
8.756000
4.308000
2.261000
7.282000
0.814000
0.548000
13.109000
5.604000
7.035000
12.714000
6.200000
12.040000
5.576000
16.158000
6.758000
0.628000
12.569000
0.456000
6.370000
2.447000
0.000000
3.495000
4.319000
5.727000
15.640000
3.004000
5.495000
4.472000
3.842000
5.305000
5.300000
6.855000
3.118000
7.841000
0.774000
0.000000
3.841000
14.123000
4.209000
9.183000
9.861000
4.410000
12.409000
6.945000
7.848000
13.804000
13.313000
1.419000
4.121000
13.925000
6.845000
3.718000
4.773000
7.172000
3.795000
11.511000
3.103000
12.254000
8.567000
17.231000
3.521000
6.507000
4.127000
6.056000
2.113000
12.877000
17.960000
11.386000
11.318000
5.263000
5.821000
5.949000
11.374000
16.448000
7.797000
2.436000
5.606000
5.193000
4.378000
14.289000
19.168000
2.144000
5.238000
8.654000
4.032000
13.280000
9.442000
15.868000
0.995000
4.481000
6.380000
1.113000
3.790000
15.891000
17.734000
15.041000
10.316000
4.410000
7.135000
10.124000
8.362000
7.247000
19.052000
10.914000
8.119000
14.652000
17.844000
5.055000
13.959000
12.786000
6.534000
4.794000
7.034000
5.217000
12.477000
9.717000
20.098000
16.280000
15.131000
11.691000
12.891000
8.862000
11.186000
9.752000
11.905000
6.532000
15.810000
2.416000
7.306000
7.014000
11.957000
6.874000
9.888000
12.200000
1.210000
7.574000
15.123000
17.087000
13.156000
19.693000
2.054000
23.238000
18.140000
4.190000
8.070000
1.911000
12.584000
10.349000
4.062000
8.255000
12.343000
13.961000
3.822000
14.692000
11.477000
13.754000
16.366000
0.570000
6.962000
2.683000
0.000000
6.674000
16.272000
11.154000
14.930000
20.267000
18.548000
9.596000
17.826000
14.328000
10.854000
10.133000
5.053000
12.256000
15.106000
17.318000
6.368000
15.569000
8.204000
7.565000
7.456000
11.413000
5.557000
14.554000
6.121000
21.452000
15.720000
16.241000
16.348000
4.861000
16.122000
12.754000
7.429000
14.164000
10.614000
9.994000
17.623000
1.849000
7.083000
14.211000
10.530000
9.573000
11.140000
11.947000
19.680000
19.236000
1.044000
13.868000
15.639000
11.473000
11.727000
18.819000
11.781000
14.147000
19.335000
14.780000
3.352000
6.307000
5.749000
15.130000
8.025000
6.017000
4.685000
12.784000
17.685000
18.103000
15.044000
5.461000
18.549000
4.687000
17.669000
17.964000
12.392000
21.274000
4.649000
1.954000
2.732000
13.284000
10.284000
10.515000
15.614000
13.336000
4.485000
11.031000
20.958000
4.702000
8.458000
15.459000
9.843000
7.575000
2.713000
21.723000
6.835000
12.172000
14.264000
17.504000
13.804000
1.328000
15.532000
7.228000
15.861000
8.367000
12.244000
17.660000
3.517000
6.578000
15.456000
14.522000
4.379000
4.992000
16.696000
4.296000
4.821000
3.562000
16.974000
8.423000
16.902000
11.114000
10.804000
4.166000
11.095000
18.680000
7.521000
8.795000
12.281000
22.017000
10.768000
13.999000
5.881000
8.282000
15.376000
9.402000
13.376000
15.735000
15.645000
12.596000
11.913000
6.521000
11.195000
16.396000
12.753000
7.483000
10.441000
14.516000
10.242000
19.238000
15.424000
11.710000
7.000000
8.681000
7.731000
10.132000
7.950000
13.272000
10.619000
1.635000
12.113000
9.904000
10.622000
12.512000
8.832000
11.238000
7.991000
10.399000
16.465000
6.291000
8.480000
6.776000
12.609000
14.584000
7.805000
12.921000
13.218000
15.436000
17.199000
15.081000
9.672000
14.265000
12.697000
2.394000
10.770000
7.301000
13.049000
12.346000
10.081000
15.272000
7.996000
14.252000
20.787000
7.982000
12.189000
13.858000
3.847000
7.406000
2.634000
16.457000
8.146000
8.701000
11.242000
11.196000
14.038000
15.776000
20.761000
15.176000
11.834000
12.271000
10.196000
15.106000
13.019000
21.643000
16.252000
12.941000
9.924000
9.797000
9.831000
8.939000
14.370000
7.257000
21.788000
6.966000
17.088000
12.447000
18.021000
14.201000
15.460000
11.281000
8.531000
15.276000
9.699000
12.314000
9.947000
16.266000
17.272000
9.054000
10.563000
6.719000
7.491000
10.277000
12.926000
15.585000
23.169000
10.730000
10.759000
12.013000
13.371000
8.412000
7.325000
11.101000
5.024000
12.926000
7.124000
13.178000
10.196000
4.800000
16.355000
2.793000
9.723000
11.991000
8.521000
11.949000
11.925000
11.876000
15.689000
22.405000
15.590000
18.459000
15.249000
14.623000
9.539000
11.856000
5.615000
9.256000
15.911000
11.359000
14.930000
11.365000
15.845000
15.770000
14.592000
19.847000
7.937000
15.867000
8.783000
13.359000
11.572000
8.589000
9.497000
5.102000
15.322000
9.545000
16.915000
11.674000
12.104000
16.150000
16.883000
12.207000
14.055000
10.465000
4.434000
12.173000
14.595000
14.549000
16.262000
11.761000
10.350000
13.135000
8.045000
5.063000
13.380000
12.996000
11.587000
14.578000
11.957000
15.397000
12.003000
10.020000
10.364000
13.589000
6.489000
13.833000
15.091000
11.448000
16.086000
15.780000
11.527000
17.295000
12.759000
14.543000
12.188000
16.257000
4.513000
10.113000
12.153000
7.653000
11.924000
18.562000
15.470000
14.878000
11.579000
11.952000
12.580000
10.289000
8.401000
7.534000
13.762000
15.503000
10.410000
16.498000
15.591000
15.624000
11.697000
7.466000
9.785000
10.797000
11.660000
16.728000
13.611000
15.647000
11.725000
8.654000
14.659000
6.531000
12.478000
13.238000
12.315000
15.839000
9.928000
12.717000
11.518000
10.763000
10.391000
11.190000
15.429000
12.596000
10.383000
6.254000
13.440000
12.555000
22.326000
13.663000
6.260000
11.716000
10.375000
18.743000
12.632000
9.733000
12.262000
6.756000
8.653000
14.188000
2.537000
11.084000
16.070000
14.496000
10.885000
10.558000
11.740000
13.361000
1.772000
11.191000
13.825000
17.814000
12.216000
11.137000
15.180000
13.511000
11.402000
9.686000
12.447000
12.317000
14.375000
11.263000
14.116000
13.282000
15.119000
13.778000
13.716000
16.519000
18.940000
15.944000
13.247000
14.076000
17.148000
12.829000
15.972000
15.716000
10.962000
14.887000
14.483000
15.578000
14.980000
15.982000
12.343000
6.550000
12.495000
12.635000
8.764000
12.415000
15.907000
20.527000
14.929000
7.781000
14.815000
15.787000
9.135000
19.237000
9.713000
9.016000
20.263000
16.191000
16.371000
15.370000
16.579000
20.061000
16.191000
12.798000
11.977000
16.321000
10.743000
8.507000
6.069000
15.332000
7.738000
14.181000
16.981000
11.629000
9.627000
12.935000
14.060000
15.010000
15.667000
16.685000
19.940000
14.993000
9.352000
11.531000
11.498000
13.983000
12.443000
11.017000
10.937000
12.010000
13.423000
12.847000
14.674000
15.396000
7.488000
13.631000
12.721000
14.513000
19.514000
12.126000
5.453000
18.295000
12.716000
14.803000
17.684000
11.873000
17.204000
19.130000
10.649000
14.439000
11.105000
17.232000
13.018000
12.320000
14.907000
13.773000
12.048000
7.920000
11.488000
11.874000
14.941000
10.902000
13.548000
9.122000
13.754000
11.158000
15.980000
15.576000
17.990000
11.344000
8.183000
14.417000
14.585000
19.963000
13.036000
12.898000
17.239000
7.364000
21.106000
12.603000
10.023000
14.656000
14.571000
16.490000
16.651000
16.337000
14.124000
16.103000
12.887000
16.535000
11.502000
15.259000
16.263000
12.622000
16.848000
15.532000
9.852000
17.368000
15.685000
15.810000
8.858000
12.011000
12.046000
12.109000
19.236000
13.381000
13.438000
17.254000
19.698000
17.064000
8.880000
11.772000
18.898000
18.254000
16.714000
18.099000
7.972000
14.864000
21.589000
16.484000
12.484000
17.177000
10.768000
13.578000
14.493000
7.551000
15.915000
16.416000
16.155000
14.554000
12.856000
18.511000
16.211000
13.070000
15.725000
12.828000
15.025000
17.262000
18.061000
15.689000
14.727000
18.173000
9.418000
16.977000
9.425000
14.739000
17.915000
14.791000
15.310000
14.363000
11.508000
16.277000
17.556000
14.237000
13.751000
18.268000
17.167000
21.765000
14.037000
5.931000
15.411000
10.228000
16.170000
15.527000
16.983000
17.486000
9.090000
4.118000
3.510000
7.153000
5.405000
12.588000
0.617000
6.247000
4.533000
8.285000
6.089000
3.105000
6.530000
3.961000
8.119000
3.525000
5.634000
3.038000
4.481000
8.692000
4.034000
1.150000
5.270000
11.232000
20.180000
8.190000
5.229000
6.689000
16.133000
2.024000
4.013000
8.849000
5.469000
6.733000
12.406000
5.860000
4.948000
21.973000
5.728000
14.074000
14.236000
14.264000
16.725000
5.281000
3.039000
3.952000
4.909000
10.400000
4.250000
4.377000
7.677000
3.285000
7.458000
6.939000
5.197000
15.638000
6.570000
4.291000
7.399000
8.756000
14.712000
16.176000
5.174000
12.701000
4.593000
19.071000
13.709000
9.965000
2.112000
5.182000
7.420000
8.457000
2.215000
14.034000
14.671000
4.645000
6.177000
7.778000
10.449000
3.221000
16.083000
6.557000
6.540000
9.856000
5.596000
4.634000
5.833000
7.698000
6.632000
13.742000
5.729000
7.880000
7.217000
5.608000
8.315000
5.759000
4.352000
10.211000
14.626000
6.802000
3.527000
3.280000
5.259000
6.626000
9.796000
5.469000
9.992000
9.069000
1.181000
4.312000
7.481000
10.456000
4.771000
13.195000
5.729000
4.286000
7.900000
7.935000
3.508000
10.079000
15.902000
8.264000
4.059000
2.758000
4.729000
6.580000
8.680000
2.419000
7.046000
13.306000
10.896000
10.410000
8.836000
4.978000
6.335000
9.705000
13.876000
4.595000
8.835000
5.522000
14.286000
2.997000
6.758000
13.808000
7.120000
8.281000
8.034000
11.333000
6.886000
9.394000
10.910000
7.430000
10.801000
7.809000
12.110000
9.920000
3.278000
11.837000
5.597000
8.162000
9.471000
9.788000
7.384000
6.646000
10.236000
9.840000
6.012000
7.151000
9.061000
13.299000
8.277000
7.420000
8.727000
4.486000
9.225000
12.711000
2.897000
9.352000
11.185000
10.083000
13.067000
7.281000
11.313000
11.536000
11.368000
4.788000
5.156000
15.227000
6.219000
9.322000
17.925000
10.497000
4.883000
13.604000
8.510000
10.380000
5.886000
8.424000
14.888000
15.743000
12.946000
19.911000
12.796000
15.156000
8.383000
7.875000
13.290000
15.333000
11.068000
11.744000
18.245000
10.555000
3.775000
9.599000
10.883000
9.680000
7.583000
6.122000
12.197000
10.657000
11.026000
6.261000
5.536000
17.899000
18.687000
12.115000
10.397000
16.119000
10.852000
7.180000
14.091000
9.890000
10.526000
7.697000
9.372000
18.538000
9.178000
11.343000
8.236000
10.425000
7.845000
18.749000
14.583000
12.085000
4.915000
10.082000
19.629000
8.664000
21.233000
8.899000
7.254000
3.821000
8.992000
19.343000
12.596000
6.215000
6.528000
17.796000
10.094000
9.691000
8.283000
14.506000
10.619000
4.466000
18.023000
5.835000
11.432000
7.482000
12.924000
8.790000
18.496000
9.979000
0.324000
17.213000
10.655000
3.987000
6.958000
11.945000
20.000000
10.725000
8.038000
13.494000
5.052000
3.771000
6.339000
8.914000
10.083000
10.709000
2.835000
5.627000
8.460000
12.314000
18.838000
8.033000
15.435000
17.271000
10.083000
6.924000
14.838000
15.781000
7.418000
18.269000
21.582000
3.321000
13.909000
14.305000
10.679000
18.783000
20.663000
13.620000
16.455000
22.147000
8.877000
18.493000
13.277000
14.703000
10.173000
16.775000
11.378000
17.066000
11.088000
10.398000
7.403000
9.171000
13.770000
5.700000
10.402000
13.932000
21.649000
19.013000
12.230000
16.437000
14.668000
5.891000
9.929000
11.743000
13.121000
11.956000
8.766000
10.606000
10.941000
15.355000
10.897000
9.180000
15.384000
17.992000
11.487000
8.809000
8.183000
13.300000
8.446000
11.093000
7.564000
8.459000
14.323000
15.376000
16.387000
9.442000
18.748000
9.743000
15.644000
6.742000
11.546000
14.808000
12.484000
11.522000
13.542000
9.806000
11.961000
12.100000
5.415000
10.742000
14.143000
4.898000
5.283000
12.664000
14.650000
12.352000
9.647000
12.536000
5.438000
10.888000
13.233000
8.642000
7.617000
10.760000
7.553000
9.404000
16.049000
6.617000
9.108000
9.351000
14.606000
11.341000
11.806000
5.737000
8.318000
5.543000
6.263000
8.786000
5.021000
12.013000
13.876000
4.862000
7.925000
10.011000
7.758000
3.218000
5.348000
6.084000
9.923000
9.858000
19.114000
9.467000
9.401000
11.735000
10.167000
3.832000
18.259000
6.553000
19.151000
15.930000
13.188000
4.904000
11.489000
3.460000
18.023000
14.157000
8.828000
9.627000
9.512000
7.697000
6.958000
10.125000
7.932000
10.176000
7.616000
8.128000
4.322000
11.077000
11.240000
9.278000
7.131000
1.866000
16.120000
8.657000
6.575000
4.854000
4.859000
7.588000
7.737000
5.468000
6.340000
5.816000
8.031000
10.764000
10.238000
11.112000
11.981000
12.137000
8.556000
10.149000
10.380000
10.242000
7.841000
14.485000
11.810000
10.696000
10.063000
9.095000
11.475000
11.104000
16.285000
18.852000
8.466000
9.995000
12.373000
8.554000
7.295000
17.406000
8.162000
8.374000
8.988000
5.746000
10.517000
9.954000
4.921000
11.212000
10.254000
8.361000
8.391000
9.373000
10.516000
2.681000
8.684000
11.334000
9.685000
10.713000
8.780000
12.079000
14.137000
0.930000
2.904000
8.743000
6.562000
6.284000
1.888000
10.373000
6.450000
10.075000
10.954000
1.374000
5.037000
7.699000
11.792000
9.300000
7.833000
5.817000
8.652000
2.299000
4.976000
3.016000
2.495000
1.836000
3.995000
11.088000
4.401000
0.000000
3.544000
4.082000
2.766000
3.271000
5.289000
4.105000
7.433000
2.476000
5.395000
7.161000
1.438000
5.275000
3.841000
0.000000
7.098000
6.899000
2.582000
4.794000
4.016000
8.563000
12.318000
3.747000
3.492000
14.908000
9.438000
5.956000
2.460000
3.773000
5.589000
5.018000
8.328000
5.557000
0.411000
6.154000
8.872000
9.960000
12.568000
0.933000
11.394000
11.525000
1.858000
6.196000
5.422000
12.007000
10.411000
4.053000
5.124000
12.881000
5.030000
12.832000
2.987000
4.317000
16.092000
16.411000
4.408000
3.391000
6.599000
9.414000
3.452000
21.369000
8.441000
3.227000
9.998000
6.545000
6.386000
5.885000
3.375000
3.629000
5.829000
11.213000
0.970000
5.144000
4.185000
1.860000
4.907000
4.095000
18.999000
14.185000
4.517000
23.721000
7.581000
11.625000
2.290000
11.034000
5.375000
15.701000
3.842000
9.965000
10.250000
14.162000
22.136000
8.418000
7.431000
10.303000
6.589000
4.373000
18.547000
5.145000
6.629000
5.505000
10.176000
13.394000
18.080000
1.085000
13.654000
20.208000
11.202000
4.977000
4.368000
18.908000
7.731000
14.549000
0.459000
12.869000
8.921000
12.938000
13.317000
0.000000
3.961000
9.587000
6.076000
10.165000
2.182000
4.713000
9.396000
2.972000
5.006000
14.833000
6.254000
5.437000
18.596000
17.964000
3.176000
21.928000
11.937000
5.502000
17.738000
16.041000
13.474000
8.598000
5.863000
3.924000
1.486000
13.899000
10.624000
10.379000
2.955000
15.231000
7.777000
12.154000
5.377000
5.512000
6.436000
10.297000
3.493000
12.041000
11.855000
14.542000
12.705000
10.453000
9.092000
19.842000
11.724000
9.039000
3.215000
11.844000
18.857000
7.287000
10.799000
12.197000
9.990000
12.777000
10.037000
9.117000
11.220000
16.121000
3.670000
3.902000
14.233000
7.388000
14.330000
12.265000
2.193000
9.821000
11.671000
7.571000
2.029000
4.699000
14.772000
1.475000
11.350000
14.162000
11.486000
7.683000
13.269000
12.253000
7.809000
8.372000
7.888000
4.223000
8.608000
14.470000
5.464000
4.482000
3.474000
7.778000
4.715000
3.953000
4.845000
12.057000
9.413000
1.369000
9.922000
4.141000
9.571000
7.911000
6.787000
15.534000
3.977000
10.268000
4.928000
7.131000
6.949000
7.056000
4.754000
4.113000
12.084000
3.970000
4.337000
6.499000
2.874000
1.010000
8.346000
17.799000
15.703000
3.408000
7.799000
8.965000
5.741000
1.117000
6.822000
9.266000
5.898000
5.577000
6.366000
8.331000
10.419000
1.225000
5.458000
15.913000
15.918000
9.349000
12.336000
16.294000
17.544000
10.574000
7.548000
13.573000
4.726000
5.270000
16.008000
5.366000
5.802000
9.454000
11.897000
11.986000
7.616000
18.257000
3.616000
10.240000
2.547000
19.873000
7.733000
3.514000
3.556000
5.054000
5.497000
17.762000
12.782000
10.528000
7.245000
14.448000
9.857000
3.193000
1.577000
5.036000
4.545000
12.251000
0.729000
18.922000
9.733000
16.096000
17.259000
2.308000
11.481000
2.126000
7.410000
12.049000
18.192000
10.503000
6.460000
5.939000
10.385000
5.761000
13.707000
11.644000
23.147000
2.795000
15.124000
13.783000
8.944000
14.844000
6.264000
5.499000
13.548000
17.167000
14.700000
11.203000
11.239000
8.318000
7.358000
10.225000
15.073000
8.048000
2.397000
22.317000
6.817000
10.856000
5.626000
5.050000
2.943000
8.448000
10.550000
13.813000
21.586000
10.914000
10.658000
3.558000
11.896000
20.611000
10.309000
11.367000
9.523000
7.367000
13.555000
14.091000
7.584000
18.009000
11.576000
13.966000
15.269000
5.587000
11.860000
10.256000
11.196000
14.182000
11.120000
15.345000
12.891000
14.712000
8.092000
4.129000
11.404000
12.688000
14.384000
12.806000
7.859000
7.935000
7.531000
14.234000
9.341000
17.430000
8.139000
14.261000
11.722000
10.634000
6.919000
9.249000
6.390000
2.101000
3.235000
10.705000
9.556000
8.954000
7.266000
10.770000
4.200000
11.679000
2.927000
11.441000
12.834000
9.845000
24.558000
11.089000
10.873000
23.085000
10.898000
11.731000
6.649000
8.965000
11.170000
13.118000
4.726000
14.997000
9.483000
12.315000
12.212000
5.237000
1.813000
12.482000
14.162000
15.198000
14.512000
10.556000
8.404000
5.228000
15.270000
11.756000
6.527000
5.154000
9.671000
5.753000
15.225000
0.000000
8.703000
15.525000
3.798000
7.419000
6.346000
11.697000
7.180000
14.075000
8.592000
9.364000
9.704000
8.538000
15.303000
7.566000
8.506000
10.323000
15.816000
7.787000
6.227000
6.156000
10.239000
10.841000
9.040000
10.754000
5.822000
10.354000
10.515000
7.464000
5.194000
10.947000
8.858000
5.222000
10.697000
11.173000
12.285000
10.695000
14.773000
9.200000
11.575000
11.674000
8.322000
12.332000
8.195000
18.806000
14.740000
5.795000
14.626000
9.607000
14.040000
11.821000
11.952000
8.905000
5.859000
6.506000
14.170000
9.735000
7.709000
7.801000
6.713000
7.024000
13.505000
5.376000
8.749000
10.535000
14.159000
9.900000
20.084000
4.321000
13.488000
7.366000
6.394000
9.260000
9.644000
8.592000
10.317000
17.021000
12.839000
8.083000
10.469000
12.142000
11.943000
3.646000
8.802000
12.472000
10.287000
10.549000
14.332000
13.508000
3.683000
12.444000
3.967000
7.731000
13.536000
7.940000
9.128000
6.752000
11.080000
11.706000
8.051000
6.998000
9.164000
13.506000
14.476000
7.908000
15.076000
11.899000
6.510000
15.359000
10.789000
6.635000
7.870000
3.757000
12.714000
11.280000
4.908000
11.892000
9.963000
11.750000
5.173000
11.284000
8.805000
16.879000
10.048000
13.584000
10.732000
12.807000
10.429000
14.392000
9.088000
3.236000
13.615000
13.526000
6.119000
10.536000
6.186000
11.702000
9.799000
8.633000
12.321000
7.944000
9.959000
8.841000
14.183000
14.686000
12.444000
11.373000
14.318000
11.287000
8.307000
12.004000
10.704000
15.019000
10.216000
11.623000
8.261000
7.504000
11.378000
8.624000
11.508000
10.949000
12.279000
7.804000
12.602000
6.477000
13.887000
8.432000
6.380000
10.593000
3.567000
8.654000
17.132000
9.030000
13.345000
16.858000
4.652000
9.836000
4.655000
13.032000
5.615000
13.213000
12.712000
11.976000
14.027000
8.512000
10.874000
14.480000
15.310000
9.579000
10.291000
9.722000
13.355000
9.306000
4.309000
11.497000
7.205000
8.465000
10.668000
10.211000
8.075000
9.781000
12.703000
16.528000
10.397000
7.176000
13.654000
5.990000
7.165000
8.028000
6.499000
10.183000
8.272000
10.630000
9.258000
11.340000
6.271000
8.068000
14.028000
10.878000
8.389000
9.162000
7.036000
6.200000
7.639000
10.060000
11.131000
6.618000
5.920000
7.829000
9.536000
10.498000
16.746000
11.055000
11.662000
9.716000
13.372000
8.086000
10.473000
12.563000
10.490000
11.301000
14.553000
9.065000
10.157000
8.719000
10.027000
11.579000
10.571000
8.457000
9.170000
11.771000
12.318000
9.335000
9.433000
8.953000
9.343000
14.753000
10.385000
3.000000
22.715000
11.930000
7.983000
11.560000
9.178000
7.822000
10.245000
12.346000
5.842000
8.071000
13.102000
6.337000
10.231000
7.149000
6.031000
12.811000
12.502000
3.806000
12.951000
13.043000
9.394000
8.965000
7.911000
13.788000
9.570000
4.368000
11.648000
12.471000
6.780000
7.332000
11.261000
9.881000
5.378000
6.732000
8.836000
11.690000
8.583000
5.970000
15.706000
10.520000
10.831000
12.323000
14.628000
12.410000
8.065000
7.695000
13.250000
8.514000
11.461000
10.354000
8.738000
8.890000
10.377000
4.978000
9.266000
7.364000
11.234000
7.245000
8.565000
9.916000
6.814000
14.834000
5.461000
8.616000
10.696000
13.243000
10.727000
8.420000
7.705000
7.020000
12.639000
9.351000
8.834000
14.195000
7.884000
8.899000
7.077000
7.189000
9.462000
6.492000
8.920000
17.212000
17.947000
13.855000
9.175000
14.299000
10.000000
15.016000
11.880000
10.534000
8.241000
9.423000
12.845000
11.530000
8.915000
12.485000
8.002000
9.896000
13.835000
14.871000
9.353000
6.577000
15.991000
9.483000
15.927000
13.357000
13.873000
7.009000
5.611000
7.092000
9.952000
14.350000
10.437000
11.156000
13.032000
15.209000
10.843000
13.258000
8.058000
12.192000
6.033000
10.861000
14.030000
11.045000
10.168000
9.463000
11.999000
11.642000
14.792000
7.829000
6.255000
9.035000
9.115000
6.902000
10.214000
6.715000
4.481000
8.169000
4.633000
15.815000
12.754000
6.515000
16.424000
10.863000
12.054000
8.039000
3.414000
7.128000
8.420000
7.517000
12.485000
6.584000
3.020000
6.311000
8.505000
15.350000
7.937000
9.074000
16.068000
14.596000
7.787000
10.632000
9.110000
7.846000
3.023000
11.481000
14.698000
13.887000
6.046000
10.191000
8.719000
9.947000
9.327000
13.863000
8.039000
12.348000
11.866000
9.067000
18.027000
7.437000
8.101000
7.750000
14.941000
10.174000
15.220000
3.153000
15.763000
19.150000
13.132000
5.100000
11.339000
6.299000
11.694000
7.024000
6.258000
17.782000
18.003000
12.678000
11.561000
13.978000
9.128000
10.053000
8.331000
12.911000
16.534000
15.092000
4.093000
16.256000
12.342000
7.496000
11.532000
9.897000
16.623000
10.236000
16.519000
12.151000
12.563000
13.908000
7.674000
4.336000
8.448000
12.472000
13.443000
8.021000
3.183000
17.501000
11.748000
17.652000
15.066000
16.412000
8.623000
16.383000
8.437000
8.786000
9.587000
9.377000
3.191000
10.445000
3.156000
12.101000
7.898000
8.332000
6.154000
14.081000
17.958000
6.724000
7.905000
10.314000
8.248000
12.784000
6.387000
4.917000
9.464000
12.571000
11.150000
15.855000
14.804000
8.444000
20.645000
9.731000
6.147000
12.511000
9.753000
10.560000
1.216000
8.669000
15.214000
11.422000
13.307000
6.797000
2.829000
9.149000
7.888000
10.228000
4.376000
11.617000
0.000000
0.000000
0.000000
3.926000
2.229000
11.395000
3.331000
8.316000
6.518000
0.993000
0.000000
1.651000
0.000000
5.470000
3.683000
2.288000
8.467000
1.441000
10.038000
18.500000
3.313000
5.490000
0.000000
4.589000
0.000000
7.829000
5.770000
8.756000
16.309000
8.276000
2.348000
2.232000
0.668000
14.570000
1.454000
12.961000
4.742000
6.047000
5.791000
15.733000
0.947000
7.869000
5.363000
13.643000
8.062000
15.804000
5.228000
11.540000
14.040000
7.681000
10.068000
8.901000
6.307000
0.000000
4.262000
0.000000
4.827000
13.353000
1.609000
6.155000
7.137000
0.000000
6.356000
7.662000
0.805000
4.923000
11.333000
0.718000
0.000000
7.650000
7.146000
6.188000
1.086000
0.000000
0.609000
2.928000
6.178000
5.841000
9.863000
0.000000
8.432000
16.735000
7.223000
10.589000
3.985000
1.353000
15.161000
20.960000
4.098000
8.401000
13.311000
14.600000
0.000000
12.043000
7.408000
7.192000
9.178000
12.839000
4.846000
7.707000
14.751000
12.454000
1.103000
4.584000
3.667000
6.703000
0.520000
16.621000
15.480000
3.885000
19.083000
7.555000
12.521000
11.734000
1.590000
0.448000
10.811000
10.093000
10.948000
8.509000
18.459000
7.424000
12.975000
17.480000
9.098000
0.000000
9.625000
10.608000
16.900000
10.101000
3.881000
8.900000
19.035000
4.356000
9.351000
18.106000
5.596000
4.490000
16.138000
11.860000
8.947000
3.846000
5.355000
13.659000
4.978000
8.428000
9.245000
11.964000
9.938000
19.591000
17.256000
15.501000
12.736000
12.247000
13.831000
13.414000
1.939000
13.470000
22.644000
15.026000
20.542000
8.290000
0.982000
14.892000
11.289000
14.005000
10.865000
0.000000
4.875000
12.812000
9.937000
5.686000
11.993000
13.729000
17.367000
21.661000
14.743000
12.184000
10.547000
2.145000
13.949000
17.403000
12.128000
21.577000
10.301000
6.809000
5.517000
9.843000
10.117000
11.551000
14.874000
17.204000
10.513000
1.755000
12.073000
1.338000
10.621000
7.265000
2.797000
7.601000
2.578000
6.727000
7.850000
13.547000
11.103000
9.744000
11.520000
10.612000
15.337000
16.114000
10.189000
12.325000
12.391000
17.491000
14.545000
9.441000
10.364000
7.292000
9.808000
4.797000
11.224000
14.839000
15.653000
15.100000
0.106000
9.246000
7.730000
13.118000
11.684000
14.137000
10.252000
8.674000
10.400000
17.072000
5.215000
9.808000
8.397000
11.940000
15.478000
1.897000
12.206000
10.311000
10.015000
20.837000
12.228000
16.194000
13.317000
8.018000
13.617000
13.260000
4.753000
10.505000
12.901000
7.316000
21.041000
14.450000
13.495000
6.977000
8.793000
10.133000
20.593000
12.446000
10.208000
3.481000
12.796000
9.271000
12.830000
11.753000
15.157000
11.251000
14.612000
9.020000
11.119000
20.393000
10.955000
15.910000
13.731000
11.737000
14.939000
7.987000
12.793000
10.240000
12.986000
16.029000
20.468000
11.719000
17.305000
13.305000
15.627000
11.051000
13.217000
26.009000
14.293000
10.164000
9.998000
7.503000
15.755000
15.163000
3.313000
11.847000
9.866000
8.355000
15.335000
11.775000
11.865000
6.342000
2.332000
11.978000
12.721000
9.087000
15.931000
9.803000
10.224000
5.146000
11.325000
16.558000
11.871000
18.526000
21.348000
13.956000
12.408000
18.303000
11.577000
11.533000
6.990000
14.153000
4.736000
12.686000
15.120000
2.841000
9.242000
6.416000
8.680000
14.064000
15.406000
3.336000
12.981000
15.812000
6.512000
13.906000
12.256000
12.086000
5.793000
14.778000
12.076000
11.777000
7.102000
11.664000
13.302000
10.704000
9.233000
14.850000
13.226000
14.606000
9.992000
11.886000
3.109000
7.933000
4.139000
12.777000
14.241000
6.649000
7.405000
12.563000
8.754000
20.006000
5.648000
8.033000
12.011000
9.618000
14.778000
8.862000
8.273000
12.962000
0.000000
14.552000
21.309000
7.101000
12.042000
17.009000
12.377000
13.952000
16.756000
11.703000
12.506000
14.179000
19.134000
6.676000
12.536000
10.444000
11.684000
5.694000
14.204000
15.564000
10.281000
14.314000
14.310000
15.806000
11.264000
9.688000
12.964000
14.337000
11.363000
8.706000
11.563000
14.435000
13.110000
4.123000
17.223000
2.143000
13.623000
10.154000
10.664000
10.237000
3.781000
15.857000
15.057000
14.090000
6.142000
14.080000
15.336000
13.457000
16.725000
9.665000
15.280000
10.090000
15.682000
13.698000
3.785000
16.147000
12.991000
12.302000
0.955000
9.416000
12.348000
9.280000
12.930000
10.982000
4.568000
16.950000
16.141000
12.258000
8.082000
12.162000
8.712000
12.092000
7.336000
11.769000
11.563000
5.522000
8.516000
9.288000
19.478000
12.010000
17.614000
13.396000
7.333000
11.462000
18.355000
17.519000
12.282000
0.000000
12.025000
4.632000
10.130000
16.979000
13.753000
10.049000
18.473000
8.212000
23.366000
13.091000
9.230000
19.031000
15.016000
12.132000
0.000000
0.956000
15.396000
0.620000
12.116000
10.485000
0.000000
6.089000
10.616000
7.046000
1.814000
9.605000
0.000000
0.000000
0.000000
0.000000
0.598000
5.184000
0.000000
0.000000
0.000000
0.000000
0.679000
2.013000
0.000000
12.621000
0.000000
0.000000
6.107000
0.000000
0.000000
14.954000
11.250000
0.000000
0.000000
18.064000
7.982000
2.309000
0.000000
2.704000
0.000000
0.000000
0.000000
0.000000
0.000000
0.000000
7.355000
12.314000
0.000000
0.000000
0.000000
0.000000
0.000000
0.000000
2.737000
0.000000
0.000000
0.000000
0.000000
0.000000
8.270000
0.000000
0.000000
0.952000
6.396000
12.565000
12.022000
0.000000
0.000000
0.000000
0.000000
8.304000
0.607000
15.195000
0.000000
8.258000
0.000000
0.000000
1.155000
8.499000
0.000000
0.682000
0.000000
3.347000
0.000000
0.000000
3.071000
0.223000
12.500000
15.759000
9.538000
9.432000
8.611000
21.306000
3.840000
0.000000
0.000000
10.788000
14.748000
0.000000
0.000000
13.026000
0.000000
0.000000
5.325000
6.863000
7.410000
15.499000
0.000000
8.675000
11.647000
14.946000
14.204000
10.876000
0.000000
14.847000
14.579000
16.248000
7.379000
0.000000
14.479000
10.052000
12.133000
4.288000
10.117000
3.052000
1.501000
6.372000
11.378000
12.674000
12.294000
9.023000
5.816000
0.282000
9.270000
0.000000
9.956000
10.307000
0.000000
11.073000
13.166000
15.619000
11.713000
9.381000
14.395000
12.617000
21.179000
10.584000
12.904000
4.952000
12.256000
0.000000
10.329000
0.000000
4.675000
9.870000
13.485000
10.202000
12.752000
10.333000
10.313000
4.385000
11.770000
10.303000
12.519000
9.255000
10.225000
12.937000
10.543000
7.339000
12.773000
14.820000
14.435000
6.054000
15.937000
0.000000
13.227000
11.884000
9.435000
3.941000
5.306000
0.000000
8.226000
12.497000
11.563000
4.755000
10.895000
11.164000
0.000000
10.396000
8.282000
7.612000
12.878000
6.838000
9.250000
0.000000
13.362000
4.837000
8.665000
8.110000
12.427000
18.885000
12.641000
0.000000
7.232000
4.222000
8.569000
12.054000
12.506000
6.437000
4.396000
0.508000
11.132000
8.362000
12.973000
9.321000
16.268000
12.555000
9.760000
7.262000
9.788000
14.273000
13.123000
6.279000
14.712000
0.000000
8.577000
9.664000
13.297000
13.840000
5.247000
5.877000
1.049000
0.000000
23.218000
11.474000
13.186000
1.197000
0.761000
10.958000
7.092000
11.645000
10.177000
16.117000
4.223000
8.852000
14.694000
11.014000
13.588000
16.117000
13.063000
6.096000
11.530000
12.542000
12.684000
8.618000
6.144000
13.203000
0.563000
6.749000
9.985000
10.993000
11.800000
13.818000
16.712000
7.992000
0.000000
10.740000
8.339000
10.071000
11.507000
13.175000
13.040000
5.622000
10.113000
16.494000
11.745000
10.409000
9.032000
10.702000
12.933000
17.433000
10.794000
20.905000
10.275000
7.486000
11.480000
16.847000
17.328000
15.874000
10.563000
12.452000
8.585000
10.843000
10.653000
5.066000
11.031000
0.000000
6.473000
8.475000
14.528000
0.000000
14.754000
7.537000
0.000000
16.607000
13.813000
6.259000
13.563000
8.688000
15.732000
8.143000
10.481000
13.340000
6.566000
9.803000
6.361000
9.328000
3.489000
8.283000
6.570000
13.276000
17.233000
3.929000
11.423000
0.000000
13.799000
11.891000
7.224000
17.465000
11.298000
19.050000
14.530000
10.909000
9.882000
9.099000
12.152000
12.747000
14.215000
0.000000
15.973000
6.219000
0.000000
8.521000
4.187000
19.044000
16.948000
10.180000
9.920000
13.413000
12.141000
3.834000
5.108000
13.262000
8.273000
6.367000
13.495000
4.062000
10.105000
8.087000
6.325000
14.405000
9.709000
6.164000
5.006000
10.478000
9.052000
14.699000
10.551000
8.307000
9.600000
10.514000
7.442000
4.731000
1.873000
6.162000
9.627000
12.674000
6.855000
2.169000
5.442000
0.535000
8.467000
9.637000
5.537000
7.372000
5.899000
3.343000
4.469000
8.829000
10.378000
4.797000
3.444000
6.778000
14.734000
4.363000
6.368000
10.960000
11.863000
10.480000
16.831000
6.398000
16.079000
12.531000
6.343000
9.537000
9.438000
15.861000
18.261000
18.399000
14.029000
7.500000
13.480000
6.101000
4.236000
5.222000
17.589000
0.000000
7.497000
5.025000
11.671000
6.129000
19.036000
8.169000
9.097000
3.023000
14.579000
7.731000
12.023000
16.033000
7.396000
11.334000
4.795000
8.546000
15.848000
4.822000
3.095000
9.782000
14.185000
7.940000
10.202000
4.006000
4.881000
14.517000
9.968000
16.353000
7.711000
4.830000
13.173000
5.228000
4.324000
7.788000
6.308000
11.616000
11.219000
11.010000
11.951000
5.245000
8.287000
9.536000
17.411000
7.650000
9.843000
6.818000
7.416000
11.066000
15.200000
10.486000
7.382000
6.134000
4.839000
5.179000
7.440000
7.663000
4.623000
4.849000
21.035000
7.912000
8.040000
6.100000
16.538000
9.834000
9.561000
10.125000
10.097000
9.121000
2.642000
9.435000
14.094000
9.114000
12.990000
6.527000
2.947000
5.628000
7.921000
0.107000
5.823000
1.760000
0.484000
2.424000
3.176000
7.411000
18.883000
8.267000
6.552000
4.730000
9.708000
17.395000
9.430000
15.948000
5.204000
9.740000
13.649000
13.624000
8.485000
9.128000
9.410000
5.431000
10.334000
13.109000
9.339000
10.098000
11.413000
12.350000
14.609000
4.351000
8.410000
6.690000
9.149000
8.393000
8.248000
6.816000
17.687000
12.842000
9.813000
2.878000
14.279000
5.861000
10.287000
10.502000
12.060000
15.820000
9.801000
7.581000
5.879000
12.673000
5.399000
10.801000
16.038000
9.091000
14.537000
22.828000
7.890000
5.206000
4.467000
6.861000
11.609000
14.787000
12.220000
9.663000
10.751000
11.506000
16.852000
10.454000
13.865000
17.036000
14.048000
13.003000
9.867000
6.323000
8.960000
13.265000
13.427000
9.526000
8.296000
12.259000
8.240000
11.684000
5.425000
9.737000
7.658000
9.609000
11.141000
0.483000
10.113000
13.056000
14.183000
11.079000
4.225000
13.621000
5.369000
9.139000
9.530000
2.918000
11.878000
12.149000
7.063000
8.000000
6.063000
5.789000
9.456000
7.115000
6.266000
6.574000
2.219000
6.364000
11.237000
10.535000
5.199000
10.047000
11.486000
9.684000
7.664000
7.346000
6.033000
3.394000
5.064000
8.478000
4.487000
9.443000
1.472000
15.501000
5.366000
1.762000
13.413000
10.053000
5.523000
13.967000
6.680000
8.256000
14.914000
14.151000
8.656000
8.062000
6.076000
18.077000
5.826000
5.003000
5.440000
2.356000
8.694000
4.408000
5.026000
6.612000
8.578000
11.450000
11.335000
6.666000
0.320000
10.347000
6.659000
7.083000
8.729000
10.343000
17.756000
3.828000
6.066000
6.954000
12.393000
16.904000
5.919000
7.470000
13.693000
18.705000
8.460000
14.954000
5.886000
15.540000
16.567000
9.000000
5.668000
4.923000
8.136000
12.369000
4.498000
5.264000
6.437000
15.382000
8.517000
9.260000
6.509000
10.196000
11.798000
21.125000
10.803000
9.470000
7.024000
9.198000
2.284000
7.852000
9.487000
4.006000
6.218000
6.625000
6.360000
8.954000
9.050000
9.063000
6.648000
5.468000
12.155000
6.927000
8.166000
5.870000
10.379000
10.548000
10.184000
11.652000
9.289000
8.613000
11.358000
7.301000
10.364000
8.965000
12.851000
3.969000
8.077000
12.232000
5.650000
6.927000
8.435000
8.834000
5.526000
9.875000
5.950000
10.017000
11.701000
13.020000
7.688000
2.791000
8.486000
11.547000
9.012000
12.552000
12.261000
6.250000
6.510000
5.844000
12.527000
6.865000
3.710000
8.961000
7.682000
14.039000
9.830000
8.679000
2.676000
12.352000
18.605000
4.669000
8.514000
14.804000
10.267000
17.218000
10.881000
10.172000
14.306000
3.468000
10.268000
19.542000
13.134000
7.486000
7.604000
3.552000
3.285000
7.440000
4.216000
5.154000
11.585000
5.785000
5.615000
9.995000
9.911000
11.289000
15.501000
13.871000
5.193000
10.189000
15.027000
10.790000
5.387000
10.998000
7.821000
9.869000
9.006000
6.874000
9.444000
14.096000
13.275000
9.408000
8.058000
5.336000
9.666000
4.578000
10.607000
7.757000
7.190000
5.845000
6.855000
10.144000
12.081000
6.288000
14.239000
19.184000
9.228000
4.268000
6.743000
3.188000
9.543000
11.190000
6.123000
14.267000
13.028000
14.416000
5.376000
7.091000
12.352000
3.676000
12.322000
10.418000
7.044000
14.001000
6.591000
6.998000
5.212000
10.818000
7.113000
10.231000
10.055000
8.154000
9.195000
7.539000
11.303000
4.883000
9.432000
7.636000
9.630000
9.043000
6.431000
5.345000
2.412000
8.601000
12.680000
6.208000
10.866000
3.209000
7.518000
7.012000
15.915000
15.076000
9.660000
5.901000
9.389000
10.239000
12.422000
14.126000
12.569000
14.574000
20.271000
5.663000
11.052000
19.994000
12.804000
10.927000
9.698000
8.436000
7.161000
7.351000
16.239000
3.184000
10.164000
8.635000
15.468000
5.330000
8.523000
9.552000
11.464000
7.067000
10.165000
4.441000
7.558000
9.263000
9.688000
11.463000
9.013000
14.929000
8.209000
12.704000
12.353000
6.143000
7.011000
13.669000
6.106000
7.943000
8.622000
11.581000
12.123000
6.819000
6.087000
5.475000
10.286000
10.648000
7.151000
8.178000
6.719000
1.341000
7.188000
10.376000
11.163000
11.370000
10.767000
12.416000
14.210000
9.322000
6.425000
11.553000
16.586000
0.000000
11.554000
11.987000
0.000000
13.058000
11.452000
5.823000
3.810000
9.331000
7.258000
4.707000
5.447000
13.326000
9.828000
9.243000
7.001000
9.195000
3.020000
7.250000
12.104000
4.086000
8.053000
4.758000
6.325000
3.124000
7.797000
6.865000
0.476000
0.000000
7.674000
0.000000
1.289000
0.000000
7.546000
0.000000
6.594000
0.000000
7.169000
0.000000
0.000000
0.000000
0.000000
0.000000
0.000000
6.782000
0.000000
0.000000
0.000000
0.000000
0.869000
3.966000
0.000000
0.000000
0.000000
6.602000
0.000000
0.000000
11.961000
1.879000
11.937000
0.369000
6.852000
1.372000
0.000000
0.000000
0.000000
0.000000
0.000000
0.000000
0.000000
7.863000
0.000000
0.000000
11.507000
0.179000
0.000000
0.000000
7.241000
6.094000
0.000000
4.190000
6.414000
0.046000
0.079000
0.000000
6.833000
6.051000
0.000000
6.705000
8.348000
0.000000
9.701000
0.000000
9.223000
1.928000
11.545000
4.130000
0.000000
7.452000
0.000000
0.000000
0.000000
9.927000
8.239000
12.069000
8.164000
13.982000
7.910000
0.000000
7.696000
6.713000
0.000000
7.252000
0.586000
0.950000
4.211000
9.165000
2.053000
6.590000
2.925000
6.886000
3.853000
0.000000
4.796000
6.007000
3.690000
7.889000
5.442000
5.340000
7.188000
0.710000
1.013000
10.296000
0.000000
8.135000
7.289000
11.859000
0.000000
1.211000
6.325000
0.000000
4.996000
6.329000
5.467000
13.440000
7.856000
7.852000
17.334000
6.616000
5.655000
3.102000
11.060000
3.218000
9.424000
6.824000
13.390000
6.021000
9.863000
0.263000
13.319000
2.712000
9.980000
10.386000
7.545000
4.460000
3.890000
8.520000
11.944000
7.080000
4.499000
10.301000
0.000000
12.311000
1.654000
4.470000
0.000000
9.848000
0.049000
0.000000
6.461000
1.243000
0.000000
6.263000
5.066000
10.746000
6.442000
6.780000
5.216000
11.560000
9.789000
8.302000
13.626000
6.041000
8.887000
9.836000
7.097000
0.912000
8.823000
9.444000
6.543000
4.698000
0.000000
3.795000
9.899000
3.578000
10.251000
1.528000
16.570000
0.000000
0.000000
5.746000
7.132000
7.210000
7.640000
8.136000
11.450000
7.961000
0.000000
13.361000
9.312000
12.097000
10.234000
1.520000
11.396000
8.347000
7.278000
2.084000
9.188000
18.549000
12.418000
13.422000
5.941000
8.683000
13.850000
4.655000
13.790000
9.130000
3.664000
7.505000
1.755000
5.603000
7.608000
12.949000
10.619000
11.798000
14.185000
3.001000
5.935000
9.222000
10.450000
11.116000
0.000000
9.273000
7.058000
14.805000
7.591000
10.356000
8.241000
6.857000
11.269000
0.000000
9.009000
11.912000
9.897000
7.268000
9.322000
0.000000
2.786000
13.629000
11.797000
3.518000
17.414000
0.081000
12.630000
13.673000
5.821000
13.970000
15.129000
8.985000
10.116000
6.009000
15.443000
8.530000
6.180000
9.563000
8.343000
17.169000
10.002000
8.909000
9.864000
13.143000
14.850000
13.387000
6.107000
5.978000
16.722000
12.030000
10.546000
9.163000
9.517000
6.853000
6.547000
6.971000
8.388000
0.000000
13.731000
0.000000
7.035000
12.892000
10.583000
16.519000
11.263000
0.000000
11.547000
14.542000
11.106000
8.020000
8.211000
15.135000
4.973000
10.117000
7.326000
13.858000
8.049000
10.780000
16.211000
12.908000
12.608000
15.884000
11.816000
7.114000
11.756000
7.146000
8.391000
12.959000
9.395000
15.630000
11.105000
5.131000
12.745000
11.840000
12.746000
9.764000
8.419000
16.108000
10.454000
13.861000
8.599000
11.938000
3.080000
7.145000
12.430000
14.551000
9.363000
15.342000
11.677000
7.676000
14.910000
16.366000
5.360000
16.869000
10.199000
11.518000
7.801000
13.662000
19.358000
15.593000
14.905000
15.061000
10.827000
10.363000
11.833000
3.962000
11.820000
12.792000
11.621000
13.029000
17.333000
13.818000
12.897000
20.436000
9.075000
8.527000
8.195000
9.106000
6.217000
12.298000
8.998000
11.486000
2.550000
0.000000
11.172000
11.345000
6.451000
14.973000
15.061000
11.144000
7.709000
8.700000
15.100000
13.019000
14.337000
9.212000
10.726000
9.960000
14.439000
11.978000
7.080000
15.685000
3.245000
10.002000
13.399000
10.391000
14.123000
8.182000
16.579000
14.567000
10.685000
6.509000
11.889000
14.359000
10.721000
10.967000
16.088000
7.132000
12.021000
9.779000
11.352000
8.160000
9.152000
10.149000
9.185000
12.700000
8.380000
12.631000
0.000000
3.248000
9.998000
12.907000
8.032000
10.309000
10.189000
10.797000
4.630000
11.896000
9.890000
11.880000
10.134000
12.208000
0.000000
12.171000
9.339000
7.673000
9.059000
4.868000
12.074000
10.375000
0.000000
16.118000
15.268000
10.858000
7.836000
6.753000
13.596000
6.531000
11.200000
16.762000
7.821000
0.977000
6.456000
9.946000
7.395000
8.630000
8.190000
11.005000
4.135000
4.661000
11.275000
6.406000
16.303000
7.997000
5.614000
5.765000
9.879000
4.803000
13.208000
2.780000
6.420000
7.329000
6.751000
0.470000
1.550000
7.019000
9.885000
3.311000
5.862000
4.229000
8.626000
11.236000
4.111000
13.322000
3.363000
8.595000
6.583000
9.620000
10.194000
6.678000
8.643000
11.755000
4.034000
8.291000
9.244000
11.717000
8.445000
3.344000
7.552000
11.123000
8.546000
13.298000
8.909000
9.373000
6.026000
5.878000
14.154000
17.581000
5.432000
8.248000
8.251000
4.088000
5.585000
12.430000
6.272000
10.069000
6.325000
8.494000
8.528000
7.728000
10.197000
10.263000
16.557000
3.755000
6.648000
3.939000
4.405000
9.214000
7.393000
4.017000
7.355000
7.094000
3.337000
7.519000
4.538000
2.911000
11.347000
6.233000
12.862000
4.375000
16.265000
14.837000
11.877000
5.649000
7.574000
6.221000
6.193000
9.365000
6.192000
4.330000
4.865000
6.988000
8.789000
11.538000
11.801000
12.667000
10.655000
4.153000
7.481000
9.999000
13.475000
6.959000
2.599000
10.192000
6.822000
4.868000
5.011000
6.976000
8.997000
7.729000
6.448000
11.900000
6.522000
5.765000
11.095000
12.677000
10.471000
9.267000
7.449000
7.221000
14.011000
11.041000
4.438000
14.248000
6.545000
9.139000
7.993000
6.034000
4.913000
3.169000
7.073000
3.888000
5.094000
8.904000
15.796000
7.564000
9.660000
11.915000
7.220000
7.698000
13.218000
13.024000
8.145000
13.637000
14.753000
7.868000
6.252000
15.744000
8.850000
17.124000
2.614000
7.834000
2.716000
14.094000
12.423000
4.717000
15.032000
4.695000
5.440000
7.982000
8.701000
8.570000
4.292000
6.142000
10.146000
0.000000
6.738000
10.369000
7.002000
4.972000
4.809000
13.259000
6.361000
6.083000
6.088000
6.477000
8.670000
6.761000
8.611000
9.325000
0.000000
6.723000
11.793000
5.985000
4.614000
5.961000
9.786000
1.464000
0.000000
8.291000
10.220000
2.292000
5.300000
15.124000
9.130000
10.820000
0.000000
7.259000
2.190000
4.450000
4.404000
1.159000
14.131000
2.337000
2.102000
1.161000
1.486000
0.000000
3.522000
0.569000
4.869000
3.575000
7.763000
1.271000
1.227000
1.119000
0.815000
0.028000
0.821000
0.000000
3.579000
3.334000
0.871000
0.327000
3.366000
12.924000
0.000000
3.317000
11.244000
5.022000
0.681000
7.538000
3.952000
0.000000
6.696000
2.524000
8.707000
1.981000
4.210000
10.491000
3.495000
5.150000
0.000000
10.840000
0.283000
4.576000
3.149000
8.184000
3.501000
8.791000
1.332000
2.877000
1.681000
8.381000
12.474000
13.882000
12.354000
15.652000
5.921000
3.079000
6.040000
8.616000
5.515000
10.836000
6.089000
2.267000
3.143000
11.381000
8.388000
8.781000
1.998000
1.355000
0.650000
9.543000
2.152000
5.114000
6.791000
2.327000
8.034000
3.167000
7.849000
12.901000
11.029000
6.010000
0.752000
5.420000
9.029000
7.432000
6.753000
12.595000
9.735000
5.825000
5.394000
8.481000
8.349000
3.148000
10.043000
6.413000
8.363000
0.000000
5.161000
15.662000
12.772000
12.887000
8.011000
11.104000
8.388000
0.257000
9.220000
4.422000
7.206000
14.398000
9.273000
0.000000
5.219000
1.622000
3.200000
5.869000
2.489000
6.646000
6.252000
4.108000
8.281000
4.942000
6.876000
0.000000
6.536000
3.399000
5.910000
4.929000
3.801000
11.620000
2.466000
5.131000
3.353000
10.798000
7.276000
10.287000
8.444000
2.923000
9.758000
8.226000
2.393000
6.393000
4.494000
11.923000
6.174000
3.587000
1.411000
4.139000
7.937000
3.841000
3.843000
12.259000
6.685000
2.779000
7.828000
6.150000
5.092000
4.458000
6.941000
8.934000
4.243000
0.262000
11.827000
3.908000
8.222000
7.509000
7.896000
9.274000
8.531000
5.776000
8.534000
6.229000
0.000000
10.439000
0.000000
7.022000
6.090000
3.845000
1.973000
6.215000
3.483000
16.261000
5.101000
1.779000
1.928000
11.229000
10.277000
3.954000
6.582000
9.503000
6.556000
1.206000
4.544000
4.996000
4.000000
14.566000
13.804000
6.887000
8.657000
6.850000
2.327000
5.673000
5.754000
3.923000
5.496000
9.772000
9.736000
2.778000
7.971000
9.398000
7.120000
4.348000
9.330000
2.602000
9.495000
2.412000
5.726000
1.904000
6.679000
11.508000
11.603000
10.387000
2.897000
11.996000
5.175000
9.538000
1.527000
7.795000
8.087000
7.417000
9.524000
0.000000
6.845000
8.141000
3.427000
5.078000
9.130000
5.577000
6.366000
4.139000
5.797000
2.662000
11.547000
6.791000
7.427000
0.963000
2.600000
9.114000
6.969000
7.178000
9.226000
6.039000
8.887000
5.319000
7.224000
1.753000
8.184000
6.325000
7.151000
11.485000
9.664000
5.750000
8.663000
9.402000
9.136000
7.992000
3.403000
11.912000
9.167000
9.061000
2.545000
4.114000
9.746000
7.270000
7.081000
9.869000
4.891000
2.992000
8.176000
11.828000
15.664000
8.761000
9.431000
9.591000
10.985000
6.918000
5.701000
3.342000
4.665000
6.455000
13.865000
9.442000
5.261000
2.950000
10.617000
6.174000
12.040000
5.921000
6.883000
7.956000
0.722000
10.320000
6.451000
6.999000
5.717000
8.114000
4.856000
9.136000
3.661000
7.554000
9.869000
11.227000
5.103000
10.474000
10.951000
5.844000
6.568000
6.628000
12.022000
12.876000
10.499000
11.488000
9.039000
7.920000
2.641000
9.667000
11.208000
8.443000
10.444000
6.267000
3.411000
9.839000
7.145000
2.120000
7.332000
13.679000
8.209000
13.629000
10.252000
4.081000
9.513000
6.477000
9.674000
7.772000
5.075000
3.367000
10.326000
10.142000
1.963000
5.405000
3.976000
6.055000
12.520000
10.793000
6.913000
4.154000
7.585000
3.339000
5.776000
7.048000
4.773000
7.998000
2.308000
6.253000
2.753000
4.538000
7.632000
1.971000
6.679000
3.422000
0.000000
0.277000
14.812000
0.000000
0.000000
3.310000
0.962000
4.844000
11.158000
9.139000
1.916000
1.488000
1.458000
1.421000
7.677000
3.892000
1.551000
0.000000
2.350000
7.585000
4.342000
2.463000
13.617000
3.142000
3.126000
0.000000
0.533000
2.059000
0.000000
2.598000
1.779000
0.540000
0.000000
2.830000
5.943000
1.298000
2.324000
10.133000
4.276000
7.192000
6.987000
4.636000
0.000000
0.000000
0.000000
1.448000
4.590000
2.364000
0.000000
3.625000
2.540000
2.230000
0.959000
14.987000
9.676000
0.000000
10.873000
3.068000
4.341000
6.233000
0.894000
11.644000
3.965000
0.000000
2.239000
5.144000
1.144000
6.112000
0.539000
4.012000
3.114000
7.582000
6.936000
4.379000
1.147000
0.791000
0.000000
3.121000
6.559000
3.469000
8.399000
5.470000
0.000000
8.480000
6.774000
11.430000
7.058000
4.413000
9.754000
7.044000
2.418000
7.465000
6.627000
5.860000
6.701000
10.516000
8.718000
4.301000
7.091000
8.418000
1.563000
0.000000
5.700000
15.534000
9.272000
3.766000
4.206000
7.136000
10.098000
9.746000
9.166000
10.693000
0.827000
6.364000
7.502000
7.395000
4.145000
5.389000
4.260000
5.480000
3.027000
7.488000
2.032000
9.519000
10.790000
3.551000
4.305000
3.644000
6.187000
3.108000
4.559000
3.120000
2.534000
3.160000
2.607000
5.485000
8.292000
10.531000
5.572000
6.416000
10.308000
7.301000
7.188000
12.485000
9.920000
11.372000
4.383000
9.106000
8.134000
8.348000
0.000000
1.361000
8.486000
8.117000
0.000000
4.406000
5.683000
1.352000
1.384000
0.000000
9.765000
11.929000
0.451000
6.227000
8.007000
16.584000
10.100000
5.779000
0.615000
1.316000
8.242000
6.663000
6.927000
2.380000
1.814000
3.266000
11.102000
15.709000
0.627000
11.424000
5.616000
5.739000
6.797000
7.436000
0.000000
17.512000
0.000000
6.706000
2.239000
7.282000
0.869000
8.860000
2.532000
11.290000
1.831000
6.168000
6.449000
3.549000
5.021000
2.541000
10.045000
1.934000
3.911000
6.294000
0.000000
4.599000
1.219000
9.183000
4.236000
6.599000
11.137000
4.570000
1.787000
1.459000
2.968000
6.502000
6.681000
2.500000
4.372000
8.316000
6.206000
2.767000
4.242000
4.616000
7.188000
1.806000
19.225000
0.000000
6.873000
1.948000
3.476000
2.599000
1.472000
4.789000
1.568000
6.464000
5.645000
2.495000
2.852000
10.294000
18.389000
15.173000
4.812000
5.713000
4.812000
4.458000
5.880000
0.000000
1.513000
10.826000
2.648000
1.918000
5.757000
3.106000
1.993000
0.364000
1.220000
2.339000
7.885000
5.535000
4.266000
5.235000
12.145000
3.834000
1.781000
3.146000
2.585000
3.133000
9.157000
4.722000
1.168000
4.724000
2.667000
7.777000
3.608000
8.839000
0.446000
0.231000
5.843000
5.189000
6.940000
4.709000
1.909000
9.784000
1.825000
3.111000
6.523000
5.597000
10.253000
4.535000
3.543000
0.000000
4.334000
11.621000
5.625000
5.281000
8.217000
11.320000
3.715000
1.892000
5.870000
0.000000
3.533000
6.575000
9.333000
7.143000
14.430000
4.308000
8.320000
7.762000
4.898000
2.029000
7.342000
8.267000
14.634000
5.799000
2.493000
4.393000
5.294000
6.290000
0.682000
8.158000
4.006000
3.384000
2.630000
3.424000
9.279000
6.478000
7.161000
4.756000
9.968000
1.090000
0.129000
2.953000
4.593000
3.440000
1.925000
5.287000
5.637000
3.354000
6.363000
6.932000
1.829000
8.926000
1.970000
0.000000
0.000000
4.713000
11.416000
5.999000
8.663000
8.100000
6.031000
0.895000
5.965000
4.739000
8.043000
0.029000
3.993000
2.019000
5.048000
3.540000
3.441000
2.133000
9.695000
8.344000
2.284000
6.585000
6.985000
7.092000
3.926000
6.753000
1.559000
4.728000
8.301000
1.379000
3.816000
1.292000
5.252000
6.867000
4.319000
4.652000
11.000000
4.332000
6.647000
6.683000
6.231000
3.856000
9.198000
0.000000
7.147000
4.940000
7.246000
7.754000
7.462000
7.929000
2.966000
6.082000
2.144000
4.686000
9.344000
10.757000
7.638000
2.372000
8.686000
2.786000
3.250000
2.982000
8.622000
11.616000
3.066000
6.103000
5.473000
9.856000
3.491000
6.928000
0.222000
3.348000
6.368000
3.834000
5.808000
0.274000
0.000000
3.727000
4.189000
5.678000
11.253000
9.862000
6.726000
4.443000
2.248000
1.855000
1.978000
9.002000
6.278000
2.660000
0.639000
0.000000
2.262000
6.370000
1.079000
2.257000
4.083000
6.026000
6.409000
8.842000
1.860000
3.138000
3.161000
7.216000
4.586000
3.624000
2.675000
2.157000
0.586000
0.563000
0.000000
1.154000
4.853000
4.266000
6.324000
3.233000
5.178000
0.813000
0.776000
2.529000
3.820000
1.287000
0.000000
2.494000
3.903000
2.097000
1.992000
6.176000
9.820000
2.246000
0.623000
1.701000
0.923000
0.000000
5.449000
1.113000
1.989000
10.779000
7.331000
1.884000
5.248000
3.434000
2.347000
2.166000
9.093000
5.532000
0.000000
0.173000
6.114000
12.870000
4.697000
4.965000
0.545000
11.536000
2.206000
8.353000
7.007000
3.358000
2.461000
9.874000
10.520000
7.432000
6.530000
5.306000
2.238000
6.661000
7.013000
10.023000
2.977000
1.367000
0.000000
4.572000
6.064000
8.684000
7.547000
5.572000
4.681000
7.227000
1.207000
0.738000
3.815000
4.659000
1.441000
1.947000
3.380000
7.587000
0.027000
2.544000
3.373000
5.043000
5.069000
0.000000
5.100000
7.916000
0.000000
3.631000
5.921000
6.866000
7.532000
2.329000
6.473000
2.827000
7.655000
5.406000
8.066000
7.186000
2.398000
7.311000
0.000000
5.941000
0.124000
4.764000
6.123000
11.793000
4.976000
3.968000
5.988000
1.451000
0.000000
7.980000
0.000000
2.355000
6.737000
11.275000
4.843000
6.940000
2.034000
5.382000
6.937000
11.442000
1.876000
9.297000
6.246000
5.872000
8.415000
6.124000
1.337000
4.173000
1.340000
7.570000
2.610000
3.469000
2.029000
8.978000
7.317000
9.830000
10.118000
4.552000
11.385000
7.460000
4.659000
0.628000
6.220000
6.209000
3.035000
5.741000
2.356000
6.650000
1.862000
5.925000
8.109000
8.144000
6.867000
3.352000
7.940000
3.925000
3.274000
5.328000
7.250000
4.381000
2.039000
5.243000
9.565000
6.132000
7.137000
7.144000
5.452000
9.245000
3.471000
5.960000
3.857000
7.442000
5.101000
0.733000
11.340000
10.206000
1.960000
7.615000
4.784000
9.235000
1.861000
9.448000
13.289000
7.650000
5.054000
2.718000
4.759000
1.892000
9.833000
9.395000
5.502000
9.032000
6.229000
4.247000
2.686000
6.792000
8.642000
5.537000
4.495000
1.006000
3.842000
5.610000
7.921000
5.567000
5.426000
4.711000
8.584000
5.804000
6.663000
1.997000
5.152000
12.929000
3.846000
5.442000
5.300000
9.034000
5.264000
9.182000
5.661000
4.791000
3.508000
2.319000
4.675000
6.665000
6.884000
13.230000
7.312000
6.209000
5.642000
10.653000
10.812000
4.257000
7.500000
8.800000
4.441000
5.029000
6.089000
6.824000
3.238000
11.498000
6.504000
0.259000
5.107000
5.417000
7.737000
3.501000
8.602000
12.857000
7.921000
6.683000
6.787000
8.005000
3.807000
8.638000
13.574000
4.002000
3.463000
5.439000
8.975000
8.588000
2.604000
4.591000
5.192000
8.146000
4.621000
5.765000
1.418000
4.899000
8.793000
0.941000
5.896000
8.816000
3.820000
5.424000
11.752000
0.000000
5.585000
15.423000
0.000000
4.207000
6.324000
4.651000
8.008000
6.339000
5.036000
5.426000
5.721000
0.847000
4.243000
2.789000
0.000000
2.474000
6.494000
2.183000
6.353000
3.646000
6.530000
8.959000
4.491000
8.557000
6.954000
5.561000
1.083000
8.267000
6.045000
6.089000
9.108000
6.831000
6.647000
7.664000
7.777000
8.975000
6.629000
4.303000
0.000000
8.309000
7.770000
2.046000
6.797000
4.658000
9.410000
3.987000
0.428000
7.372000
4.808000
4.570000
5.298000
2.805000
5.627000
5.242000
4.317000
5.755000
9.299000
7.462000
12.500000
2.915000
0.784000
5.390000
8.228000
5.861000
1.705000
10.185000
14.676000
2.202000
2.073000
6.392000
13.980000
4.805000
13.325000
6.794000
5.277000
6.990000
0.000000
5.766000
3.012000
8.045000
1.597000
8.727000
2.778000
6.273000
8.142000
8.251000
9.867000
3.572000
1.768000
3.539000
7.458000
5.793000
8.802000
6.562000
2.071000
4.882000
5.943000
7.856000
5.654000
10.193000
10.256000
11.765000
1.053000
6.007000
2.594000
5.031000
4.250000
10.135000
2.038000
5.391000
12.814000
13.759000
6.375000
2.945000
4.996000
4.469000
4.584000
6.746000
4.935000
0.874000
6.763000
13.117000
12.077000
4.441000
4.919000
5.262000
0.000000
7.060000
6.265000
7.714000
8.210000
6.350000
6.981000
7.053000
2.133000
0.708000
3.422000
2.939000
10.074000
10.404000
6.927000
12.099000
6.331000
7.075000
7.508000
6.245000
2.921000
5.718000
13.554000
4.606000
5.822000
2.412000
10.469000
6.379000
3.118000
4.279000
7.806000
0.000000
9.025000
4.353000
9.563000
7.250000
3.722000
5.395000
10.038000
6.911000
8.424000
5.806000
7.783000
8.098000
12.710000
5.751000
10.712000
6.506000
4.216000
5.138000
5.606000
3.160000
4.587000
2.522000
3.834000
8.412000
11.782000
11.800000
8.892000
8.725000
1.764000
8.103000
6.330000
0.797000
2.298000
5.656000
5.773000
3.638000
6.261000
5.767000
3.239000
6.579000
3.772000
6.956000
9.143000
2.415000
3.949000
5.782000
5.094000
5.761000
8.926000
7.001000
7.200000
2.560000
6.744000
10.873000
8.218000
8.468000
6.371000
3.929000
8.107000
12.987000
6.779000
2.472000
7.586000
9.452000
1.793000
8.467000
7.366000
6.163000
6.691000
5.815000
7.678000
8.462000
5.150000
8.262000
5.338000
8.749000
5.358000
9.152000
10.490000
2.753000
8.097000
2.947000
4.374000
14.408000
5.837000
4.654000
6.266000
2.522000
1.665000
5.742000
7.549000
0.680000
1.798000
1.326000
11.228000
9.563000
7.481000
5.969000
0.000000
1.015000
3.799000
6.396000
6.711000
4.027000
5.537000
4.956000
4.694000
5.186000
9.406000
7.270000
2.244000
0.000000
8.129000
8.209000
8.097000
2.922000
0.000000
5.110000
0.931000
5.935000
6.036000
0.000000
5.299000
3.182000
3.943000
3.133000
4.026000
2.073000
5.858000
3.811000
6.962000
2.184000
8.821000
8.708000
6.000000
7.766000
7.186000
5.143000
7.050000
6.429000
5.481000
9.416000
7.684000
5.911000
0.718000
1.469000
7.408000
2.040000
5.433000
7.319000
7.464000
0.000000
8.916000
1.631000
7.541000
7.461000
6.392000
7.392000
5.652000
5.777000
3.427000
9.137000
5.391000
10.597000
2.907000
7.696000
4.336000
5.175000
5.847000
2.017000
3.040000
10.358000
4.581000
2.253000
2.582000
6.458000
9.284000
6.351000
2.084000
7.528000
7.930000
2.320000
8.869000
1.758000
7.417000
8.004000
3.054000
5.540000
11.620000
6.694000
7.996000
6.961000
0.000000
4.217000
8.268000
7.459000
5.134000
6.250000
7.643000
5.116000
3.715000
2.844000
1.865000
9.486000
2.695000
2.378000
7.853000
4.452000
7.106000
6.155000
8.956000
4.616000
1.386000
5.544000
4.612000
4.770000
1.785000
5.075000
1.034000
6.912000
7.880000
4.085000
8.802000
4.256000
5.127000
9.622000
4.954000
2.652000
3.787000
10.144000
6.787000
6.582000
0.689000
6.128000
7.675000
9.065000
6.502000
3.685000
9.184000
7.808000
6.141000
3.496000
3.628000
6.199000
7.079000
4.895000
8.784000
2.374000
3.159000
2.046000
1.930000
4.368000
7.267000
2.399000
3.452000
9.909000
6.372000
0.258000
3.615000
4.220000
5.020000
4.391000
7.513000
4.387000
2.020000
5.274000
3.491000
5.644000
4.411000
3.452000
2.365000
4.238000
11.029000
1.668000
8.668000
7.698000
9.144000
1.341000
10.116000
11.831000
3.902000
12.746000
6.161000
3.040000
5.142000
16.447000
6.903000
7.749000
7.618000
5.614000
3.803000
8.359000
6.639000
12.089000
4.021000
1.016000
3.999000
7.888000
8.492000
4.037000
6.631000
5.429000
5.365000
2.349000
0.300000
4.359000
1.358000
2.997000
5.657000
7.476000
11.882000
7.182000
5.445000
4.156000
3.236000
0.527000
7.700000
8.465000
12.242000
2.820000
2.937000
4.125000
7.288000
5.998000
4.107000
4.012000
1.855000
4.839000
2.723000
5.687000
7.767000
7.873000
9.751000
6.846000
2.391000
7.306000
3.816000
3.989000
3.976000
0.000000
6.904000
5.951000
4.696000
7.780000
5.731000
7.849000
4.731000
6.398000
9.517000
1.209000
5.586000
9.609000
8.136000
8.641000
4.244000
11.632000
5.714000
6.784000
6.777000
10.440000
6.986000
6.753000
6.005000
9.721000
15.681000
5.872000
9.730000
9.469000
9.489000
9.396000
5.237000
6.072000
2.012000
7.785000
4.461000
6.231000
8.384000
7.329000
10.211000
4.330000
10.309000
6.602000
9.602000
1.392000
6.172000
4.820000
6.044000
3.197000
7.454000
5.371000
7.291000
14.507000
6.561000
2.763000
4.181000
3.299000
2.570000
3.068000
6.201000
6.777000
6.154000
5.322000
2.320000
0.000000
9.077000
3.187000
6.857000
9.297000
7.762000
8.277000
1.938000
7.984000
6.876000
8.711000
7.254000
2.981000
4.602000
6.318000
8.271000
9.572000
7.460000
1.722000
7.246000
8.870000
0.546000
0.949000
4.370000
7.828000
8.831000
3.163000
7.758000
1.975000
6.171000
9.244000
6.436000
4.396000
5.942000
2.715000
6.106000
10.594000
3.704000
11.217000
10.357000
8.519000
8.866000
6.851000
7.021000
6.165000
1.667000
0.124000
5.711000
4.032000
6.779000
6.680000
4.118000
5.149000
0.000000
12.784000
12.941000
10.816000
7.778000
4.123000
6.094000
1.139000
7.261000
12.133000
6.259000
1.114000
7.724000
1.804000
3.074000
1.787000
5.496000
7.081000
5.333000
0.126000
6.780000
3.177000
6.774000
2.442000
10.415000
10.272000
10.142000
6.357000
5.266000
4.876000
8.544000
4.606000
0.000000
2.659000
5.644000
7.385000
8.336000
7.863000
5.156000
11.912000
5.162000
6.144000
3.119000
3.944000
4.986000
2.356000
9.942000
5.511000
5.735000
3.521000
7.841000
4.510000
8.341000
2.152000
14.159000
7.554000
7.106000
4.258000
11.871000
2.693000
4.642000
4.809000
4.703000
3.515000
0.709000
4.086000
4.597000
6.864000
15.370000
8.146000
5.823000
3.603000
5.959000
4.469000
1.388000
6.484000
8.711000
7.848000
9.744000
7.477000
3.321000
7.064000
10.144000
14.872000
4.578000
3.063000
6.324000
2.910000
9.361000
8.399000
9.016000
6.639000
3.898000
4.739000
15.429000
1.542000
4.229000
9.532000
9.566000
5.225000
12.636000
13.459000
3.930000
7.108000
3.363000
3.039000
4.393000
8.717000
6.507000
8.947000
4.230000
5.355000
8.042000
5.086000
10.125000
8.378000
7.020000
4.473000
4.685000
2.284000
6.845000
8.005000
7.687000
8.663000
4.604000
4.570000
6.031000
1.902000
1.467000
7.203000
6.627000
7.232000
5.677000
8.331000
10.968000
7.278000
3.406000
7.701000
7.214000
5.940000
6.619000
6.524000
9.039000
12.690000
2.412000
7.214000
7.902000
7.845000
6.419000
10.422000
1.650000
8.469000
8.990000
5.986000
4.595000
5.670000
2.096000
7.311000
6.266000
7.332000
4.694000
12.600000
3.161000
3.630000
3.677000
8.143000
6.375000
13.433000
9.047000
6.670000
1.365000
6.037000
6.141000
6.893000
6.896000
6.958000
10.252000
6.106000
10.598000
7.696000
10.900000
8.538000
4.871000
5.722000
7.035000
12.080000
3.464000
7.138000
9.068000
8.912000
4.746000
3.262000
7.132000
7.934000
13.674000
3.011000
7.204000
8.161000
2.579000
2.432000
6.163000
6.429000
5.530000
6.661000
8.654000
9.385000
1.627000
11.416000
2.700000
5.697000
4.247000
2.571000
8.172000
3.117000
8.935000
9.364000
8.752000
2.875000
7.541000
5.537000
3.582000
0.362000
5.028000
13.160000
2.012000
9.506000
4.751000
5.254000
0.949000
4.637000
10.297000
2.225000
1.237000
3.849000
2.094000
17.745000
0.000000
4.778000
3.762000
12.474000
1.489000
5.913000
0.473000
0.928000
2.529000
13.287000
1.606000
0.000000
1.509000
0.000000
0.000000
3.439000
9.338000
9.350000
5.535000
3.568000
0.131000
2.475000
3.318000
0.902000
0.103000
2.123000
3.831000
2.064000
0.000000
0.000000
5.504000
4.935000
8.082000
9.053000
0.000000
0.199000
8.116000
0.193000
4.660000
3.080000
9.245000
1.743000
3.110000
3.495000
11.895000
5.924000
1.756000
0.000000
0.000000
3.101000
0.972000
11.391000
9.886000
8.190000
0.000000
2.748000
1.234000
13.686000
4.467000
0.838000
2.781000
0.000000
2.902000
1.324000
0.236000
8.526000
0.434000
0.432000
5.005000
4.202000
3.790000
8.317000
0.085000
0.533000
3.768000
10.630000
6.334000
8.088000
7.021000
1.879000
6.893000
9.473000
3.456000
9.337000
2.518000
2.054000
2.567000
6.590000
1.117000
7.411000
6.066000
4.008000
0.000000
2.637000
7.650000
7.095000
4.039000
0.392000
0.998000
2.741000
6.892000
8.409000
3.814000
6.881000
5.234000
3.495000
6.047000
9.221000
1.410000
5.311000
0.000000
9.872000
3.154000
4.239000
6.372000
2.177000
8.451000
7.135000
0.474000
7.175000
6.174000
7.075000
0.000000
6.669000
4.403000
12.065000
6.705000
5.634000
0.000000
5.964000
3.515000
7.817000
18.100000
3.202000
8.576000
1.802000
1.027000
0.000000
4.864000
12.430000
1.803000
1.929000
1.116000
2.080000
5.261000
8.002000
5.954000
9.554000
5.064000
4.993000
2.834000
4.601000
11.585000
5.765000
3.425000
3.748000
6.352000
3.933000
7.094000
2.853000
0.000000
9.674000
7.372000
6.021000
7.254000
13.809000
1.153000
5.367000
7.364000
1.155000
6.478000
3.578000
7.103000
1.673000
0.000000
0.000000
2.509000
9.172000
8.385000
11.495000
2.031000
2.238000
8.057000
1.265000
3.868000
4.214000
4.572000
0.568000
0.000000
0.000000
7.803000
4.980000
4.186000
2.367000
0.342000
4.104000
3.414000
7.816000
5.752000
7.659000
6.071000
6.277000
7.932000
3.319000
3.698000
15.667000
4.926000
3.920000
1.483000
3.453000
3.391000
4.916000
8.333000
6.305000
9.713000
3.431000
9.134000
13.674000
4.386000
6.053000
3.522000
0.920000
5.510000
4.509000
0.000000
3.556000
3.889000
5.803000
5.187000
2.711000
5.990000
0.000000
2.383000
9.758000
7.749000
2.335000
6.561000
10.940000
3.404000
6.033000
6.575000
3.927000
0.000000
0.000000
5.506000
7.780000
4.894000
7.625000
5.604000
4.167000
14.577000
5.254000
3.274000
4.072000
8.345000
10.652000
3.211000
7.507000
5.422000
2.820000
1.593000
15.708000
8.596000
1.936000
16.400000
11.049000
3.087000
3.096000
7.820000
4.550000
2.811000
5.034000
0.688000
4.077000
9.698000
5.920000
3.252000
4.385000
6.617000
3.810000
5.246000
3.955000
4.822000
8.540000
5.383000
2.003000
7.061000
0.000000
2.344000
4.429000
7.661000
2.457000
1.182000
0.000000
3.306000
1.820000
5.272000
2.479000
1.085000
0.544000
3.038000
6.366000
5.372000
1.424000
8.886000
1.573000
3.602000
0.000000
0.000000
7.444000
1.647000
0.000000
0.817000
0.000000
0.000000
5.876000
0.395000
5.017000
0.000000
0.000000
9.377000
5.330000
7.443000
0.000000
3.784000
1.491000
7.009000
6.982000
3.596000
3.835000
6.262000
1.636000
3.434000
0.279000
6.997000
5.156000
4.542000
5.842000
0.000000
5.941000
3.606000
3.236000
1.166000
5.521000
2.872000
5.847000
7.571000
4.591000
1.615000
4.866000
11.151000
0.000000
11.977000
1.779000
10.139000
3.846000
0.000000
0.000000
4.851000
3.595000
5.214000
10.253000
5.429000
0.000000
10.037000
0.066000
9.628000
0.088000
0.000000
9.058000
6.072000
1.968000
6.090000
1.085000
4.186000
11.471000
6.126000
1.628000
8.317000
4.505000
2.103000
1.390000
0.000000
4.459000
0.000000
8.662000
5.868000
0.364000
7.535000
4.265000
14.204000
2.005000
0.000000
1.226000
3.066000
2.356000
0.000000
1.425000
5.893000
4.954000
2.794000
4.350000
1.773000
2.617000
11.725000
2.367000
2.378000
0.000000
3.762000
3.449000
0.000000
4.512000
1.656000
6.087000
2.995000
5.861000
0.000000
5.412000
2.534000
6.609000
7.431000
0.000000
2.611000
7.058000
3.950000
4.186000
0.777000
7.070000
4.067000
2.699000
5.539000
8.892000
4.295000
2.947000
4.787000
8.517000
3.160000
4.848000
0.871000
0.000000
7.723000
1.251000
3.967000
3.918000
4.043000
0.206000
8.612000
7.471000
10.036000
1.128000
0.000000
0.000000
4.590000
9.181000
5.526000
0.186000
6.621000
7.268000
2.186000
6.172000
2.747000
0.929000
3.198000
5.631000
4.808000
9.202000
6.262000
10.169000
2.454000
2.415000
9.091000
4.934000
5.078000
0.000000
6.438000
0.000000
7.444000
0.000000
5.308000
1.768000
3.000000
3.895000
2.011000
0.084000
8.285000
2.512000
2.756000
1.685000
0.000000
3.156000
2.944000
0.000000
4.209000
4.676000
3.450000
3.212000
1.086000
6.887000
0.000000
3.887000
2.771000
1.252000
1.082000
1.549000
0.000000
4.087000
10.083000
1.959000
3.207000
1.475000
6.052000
3.249000
0.000000
0.000000
0.252000
0.254000
1.333000
9.320000
1.253000
2.212000
1.444000
0.931000
0.724000
6.309000
0.877000
4.144000
2.472000
0.226000
3.932000
2.971000
1.231000
4.819000
0.976000
3.935000
7.026000
5.515000
0.338000
5.401000
7.078000
2.715000
3.107000
3.583000
0.000000
2.181000
0.000000
1.589000
5.369000
1.382000
5.762000
0.439000
3.497000
6.052000
4.765000
4.847000
3.600000
1.898000
6.588000
2.226000
5.554000
4.575000
4.152000
1.741000
1.981000
3.101000
1.424000
5.258000
4.365000
1.676000
3.381000
4.895000
0.000000
0.000000
2.149000
2.340000
0.168000
7.567000
5.972000
5.444000
6.153000
0.000000
0.000000
3.206000
1.969000
4.708000
0.000000
4.167000
4.875000
4.829000
9.045000
4.073000
1.741000
3.539000
0.000000
3.078000
1.991000
0.811000
0.000000
8.279000
4.718000
0.000000
0.000000
3.313000
4.510000
0.000000
2.543000
0.000000
5.610000
0.000000
0.669000
5.198000
2.308000
2.286000
0.000000
1.418000
1.066000
9.879000
0.000000
4.201000
0.242000
5.365000
1.109000
2.408000
5.752000
0.098000
2.268000
4.692000
4.950000
8.645000
0.117000
1.783000
3.659000
0.000000
0.507000
2.346000
1.088000
0.000000
2.812000
0.000000
1.077000
7.989000
2.173000
0.093000
0.873000
0.000000
0.139000
0.057000
3.192000
2.205000
4.069000
3.600000
3.032000
4.788000
0.000000
0.000000
2.810000
0.000000
1.407000
0.000000
0.601000
0.758000
3.380000
1.849000
2.867000
1.557000
1.065000
0.000000
7.855000
0.000000
6.799000
1.455000
1.955000
0.690000
0.583000
2.071000
0.000000
2.160000
0.000000
0.502000
4.737000
0.829000
1.457000
1.748000
0.000000
1.910000
0.000000
0.000000
0.989000
2.100000
1.396000
7.353000
0.218000
2.259000
0.000000
0.000000
0.000000
2.633000
0.000000
2.942000
5.804000
0.000000
0.000000
3.507000
1.223000
0.433000
0.995000
3.487000
4.298000
0.698000
0.895000
0.000000
4.463000
6.311000
0.000000
5.185000
0.000000
2.303000
2.456000
2.163000
0.714000
3.308000
1.791000
0.000000
2.550000
0.000000
3.519000
3.297000
0.000000
0.000000
0.000000
4.232000
3.804000
0.000000
3.911000
0.754000
0.000000
0.450000
0.982000
0.270000
0.000000
6.907000
0.000000
6.294000
11.184000
2.246000
0.000000
5.168000
2.301000
2.592000
0.000000
1.812000
0.000000
1.228000
4.191000
0.000000
2.548000
0.000000
7.662000
3.871000
3.117000
5.658000
5.037000
0.000000
0.000000
2.983000
0.172000
4.573000
3.888000
0.000000
0.000000
5.008000
4.997000
6.370000
0.000000
2.000000
0.000000
0.874000
5.342000
0.000000
2.648000
6.899000
5.330000
0.000000
0.000000
0.000000
0.000000
5.550000
2.860000
0.000000
8.649000
3.758000
1.737000
5.862000
3.821000
0.000000
8.227000
3.115000
0.000000
5.916000
0.000000
3.548000
0.000000
0.000000
3.617000
7.660000
0.000000
6.975000
0.119000
0.000000
0.000000
1.079000
2.647000
1.156000
0.000000
4.805000
5.309000
6.056000
0.413000
6.918000
4.139000
0.000000
0.361000
6.839000
4.795000
0.199000
1.241000
2.923000
0.000000
7.403000
8.046000
3.425000
5.347000
0.681000
0.000000
5.772000
0.000000
0.000000
0.520000
0.000000
2.046000
2.583000
2.782000
4.848000
0.000000
1.815000
1.749000
0.000000
0.000000
4.560000
2.647000
0.000000
4.187000
6.267000
0.000000
0.441000
0.000000
1.094000
0.107000
6.739000
6.615000
5.463000
3.177000
0.000000
2.299000
0.750000
0.137000
5.483000
0.000000
0.000000
1.095000
8.379000
0.543000
0.000000
1.288000
5.580000
2.989000
5.867000
0.731000
13.349000
0.929000
2.003000
2.715000
4.950000
3.455000
0.000000
5.080000
0.513000
0.296000
3.823000
0.000000
0.000000
5.648000
4.661000
0.603000
1.415000
2.896000
3.624000
0.000000
3.546000
10.308000
0.000000
0.000000
2.489000
0.000000
2.820000
1.707000
5.650000
2.877000
0.000000
2.428000
3.788000
0.000000
4.288000
3.074000
4.748000
3.746000
6.686000
0.049000
1.021000
2.864000
10.584000
8.310000
0.000000
0.000000
0.050000
0.556000
4.685000
4.668000
6.234000
1.444000
1.530000
6.084000
2.323000
0.000000
2.714000
4.661000
1.357000
0.000000
3.965000
0.000000
0.000000
4.715000
3.732000
9.290000
8.184000
5.106000
4.680000
4.507000
4.350000
0.000000
4.374000
4.856000
0.380000
0.663000
0.056000
1.766000
2.979000
3.227000
6.052000
5.874000
0.000000
1.581000
2.085000
0.000000
1.763000
1.472000
1.918000
2.565000
2.870000
2.064000
7.764000
6.882000
0.000000
0.000000
2.735000
2.360000
0.000000
2.348000
0.181000
14.481000
0.000000
3.468000
2.890000
4.828000
8.789000
3.877000
0.970000
0.000000
4.525000
9.629000
0.664000
4.704000
3.089000
2.179000
7.143000
0.000000
5.137000
0.667000
0.000000
1.579000
2.710000
5.679000
1.978000
0.000000
6.052000
2.723000
6.240000
2.347000
0.000000
4.617000
0.000000
0.000000
0.000000
5.639000
0.000000
0.738000
3.506000
0.000000
3.315000
1.519000
2.914000
0.000000
1.818000
10.451000
0.350000
2.493000
0.712000
1.648000
0.000000
0.000000
0.000000
0.000000
0.000000
3.152000
3.755000
0.000000
2.651000
0.000000
0.000000
0.000000
0.000000
0.000000
2.268000
0.000000
0.000000
2.245000
0.000000
0.000000
4.491000
0.000000
0.000000
0.000000
0.000000
0.000000
0.000000
0.000000
0.000000
0.000000
1.593000
0.000000
4.180000
0.000000
0.000000
0.000000
3.354000
0.000000
0.000000
7.036000
0.000000
0.000000
0.000000
0.000000
0.000000
0.000000
0.000000
2.204000
4.529000
0.043000
0.991000
0.000000
0.000000
0.000000
0.000000
0.000000
0.000000
1.009000
0.000000
2.571000
0.740000
0.000000
0.000000
0.000000
4.258000
0.000000
4.737000
0.000000
1.616000
4.256000
1.677000
2.127000
0.000000
0.000000
2.855000
0.000000
0.000000
0.000000
1.105000
0.000000
0.617000
1.634000
0.000000
0.000000
0.000000
0.340000
3.141000
0.000000
1.529000
6.151000
0.000000
1.880000
2.265000
0.000000
0.000000
7.421000
0.000000
3.554000
0.000000
0.000000
0.000000
3.632000
0.000000
0.000000
2.102000
0.000000
0.000000
0.011000
0.000000
3.578000
0.000000
0.000000
0.189000
0.000000
0.000000
0.000000
0.507000
1.732000
0.000000
0.000000
3.669000
4.055000
0.000000
3.211000
0.134000
0.000000
0.000000
0.000000
4.573000
0.000000
0.000000
0.000000
0.000000
0.000000
2.621000
0.000000
0.000000
0.000000
4.835000
0.000000
0.000000
0.000000
0.000000
0.000000
0.000000
0.000000
4.529000
0.000000
0.442000
0.000000
0.000000
0.377000
0.000000
0.000000
0.000000
1.891000
0.444000
0.000000
0.000000
0.000000
0.000000
0.000000
0.000000
0.897000
0.000000
0.000000
0.000000
1.848000
0.000000
0.000000
3.235000
1.423000
1.959000
0.000000
0.000000
0.979000
0.000000
0.000000
0.000000
0.112000
0.000000
0.538000
0.000000
0.000000
0.000000
0.000000
0.396000
2.232000
0.383000
0.000000
0.000000
0.000000
0.000000
0.000000
0.139000
0.670000
0.000000
0.000000
0.000000
0.000000
0.000000
0.000000
0.566000
0.000000
0.000000
0.000000
0.000000
0.000000
1.677000
0.000000
0.567000
0.000000
1.202000
0.000000
0.000000
0.000000
0.000000
1.108000
2.271000
1.749000
0.000000
0.000000
0.000000
0.000000
0.018000
1.341000
0.805000
0.000000
1.242000
2.262000
0.000000
1.058000
0.000000
0.000000
0.000000
0.000000
0.000000
0.000000
1.061000
0.000000
0.000000
0.000000
0.143000
0.000000
0.000000
2.387000
0.000000
0.000000
0.000000
0.280000
0.000000
0.000000
0.000000
0.416000
0.000000
0.000000
0.000000
0.000000
0.000000
2.243000
0.000000
0.000000
0.000000
0.000000
0.924000
0.559000
0.597000
1.111000
0.000000
0.000000
0.000000
0.000000
0.000000
0.000000
0.829000
0.000000
0.000000
0.000000
0.000000
0.000000
1.283000
0.000000
1.069000
0.186000
1.507000
0.000000
2.409000
0.000000
0.000000
0.000000
1.171000
0.435000
0.000000
1.009000
0.000000
0.000000
0.000000
0.000000
0.000000
0.000000
1.789000
0.150000
0.000000
0.000000
1.700000
1.893000
0.000000
0.000000
0.000000
1.745000
0.000000
1.552000
0.000000
1.334000
0.168000
0.359000
0.000000
0.000000
0.000000
0.000000
0.000000
0.000000
0.000000
3.446000
0.281000
0.000000
0.000000
0.351000
1.170000
0.000000
0.000000
0.328000
0.000000
0.000000
0.000000
0.000000
0.792000
0.000000
0.000000
0.318000
0.667000
0.000000
0.000000
0.000000
0.000000
1.218000
0.086000
0.000000
0.000000
0.159000
0.000000
0.000000
0.000000
0.000000
0.000000
0.000000
0.000000
0.000000
0.000000
0.000000
0.000000
0.487000
0.000000
0.000000
0.475000
0.000000
0.000000
0.000000
1.186000
1.948000
0.000000
0.769000
0.000000
0.000000
0.000000
0.033000
0.058000
0.000000
0.000000
0.000000
0.000000
0.000000
2.691000
0.000000
0.000000
0.000000
0.538000
2.102000
0.000000
0.690000
0.000000
2.299000
0.033000
0.000000
0.000000
0.586000
0.000000
0.000000
2.188000
0.000000
0.971000
0.000000
2.205000
0.000000
0.112000
1.493000
0.000000
0.000000
0.566000
0.000000
0.460000
0.000000
0.000000
0.083000
0.000000
0.216000
0.662000
0.000000
0.000000
0.000000
1.020000
0.000000
0.000000
2.317000
0.000000
2.138000
0.042000
1.051000
0.000000
0.000000
0.000000
0.000000
0.000000
0.000000
0.005000
0.000000
0.922000
0.341000
0.399000
0.000000
0.000000
0.000000
0.077000
1.088000
0.000000
1.906000
0.000000
0.000000
0.000000
0.139000
0.000000
0.000000
0.000000
0.000000
0.629000
0.000000
0.000000
0.558000
1.679000
0.000000
0.000000
0.654000
0.000000
0.000000
0.000000
0.000000
0.000000
0.000000
0.000000
0.000000
1.374000
0.124000
0.059000
0.000000
0.000000
1.684000
0.539000
0.000000
0.013000
0.921000
0.000000
0.000000
0.000000
0.000000
0.000000
0.005000
0.000000
0.825000
3.676000
0.000000
0.184000
0.000000
0.000000
0.000000
0.937000
0.568000
0.000000
0.000000
0.045000
0.000000
0.000000
0.000000
0.000000
0.000000
0.802000
0.000000
0.000000
0.265000
0.000000
0.831000
0.000000
1.177000
0.000000
1.305000
0.000000
0.000000
0.000000
0.369000
0.000000
0.000000
0.000000
1.545000
0.000000
0.000000
0.000000
0.000000
0.000000
0.000000
0.000000
0.000000
0.000000
0.000000
0.000000
0.000000
0.332000
0.000000
0.000000
0.000000
0.584000
0.000000
0.000000
0.000000
0.000000
1.188000
0.000000
0.239000
0.347000
0.000000
0.000000
0.000000
0.000000
1.161000
0.000000
0.000000
0.000000
0.000000
0.000000
2.066000
0.000000
0.150000
0.119000
0.617000
0.000000
0.321000
0.000000
0.000000
0.000000
0.000000
0.000000
1.796000
1.552000
0.000000
0.000000
0.784000
0.000000
0.831000
0.000000
0.000000
0.889000
0.968000
0.000000
0.000000
0.000000
0.000000
0.281000
1.862000
0.000000
0.000000
0.000000
0.000000
0.000000
0.000000
0.000000
0.000000
1.191000
0.000000
0.000000
0.000000
0.000000
0.000000
0.000000
0.000000
0.000000
0.073000
0.000000
0.000000
0.000000
0.048000
0.000000
3.047000
0.000000
0.000000
0.000000
1.675000
0.000000
0.000000
0.000000
2.340000
0.000000
0.000000
0.724000
0.757000
0.000000
0.000000
0.000000
0.000000
0.000000
0.000000
0.000000
1.032000
0.000000
0.000000
0.000000
0.000000
0.000000
0.000000
0.000000
0.000000
0.000000
0.000000
2.638000
0.000000
1.618000
0.000000
0.000000
0.000000
0.000000
0.000000
0.000000
0.000000
0.000000
0.000000
2.232000
0.917000
0.976000
0.000000
1.018000
0.000000
0.000000
0.000000
0.000000
0.000000
0.019000
0.000000
0.000000
0.000000
0.000000
0.000000
1.140000
0.000000
0.000000
0.000000
0.632000
0.000000
0.000000
0.000000
0.007000
0.000000
0.000000
0.000000
0.000000
0.000000
0.000000
0.000000
0.000000
0.000000
2.736000
3.076000
3.259000
0.082000
0.000000
0.000000
0.000000
0.000000
1.170000
0.000000
0.000000
0.405000
0.000000
0.000000
0.000000
0.008000
0.000000
0.000000
1.755000
3.330000
0.000000
0.000000
0.000000
0.000000
1.780000
0.000000
0.000000
0.000000
1.199000
0.027000
0.000000
0.113000
0.000000
0.000000
0.007000
0.986000
0.000000
0.000000
0.000000
0.000000
0.000000
0.000000
0.451000
0.000000
0.000000
0.240000
0.000000
0.000000
0.000000
0.000000
0.000000
0.000000
4.012000
3.506000
0.205000
0.000000
0.000000
0.000000
0.000000
0.000000
0.000000
0.000000
0.000000
1.310000
0.000000
0.000000
0.268000
0.000000
0.000000
0.255000
0.000000
0.000000
0.000000
0.000000
0.000000
0.000000
0.896000
0.015000
0.000000
0.000000
0.000000
0.625000
0.000000
0.000000
0.000000
0.000000
0.000000
0.000000
0.000000
0.224000
0.000000
0.073000
0.000000
0.000000
0.000000
0.000000
0.000000
0.000000
0.000000
0.000000
0.000000
0.053000
0.000000
0.000000
0.000000
0.000000
0.633000
0.160000
1.561000
0.000000
0.000000
0.000000
0.000000
0.000000
0.000000
0.046000
0.000000
0.045000
0.000000
0.276000
0.000000
0.000000
0.000000
1.088000
0.000000
0.000000
2.454000
0.000000
0.000000
0.151000
0.000000
0.000000
0.955000
0.000000
0.000000
0.000000
0.000000
0.000000
1.013000
0.000000
0.262000
0.000000
0.249000
3.553000
0.000000
0.000000
0.000000
0.523000
0.000000
1.705000
0.000000
0.000000
0.000000
0.679000
0.000000
0.000000
0.000000
0.000000
0.000000
1.213000
0.000000
0.000000
0.000000
0.000000
0.000000
0.000000
0.000000
0.000000
0.278000
0.406000
0.000000
0.000000
0.000000
0.000000
0.000000
0.000000
0.000000
0.830000
0.000000
0.000000
0.000000
0.000000
0.000000
0.000000
0.000000
0.000000
0.000000
0.000000
0.000000
0.881000
0.000000
0.000000
0.000000
0.502000
0.000000
0.127000
0.083000
0.000000
0.000000
0.000000
0.000000
0.000000
0.000000
0.000000
0.000000
1.761000
0.000000
0.000000
0.000000
0.000000
0.764000
0.000000
0.000000
0.000000
0.000000
2.584000
0.000000
0.000000
0.000000
0.000000
0.000000
1.351000
0.000000
0.000000
0.000000
0.000000
0.390000
2.236000
0.000000
0.000000
0.000000
0.000000
0.000000
1.023000
0.000000
0.000000
0.000000
0.000000
0.000000
0.453000
0.000000
0.000000
0.000000
0.000000
0.000000
0.000000
0.000000
0.000000
0.071000
0.985000
0.000000
0.000000
2.607000
0.011000
0.000000
0.000000
0.000000
0.000000
0.122000
0.000000
0.000000
0.677000
0.000000
0.000000
0.000000
2.677000
0.000000
0.000000
0.000000
0.000000
0.000000
0.829000
0.007000
0.332000
0.000000
0.000000
0.000000
0.000000
0.187000
0.000000
0.192000
1.365000
0.000000
0.000000
0.000000
0.243000
0.202000
0.000000
1.342000
0.000000
0.651000
0.000000
0.465000
0.000000
0.591000
0.000000
0.655000
0.958000
0.000000
0.949000
0.000000
0.000000
0.000000
0.000000
1.840000
0.000000
0.000000
0.000000
0.000000
0.000000
0.000000
0.000000
0.000000
0.000000
0.000000
0.000000
0.154000
0.000000
0.000000
0.000000
0.000000
0.000000
0.000000
0.117000
0.000000
0.000000
2.179000
0.000000
1.151000
0.000000
0.161000
0.000000
0.000000
0.000000
0.000000
0.000000
1.849000
0.000000
0.179000
0.000000
0.000000
0.000000
0.000000
0.000000
0.162000
0.000000
0.000000
0.000000
0.000000
0.000000
0.000000
0.820000
0.829000
0.000000
0.000000
0.000000
0.073000
0.000000
0.000000
0.000000
0.000000
0.286000
0.244000
0.000000
0.000000
0.000000
0.000000
0.000000
0.000000
0.000000
0.000000
0.000000
0.714000
0.000000
0.000000
0.000000
0.000000
0.000000
0.000000
0.000000
0.000000
0.000000
0.000000
0.000000
0.071000
0.000000
0.634000
0.000000
0.000000
0.000000
0.000000
0.000000
0.394000
0.000000
0.000000
0.000000
0.043000
0.000000
0.000000
0.000000
0.000000
0.286000
0.000000
0.000000
0.000000
0.000000
0.067000
0.000000
0.000000
0.000000
0.604000
0.000000
0.000000
0.000000
0.000000
0.080000
0.000000
0.367000
0.000000
0.000000
0.000000
1.131000
0.000000
0.238000
0.071000
0.000000
0.000000
0.030000
0.035000
0.277000
0.000000
0.000000
0.000000
0.000000
0.000000
0.773000
0.000000
0.000000
0.000000
0.242000
0.000000
0.045000
0.000000
0.000000
0.000000
0.000000
0.968000
0.000000
0.000000
0.000000
2.409000
0.000000
0.074000
0.329000
1.308000
0.000000
0.000000
0.000000
0.000000
0.000000
0.000000
0.000000
0.000000
0.000000
0.171000
0.000000
0.000000
0.000000
0.000000
0.000000
0.000000
0.000000
0.000000
0.000000
0.000000
0.184000
0.014000
0.000000
0.000000
0.000000
0.000000
0.396000
0.000000
0.000000
0.000000
0.000000
0.000000
0.000000
0.000000
0.000000
0.000000
0.000000
0.243000
0.151000
0.000000
0.000000
0.000000
0.000000
0.548000
0.000000
0.391000
0.000000
0.000000
0.000000
0.000000
0.000000
0.000000
0.083000
0.000000
0.000000
0.000000
1.208000
0.201000
0.000000
0.481000
0.000000
0.637000
0.000000
0.000000
0.215000
0.000000
0.020000
0.000000
0.076000
0.000000
0.000000
0.000000
0.000000
0.000000
0.000000
0.000000
0.039000
0.000000
1.173000
0.000000
0.000000
0.000000
0.000000
0.000000
0.000000
0.000000
0.000000
0.000000
0.000000
0.000000
0.000000
0.015000
0.000000
1.516000
0.000000
0.000000
0.000000
0.000000
0.000000
0.381000
0.000000
0.000000
0.000000
0.000000
0.000000
0.000000
0.000000
0.000000
0.109000
0.000000
0.000000
0.000000
0.000000
0.000000
0.608000
0.000000
0.074000
0.000000
0.000000
0.000000
0.000000
0.000000
0.000000
0.000000
0.000000
0.000000
0.000000
0.000000
0.060000
0.000000
0.000000
0.000000
0.000000
0.011000
0.000000
0.000000
0.000000
0.000000
0.000000
0.215000
0.000000
0.000000
0.104000
0.629000
0.000000
0.000000
0.000000
0.000000
1.010000
0.000000
0.000000
0.000000
0.000000
0.094000
0.000000
0.301000
0.190000
1.870000
0.000000
0.000000
0.000000
0.000000
0.000000
0.000000
0.000000
0.000000
0.000000
0.000000
0.000000
0.000000
0.000000
0.000000
0.000000
0.000000
0.402000
0.000000
0.000000
0.000000
0.000000
0.000000
0.000000
1.583000
0.000000
0.000000
0.000000
0.000000
0.301000
0.000000
0.000000
0.000000
0.000000
0.000000
0.000000
0.000000
0.000000
0.000000
0.000000
0.000000
0.000000
0.001000
0.000000
0.000000
0.000000
0.000000
0.000000
0.000000
0.000000
0.000000
0.019000
0.000000
0.000000
0.000000
0.000000
0.106000
0.000000
0.000000
0.000000
0.000000
0.045000
0.000000
0.000000
0.000000
0.000000
0.000000
0.000000
0.000000
0.000000
0.000000
0.000000
0.000000
0.000000
0.016000
0.000000
0.000000
0.000000
0.000000
0.000000
0.000000
0.000000
0.000000
0.000000
0.107000
0.000000
0.000000
0.000000
0.000000
0.000000
0.000000
0.000000
0.000000
0.000000
0.000000
0.000000
0.002000
0.667000
2.015000
0.000000
0.000000
0.000000
0.000000
0.114000
0.000000
0.000000
0.000000
0.982000
0.050000
0.000000
0.000000
0.018000
0.111000
0.000000
0.000000
0.000000
0.000000
1.300000
0.000000
0.000000
0.000000
0.000000
0.000000
0.000000
0.000000
0.210000
0.000000
0.000000
0.000000
0.042000
0.000000
0.000000
0.000000
0.000000
0.000000
0.000000
0.000000
0.000000
0.297000
0.147000
0.266000
0.000000
0.000000
0.162000
0.000000
0.000000
0.000000
0.000000
0.000000
0.057000
0.000000
0.000000
0.000000
0.000000
0.000000
0.000000
0.000000
0.000000
0.206000
0.000000
1.101000
0.000000
0.000000
0.000000
0.000000
0.000000
0.379000
0.000000
0.000000
0.000000
0.000000
0.053000
0.000000
0.000000
0.000000
0.000000
0.224000
0.000000
0.000000
0.000000
0.000000
0.000000
0.072000
0.000000
0.000000
0.000000
0.000000
0.000000
0.000000
0.000000
0.000000
0.492000
0.000000
0.000000
0.046000
0.000000
0.000000
0.000000
0.000000
0.000000
0.884000
0.003000
0.000000
0.000000
0.000000
0.000000
0.000000
0.000000
0.000000
0.000000
0.000000
0.000000
0.347000
0.000000
0.000000
0.000000
0.000000
0.000000
0.446000
0.000000
0.000000
0.000000
0.000000
0.000000
0.000000
0.000000
0.000000
0.000000
0.000000
0.234000
1.090000
0.086000
0.016000
0.268000
0.000000
0.000000
0.048000
0.000000
0.000000
0.239000
0.023000
0.000000
0.000000
0.000000
0.000000
0.000000
0.763000
0.000000
0.058000
0.000000
0.000000
0.000000
0.000000
0.468000
0.000000
0.000000
0.000000
0.000000
0.000000
0.000000
0.412000
0.000000
0.054000
0.000000
0.000000
0.000000
0.000000
0.000000
0.000000
0.000000
0.000000
0.000000
0.000000
0.000000
0.000000
0.000000
0.000000
0.000000
0.000000
0.000000
0.000000
0.000000
0.000000
0.000000
0.075000
0.039000
0.000000
0.000000
0.000000
0.000000
0.091000
0.000000
0.316000
0.000000
1.102000
0.022000
0.000000
0.000000
0.000000
0.000000
0.000000
0.162000
0.000000
0.000000
0.000000
0.000000
0.000000
0.000000
0.000000
0.000000
0.507000
0.000000
0.019000
0.000000
0.000000
0.000000
0.000000
0.000000
0.000000
0.000000
0.000000
0.000000
0.000000
0.000000
0.000000
0.000000
0.000000
0.000000
0.000000
0.000000
0.106000
0.000000
0.000000
0.231000
0.000000
0.000000
0.000000
0.991000
0.000000
1.215000
0.000000
0.000000
0.029000
0.000000
0.000000
0.000000
0.000000
0.000000
0.000000
0.000000
0.000000
0.000000
0.000000
0.000000
0.000000
0.000000
0.000000
0.000000
0.000000
0.000000
0.000000
0.000000
0.000000
0.000000
0.000000
0.000000
0.336000
0.183000
0.000000
0.000000
0.000000
0.000000
0.000000
0.000000
0.651000
0.000000
0.000000
0.000000
0.000000
0.000000
0.459000
0.000000
0.000000
0.000000
0.000000
0.069000
0.000000
0.027000
0.000000
0.000000
0.267000
0.000000
0.000000
0.000000
0.000000
0.000000
0.000000
0.000000
0.000000
0.000000
0.000000
0.000000
0.000000
0.000000
0.275000
0.000000
0.679000
0.000000
1.139000
0.000000
0.000000
0.000000
0.000000
0.000000
0.000000
0.283000
0.000000
0.000000
0.000000
0.000000
0.000000
0.000000
0.000000
0.000000
0.000000
0.000000
0.000000
0.000000
0.000000
0.000000
0.000000
0.000000
0.000000
0.000000
0.017000
0.000000
0.000000
0.000000
0.000000
0.000000
0.000000
0.136000
0.350000
0.000000
0.486000
0.000000
0.000000
0.000000
0.290000
0.000000
0.000000
0.000000
0.000000
0.000000
0.000000
0.000000
0.000000
0.000000
0.000000
0.000000
0.000000
0.000000
0.000000
0.000000
0.000000
0.000000
0.000000
0.000000
0.142000
0.000000
0.000000
0.000000
0.051000
0.000000
0.000000
0.000000
0.269000
0.000000
0.000000
0.176000
0.000000
0.000000
0.000000
0.000000
0.000000
0.000000
0.000000
0.015000
0.000000
0.000000
0.000000
0.000000
0.000000
0.000000
0.000000
0.000000
0.000000
0.078000
0.000000
0.000000
0.000000
0.000000
0.000000
0.000000
0.000000
0.069000
0.000000
0.000000
0.000000
0.000000
0.000000
0.000000
0.000000
0.000000
0.000000
0.000000
0.183000
0.000000
0.000000
0.000000
0.000000
0.006000
0.360000
0.000000
0.000000
0.000000
0.000000
0.000000
0.458000
0.000000
0.000000
0.000000
0.000000
0.000000
0.000000
0.000000
0.000000
0.000000
0.000000
0.000000
0.000000
0.000000
0.007000
0.000000
0.000000
0.051000
0.000000
0.000000
0.000000
0.000000
0.616000
0.000000
0.000000
0.000000
0.000000
0.000000
0.000000
0.000000
0.001000
0.000000
0.000000
0.000000
0.000000
0.000000
0.000000
0.000000
0.000000
0.000000
0.000000
0.000000
0.000000
0.000000
0.000000
0.000000
0.000000
0.000000
0.000000
0.000000
0.112000
0.000000
0.000000
0.230000
0.000000
0.000000
0.000000
0.000000
0.000000
0.000000
0.008000
0.000000
0.000000
0.000000
0.000000
0.011000
0.000000
0.000000
0.000000
0.000000
0.000000
0.000000
0.000000
0.000000
0.000000
0.000000
0.000000
0.000000
0.000000
0.000000
0.000000
0.000000
0.000000
0.000000
0.000000
0.020000
0.000000
0.000000
0.000000
0.000000
0.000000
0.000000
0.598000
0.000000
0.000000
0.000000
0.000000
0.000000
0.000000
0.000000
0.000000
0.000000
0.000000
0.000000
0.000000
0.000000
0.000000
0.000000
0.000000
0.000000
0.000000
0.000000
0.000000
0.399000
0.000000
0.000000
0.000000
0.000000
0.000000
0.000000
0.000000
0.000000
0.000000
0.000000
0.000000
0.000000
0.000000
0.000000
0.000000
0.000000
0.000000
0.000000
0.000000
0.000000
0.000000
0.000000
0.000000
0.000000
0.000000
0.000000
0.000000
0.000000
0.000000
0.000000
0.000000
0.000000
0.000000
0.000000
0.000000
0.000000
0.000000
0.000000
0.000000
0.000000
0.000000
0.000000
0.000000
0.000000
0.000000
0.000000
0.000000
0.099000
0.000000
0.000000
0.000000
0.000000
0.000000
0.000000
0.000000
0.000000
0.000000
0.000000
0.000000
0.000000
0.000000
0.000000
0.000000
0.000000
0.000000
0.000000
0.000000
0.000000
0.000000
0.000000
0.000000
0.000000
0.042000
0.000000
0.000000
0.000000
0.000000
0.000000
0.000000
0.000000
0.000000
0.022000
0.000000
0.000000
0.000000
0.000000
0.000000
0.000000
0.000000
0.000000
0.000000
0.000000
0.000000
0.000000
0.080000
0.000000
0.000000
0.000000
0.000000
0.000000
0.000000
0.000000
0.000000
0.000000
0.250000
0.000000
0.000000
0.000000
0.000000
0.000000
0.243000
0.042000
0.000000
0.000000
0.000000
0.000000
0.000000
0.000000
0.000000
0.000000
0.000000
0.000000
0.000000
0.000000
0.000000
0.000000
0.000000
0.000000
0.000000
0.000000
0.000000
0.000000
0.000000
0.000000
0.000000
0.000000
0.000000
0.000000
0.000000
0.049000
0.000000
0.000000
0.000000
0.000000
0.000000
0.000000
0.045000
0.000000
0.000000
0.000000
0.000000
0.000000
0.000000
0.000000
0.000000
0.000000
0.000000
0.000000
0.000000
0.000000
0.000000
0.000000
0.032000
0.000000
0.000000
0.000000
0.000000
0.000000
0.000000
0.000000
0.000000
0.000000
0.000000
0.000000
0.000000
0.000000
0.000000
0.000000
0.000000
0.000000
0.000000
0.000000
0.000000
0.000000
0.000000
0.068000
0.000000
0.000000
0.000000
0.000000
0.000000
0.000000
0.000000
0.000000
0.000000
0.000000
0.000000
0.000000
0.000000
0.000000
0.000000
0.000000
0.000000
0.000000
0.000000
0.000000
0.000000
0.000000
0.000000
0.000000
0.000000
0.075000
0.000000
0.000000
0.000000
0.000000
0.000000
0.000000
0.000000
0.000000
0.000000
0.000000
0.000000
0.000000
0.000000
0.000000
0.000000
0.000000
0.000000
0.000000
0.033000
0.000000
0.000000
0.000000
0.000000
0.000000
0.000000
0.000000
0.000000
0.000000
0.000000
0.000000
0.000000
0.000000
0.000000
0.000000
0.000000
0.000000
0.000000
0.000000
0.000000
0.000000
0.000000
0.000000
0.000000
0.000000
0.000000
0.000000
0.000000
0.000000
0.000000
0.000000
0.000000
0.000000
0.000000
0.000000
0.000000
0.000000
0.000000
0.000000
0.000000
0.000000
0.008000
0.000000
0.000000
0.000000
0.000000
0.000000
0.000000
0.000000
0.000000
0.000000
0.000000
0.000000
0.000000
0.000000
0.000000
0.000000
0.000000
0.000000
0.000000
0.032000
0.000000
0.000000
0.000000
0.000000
0.000000
0.000000
0.000000
0.000000
0.000000
0.000000
0.000000
0.000000
0.000000
0.000000
0.000000
0.000000
0.000000
0.000000
0.000000
0.000000
0.000000
0.000000
0.000000
0.000000
0.000000
0.000000
0.000000
0.000000
0.000000
0.000000
0.000000
0.000000
0.000000
0.000000
0.000000
0.000000
0.000000
0.000000
0.000000
0.000000
0.000000
0.000000
0.000000
0.000000
0.000000
0.000000
0.000000
0.000000
0.000000
0.000000
0.000000
0.000000
0.000000
0.055000
0.000000
0.000000
0.000000
0.000000
0.000000
0.000000
0.000000
0.000000
0.000000
0.000000
0.000000
0.000000
0.000000
0.000000
0.000000
0.000000
0.000000
0.000000
0.000000
0.000000
0.000000
0.000000
0.000000
0.000000
0.000000
0.000000
0.000000
0.000000
0.000000
0.000000
0.000000
0.000000
0.000000
0.000000
0.023000
0.000000
0.000000
0.000000
0.000000
0.000000
0.000000
0.000000
0.000000
0.000000
0.000000
0.089000
0.000000
0.141000
0.000000
0.000000
0.000000
0.000000
0.000000
0.000000
0.081000
0.004000
0.000000
0.000000
0.000000
0.000000
0.000000
0.000000
0.045000
0.000000
0.000000
0.000000
0.000000
0.000000
0.000000
0.000000
0.000000
0.000000
0.000000
0.000000
0.000000
0.000000
0.000000
0.000000
0.000000
0.000000
0.000000
0.000000
0.000000
0.000000
0.000000
0.000000
0.000000
0.013000
0.000000
0.000000
0.000000
0.000000
0.000000
0.000000
0.000000
0.000000
0.081000
0.000000
0.000000
0.000000
0.000000
0.000000
0.000000
0.110000
0.000000
0.000000
0.000000
0.000000
0.000000
0.000000
0.000000
0.000000
0.000000
0.000000
0.000000
0.000000
0.000000
0.000000
0.000000
0.000000
0.000000
0.000000
0.000000
0.000000
0.000000
0.000000
0.000000
0.000000
0.000000
0.000000
0.000000
0.000000
0.000000
0.000000
0.000000
0.000000
0.000000
0.000000
0.000000
0.000000
0.000000
0.000000
0.000000
0.000000
0.000000
0.000000
0.113000
0.000000
0.000000
0.000000
0.004000
0.000000
0.000000
0.000000
0.000000
0.000000
0.000000
0.000000
0.000000
0.000000
0.000000
0.000000
0.000000
0.000000
0.000000
0.000000
0.019000
0.000000
0.000000
0.000000
0.000000
0.000000
0.000000
0.000000
0.000000
0.000000
0.000000
0.000000
0.000000
0.081000
0.000000
0.000000
0.000000
0.000000
0.000000
0.122000
0.000000
0.000000
0.000000
0.000000
0.000000
0.000000
0.000000
0.000000
0.000000
0.000000
0.000000
0.000000
0.000000
0.000000
0.000000
0.000000
0.099000
0.000000
0.000000
0.000000
0.000000
0.000000
0.000000
0.000000
0.000000
0.000000
0.000000
0.000000
0.000000
0.000000
0.000000
0.000000
0.000000
0.000000
0.025000
0.000000
0.000000
0.000000
0.048000
0.000000
0.000000
0.000000
0.000000
0.000000
