23.264000
22.856000
31.152000
25.553000
31.428000
37.070000
30.153000
23.405000
26.709000
23.161000
37.214000
19.261000
25.223000
26.427000
27.076000
23.870000
30.877000
28.219000
27.505000
22.570000
21.723000
23.888000
23.179000
25.039000
32.864000
21.809000
25.143000
24.482000
29.213000
25.727000
22.025000
22.787000
23.175000
18.417000
25.538000
25.321000
27.693000
20.436000
21.605000
25.721000
25.974000
26.587000
33.352000
18.258000
23.440000
33.297000
31.211000
30.506000
30.071000
31.571000
23.138000
17.232000
24.515000
24.452000
30.096000
20.092000
18.902000
19.441000
16.889000
22.094000
20.484000
27.965000
27.766000
25.556000
22.673000
25.483000
18.652000
18.903000
21.206000
18.591000
28.489000
17.056000
27.416000
15.214000
23.307000
19.564000
30.421000
29.154000
24.855000
23.885000
24.927000
13.572000
28.030000
29.094000
23.242000
26.153000
24.446000
30.538000
24.442000
20.651000
18.024000
25.642000
29.072000
26.617000
25.931000
21.097000
26.113000
22.439000
22.665000
26.714000
25.250000
23.533000
31.586000
23.469000
25.626000
30.321000
20.216000
39.455000
29.387000
14.370000
17.196000
23.249000
40.723000
39.769000
31.412000
24.186000
39.993000
35.731000
21.623000
37.118000
32.211000
32.016000
44.153000
40.461000
35.258000
27.162000
46.966000
41.151000
33.571000
33.555000
24.325000
28.228000
17.583000
32.918000
21.457000
36.664000
37.895000
21.698000
22.419000
39.042000
43.362000
33.358000
35.507000
27.625000
24.112000
42.149000
28.144000
30.377000
33.753000
37.511000
39.353000
38.651000
26.846000
45.775000
19.813000
37.288000
34.751000
22.221000
35.858000
25.849000
37.404000
36.126000
40.791000
23.400000
24.041000
34.584000
34.951000
28.416000
24.880000
28.817000
33.008000
38.675000
37.112000
37.664000
28.454000
46.469000
27.950000
34.183000
23.261000
28.445000
18.050000
25.632000
28.144000
24.416000
25.136000
25.694000
39.307000
33.386000
39.953000
37.853000
38.672000
23.832000
31.965000
18.859000
26.375000
29.653000
35.250000
36.963000
26.039000
38.794000
35.340000
27.888000
40.779000
30.954000
19.595000
35.589000
34.537000
44.291000
38.403000
27.073000
36.201000
20.550000
30.596000
38.873000
20.997000
23.087000
23.489000
25.346000
20.257000
15.976000
42.760000
29.021000
32.939000
38.208000
23.668000
31.417000
32.350000
28.410000
32.750000
28.152000
31.448000
38.117000
33.168000
27.829000
20.237000
37.274000
25.936000
38.280000
25.140000
19.221000
31.986000
15.904000
31.316000
27.717000
37.313000
19.858000
32.327000
30.631000
31.577000
28.867000
37.885000
27.959000
25.413000
22.110000
21.662000
27.908000
24.409000
27.308000
23.000000
37.150000
30.553000
31.324000
26.938000
25.985000
29.962000
29.821000
27.226000
29.078000
31.270000
25.478000
19.979000
27.721000
34.159000
28.659000
24.044000
26.539000
27.995000
19.709000
26.536000
32.945000
27.761000
35.074000
27.453000
20.683000
34.011000
25.016000
27.414000
21.413000
30.656000
34.566000
27.820000
28.520000
25.942000
18.813000
12.192000
18.045000
23.987000
15.124000
37.477000
30.230000
23.371000
29.306000
29.789000
21.957000
36.866000
23.528000
25.621000
27.681000
28.071000
25.046000
30.845000
34.369000
25.899000
29.045000
27.734000
28.828000
25.999000
25.944000
33.131000
18.923000
22.639000
23.496000
21.885000
29.150000
22.616000
24.270000
26.855000
25.042000
20.588000
23.034000
19.975000
27.535000
20.890000
29.051000
27.988000
22.412000
29.270000
24.418000
18.094000
30.618000
24.972000
19.177000
31.342000
26.683000
19.694000
34.024000
26.669000
30.471000
22.784000
25.417000
29.394000
24.100000
25.687000
15.884000
20.679000
27.539000
19.711000
26.351000
28.217000
28.388000
19.218000
19.105000
25.133000
30.541000
26.937000
30.063000
17.494000
21.679000
27.854000
19.413000
34.104000
22.455000
23.246000
27.953000
18.497000
23.842000
24.499000
26.181000
19.838000
30.182000
24.926000
27.867000
17.241000
25.773000
22.521000
23.829000
16.166000
30.277000
27.961000
23.831000
30.135000
28.898000
29.942000
23.453000
43.951000
18.614000
20.821000
28.000000
23.718000
28.352000
33.087000
28.806000
32.127000
25.422000
15.855000
28.318000
26.665000
23.308000
20.913000
26.013000
18.513000
27.226000
25.423000
23.121000
31.600000
22.010000
27.705000
21.085000
19.115000
30.604000
30.702000
34.367000
17.846000
21.762000
25.521000
21.516000
21.344000
24.756000
24.054000
28.993000
25.333000
24.748000
25.286000
19.654000
27.944000
23.738000
22.489000
16.116000
18.435000
33.252000
15.589000
24.783000
26.712000
23.560000
26.203000
26.515000
21.953000
28.710000
17.480000
29.645000
25.655000
27.631000
32.668000
19.423000
33.177000
25.246000
24.437000
25.437000
22.241000
21.596000
29.269000
27.247000
30.398000
28.547000
25.545000
31.900000
28.097000
21.034000
31.288000
22.296000
20.858000
27.071000
21.730000
27.441000
20.537000
19.985000
20.296000
19.569000
33.839000
26.571000
29.014000
29.031000
44.764000
23.492000
26.847000
24.016000
28.311000
27.352000
25.338000
27.997000
16.405000
24.873000
22.996000
28.086000
32.617000
28.034000
27.363000
29.267000
26.566000
31.344000
24.558000
24.862000
30.728000
30.989000
28.678000
22.787000
33.041000
33.774000
25.127000
41.400000
16.666000
28.632000
22.184000
23.806000
33.683000
24.785000
22.236000
30.991000
25.524000
25.221000
37.565000
29.118000
29.337000
29.923000
22.820000
24.694000
25.370000
31.933000
27.790000
22.512000
20.933000
26.621000
31.149000
19.812000
28.914000
18.969000
28.005000
28.765000
24.521000
28.484000
34.158000
34.571000
30.083000
25.479000
22.658000
29.204000
13.231000
26.979000
27.208000
20.148000
24.095000
27.672000
33.536000
25.964000
28.996000
31.389000
24.419000
27.450000
26.175000
24.615000
22.289000
37.227000
26.833000
32.122000
24.762000
29.309000
33.371000
26.951000
28.854000
27.815000
27.942000
29.002000
29.527000
30.831000
17.821000
26.320000
35.406000
21.953000
28.029000
24.266000
27.782000
26.118000
25.870000
24.466000
32.262000
29.563000
26.645000
26.859000
27.341000
27.598000
22.098000
26.275000
20.007000
26.202000
20.568000
26.269000
34.162000
17.074000
22.520000
29.385000
24.832000
28.184000
19.071000
32.587000
31.470000
24.706000
20.481000
17.764000
45.177000
22.059000
20.021000
26.895000
30.371000
29.133000
25.162000
29.411000
15.779000
33.248000
34.342000
22.291000
25.026000
22.701000
21.481000
30.122000
24.455000
29.137000
34.363000
27.643000
15.069000
23.739000
39.267000
30.497000
29.061000
29.396000
21.255000
31.551000
21.404000
29.080000
28.999000
29.480000
30.578000
26.912000
20.659000
24.968000
31.924000
25.301000
23.684000
30.719000
20.769000
28.403000
34.020000
30.502000
33.514000
35.627000
32.675000
26.119000
26.662000
34.547000
29.592000
24.066000
28.518000
36.392000
21.358000
25.728000
35.726000
26.525000
33.327000
29.113000
27.883000
28.449000
31.629000
20.189000
27.490000
28.219000
28.906000
25.334000
30.011000
23.803000
17.363000
18.155000
26.930000
21.038000
27.276000
20.155000
21.605000
24.488000
19.167000
18.868000
16.319000
21.776000
20.832000
18.790000
31.054000
25.123000
16.184000
23.269000
25.040000
23.629000
28.917000
31.846000
23.882000
32.273000
27.734000
24.794000
26.052000
29.570000
27.109000
30.690000
31.261000
26.246000
29.225000
16.310000
34.584000
32.098000
25.063000
32.213000
27.773000
30.018000
20.752000
21.860000
25.032000
32.264000
21.276000
31.472000
33.347000
18.301000
25.544000
24.801000
24.956000
25.223000
24.858000
24.780000
23.540000
32.052000
24.443000
32.607000
27.109000
25.370000
19.072000
29.444000
29.919000
17.514000
24.346000
18.904000
31.943000
23.941000
20.798000
27.448000
28.236000
24.893000
28.378000
32.360000
33.577000
23.244000
26.267000
30.158000
29.793000
23.533000
23.082000
24.976000
32.432000
30.889000
25.361000
27.227000
21.583000
26.285000
28.152000
26.248000
31.981000
32.516000
24.963000
20.828000
26.196000
19.563000
33.985000
23.593000
25.292000
21.979000
29.491000
26.655000
26.183000
23.330000
30.185000
31.092000
23.537000
28.120000
22.123000
28.669000
39.646000
27.798000
29.554000
31.737000
26.521000
24.516000
28.547000
26.848000
25.068000
27.661000
26.111000
24.167000
26.454000
29.930000
32.075000
21.831000
28.360000
28.281000
36.609000
18.399000
31.076000
29.162000
26.398000
18.397000
28.506000
32.852000
31.067000
25.883000
22.807000
34.058000
29.768000
24.554000
26.394000
30.898000
22.436000
23.526000
28.144000
31.770000
28.675000
25.194000
24.334000
31.510000
26.865000
23.767000
27.566000
28.440000
19.028000
16.185000
20.930000
32.699000
29.690000
28.633000
31.033000
21.998000
24.772000
29.134000
28.304000
24.835000
22.757000
23.610000
18.362000
26.943000
20.331000
25.402000
26.951000
27.802000
32.537000
23.227000
22.036000
20.956000
28.970000
25.980000
23.576000
15.230000
19.574000
25.762000
19.925000
23.379000
24.925000
26.408000
21.571000
17.547000
26.102000
29.811000
27.635000
26.283000
25.820000
37.310000
23.344000
12.917000
24.720000
21.438000
30.925000
26.468000
30.765000
30.358000
25.651000
28.976000
16.166000
23.970000
13.733000
30.002000
22.441000
23.016000
23.128000
27.412000
22.019000
25.574000
24.197000
28.126000
14.923000
24.424000
30.636000
25.318000
15.866000
23.862000
22.692000
32.007000
19.435000
33.173000
23.051000
27.312000
28.638000
21.059000
18.202000
27.880000
18.591000
29.625000
13.354000
15.843000
24.596000
27.303000
21.435000
22.342000
23.395000
29.876000
15.350000
18.622000
21.414000
24.599000
28.677000
18.410000
24.472000
21.861000
9.778000
37.409000
22.533000
19.703000
22.589000
20.974000
18.491000
8.727000
20.032000
21.488000
25.829000
24.806000
20.688000
30.301000
24.817000
25.520000
19.216000
29.037000
21.558000
25.987000
27.226000
25.039000
19.623000
23.519000
26.478000
23.320000
15.688000
21.418000
26.231000
24.435000
29.168000
15.722000
16.396000
17.062000
34.934000
26.617000
21.885000
17.593000
16.574000
20.460000
18.336000
20.734000
23.749000
23.853000
23.090000
10.131000
22.077000
24.595000
17.096000
27.605000
18.544000
21.257000
22.358000
24.190000
26.911000
37.854000
21.463000
37.099000
27.350000
16.931000
22.786000
23.333000
23.627000
27.791000
23.083000
13.872000
32.120000
22.439000
26.377000
21.579000
17.155000
25.976000
13.442000
30.714000
25.516000
26.488000
30.817000
17.218000
22.803000
28.836000
28.675000
18.234000
21.072000
25.281000
14.664000
21.582000
17.493000
19.579000
26.309000
23.867000
31.153000
15.560000
28.570000
31.515000
20.127000
26.703000
18.818000
26.743000
17.337000
27.260000
27.282000
28.341000
28.790000
29.209000
27.447000
21.714000
23.322000
32.223000
31.536000
23.080000
23.234000
23.939000
29.346000
23.934000
34.147000
27.019000
28.947000
18.055000
21.063000
20.225000
25.596000
26.422000
26.138000
27.763000
27.553000
17.251000
22.483000
29.675000
37.623000
31.187000
19.986000
22.380000
27.792000
15.734000
26.300000
26.522000
23.875000
22.503000
8.309000
31.868000
35.230000
27.762000
32.391000
31.908000
27.773000
29.954000
21.151000
27.249000
36.078000
20.326000
15.355000
26.252000
18.729000
27.692000
23.261000
21.102000
24.358000
16.299000
30.250000
26.476000
18.975000
24.079000
25.169000
32.592000
25.574000
28.697000
28.547000
20.087000
15.783000
21.825000
29.954000
16.444000
30.046000
30.060000
15.598000
16.330000
28.450000
27.307000
28.613000
21.367000
16.997000
20.182000
15.560000
22.286000
18.615000
16.383000
28.472000
27.496000
30.330000
33.075000
18.917000
18.078000
26.200000
17.297000
31.702000
12.194000
29.414000
33.096000
16.963000
25.766000
23.759000
30.555000
29.455000
34.439000
23.669000
23.889000
22.515000
36.146000
34.223000
33.254000
31.098000
23.397000
31.969000
27.032000
18.784000
24.986000
26.039000
16.130000
27.839000
22.046000
22.488000
38.037000
28.868000
29.360000
27.559000
28.148000
27.795000
26.051000
31.410000
22.251000
25.015000
10.579000
23.552000
27.232000
26.381000
33.312000
40.239000
19.392000
25.862000
26.374000
17.037000
42.055000
29.088000
24.017000
25.505000
28.256000
25.085000
11.438000
27.651000
28.526000
34.615000
19.747000
29.517000
24.027000
19.414000
38.379000
24.833000
28.283000
16.282000
28.018000
27.465000
24.915000
27.981000
15.789000
17.476000
21.899000
28.354000
17.700000
25.874000
27.801000
36.615000
23.515000
28.830000
26.851000
27.457000
29.457000
22.210000
23.289000
28.362000
46.671000
33.990000
21.689000
34.147000
21.223000
27.191000
12.641000
34.416000
27.521000
17.299000
17.141000
29.530000
19.183000
24.119000
24.432000
23.038000
21.454000
24.572000
34.748000
38.041000
27.366000
22.736000
27.313000
35.055000
38.852000
34.800000
24.903000
27.993000
27.938000
22.095000
38.916000
17.173000
30.523000
22.684000
36.456000
30.837000
29.522000
29.127000
36.340000
36.339000
26.478000
27.299000
25.583000
26.995000
37.965000
34.122000
24.366000
32.628000
34.358000
34.929000
16.972000
26.127000
38.429000
26.080000
24.730000
29.089000
25.285000
25.066000
43.570000
33.203000
34.951000
46.148000
22.885000
38.585000
25.124000
30.001000
32.288000
37.174000
26.841000
29.809000
36.776000
29.812000
18.735000
25.158000
16.307000
33.640000
29.888000
17.755000
32.204000
35.316000
19.008000
37.202000
36.165000
16.622000
14.439000
46.437000
18.992000
26.064000
14.960000
21.655000
34.486000
40.969000
27.170000
32.183000
27.177000
26.652000
36.067000
28.246000
30.230000
23.409000
18.612000
30.524000
33.755000
21.407000
31.823000
15.620000
39.256000
17.130000
22.985000
20.901000
36.894000
24.219000
31.259000
24.480000
35.140000
21.504000
31.807000
30.584000
15.334000
25.736000
29.578000
16.899000
25.116000
16.425000
24.089000
8.219000
35.501000
16.715000
36.242000
39.124000
26.683000
20.246000
23.254000
16.723000
26.644000
27.407000
34.812000
35.822000
19.251000
21.825000
18.655000
23.712000
25.460000
37.616000
20.462000
27.053000
31.100000
31.524000
33.883000
39.344000
22.050000
39.648000
12.735000
34.378000
16.541000
27.496000
20.165000
16.823000
20.445000
26.342000
33.190000
26.159000
21.101000
21.009000
30.399000
22.532000
25.291000
19.072000
21.413000
34.321000
35.553000
32.529000
20.955000
30.005000
35.859000
33.274000
17.409000
16.081000
17.761000
17.951000
38.068000
23.002000
34.662000
17.511000
12.502000
24.598000
13.013000
26.938000
16.958000
21.043000
29.355000
21.028000
28.464000
23.851000
16.707000
30.066000
22.319000
35.614000
24.371000
22.365000
26.199000
16.705000
36.901000
24.921000
27.059000
13.844000
27.352000
27.165000
30.335000
17.553000
37.796000
23.780000
27.043000
35.179000
16.704000
41.106000
24.066000
18.382000
19.878000
17.857000
31.179000
19.076000
21.750000
17.283000
16.048000
18.645000
21.112000
34.433000
26.386000
19.693000
11.433000
39.549000
36.276000
17.773000
26.712000
20.458000
36.271000
24.595000
25.293000
18.807000
22.024000
23.965000
10.952000
16.596000
14.031000
13.914000
16.090000
22.481000
30.748000
22.650000
24.069000
35.310000
34.429000
18.440000
28.786000
22.673000
31.750000
18.066000
18.392000
23.479000
18.582000
25.856000
28.613000
26.135000
28.191000
27.802000
21.667000
22.332000
20.176000
22.250000
22.908000
22.848000
25.133000
15.854000
14.728000
15.275000
22.956000
22.781000
25.138000
21.756000
21.713000
18.171000
15.017000
13.890000
27.871000
14.947000
11.881000
28.028000
17.623000
24.753000
20.336000
25.833000
25.547000
19.637000
33.819000
29.559000
15.110000
20.697000
20.650000
19.113000
18.586000
20.554000
11.732000
23.947000
19.489000
24.576000
30.179000
28.956000
21.888000
35.088000
13.823000
17.961000
20.561000
23.752000
23.423000
22.129000
19.426000
10.524000
27.564000
18.039000
16.171000
28.053000
20.701000
26.611000
33.885000
19.843000
19.390000
19.264000
19.297000
21.644000
32.620000
7.943000
17.640000
25.138000
24.108000
19.448000
30.475000
15.162000
30.241000
45.628000
22.223000
34.892000
20.166000
23.458000
19.563000
17.638000
21.976000
17.217000
18.592000
27.366000
19.304000
17.454000
13.641000
21.594000
13.433000
16.744000
17.718000
18.221000
23.882000
22.752000
21.349000
24.790000
17.165000
25.272000
16.780000
16.410000
21.575000
22.154000
36.840000
14.202000
19.513000
16.938000
25.156000
24.412000
29.854000
24.390000
20.742000
34.225000
23.489000
17.952000
22.145000
23.910000
32.356000
23.113000
33.720000
22.938000
23.788000
23.388000
21.982000
15.187000
21.964000
19.987000
36.040000
30.587000
19.303000
23.482000
22.937000
30.428000
30.303000
18.373000
14.187000
21.786000
14.203000
19.508000
16.429000
30.146000
20.190000
25.708000
23.428000
26.054000
20.849000
26.287000
25.307000
22.569000
25.524000
31.668000
22.216000
12.311000
20.813000
20.995000
21.926000
17.901000
22.292000
19.939000
20.849000
28.078000
27.751000
29.333000
28.490000
27.567000
28.508000
22.378000
14.459000
21.251000
29.388000
33.482000
24.077000
20.826000
22.786000
23.072000
15.974000
16.757000
27.881000
25.769000
28.153000
19.416000
23.452000
20.941000
18.155000
16.374000
35.971000
30.591000
23.159000
26.714000
29.026000
28.556000
24.439000
21.056000
27.303000
16.083000
22.082000
29.317000
20.350000
30.092000
29.028000
15.592000
20.999000
25.977000
24.965000
26.876000
22.867000
30.996000
33.221000
26.251000
26.733000
26.827000
21.622000
22.778000
33.000000
17.089000
26.136000
21.829000
26.113000
34.954000
20.046000
28.650000
30.729000
22.457000
14.629000
18.796000
16.144000
16.348000
16.379000
24.022000
28.746000
33.453000
24.339000
25.361000
28.438000
27.824000
26.457000
19.946000
17.469000
32.310000
25.854000
30.418000
22.947000
20.482000
26.723000
33.389000
33.006000
15.593000
19.409000
18.428000
12.662000
19.917000
29.872000
21.854000
22.145000
28.631000
22.941000
29.075000
20.075000
26.129000
16.624000
25.403000
22.033000
19.047000
18.439000
31.437000
27.833000
26.525000
26.459000
31.690000
18.680000
26.620000
27.321000
31.786000
21.430000
25.802000
30.036000
24.896000
22.347000
28.268000
15.298000
22.947000
19.467000
25.444000
27.709000
23.311000
29.981000
20.358000
24.648000
26.830000
28.809000
12.626000
16.776000
19.095000
26.191000
26.093000
23.591000
25.850000
30.603000
30.482000
22.006000
20.893000
23.770000
28.311000
29.866000
15.477000
21.287000
26.212000
25.059000
28.179000
24.001000
33.722000
14.740000
18.906000
22.379000
21.729000
18.034000
24.155000
24.733000
18.519000
20.089000
20.834000
36.605000
36.136000
22.391000
30.120000
28.193000
24.321000
25.601000
25.537000
30.728000
27.002000
22.887000
18.447000
35.904000
29.045000
19.353000
11.500000
18.486000
24.018000
30.963000
33.839000
23.435000
32.883000
20.160000
25.432000
23.495000
24.930000
21.306000
21.876000
23.455000
17.281000
23.159000
20.521000
21.537000
30.599000
24.069000
27.944000
24.554000
24.456000
25.740000
16.927000
17.457000
20.609000
22.620000
22.641000
26.551000
24.577000
29.849000
35.577000
23.705000
21.610000
32.711000
33.704000
19.606000
29.251000
29.773000
35.096000
16.749000
17.948000
32.551000
24.752000
16.542000
26.751000
31.749000
30.307000
34.968000
18.320000
18.895000
21.296000
22.889000
24.624000
18.441000
28.220000
18.337000
20.844000
34.837000
19.876000
33.028000
20.795000
30.966000
26.775000
24.639000
29.528000
32.023000
24.603000
25.307000
36.998000
40.397000
26.234000
24.332000
19.449000
35.561000
19.607000
20.214000
22.601000
19.627000
17.640000
16.579000
35.505000
21.023000
20.174000
31.218000
14.726000
32.726000
34.326000
34.509000
22.529000
19.110000
15.589000
25.003000
29.622000
23.213000
18.505000
21.528000
20.954000
27.755000
23.662000
29.694000
14.594000
25.810000
13.491000
28.393000
25.787000
34.238000
33.702000
30.444000
18.947000
18.057000
30.546000
17.304000
32.537000
10.958000
28.242000
29.181000
19.123000
40.607000
19.348000
29.286000
18.251000
34.709000
32.161000
30.075000
27.415000
23.394000
30.746000
36.285000
21.751000
30.535000
23.464000
34.415000
11.591000
41.788000
23.602000
30.397000
31.154000
25.309000
16.055000
24.559000
23.874000
15.091000
20.451000
22.767000
29.145000
31.526000
25.262000
31.053000
21.819000
20.764000
25.943000
22.906000
32.786000
30.165000
22.729000
21.093000
18.903000
24.509000
38.107000
21.226000
33.296000
29.892000
23.264000
21.983000
22.211000
38.235000
24.602000
32.995000
25.491000
20.610000
14.295000
33.750000
17.926000
18.333000
20.071000
26.315000
26.581000
20.562000
14.689000
15.233000
36.124000
30.364000
17.936000
27.849000
29.024000
27.557000
25.569000
21.500000
24.483000
39.079000
20.107000
33.108000
16.242000
20.303000
24.708000
33.822000
14.602000
33.870000
25.221000
16.234000
38.097000
16.233000
15.839000
29.508000
25.346000
33.672000
27.759000
21.092000
24.564000
21.268000
32.509000
30.352000
24.435000
28.402000
19.022000
22.046000
26.725000
30.338000
28.997000
22.436000
33.126000
30.322000
19.322000
21.620000
21.448000
28.391000
19.952000
26.456000
22.866000
30.600000
32.380000
31.184000
26.109000
27.428000
29.442000
24.482000
33.962000
18.197000
16.452000
31.244000
30.317000
27.134000
22.375000
32.201000
28.349000
29.674000
32.660000
29.724000
22.854000
27.041000
37.921000
33.610000
21.315000
23.452000
24.176000
28.918000
31.202000
14.329000
17.848000
24.556000
24.402000
22.719000
21.494000
31.184000
29.011000
20.724000
40.131000
28.446000
28.130000
21.754000
16.703000
28.552000
37.050000
30.596000
27.366000
30.184000
32.931000
22.834000
19.765000
31.330000
19.369000
27.821000
19.749000
19.001000
24.882000
35.739000
29.545000
30.895000
35.480000
16.777000
29.229000
22.325000
28.481000
35.059000
27.475000
25.590000
24.196000
23.699000
33.123000
28.983000
27.134000
22.714000
24.379000
25.685000
23.492000
30.587000
16.119000
25.663000
18.480000
29.460000
36.013000
31.569000
32.759000
17.042000
21.384000
25.552000
24.749000
23.484000
17.406000
19.235000
33.712000
33.284000
28.874000
23.071000
25.357000
22.515000
20.698000
29.430000
20.552000
30.246000
26.346000
25.628000
16.613000
27.684000
24.955000
28.268000
16.495000
16.960000
24.616000
28.239000
24.159000
32.644000
24.236000
33.184000
24.343000
26.629000
30.764000
22.299000
31.820000
35.695000
23.018000
33.132000
21.763000
26.004000
21.689000
23.498000
16.630000
14.740000
23.279000
18.963000
24.270000
23.888000
20.217000
22.279000
26.777000
33.235000
31.998000
21.570000
29.418000
24.653000
22.411000
35.368000
31.079000
19.672000
20.559000
19.386000
27.273000
33.002000
24.460000
31.732000
27.068000
19.920000
17.249000
30.635000
20.840000
36.084000
22.829000
21.342000
21.228000
34.170000
20.102000
17.499000
17.588000
23.635000
21.390000
22.216000
26.935000
17.113000
32.892000
18.865000
30.551000
21.662000
18.993000
20.156000
24.825000
31.618000
35.339000
18.171000
25.713000
19.958000
15.385000
36.687000
26.214000
27.962000
23.045000
21.675000
17.766000
26.517000
24.281000
24.311000
18.513000
28.852000
21.962000
23.250000
32.254000
23.854000
29.001000
21.281000
31.048000
20.944000
29.683000
17.513000
21.843000
21.615000
20.901000
26.966000
20.147000
25.255000
25.693000
20.852000
22.409000
28.208000
20.763000
17.158000
28.115000
34.966000
36.320000
24.823000
22.593000
26.799000
31.639000
18.110000
40.368000
22.695000
33.533000
39.846000
20.048000
22.708000
34.246000
36.027000
42.757000
28.233000
20.004000
27.991000
29.085000
26.260000
15.971000
26.067000
33.861000
32.267000
27.873000
20.176000
23.234000
31.756000
30.507000
38.850000
36.010000
35.696000
27.268000
41.924000
19.083000
18.382000
31.403000
35.179000
32.039000
28.226000
39.264000
21.326000
24.097000
28.872000
12.128000
33.492000
29.746000
25.950000
31.699000
29.013000
31.940000
26.287000
29.049000
31.265000
36.175000
20.379000
35.200000
29.851000
24.812000
19.857000
18.349000
36.636000
21.080000
21.972000
20.726000
32.120000
27.983000
25.076000
28.536000
40.355000
20.334000
42.460000
31.847000
24.078000
22.510000
24.672000
21.197000
34.625000
31.315000
26.072000
33.489000
35.969000
33.129000
21.038000
24.687000
24.528000
29.370000
28.345000
40.603000
23.467000
33.656000
36.765000
32.929000
24.703000
27.391000
34.502000
26.563000
21.775000
16.062000
21.087000
22.049000
26.451000
19.535000
20.531000
32.688000
27.942000
17.434000
21.418000
23.167000
24.847000
27.662000
35.264000
23.886000
33.284000
19.472000
37.029000
28.234000
28.034000
22.722000
34.598000
32.043000
22.888000
26.781000
32.134000
22.211000
38.854000
20.516000
32.504000
18.074000
26.812000
23.480000
32.648000
26.697000
33.930000
40.257000
17.830000
30.658000
34.984000
33.755000
26.459000
41.094000
32.471000
21.613000
20.300000
32.614000
32.325000
21.609000
34.334000
22.166000
19.891000
28.338000
32.253000
21.607000
17.906000
23.470000
15.987000
15.003000
21.629000
29.877000
24.887000
22.024000
33.871000
25.561000
28.201000
27.826000
21.293000
26.182000
21.444000
16.355000
32.166000
32.790000
24.375000
34.048000
34.093000
22.031000
26.996000
23.614000
21.130000
19.885000
29.128000
20.473000
21.376000
26.643000
24.031000
16.495000
14.264000
25.177000
14.689000
28.787000
30.813000
29.258000
32.294000
30.888000
32.285000
20.922000
31.396000
24.050000
22.052000
28.204000
36.877000
19.760000
21.053000
36.403000
22.698000
30.145000
26.592000
27.728000
37.166000
26.771000
24.517000
23.009000
23.973000
21.173000
32.328000
22.606000
16.839000
23.189000
33.275000
28.157000
24.358000
21.505000
24.290000
29.184000
25.447000
23.520000
19.342000
27.908000
25.713000
25.270000
24.621000
23.897000
21.115000
31.823000
37.787000
26.470000
31.511000
27.986000
29.045000
17.581000
20.773000
27.481000
21.771000
17.357000
21.011000
21.135000
28.928000
33.894000
27.097000
23.589000
27.647000
29.399000
22.822000
34.949000
26.325000
13.292000
25.525000
37.056000
34.887000
24.430000
20.551000
24.814000
15.332000
24.451000
29.133000
23.040000
23.652000
24.064000
23.629000
25.185000
42.961000
34.398000
26.726000
27.520000
23.908000
25.132000
21.866000
29.000000
25.522000
27.330000
23.665000
29.286000
24.711000
31.416000
25.682000
22.922000
21.897000
29.597000
27.631000
23.321000
19.461000
31.997000
19.973000
26.139000
27.205000
33.539000
25.968000
26.458000
32.473000
31.823000
27.162000
33.796000
16.530000
22.639000
21.254000
23.200000
33.248000
25.737000
20.944000
35.716000
29.672000
36.572000
23.022000
28.679000
30.103000
26.282000
32.564000
24.323000
21.122000
30.175000
18.087000
23.991000
26.427000
26.685000
21.125000
34.485000
35.758000
26.126000
30.904000
22.946000
28.269000
28.216000
36.503000
33.855000
24.702000
39.101000
21.585000
23.912000
31.876000
13.888000
29.131000
24.164000
27.610000
29.091000
24.631000
21.299000
30.658000
19.565000
21.879000
20.841000
17.119000
26.020000
27.557000
28.733000
20.514000
25.492000
18.432000
18.766000
21.031000
34.413000
33.710000
29.293000
29.383000
36.110000
24.851000
25.236000
26.248000
21.550000
13.480000
33.004000
20.964000
31.022000
18.345000
20.358000
20.134000
25.157000
29.315000
19.086000
32.516000
20.434000
29.823000
31.093000
29.813000
23.815000
23.454000
32.472000
21.940000
17.086000
20.143000
20.618000
26.255000
25.619000
12.379000
24.634000
29.036000
28.938000
32.405000
16.677000
18.372000
20.955000
17.562000
35.151000
27.817000
25.178000
21.509000
23.297000
23.690000
25.450000
30.953000
24.962000
21.887000
29.945000
33.937000
26.126000
27.223000
26.030000
34.205000
26.726000
33.148000
24.164000
32.356000
21.202000
22.624000
21.143000
33.280000
18.350000
42.913000
19.973000
24.747000
28.325000
26.148000
26.194000
19.726000
21.054000
29.355000
26.145000
19.837000
21.698000
32.467000
28.364000
29.254000
32.482000
25.005000
19.163000
19.723000
33.713000
26.645000
24.743000
26.867000
19.896000
24.476000
21.596000
24.184000
33.041000
22.602000
21.525000
17.478000
29.752000
20.051000
27.110000
21.096000
23.924000
23.563000
19.006000
30.930000
22.104000
22.917000
23.047000
24.166000
32.950000
23.657000
25.605000
27.182000
26.316000
29.487000
24.190000
36.185000
23.999000
24.480000
23.429000
25.389000
26.689000
25.424000
27.392000
21.823000
26.380000
20.975000
31.139000
28.405000
25.348000
22.539000
19.994000
25.357000
26.623000
26.429000
22.204000
28.216000
26.922000
25.527000
27.847000
23.277000
20.732000
21.266000
23.730000
25.729000
35.726000
33.586000
26.566000
26.400000
24.310000
28.588000
38.141000
23.598000
25.656000
25.500000
29.466000
19.585000
29.259000
24.240000
17.210000
21.980000
23.304000
18.448000
26.578000
24.997000
21.102000
26.491000
23.899000
29.752000
27.514000
33.792000
26.241000
33.255000
26.296000
13.777000
29.379000
26.301000
27.988000
36.257000
20.610000
16.042000
20.898000
26.513000
21.767000
11.837000
24.310000
27.645000
27.712000
29.788000
33.993000
32.308000
27.842000
29.135000
33.533000
33.954000
29.319000
24.225000
26.133000
34.545000
42.278000
27.828000
36.985000
27.888000
33.679000
35.680000
29.704000
31.994000
34.986000
30.218000
30.760000
22.036000
29.265000
31.973000
31.781000
23.367000
24.503000
33.719000
22.795000
29.448000
29.270000
26.345000
40.538000
27.977000
19.111000
26.830000
23.744000
22.397000
27.422000
27.770000
30.537000
26.929000
24.480000
19.995000
25.458000
26.792000
26.206000
33.512000
31.023000
17.725000
26.479000
34.135000
31.370000
29.120000
24.233000
31.282000
22.198000
39.232000
21.476000
22.489000
34.561000
24.098000
36.120000
19.705000
22.888000
29.381000
24.839000
25.713000
29.990000
23.723000
30.875000
17.439000
18.922000
28.056000
23.477000
30.735000
18.405000
19.114000
18.234000
15.950000
19.395000
27.679000
29.506000
27.804000
27.990000
29.251000
25.684000
15.062000
15.443000
25.953000
38.396000
27.484000
19.181000
21.743000
29.654000
21.470000
26.299000
22.493000
25.010000
31.906000
36.054000
26.588000
23.210000
18.077000
16.858000
30.231000
28.011000
28.975000
33.194000
34.360000
38.610000
40.409000
20.419000
33.239000
31.970000
28.946000
42.568000
25.218000
22.614000
25.130000
21.275000
21.583000
21.950000
33.901000
23.659000
24.343000
31.093000
31.000000
23.091000
23.697000
25.286000
22.560000
33.151000
36.204000
31.264000
27.584000
34.689000
26.445000
25.025000
27.448000
21.904000
19.901000
25.853000
25.787000
13.895000
33.180000
13.476000
38.815000
28.016000
22.244000
21.346000
34.860000
28.905000
19.918000
29.924000
27.771000
29.893000
36.224000
22.019000
25.799000
38.816000
21.648000
28.773000
25.957000
24.402000
27.049000
23.628000
29.802000
23.493000
24.594000
22.159000
15.199000
27.681000
18.075000
25.210000
28.286000
25.645000
25.620000
23.699000
19.779000
16.454000
35.784000
27.358000
22.373000
41.224000
24.859000
40.686000
24.147000
29.925000
17.681000
23.145000
30.488000
21.873000
21.066000
25.855000
30.328000
30.687000
29.827000
19.983000
28.571000
22.405000
33.004000
24.757000
32.212000
30.893000
22.196000
24.963000
37.569000
27.436000
24.466000
23.196000
25.002000
25.921000
27.009000
25.123000
23.841000
24.270000
32.084000
22.263000
34.520000
30.957000
16.745000
28.778000
25.825000
31.179000
26.861000
33.574000
28.448000
21.239000
30.537000
34.343000
26.731000
17.706000
31.870000
19.158000
18.833000
30.841000
19.518000
32.500000
33.853000
18.824000
23.157000
27.798000
39.475000
40.117000
23.791000
25.697000
21.652000
31.279000
24.051000
25.679000
22.308000
17.841000
22.299000
29.445000
26.545000
9.657000
26.323000
23.511000
26.516000
24.876000
18.285000
20.080000
35.956000
25.953000
22.673000
22.652000
33.117000
20.081000
27.832000
23.587000
25.405000
26.450000
18.469000
34.089000
28.257000
26.047000
32.179000
24.251000
25.584000
23.856000
24.312000
24.830000
28.474000
19.767000
25.676000
29.381000
27.644000
28.525000
21.473000
26.219000
25.162000
24.399000
20.352000
27.886000
24.487000
29.074000
35.227000
17.891000
22.869000
20.207000
20.164000
31.832000
22.338000
27.087000
21.271000
22.357000
25.374000
25.686000
34.277000
34.213000
20.859000
27.423000
20.600000
25.186000
26.953000
23.038000
21.210000
22.371000
24.330000
24.218000
24.376000
18.938000
26.367000
23.980000
25.772000
19.322000
30.313000
24.279000
31.701000
23.459000
25.875000
21.111000
19.309000
21.258000
21.005000
22.039000
20.982000
24.586000
31.576000
21.409000
28.961000
35.557000
27.041000
21.563000
30.446000
30.651000
21.546000
23.755000
29.509000
26.110000
23.479000
35.748000
23.323000
14.288000
25.335000
26.893000
32.081000
19.846000
26.693000
25.690000
26.091000
21.676000
27.917000
20.427000
15.332000
24.278000
22.889000
31.645000
19.396000
24.944000
28.369000
26.198000
30.485000
28.233000
27.489000
20.573000
24.877000
28.558000
19.052000
36.417000
20.926000
22.369000
24.686000
30.516000
23.991000
18.351000
23.026000
24.442000
26.337000
22.952000
22.481000
33.362000
25.201000
27.064000
25.921000
39.412000
22.369000
21.764000
24.735000
20.159000
23.563000
25.179000
21.480000
31.555000
27.051000
29.054000
41.911000
27.140000
27.563000
21.621000
28.044000
35.925000
31.104000
23.322000
20.612000
15.438000
29.832000
30.770000
29.919000
21.167000
36.144000
13.913000
18.382000
26.591000
35.012000
38.221000
28.397000
24.897000
25.767000
14.960000
25.463000
26.128000
28.335000
38.050000
32.029000
33.115000
26.474000
24.084000
26.378000
24.242000
20.713000
31.167000
25.552000
29.767000
33.380000
37.600000
22.586000
21.904000
29.472000
30.532000
34.253000
31.556000
24.956000
27.630000
30.766000
27.647000
26.408000
23.965000
22.474000
18.127000
25.029000
33.631000
35.291000
33.326000
31.775000
26.438000
32.398000
31.784000
27.000000
27.233000
30.095000
29.462000
25.063000
31.566000
34.547000
23.616000
34.989000
26.672000
22.403000
17.146000
24.822000
21.370000
29.289000
30.802000
23.472000
27.434000
22.390000
18.322000
24.367000
22.725000
22.713000
35.172000
19.820000
30.668000
27.545000
28.532000
32.922000
30.729000
21.753000
27.933000
24.749000
30.484000
21.554000
26.901000
22.910000
22.399000
36.334000
16.508000
22.419000
30.908000
25.229000
30.219000
29.136000
21.335000
27.489000
24.849000
20.428000
32.242000
30.004000
26.950000
30.370000
30.455000
20.738000
30.248000
27.307000
18.123000
16.198000
18.835000
27.610000
23.916000
24.662000
30.136000
25.273000
31.683000
25.368000
28.415000
21.662000
14.549000
35.149000
26.939000
29.034000
30.653000
20.556000
26.339000
27.855000
26.739000
23.776000
14.860000
30.873000
30.188000
25.191000
24.645000
28.948000
27.942000
31.070000
20.718000
33.040000
17.819000
24.360000
30.475000
17.829000
23.561000
20.878000
33.206000
23.649000
27.658000
20.529000
22.142000
36.255000
20.150000
17.950000
22.069000
27.004000
32.327000
24.662000
32.239000
24.018000
28.116000
24.641000
31.528000
21.566000
30.669000
30.119000
30.932000
18.716000
26.884000
20.504000
27.759000
26.559000
27.325000
22.184000
26.863000
14.137000
22.950000
18.392000
29.396000
34.631000
43.261000
22.247000
29.918000
16.379000
10.686000
17.128000
27.320000
33.079000
22.984000
22.129000
21.965000
29.016000
25.091000
25.051000
24.662000
23.038000
24.919000
18.337000
20.104000
21.136000
22.921000
15.600000
36.218000
22.904000
24.858000
25.700000
27.334000
32.099000
21.817000
26.675000
28.435000
20.949000
33.339000
25.301000
25.261000
14.137000
16.413000
22.814000
21.304000
17.553000
18.105000
14.996000
22.809000
23.117000
18.728000
25.457000
31.305000
17.115000
22.818000
22.236000
30.875000
28.318000
31.607000
34.364000
22.894000
25.462000
17.556000
22.812000
29.225000
35.425000
15.566000
23.381000
17.966000
21.906000
32.954000
25.743000
26.427000
29.086000
27.130000
39.109000
28.805000
20.649000
21.470000
27.821000
11.157000
19.507000
19.986000
36.992000
26.069000
23.180000
32.343000
29.414000
24.928000
23.585000
25.964000
36.982000
27.408000
26.596000
18.348000
26.616000
32.094000
19.066000
26.269000
29.353000
33.263000
19.101000
35.473000
28.643000
24.737000
26.757000
30.953000
23.313000
31.884000
35.603000
25.129000
25.160000
29.737000
33.851000
28.290000
20.955000
32.531000
30.999000
25.402000
29.966000
18.108000
18.915000
29.953000
23.227000
30.950000
25.969000
33.327000
29.204000
33.280000
27.694000
36.337000
29.881000
30.318000
32.688000
29.585000
28.551000
36.627000
28.661000
31.685000
27.398000
32.880000
21.761000
29.334000
34.693000
25.108000
32.224000
35.200000
35.380000
25.554000
19.645000
43.131000
24.731000
26.197000
28.954000
28.879000
14.451000
20.848000
20.644000
30.852000
16.778000
32.768000
34.420000
27.290000
17.675000
22.282000
27.145000
29.170000
30.185000
20.893000
30.958000
28.908000
37.829000
30.165000
26.044000
26.809000
28.012000
29.096000
33.589000
31.284000
30.874000
23.622000
29.131000
27.649000
33.667000
23.026000
29.594000
24.470000
30.813000
42.484000
28.340000
31.791000
33.902000
29.921000
20.375000
38.691000
30.055000
25.832000
30.106000
23.299000
24.275000
27.174000
24.194000
31.323000
28.165000
32.633000
24.424000
18.086000
27.356000
34.391000
33.266000
31.875000
21.076000
36.253000
25.698000
33.416000
22.374000
21.773000
32.324000
22.043000
33.383000
31.072000
24.130000
29.649000
27.844000
30.851000
24.411000
42.913000
16.038000
31.642000
34.059000
32.322000
37.646000
34.910000
17.903000
33.126000
31.292000
24.406000
34.674000
29.788000
27.519000
27.075000
32.421000
20.739000
37.497000
29.753000
32.846000
34.902000
31.356000
26.766000
28.690000
24.610000
26.166000
32.369000
29.108000
19.363000
29.390000
24.341000
27.984000
31.253000
34.533000
29.909000
13.533000
30.852000
23.438000
16.566000
32.934000
31.929000
32.562000
14.841000
28.496000
26.051000
21.635000
21.184000
25.828000
26.912000
25.870000
26.578000
26.003000
26.503000
31.716000
31.951000
32.134000
24.620000
24.777000
39.565000
31.501000
31.188000
25.068000
28.491000
22.528000
23.896000
21.553000
18.246000
25.866000
36.091000
22.333000
24.187000
16.769000
35.568000
35.582000
31.010000
26.294000
34.152000
27.990000
24.286000
43.739000
20.355000
31.001000
26.232000
28.645000
31.272000
23.966000
34.226000
24.112000
29.591000
30.370000
24.635000
29.063000
27.952000
34.897000
20.341000
32.848000
23.024000
17.768000
18.227000
28.326000
19.602000
23.503000
31.465000
24.485000
31.760000
31.926000
23.578000
29.010000
30.450000
21.370000
20.725000
16.761000
29.029000
34.169000
25.712000
33.347000
24.522000
26.048000
26.690000
21.889000
13.731000
25.634000
22.530000
26.148000
18.348000
25.418000
33.477000
30.404000
26.997000
20.391000
24.986000
27.436000
21.456000
25.955000
35.551000
28.030000
23.132000
26.514000
28.390000
27.709000
30.006000
27.257000
14.068000
30.688000
28.561000
26.896000
20.736000
28.841000
30.371000
17.399000
31.740000
24.274000
28.620000
38.182000
26.000000
34.440000
22.847000
20.142000
28.342000
25.175000
20.955000
20.205000
16.533000
31.363000
24.116000
24.135000
30.658000
24.565000
16.755000
26.775000
26.711000
23.167000
28.279000
28.052000
22.649000
24.966000
29.601000
26.646000
32.982000
29.535000
29.262000
25.160000
33.726000
20.680000
31.679000
30.840000
22.244000
16.455000
17.427000
25.082000
23.969000
25.009000
33.295000
26.958000
18.135000
29.432000
33.295000
29.330000
28.294000
34.093000
24.792000
33.546000
15.359000
21.376000
24.853000
23.214000
38.597000
21.568000
33.071000
37.223000
30.235000
24.501000
24.462000
23.928000
28.722000
28.517000
22.396000
28.176000
17.727000
30.500000
26.374000
35.856000
23.075000
31.606000
28.241000
26.246000
22.741000
22.638000
30.714000
22.250000
35.802000
22.393000
24.996000
26.151000
22.864000
28.103000
32.276000
14.659000
28.245000
21.570000
27.688000
26.264000
29.813000
29.361000
26.064000
32.935000
21.479000
24.531000
26.717000
26.004000
28.110000
22.729000
29.820000
25.091000
23.427000
22.853000
20.282000
28.507000
27.974000
19.834000
24.065000
23.367000
25.847000
30.474000
25.709000
26.436000
27.513000
21.627000
20.760000
24.441000
24.561000
30.866000
25.383000
24.041000
28.714000
22.958000
23.474000
26.384000
26.993000
29.756000
18.101000
19.599000
23.434000
30.693000
27.626000
22.840000
33.967000
34.656000
19.214000
32.188000
26.509000
29.209000
27.611000
32.649000
20.946000
25.033000
24.484000
38.323000
26.767000
30.930000
23.672000
22.281000
26.321000
25.766000
22.577000
26.091000
23.950000
31.041000
30.080000
36.202000
21.809000
22.626000
34.555000
26.709000
32.475000
16.829000
28.277000
32.190000
25.362000
31.736000
26.295000
23.701000
30.316000
23.418000
26.857000
20.626000
33.547000
29.779000
30.933000
25.771000
28.113000
19.606000
29.274000
28.419000
26.667000
28.387000
32.582000
24.153000
30.962000
37.393000
33.283000
32.669000
34.087000
31.128000
28.134000
24.307000
35.448000
32.657000
26.105000
35.150000
31.727000
27.435000
31.605000
41.010000
28.639000
26.932000
41.250000
26.143000
31.892000
28.510000
31.247000
25.039000
29.003000
26.979000
34.494000
28.039000
32.916000
19.196000
30.608000
27.697000
29.703000
21.330000
29.559000
24.740000
28.226000
32.446000
26.682000
29.677000
21.681000
32.536000
21.931000
36.467000
26.445000
18.233000
20.733000
19.023000
25.644000
27.910000
19.619000
24.643000
32.530000
29.343000
27.852000
30.978000
28.961000
38.011000
28.527000
25.394000
26.858000
24.060000
20.965000
29.865000
29.553000
25.726000
29.351000
27.235000
22.079000
28.373000
22.458000
22.636000
30.306000
35.290000
31.260000
18.158000
24.718000
18.584000
25.101000
33.713000
27.289000
27.254000
18.749000
34.197000
21.621000
22.280000
26.879000
24.535000
27.746000
27.213000
29.091000
34.136000
21.957000
23.818000
29.135000
28.160000
25.413000
27.341000
34.552000
31.417000
28.945000
44.450000
23.081000
24.285000
28.960000
27.551000
29.294000
21.930000
24.542000
21.294000
22.225000
31.632000
19.289000
24.294000
38.012000
21.056000
27.101000
28.770000
29.385000
33.262000
27.008000
25.177000
31.293000
30.498000
19.723000
29.124000
25.515000
29.319000
30.350000
24.385000
15.910000
23.739000
32.007000
20.659000
29.958000
32.654000
22.858000
29.438000
31.609000
25.318000
23.436000
21.978000
24.020000
23.639000
28.853000
20.932000
26.003000
30.941000
27.580000
34.734000
26.955000
15.354000
32.236000
26.806000
24.057000
28.882000
17.630000
22.495000
31.835000
21.281000
23.839000
29.236000
29.876000
29.238000
20.839000
29.653000
30.717000
27.721000
24.932000
26.464000
28.007000
16.011000
23.034000
24.576000
27.266000
14.550000
26.760000
23.765000
28.605000
20.953000
23.300000
28.234000
20.061000
15.367000
29.643000
20.272000
23.958000
26.853000
30.257000
28.749000
25.551000
29.451000
19.848000
22.885000
24.483000
24.101000
25.348000
26.276000
24.840000
22.224000
27.772000
33.889000
28.321000
22.072000
24.034000
25.623000
21.939000
22.099000
27.599000
16.918000
17.609000
35.000000
34.452000
26.395000
27.465000
28.665000
26.139000
22.720000
20.107000
21.402000
24.338000
25.278000
30.987000
25.670000
25.458000
21.313000
22.895000
17.866000
19.291000
29.575000
22.569000
24.602000
24.710000
31.538000
27.253000
31.247000
28.053000
25.816000
25.898000
25.056000
26.952000
18.267000
24.345000
22.609000
14.165000
24.923000
33.180000
29.199000
23.627000
15.963000
36.624000
21.743000
25.838000
39.616000
27.078000
37.218000
23.710000
24.863000
29.650000
23.487000
26.441000
22.559000
28.387000
21.743000
23.410000
19.861000
32.159000
25.324000
26.228000
20.946000
27.597000
22.156000
29.990000
26.744000
29.397000
28.549000
28.308000
25.119000
22.775000
21.068000
23.079000
23.508000
24.112000
24.013000
25.935000
22.204000
30.735000
27.346000
26.945000
16.961000
26.992000
35.095000
26.990000
30.801000
23.871000
22.746000
26.190000
20.015000
23.313000
18.973000
35.036000
35.428000
37.649000
24.221000
23.229000
30.291000
23.414000
19.700000
22.654000
34.944000
15.033000
27.263000
16.064000
27.727000
24.500000
22.290000
27.030000
28.963000
24.076000
27.811000
28.952000
27.682000
17.292000
23.026000
26.110000
23.355000
23.992000
25.165000
26.294000
27.432000
22.846000
18.292000
33.733000
27.682000
23.997000
20.543000
27.577000
25.481000
24.152000
27.545000
24.478000
31.043000
28.799000
28.439000
23.818000
29.187000
30.773000
19.312000
21.976000
26.108000
32.399000
23.982000
27.068000
18.748000
23.210000
34.158000
28.376000
23.309000
19.115000
30.125000
24.077000
23.632000
23.287000
26.824000
32.902000
29.426000
23.238000
24.187000
18.975000
18.656000
28.629000
24.479000
23.626000
28.622000
22.887000
23.137000
29.899000
29.148000
26.679000
21.991000
22.987000
23.059000
17.901000
38.815000
21.146000
21.787000
29.954000
27.959000
19.293000
19.812000
22.006000
22.065000
29.745000
26.090000
15.583000
19.778000
13.370000
23.695000
27.274000
25.577000
29.824000
18.930000
28.936000
12.825000
28.445000
14.793000
25.701000
25.675000
23.567000
23.862000
20.109000
23.324000
19.909000
20.840000
14.514000
24.128000
24.007000
26.630000
24.553000
26.609000
24.060000
18.714000
24.802000
19.568000
25.236000
20.008000
19.863000
25.468000
27.187000
25.129000
26.986000
25.718000
32.796000
22.086000
21.976000
25.528000
19.737000
23.126000
22.687000
25.946000
22.535000
28.160000
17.738000
20.669000
35.883000
25.078000
36.034000
23.100000
16.395000
21.445000
19.866000
18.534000
22.317000
18.141000
23.398000
29.547000
26.582000
19.981000
23.852000
24.379000
17.825000
36.336000
25.505000
25.127000
25.111000
24.452000
27.899000
25.240000
25.247000
25.090000
17.595000
21.666000
24.230000
22.313000
29.779000
22.415000
22.283000
21.806000
21.712000
22.444000
23.020000
26.253000
28.358000
17.689000
23.925000
18.892000
11.275000
18.023000
24.057000
27.606000
23.348000
18.886000
32.804000
35.382000
23.177000
39.715000
27.453000
16.445000
27.476000
33.144000
23.844000
21.023000
24.450000
26.985000
34.086000
30.076000
21.136000
23.537000
22.683000
13.318000
26.918000
19.979000
26.033000
26.480000
25.970000
26.409000
18.727000
15.929000
23.164000
16.390000
22.872000
19.716000
24.275000
27.479000
28.209000
23.887000
33.419000
28.813000
21.456000
25.631000
24.499000
20.418000
37.183000
19.194000
18.461000
20.546000
24.945000
19.440000
24.139000
24.451000
19.574000
21.431000
19.687000
24.030000
38.431000
33.255000
25.060000
21.391000
16.640000
38.748000
20.156000
37.875000
34.895000
24.172000
26.291000
39.375000
23.374000
26.403000
30.583000
21.106000
17.875000
11.121000
22.227000
23.831000
26.486000
21.532000
28.257000
16.824000
39.132000
24.208000
17.328000
14.260000
26.333000
41.033000
35.198000
29.832000
28.647000
16.316000
26.226000
34.678000
34.042000
34.870000
43.461000
43.395000
17.373000
32.624000
30.775000
30.314000
34.069000
40.907000
35.141000
17.374000
39.649000
27.230000
32.719000
28.323000
34.176000
31.138000
29.423000
25.309000
29.873000
36.147000
33.917000
21.044000
20.003000
35.898000
27.340000
21.355000
20.249000
36.924000
21.513000
28.125000
17.276000
33.870000
32.827000
19.560000
19.991000
23.240000
22.923000
26.193000
20.702000
32.472000
28.611000
31.701000
13.862000
21.674000
34.966000
37.411000
36.367000
25.408000
23.591000
41.722000
34.981000
37.505000
34.912000
19.961000
24.548000
35.338000
29.281000
30.835000
26.697000
30.369000
37.243000
31.627000
43.075000
32.488000
28.231000
36.287000
21.178000
43.250000
34.867000
36.714000
26.177000
17.985000
25.233000
27.364000
16.605000
22.954000
30.810000
37.471000
25.564000
24.707000
29.900000
25.943000
22.719000
11.400000
26.855000
33.278000
15.113000
24.334000
16.440000
17.779000
36.538000
33.576000
16.435000
33.611000
30.404000
43.259000
35.666000
24.627000
23.551000
27.409000
36.524000
24.672000
23.157000
21.039000
21.906000
27.076000
37.393000
33.654000
17.045000
13.552000
33.546000
32.669000
23.336000
24.645000
33.014000
23.498000
36.164000
36.179000
30.032000
20.361000
19.990000
23.629000
24.856000
22.649000
21.593000
19.600000
26.318000
26.594000
18.075000
34.060000
18.624000
23.288000
21.951000
20.585000
31.370000
26.127000
26.130000
29.531000
25.808000
26.362000
24.211000
25.999000
21.361000
23.256000
18.836000
23.306000
21.106000
23.173000
28.059000
26.474000
16.879000
24.211000
30.483000
22.485000
38.563000
22.608000
25.116000
18.625000
27.579000
24.656000
32.705000
25.422000
20.212000
22.388000
28.747000
25.177000
23.861000
24.499000
25.801000
21.230000
22.580000
26.092000
24.552000
17.985000
32.109000
25.670000
33.497000
20.264000
34.604000
20.951000
30.947000
23.504000
35.900000
23.416000
27.512000
24.067000
19.143000
25.953000
27.031000
24.753000
25.368000
27.981000
29.082000
21.486000
36.699000
17.159000
22.515000
31.948000
23.386000
28.502000
26.236000
36.065000
26.302000
28.133000
26.954000
27.923000
18.820000
21.260000
38.721000
30.516000
26.484000
27.410000
25.888000
16.859000
24.951000
24.119000
17.961000
21.185000
26.734000
34.305000
28.645000
19.452000
23.621000
26.298000
19.088000
21.863000
33.016000
20.903000
22.946000
25.955000
24.552000
28.595000
19.534000
31.821000
24.448000
22.230000
26.069000
19.366000
22.201000
17.034000
16.230000
20.138000
25.665000
17.998000
24.694000
22.257000
21.723000
24.969000
25.298000
20.665000
17.747000
34.830000
19.232000
27.715000
28.008000
22.969000
25.613000
14.682000
27.722000
13.852000
26.306000
23.674000
20.809000
25.792000
32.651000
19.401000
21.508000
27.779000
25.756000
22.356000
18.635000
23.451000
26.232000
25.290000
23.796000
20.268000
22.666000
27.019000
17.758000
21.122000
34.608000
24.023000
22.044000
26.107000
15.372000
22.528000
29.513000
22.534000
29.930000
22.570000
21.059000
21.656000
13.041000
27.013000
23.714000
27.408000
26.981000
16.116000
27.079000
22.818000
27.279000
30.242000
15.633000
25.890000
25.972000
26.455000
29.386000
29.912000
28.455000
16.346000
20.743000
26.643000
32.328000
33.604000
28.342000
22.929000
25.557000
31.057000
27.552000
23.118000
26.294000
22.768000
26.411000
24.999000
22.029000
26.039000
30.366000
20.743000
29.344000
19.306000
28.127000
23.841000
25.162000
32.592000
21.062000
20.441000
29.037000
28.216000
28.209000
20.555000
20.915000
31.627000
21.327000
21.164000
11.906000
20.827000
16.278000
28.175000
25.418000
22.515000
21.315000
15.704000
26.222000
24.951000
24.185000
27.094000
18.173000
28.025000
20.067000
33.007000
19.286000
21.295000
21.076000
22.673000
16.569000
28.738000
26.116000
26.166000
11.277000
19.899000
14.146000
20.744000
14.642000
39.119000
29.056000
23.902000
32.336000
22.857000
27.789000
27.274000
22.362000
18.333000
35.664000
17.696000
18.823000
20.654000
27.863000
18.859000
28.687000
23.678000
41.605000
19.278000
24.127000
33.148000
18.928000
22.420000
11.741000
21.872000
22.711000
17.307000
24.311000
14.412000
29.005000
23.357000
25.382000
30.010000
25.438000
32.709000
19.373000
26.662000
27.837000
29.051000
37.462000
28.538000
21.127000
18.497000
34.111000
28.242000
19.438000
20.510000
21.698000
17.920000
23.328000
18.811000
23.448000
14.947000
18.273000
22.599000
13.903000
19.429000
23.696000
22.350000
21.035000
29.053000
23.194000
13.962000
11.443000
24.918000
34.562000
32.748000
32.912000
16.475000
23.529000
25.658000
27.695000
13.119000
32.112000
21.122000
24.819000
17.234000
23.544000
26.581000
20.520000
39.525000
30.777000
26.647000
30.505000
23.583000
32.405000
32.434000
21.368000
13.547000
34.484000
26.035000
21.644000
22.244000
23.388000
23.027000
22.009000
13.659000
29.321000
21.178000
21.991000
24.256000
31.971000
23.304000
32.821000
22.997000
20.489000
23.424000
28.030000
22.452000
24.458000
24.867000
29.937000
19.554000
14.523000
24.175000
34.010000
36.899000
33.614000
26.962000
32.796000
34.573000
31.909000
26.692000
21.638000
26.652000
23.530000
21.853000
15.315000
30.358000
19.424000
24.548000
34.006000
18.410000
22.698000
15.203000
27.889000
33.996000
14.488000
20.911000
18.667000
29.986000
14.717000
14.313000
11.146000
27.807000
29.565000
25.367000
17.133000
19.626000
15.924000
26.912000
28.643000
29.073000
35.671000
27.247000
20.337000
30.242000
22.524000
26.557000
31.166000
17.178000
22.658000
19.843000
23.492000
23.056000
28.945000
14.716000
28.251000
21.993000
21.437000
22.588000
20.700000
19.154000
35.360000
26.842000
27.274000
26.902000
16.963000
27.752000
23.945000
23.438000
28.732000
27.072000
23.459000
19.241000
27.496000
16.133000
17.704000
28.532000
24.351000
18.670000
19.995000
27.475000
16.521000
22.747000
25.935000
25.430000
25.230000
30.369000
22.301000
35.304000
26.213000
21.705000
26.673000
21.939000
23.195000
26.441000
26.719000
19.370000
20.944000
24.522000
20.019000
24.845000
31.531000
29.364000
28.666000
29.406000
15.843000
30.660000
41.038000
22.518000
21.990000
15.241000
22.893000
26.485000
31.216000
18.755000
27.269000
16.245000
23.814000
29.282000
32.192000
23.289000
22.669000
40.082000
34.515000
21.281000
31.675000
19.039000
23.134000
24.269000
27.287000
30.053000
32.827000
35.769000
30.175000
23.224000
19.524000
30.335000
19.183000
27.386000
24.155000
23.696000
17.884000
22.368000
30.286000
23.895000
34.636000
18.521000
20.155000
18.800000
31.362000
31.664000
25.055000
20.728000
25.668000
35.074000
24.498000
28.287000
17.431000
28.730000
26.428000
23.085000
21.407000
18.153000
26.650000
25.385000
30.270000
26.561000
14.987000
19.394000
26.258000
25.826000
25.390000
24.352000
18.945000
28.109000
21.642000
27.897000
26.536000
29.955000
32.455000
30.055000
23.144000
27.422000
24.159000
32.286000
26.980000
34.525000
19.119000
23.748000
18.634000
34.435000
32.618000
36.206000
30.197000
30.718000
27.488000
42.222000
24.362000
25.386000
26.696000
24.319000
26.948000
22.560000
21.406000
25.353000
28.817000
25.514000
22.659000
35.502000
11.667000
24.459000
23.373000
22.675000
27.025000
17.879000
17.371000
28.495000
20.683000
24.542000
20.196000
28.383000
23.962000
23.962000
33.385000
14.587000
19.565000
22.801000
29.562000
19.497000
29.871000
19.016000
26.157000
17.495000
25.400000
34.700000
28.275000
22.196000
25.897000
18.536000
33.212000
20.361000
32.910000
18.602000
24.472000
23.644000
26.154000
18.959000
22.620000
17.588000
32.130000
15.893000
14.740000
20.336000
26.325000
17.938000
30.689000
27.284000
17.538000
22.214000
20.419000
21.232000
35.162000
28.105000
31.813000
29.892000
22.964000
27.247000
26.945000
37.690000
23.610000
28.887000
31.207000
22.525000
24.425000
29.731000
31.642000
25.268000
32.481000
32.697000
31.334000
23.363000
24.547000
24.422000
28.197000
24.570000
20.178000
28.956000
32.711000
26.941000
31.115000
40.257000
25.482000
25.734000
27.095000
31.093000
15.682000
28.958000
18.119000
39.302000
20.059000
32.581000
30.189000
19.569000
33.371000
23.246000
23.344000
27.867000
16.062000
30.880000
39.933000
22.097000
26.488000
26.837000
22.213000
18.358000
35.291000
18.590000
34.247000
25.464000
21.791000
23.157000
32.794000
34.570000
24.229000
31.779000
35.128000
24.492000
27.598000
21.114000
28.361000
28.603000
16.971000
21.988000
19.538000
26.034000
28.974000
32.551000
29.272000
35.519000
27.777000
31.120000
27.619000
34.527000
32.254000
29.833000
24.881000
21.024000
27.069000
26.145000
23.316000
23.125000
34.945000
33.478000
30.837000
10.394000
31.572000
22.534000
22.679000
31.810000
22.421000
27.031000
22.962000
35.195000
24.998000
30.624000
33.971000
30.839000
19.304000
14.070000
28.241000
32.662000
23.736000
28.699000
30.267000
36.503000
15.856000
16.160000
24.803000
24.170000
32.180000
20.685000
30.996000
34.868000
35.802000
33.819000
18.126000
37.500000
21.726000
36.314000
31.641000
23.855000
33.676000
40.872000
34.641000
15.201000
19.353000
27.294000
28.339000
32.343000
34.139000
17.073000
34.404000
19.464000
27.901000
26.842000
28.712000
37.004000
27.149000
35.375000
29.546000
31.479000
21.213000
27.096000
31.710000
31.317000
23.970000
31.187000
25.420000
31.054000
34.209000
31.701000
19.136000
21.441000
34.115000
28.084000
27.838000
22.167000
20.746000
30.733000
33.561000
27.306000
23.919000
28.783000
27.578000
25.747000
34.770000
30.434000
29.729000
23.813000
26.653000
19.673000
24.910000
23.423000
37.441000
25.417000
33.100000
24.958000
29.212000
30.852000
15.915000
18.933000
33.001000
27.978000
21.629000
32.171000
25.798000
23.498000
32.648000
19.453000
18.252000
32.933000
36.291000
21.065000
21.983000
19.793000
30.582000
23.820000
32.162000
16.691000
21.290000
28.668000
28.377000
27.176000
23.654000
34.508000
26.804000
24.885000
30.701000
21.619000
26.700000
25.341000
15.772000
30.045000
27.656000
31.221000
23.644000
30.744000
26.619000
25.398000
26.090000
18.540000
30.217000
27.222000
20.287000
21.020000
32.686000
23.622000
28.010000
34.928000
29.913000
22.525000
24.713000
28.937000
28.919000
22.903000
19.731000
20.271000
34.054000
34.929000
26.430000
25.188000
25.110000
23.924000
27.435000
25.810000
32.206000
27.426000
27.379000
21.755000
23.962000
24.128000
24.714000
36.996000
32.064000
36.138000
16.229000
13.035000
30.664000
19.447000
25.632000
25.617000
29.640000
25.680000
24.055000
33.463000
21.449000
33.066000
30.525000
32.290000
27.520000
28.102000
19.412000
26.376000
24.264000
22.596000
30.685000
25.386000
25.125000
37.719000
29.744000
31.231000
21.430000
20.509000
30.835000
30.928000
23.567000
29.504000
22.749000
30.829000
29.959000
37.909000
23.840000
32.731000
21.521000
26.089000
35.359000
26.866000
30.593000
28.646000
27.295000
24.256000
29.521000
12.335000
25.060000
30.032000
33.169000
17.683000
43.332000
16.800000
27.582000
25.243000
26.824000
28.857000
21.386000
25.833000
36.963000
30.860000
34.291000
25.510000
29.277000
36.660000
16.612000
33.602000
27.221000
18.767000
36.046000
24.473000
24.013000
35.465000
26.564000
31.064000
31.047000
25.654000
33.383000
23.756000
18.193000
28.418000
31.027000
30.987000
31.601000
20.556000
35.538000
31.351000
10.741000
25.120000
27.112000
33.066000
23.716000
27.513000
15.914000
30.247000
25.855000
23.123000
26.002000
25.244000
27.813000
24.867000
26.262000
28.371000
24.382000
25.439000
26.494000
30.560000
15.700000
29.329000
28.337000
30.019000
13.704000
30.027000
19.405000
21.900000
19.555000
26.694000
31.643000
20.465000
20.135000
31.887000
32.552000
32.160000
27.677000
28.046000
19.729000
23.819000
31.808000
35.760000
32.465000
26.222000
27.109000
30.376000
34.228000
30.208000
27.934000
30.629000
28.787000
26.814000
19.018000
28.263000
23.674000
22.611000
13.237000
26.800000
31.798000
25.627000
25.441000
18.854000
28.959000
30.206000
27.061000
35.271000
18.003000
19.222000
28.562000
28.066000
28.452000
18.333000
15.775000
22.160000
34.937000
20.789000
29.401000
16.378000
22.664000
22.974000
17.071000
26.755000
22.103000
26.828000
30.340000
24.543000
29.850000
35.613000
31.100000
23.734000
32.018000
25.283000
27.266000
20.879000
22.989000
28.954000
30.427000
30.470000
26.043000
27.685000
25.643000
25.894000
23.817000
22.134000
22.633000
31.092000
30.680000
30.065000
21.703000
31.785000
41.265000
25.884000
18.745000
29.814000
30.675000
20.133000
28.131000
34.859000
26.817000
26.607000
32.156000
33.468000
19.742000
25.753000
20.491000
27.614000
20.594000
32.553000
16.206000
22.806000
28.181000
35.484000
28.960000
27.932000
29.491000
34.573000
26.766000
27.466000
22.574000
26.552000
22.397000
26.539000
26.242000
30.135000
26.535000
28.650000
25.451000
22.929000
38.545000
22.274000
24.179000
20.394000
25.247000
21.023000
28.574000
26.193000
21.601000
23.284000
30.291000
30.421000
16.801000
29.602000
19.677000
22.146000
39.108000
28.953000
17.652000
28.395000
21.089000
23.759000
24.673000
25.767000
19.563000
20.391000
33.961000
35.795000
24.243000
24.436000
31.782000
30.047000
18.008000
20.433000
22.550000
21.982000
29.366000
30.804000
24.642000
23.531000
28.208000
26.317000
21.355000
21.873000
22.922000
35.446000
28.351000
24.422000
24.892000
26.580000
25.333000
23.711000
22.695000
25.179000
25.469000
32.800000
15.678000
24.947000
31.868000
25.128000
17.968000
25.190000
34.919000
25.738000
30.806000
25.593000
21.281000
29.055000
26.925000
26.613000
32.054000
26.763000
14.938000
18.287000
23.423000
30.785000
29.031000
32.206000
24.455000
25.143000
26.566000
30.375000
29.512000
22.806000
31.471000
25.939000
19.594000
32.979000
23.615000
28.290000
25.590000
18.724000
25.579000
32.435000
20.396000
25.282000
29.925000
21.999000
17.037000
22.292000
16.916000
27.581000
29.285000
24.989000
16.114000
41.548000
23.585000
30.698000
32.720000
23.978000
26.512000
29.573000
22.107000
15.672000
29.056000
26.568000
24.033000
21.532000
22.660000
21.888000
31.300000
33.155000
30.753000
24.330000
27.827000
30.433000
26.380000
29.855000
30.854000
24.301000
20.325000
32.677000
24.963000
34.263000
21.430000
13.476000
32.674000
28.015000
28.031000
25.628000
25.331000
28.105000
30.306000
25.332000
28.063000
26.464000
27.130000
26.907000
21.886000
22.931000
17.332000
27.021000
26.892000
26.717000
28.120000
35.005000
18.272000
28.440000
27.968000
18.569000
27.353000
31.512000
19.688000
25.909000
29.207000
27.188000
30.751000
22.300000
22.733000
34.189000
24.019000
24.813000
26.209000
33.989000
16.363000
21.513000
30.073000
21.728000
20.920000
24.315000
22.505000
29.080000
20.288000
26.445000
30.703000
26.412000
19.757000
15.303000
23.833000
29.016000
26.430000
26.648000
29.190000
25.101000
27.313000
29.043000
24.488000
23.812000
31.504000
35.517000
27.365000
21.592000
27.761000
21.185000
21.320000
34.797000
28.541000
24.055000
24.890000
23.541000
26.909000
22.287000
25.159000
31.200000
23.460000
20.402000
19.680000
28.557000
31.116000
22.770000
27.061000
23.515000
22.740000
24.279000
15.853000
26.233000
30.224000
22.245000
26.679000
24.945000
25.991000
20.340000
30.571000
23.031000
16.476000
30.415000
27.837000
32.497000
29.270000
23.717000
19.187000
26.119000
29.705000
24.860000
29.988000
29.329000
23.923000
35.079000
24.650000
23.697000
27.729000
32.431000
20.144000
26.944000
27.240000
30.569000
21.609000
26.114000
17.287000
22.268000
33.446000
27.321000
25.988000
27.372000
22.626000
21.347000
26.319000
25.208000
25.498000
20.345000
26.853000
18.728000
18.429000
25.396000
28.962000
18.927000
24.204000
29.641000
20.936000
17.719000
26.550000
21.849000
25.469000
32.187000
30.064000
26.767000
32.118000
30.244000
29.903000
28.417000
26.124000
30.928000
24.320000
27.388000
20.440000
25.102000
29.769000
26.730000
25.402000
34.783000
30.398000
31.758000
31.086000
28.664000
35.571000
30.134000
22.150000
31.070000
29.102000
18.135000
28.215000
25.371000
25.855000
24.097000
27.120000
26.537000
25.171000
27.384000
25.407000
20.583000
25.889000
26.458000
28.870000
36.733000
18.802000
17.223000
23.545000
25.152000
22.897000
29.449000
22.687000
30.009000
27.239000
28.564000
34.966000
27.374000
25.206000
19.479000
18.596000
24.903000
28.556000
29.290000
17.873000
23.375000
22.717000
30.514000
27.638000
27.813000
26.026000
22.683000
28.913000
25.321000
28.946000
26.574000
19.244000
20.257000
22.550000
24.758000
29.383000
24.334000
26.240000
25.909000
23.515000
24.434000
27.648000
30.127000
26.529000
25.473000
25.734000
19.751000
19.261000
24.751000
24.967000
27.141000
30.738000
26.366000
29.710000
14.127000
24.617000
29.259000
35.943000
13.944000
30.426000
29.119000
16.575000
28.217000
24.087000
30.500000
34.719000
24.533000
28.132000
27.271000
21.943000
26.200000
30.026000
29.200000
12.692000
26.069000
21.526000
28.577000
26.712000
20.634000
27.233000
31.711000
30.272000
22.456000
29.188000
30.670000
23.453000
27.697000
19.211000
33.539000
25.904000
19.205000
21.598000
27.123000
27.197000
33.587000
30.149000
30.970000
27.068000
32.944000
33.453000
35.444000
26.405000
33.011000
28.888000
30.776000
26.180000
24.398000
27.875000
27.134000
25.337000
27.111000
20.295000
35.217000
26.469000
33.484000
27.489000
25.552000
24.267000
15.760000
27.680000
31.520000
24.239000
28.169000
18.823000
24.056000
26.833000
26.492000
26.157000
22.759000
30.265000
25.860000
14.998000
30.497000
29.421000
29.248000
20.574000
28.538000
24.825000
24.368000
27.660000
29.857000
26.285000
29.811000
24.477000
20.785000
25.285000
32.001000
24.752000
15.509000
26.009000
28.703000
26.687000
27.125000
28.258000
27.925000
26.258000
27.031000
20.329000
29.536000
26.422000
30.525000
29.176000
25.414000
27.569000
17.062000
29.606000
28.104000
25.431000
23.605000
25.590000
25.537000
23.707000
24.410000
28.704000
25.541000
24.032000
32.243000
27.070000
33.810000
36.217000
32.138000
26.822000
24.495000
18.310000
19.914000
17.843000
28.304000
24.546000
29.991000
21.803000
31.691000
28.004000
23.092000
26.645000
35.082000
30.812000
21.555000
31.788000
18.985000
30.461000
28.762000
28.127000
28.294000
25.523000
21.705000
29.364000
23.987000
23.648000
25.760000
22.287000
28.863000
23.756000
27.751000
21.262000
22.151000
27.115000
27.826000
22.163000
21.719000
35.653000
20.137000
22.162000
21.229000
23.343000
25.452000
26.185000
31.821000
13.264000
28.525000
20.403000
25.921000
14.239000
26.388000
21.754000
20.803000
25.484000
21.150000
20.777000
25.961000
29.217000
27.845000
27.357000
27.372000
22.858000
17.829000
19.786000
22.152000
29.750000
35.813000
25.507000
35.469000
27.775000
21.713000
27.982000
26.306000
28.282000
17.709000
26.942000
21.223000
24.917000
30.757000
26.160000
26.662000
21.530000
24.751000
25.937000
28.546000
24.995000
26.215000
25.860000
36.947000
25.444000
29.491000
29.747000
19.665000
30.710000
27.252000
17.119000
20.708000
29.055000
26.208000
23.357000
25.907000
20.217000
24.490000
29.956000
33.604000
28.490000
18.618000
31.056000
19.904000
12.166000
23.879000
21.501000
23.154000
23.572000
23.838000
33.591000
27.355000
24.557000
23.916000
26.077000
30.211000
27.248000
22.779000
23.804000
24.727000
21.115000
30.912000
24.066000
20.455000
26.997000
29.402000
17.824000
24.890000
23.479000
26.457000
22.157000
14.790000
20.766000
17.884000
29.437000
23.335000
33.254000
24.052000
29.608000
18.754000
26.648000
25.956000
33.576000
30.859000
27.630000
20.655000
33.797000
26.340000
23.982000
32.921000
27.842000
24.679000
16.209000
26.042000
22.045000
27.164000
31.727000
29.742000
20.956000
18.166000
27.831000
18.310000
27.127000
23.671000
29.404000
23.221000
26.835000
27.581000
32.435000
28.790000
25.978000
20.752000
24.718000
15.579000
24.647000
25.263000
28.433000
18.782000
20.244000
32.314000
29.162000
24.717000
29.281000
24.329000
28.564000
25.700000
21.383000
22.963000
30.895000
25.689000
30.114000
25.036000
35.078000
37.949000
29.293000
34.024000
32.363000
24.899000
20.918000
14.501000
32.723000
23.663000
24.881000
26.989000
26.191000
25.036000
32.268000
15.928000
35.559000
25.332000
23.433000
35.364000
32.279000
33.619000
32.501000
22.818000
33.371000
18.999000
26.510000
29.408000
30.136000
29.451000
28.220000
20.400000
24.713000
31.562000
28.512000
12.167000
30.751000
28.262000
25.597000
22.182000
37.647000
18.490000
26.666000
22.561000
29.163000
20.514000
25.664000
21.744000
32.133000
33.211000
37.011000
21.482000
16.887000
24.653000
24.671000
14.903000
24.135000
28.167000
26.231000
29.733000
20.356000
32.111000
25.221000
13.934000
25.473000
31.135000
7.797000
31.215000
24.946000
30.851000
9.364000
28.602000
30.554000
21.181000
28.236000
29.642000
22.648000
23.666000
26.697000
31.913000
34.978000
26.414000
24.824000
27.058000
18.030000
29.713000
20.687000
15.625000
30.619000
26.457000
26.435000
38.457000
29.540000
13.262000
25.370000
13.618000
24.593000
28.163000
33.453000
22.901000
28.841000
26.437000
28.952000
26.299000
30.554000
27.971000
25.157000
24.156000
25.999000
28.320000
16.089000
33.351000
28.509000
18.451000
26.894000
16.043000
24.178000
33.532000
25.536000
22.191000
32.093000
26.510000
40.706000
20.415000
23.739000
23.559000
25.882000
30.894000
30.475000
27.170000
32.943000
30.741000
28.529000
30.339000
19.773000
27.125000
26.870000
18.778000
27.473000
21.056000
26.978000
29.986000
30.136000
10.438000
24.420000
29.526000
22.655000
25.838000
24.136000
22.411000
15.567000
24.041000
23.535000
30.570000
22.178000
16.874000
21.805000
24.351000
26.958000
23.526000
33.799000
14.533000
20.732000
11.035000
27.191000
27.055000
36.487000
21.917000
23.230000
24.420000
24.650000
36.224000
30.266000
24.304000
24.184000
31.388000
23.369000
29.120000
33.088000
30.570000
25.854000
28.167000
28.545000
31.896000
22.125000
29.792000
31.502000
28.292000
23.561000
25.210000
26.977000
23.319000
28.568000
31.188000
27.863000
25.457000
11.193000
32.845000
29.587000
28.259000
34.020000
22.779000
41.171000
28.188000
25.504000
28.726000
33.089000
25.677000
26.777000
34.127000
19.657000
21.126000
22.595000
21.170000
34.004000
26.305000
22.954000
29.788000
28.138000
21.925000
18.077000
35.689000
21.970000
27.859000
18.080000
26.728000
24.977000
28.765000
26.784000
13.325000
21.045000
18.384000
35.321000
29.404000
24.697000
16.104000
31.490000
27.835000
26.497000
16.742000
29.037000
24.459000
21.850000
23.005000
32.480000
27.860000
22.732000
19.569000
26.788000
29.728000
23.991000
21.640000
27.918000
22.333000
25.065000
33.627000
22.500000
27.788000
27.125000
25.245000
26.718000
22.319000
31.212000
29.044000
30.108000
20.766000
25.346000
21.438000
27.482000
32.018000
30.359000
24.036000
28.218000
28.486000
20.268000
28.252000
22.770000
28.239000
25.298000
22.771000
35.035000
24.966000
20.627000
26.426000
25.329000
18.641000
19.582000
23.888000
24.916000
22.611000
28.726000
27.870000
21.543000
27.972000
21.839000
29.645000
35.122000
25.940000
27.654000
23.378000
36.888000
22.049000
18.751000
29.198000
27.428000
24.007000
23.736000
21.315000
27.580000
23.218000
24.846000
33.152000
26.615000
13.456000
18.103000
21.074000
19.334000
28.871000
28.504000
31.997000
33.701000
26.899000
21.717000
21.281000
28.922000
15.159000
26.088000
26.876000
28.495000
31.100000
22.772000
27.630000
22.757000
32.277000
27.435000
27.298000
30.727000
22.801000
25.814000
28.597000
25.257000
21.692000
33.959000
32.392000
26.959000
25.149000
28.819000
29.322000
28.557000
31.060000
22.839000
27.744000
30.228000
27.137000
39.105000
27.409000
22.426000
25.446000
25.969000
32.760000
23.108000
29.272000
19.272000
22.497000
24.036000
32.387000
24.704000
31.941000
26.719000
30.106000
31.823000
22.926000
26.581000
16.768000
27.707000
30.865000
29.918000
20.969000
20.742000
20.124000
15.713000
23.362000
22.908000
24.598000
19.084000
19.939000
33.033000
32.510000
30.085000
28.840000
27.529000
22.655000
23.043000
26.595000
25.665000
19.093000
24.304000
20.686000
20.533000
26.272000
23.666000
27.941000
18.909000
34.606000
22.746000
38.411000
23.604000
25.560000
22.673000
22.589000
18.150000
23.649000
28.619000
33.492000
24.032000
25.079000
28.215000
30.594000
21.721000
19.423000
28.412000
30.332000
28.746000
19.064000
22.546000
27.792000
31.213000
28.959000
17.198000
32.232000
16.064000
22.994000
30.447000
33.441000
35.227000
27.096000
25.199000
16.154000
32.840000
30.049000
28.685000
24.677000
27.851000
25.131000
19.490000
26.897000
26.917000
29.644000
28.496000
28.413000
32.890000
23.511000
16.685000
20.683000
25.668000
30.082000
23.678000
29.726000
24.905000
28.349000
24.608000
24.537000
27.641000
32.833000
28.717000
27.644000
33.640000
26.331000
17.022000
26.290000
24.017000
26.936000
17.475000
32.900000
25.166000
25.521000
23.650000
30.699000
26.311000
22.990000
30.737000
33.281000
23.467000
30.994000
26.146000
28.123000
29.174000
26.452000
19.452000
30.300000
20.336000
39.188000
16.316000
23.659000
33.389000
25.666000
34.901000
20.710000
29.806000
31.257000
32.917000
27.768000
21.917000
24.466000
31.437000
24.326000
27.202000
21.145000
31.390000
31.890000
28.297000
24.228000
21.209000
20.767000
21.131000
27.114000
28.940000
24.897000
17.391000
21.135000
21.215000
30.272000
32.538000
21.655000
26.073000
21.200000
25.902000
23.607000
23.108000
27.162000
19.560000
27.471000
26.856000
30.485000
18.909000
24.639000
32.545000
21.192000
30.299000
23.701000
16.767000
21.427000
26.089000
23.214000
27.997000
24.346000
15.919000
20.042000
28.402000
25.117000
14.247000
22.065000
24.476000
25.000000
29.558000
22.891000
19.224000
20.615000
28.405000
30.906000
29.522000
28.875000
27.343000
29.422000
20.434000
34.862000
22.578000
23.360000
20.292000
39.080000
26.479000
18.820000
30.872000
26.970000
30.267000
31.604000
20.206000
17.695000
24.478000
22.008000
28.408000
23.768000
25.205000
26.198000
22.318000
30.576000
31.394000
30.282000
31.358000
24.257000
26.512000
34.740000
23.088000
28.074000
23.901000
28.375000
17.528000
28.031000
29.968000
28.496000
22.885000
17.054000
20.625000
30.435000
22.242000
28.472000
20.373000
20.688000
27.370000
19.975000
19.470000
34.558000
18.894000
26.917000
25.934000
27.827000
24.486000
32.367000
18.893000
27.726000
27.469000
33.153000
24.308000
31.565000
31.618000
30.313000
29.718000
30.360000
17.836000
30.711000
28.234000
26.772000
25.915000
25.942000
21.251000
29.223000
23.500000
40.080000
28.799000
18.942000
28.723000
23.953000
29.040000
31.369000
25.435000
24.630000
21.409000
20.039000
26.017000
23.444000
21.945000
28.428000
19.981000
20.676000
23.631000
32.074000
19.105000
16.822000
34.207000
28.149000
29.307000
26.066000
23.130000
28.995000
33.918000
31.041000
33.637000
19.651000
22.956000
27.299000
14.287000
25.464000
26.415000
17.262000
22.322000
26.904000
34.781000
30.909000
26.093000
30.151000
25.194000
23.492000
23.242000
27.222000
29.533000
24.978000
19.353000
26.156000
23.795000
20.720000
29.898000
25.596000
23.506000
17.356000
26.442000
31.123000
14.651000
26.229000
28.998000
22.689000
26.174000
29.035000
23.146000
24.916000
18.329000
25.800000
27.505000
27.493000
24.972000
30.620000
25.357000
23.563000
28.324000
21.614000
23.115000
26.841000
24.361000
26.215000
25.913000
30.822000
22.597000
17.572000
25.368000
14.919000
22.743000
17.683000
23.688000
31.781000
25.256000
22.704000
19.725000
25.795000
28.680000
27.429000
27.150000
32.727000
26.965000
25.544000
32.728000
22.289000
20.605000
17.047000
31.324000
27.249000
26.388000
27.038000
19.259000
13.477000
26.608000
23.555000
15.763000
29.233000
32.966000
24.087000
22.407000
29.467000
24.213000
21.834000
26.114000
24.477000
27.771000
22.940000
25.906000
21.925000
29.429000
23.667000
13.410000
24.006000
19.414000
22.527000
22.744000
24.766000
24.722000
31.607000
22.216000
16.996000
28.596000
25.305000
22.920000
28.782000
21.983000
22.191000
23.029000
33.889000
19.769000
24.875000
17.198000
25.018000
27.025000
28.643000
27.340000
18.565000
23.272000
25.032000
19.241000
14.762000
25.860000
29.736000
22.945000
20.874000
18.376000
15.699000
23.966000
27.926000
25.224000
31.506000
28.137000
30.426000
14.530000
22.894000
24.356000
23.227000
25.311000
17.473000
30.413000
31.639000
25.566000
20.801000
27.371000
32.486000
26.760000
15.863000
22.268000
18.796000
16.475000
31.093000
25.883000
27.929000
28.555000
21.741000
21.431000
27.296000
21.965000
18.986000
21.708000
23.830000
25.411000
20.320000
31.197000
24.278000
23.094000
19.668000
24.363000
22.953000
29.612000
27.604000
26.538000
23.959000
23.666000
18.494000
22.429000
20.773000
34.604000
25.008000
21.541000
20.401000
20.348000
20.148000
24.718000
16.971000
27.951000
23.391000
32.581000
22.134000
31.393000
26.436000
17.253000
18.379000
29.637000
34.840000
19.877000
17.440000
32.228000
24.824000
18.663000
20.333000
28.888000
24.636000
28.446000
21.935000
17.426000
16.653000
22.886000
31.857000
25.537000
21.568000
26.337000
14.841000
25.435000
19.440000
19.073000
25.580000
23.347000
24.306000
14.974000
16.311000
20.042000
22.378000
27.670000
20.065000
19.539000
17.090000
20.844000
22.379000
22.342000
26.321000
22.359000
26.320000
23.735000
21.048000
29.459000
28.352000
19.781000
23.597000
18.273000
26.871000
19.042000
23.470000
20.018000
27.965000
25.798000
20.970000
21.786000
23.259000
14.001000
20.318000
19.859000
30.788000
15.904000
24.718000
25.194000
23.285000
23.612000
22.016000
25.282000
29.587000
24.277000
29.960000
31.326000
26.817000
18.572000
29.132000
31.787000
30.068000
34.093000
17.684000
21.969000
15.936000
20.746000
28.186000
18.156000
18.600000
23.362000
15.377000
22.817000
15.225000
39.319000
20.625000
23.110000
16.395000
26.244000
24.086000
25.890000
22.807000
15.974000
35.836000
16.147000
34.332000
26.775000
22.173000
19.998000
18.595000
23.153000
10.355000
26.264000
12.062000
17.219000
17.236000
35.956000
29.849000
25.863000
21.147000
28.320000
30.390000
23.717000
21.409000
15.579000
20.326000
24.540000
24.182000
19.902000
20.521000
23.174000
19.553000
16.982000
21.964000
25.839000
25.402000
34.596000
15.599000
18.929000
19.861000
24.437000
23.025000
22.950000
30.234000
23.277000
17.848000
19.116000
18.916000
22.372000
18.696000
27.806000
17.771000
25.872000
23.015000
24.890000
22.976000
23.005000
22.927000
27.441000
23.917000
19.471000
24.129000
25.388000
31.605000
32.398000
23.081000
17.818000
23.728000
19.204000
25.591000
23.271000
23.418000
15.232000
22.787000
12.495000
29.491000
23.397000
25.076000
23.136000
24.246000
33.666000
25.417000
30.526000
17.702000
25.707000
21.362000
34.666000
22.114000
22.140000
24.095000
22.996000
24.937000
27.282000
26.894000
26.045000
16.711000
18.478000
26.887000
26.257000
24.733000
20.312000
22.396000
22.596000
18.821000
29.756000
28.617000
24.115000
21.076000
25.467000
19.342000
28.326000
23.572000
26.666000
23.697000
19.710000
23.127000
28.935000
23.427000
20.759000
28.438000
27.709000
20.302000
24.944000
23.822000
17.855000
27.162000
24.319000
29.315000
16.855000
18.480000
22.542000
22.390000
15.597000
24.011000
25.237000
22.338000
24.847000
19.045000
20.862000
26.587000
18.166000
16.075000
25.600000
33.486000
28.415000
18.655000
21.913000
28.958000
27.820000
23.921000
27.627000
29.792000
29.943000
18.145000
20.735000
24.463000
29.016000
26.620000
33.290000
17.142000
17.565000
18.076000
17.164000
25.897000
19.590000
14.913000
33.909000
24.666000
35.567000
33.515000
19.645000
20.319000
28.581000
22.294000
27.282000
26.484000
26.800000
18.973000
22.094000
20.389000
25.503000
22.935000
14.428000
28.329000
28.717000
24.340000
22.250000
14.562000
15.913000
22.374000
23.419000
23.505000
22.062000
24.410000
12.779000
22.496000
20.229000
25.861000
23.021000
16.081000
25.060000
25.751000
22.905000
14.090000
23.033000
25.674000
21.931000
28.527000
19.874000
24.292000
21.973000
20.406000
21.086000
25.980000
40.330000
25.456000
29.082000
24.029000
29.593000
27.538000
25.341000
13.984000
18.528000
23.458000
28.638000
25.404000
23.194000
17.160000
26.834000
19.081000
15.396000
25.557000
16.246000
25.850000
23.374000
27.640000
19.277000
20.018000
25.788000
20.384000
23.212000
18.719000
27.899000
19.463000
28.027000
26.298000
19.464000
26.562000
19.763000
31.326000
18.225000
27.592000
15.741000
16.984000
27.519000
26.389000
25.074000
23.998000
24.330000
25.647000
20.440000
22.438000
29.452000
24.585000
21.352000
20.912000
25.902000
20.690000
24.468000
23.486000
19.296000
27.450000
30.411000
19.408000
24.704000
23.455000
39.044000
20.874000
30.742000
21.197000
26.590000
31.372000
21.034000
20.291000
27.929000
14.789000
24.025000
20.390000
25.569000
28.483000
15.447000
26.761000
23.426000
36.041000
22.766000
25.184000
20.062000
11.153000
19.056000
26.354000
25.688000
23.204000
21.464000
24.219000
19.378000
19.491000
31.348000
16.914000
27.563000
19.694000
30.427000
23.292000
30.755000
28.349000
25.500000
23.725000
21.796000
23.184000
34.440000
21.826000
22.871000
27.331000
18.926000
31.079000
34.167000
18.535000
25.544000
22.190000
27.505000
31.657000
27.169000
34.518000
28.399000
22.882000
20.771000
23.106000
24.879000
23.499000
29.244000
28.858000
28.926000
31.497000
26.969000
25.993000
25.549000
26.837000
21.333000
22.385000
28.547000
19.702000
22.758000
28.702000
23.914000
26.381000
30.609000
28.899000
28.262000
20.845000
30.481000
24.700000
31.020000
23.267000
23.880000
20.068000
31.038000
31.625000
31.488000
17.888000
34.170000
19.952000
28.924000
29.891000
18.081000
25.839000
26.035000
18.805000
28.786000
15.203000
26.229000
34.600000
28.583000
25.864000
21.483000
34.643000
22.255000
32.594000
31.630000
25.850000
27.030000
20.175000
20.723000
24.580000
25.488000
26.354000
21.611000
19.952000
22.771000
21.056000
24.892000
27.022000
20.571000
29.430000
30.574000
13.239000
22.324000
20.613000
31.136000
20.716000
25.417000
28.453000
26.585000
23.848000
18.634000
29.157000
20.987000
23.919000
27.056000
23.180000
20.988000
29.493000
35.017000
27.050000
23.616000
21.561000
28.642000
30.362000
18.373000
23.976000
31.553000
31.506000
18.313000
36.319000
31.567000
22.125000
29.468000
30.126000
28.720000
27.879000
29.438000
26.708000
19.547000
13.618000
24.809000
30.640000
32.743000
26.756000
21.677000
25.453000
21.098000
28.729000
26.578000
19.034000
26.568000
24.929000
21.095000
21.595000
33.475000
25.671000
24.651000
24.438000
27.850000
19.573000
34.854000
21.228000
24.825000
16.964000
20.745000
30.698000
30.370000
20.255000
17.877000
31.511000
30.915000
32.148000
26.312000
30.655000
23.948000
29.179000
19.474000
23.693000
24.508000
21.097000
31.915000
42.781000
37.538000
20.679000
43.433000
28.157000
26.602000
35.082000
27.961000
29.837000
40.267000
30.171000
34.919000
29.064000
32.750000
30.795000
27.937000
21.863000
18.730000
28.249000
37.473000
25.680000
23.751000
26.776000
35.424000
24.808000
27.718000
21.403000
31.206000
26.203000
19.015000
21.983000
15.754000
27.407000
36.190000
23.495000
41.231000
26.129000
24.451000
31.420000
28.313000
28.151000
34.173000
29.660000
35.203000
24.314000
21.694000
34.166000
30.096000
30.754000
24.730000
22.863000
26.123000
32.803000
27.363000
25.714000
29.662000
27.052000
32.864000
32.035000
33.778000
35.043000
30.369000
17.862000
34.994000
33.703000
21.033000
20.936000
26.876000
26.943000
15.613000
31.094000
18.729000
37.899000
30.252000
23.131000
22.178000
20.762000
21.348000
18.971000
32.288000
15.306000
30.385000
33.381000
34.988000
33.037000
28.506000
41.848000
26.641000
24.353000
23.455000
24.590000
16.861000
34.809000
25.938000
35.090000
28.219000
33.639000
26.469000
36.842000
32.343000
30.362000
43.848000
27.933000
28.708000
26.399000
29.379000
32.687000
28.638000
25.086000
16.155000
29.952000
21.851000
22.497000
22.818000
16.192000
30.283000
22.123000
21.600000
48.100000
28.326000
15.371000
22.060000
30.726000
38.986000
31.515000
36.704000
25.103000
20.533000
17.963000
35.397000
15.551000
24.200000
26.142000
32.853000
32.135000
12.416000
18.624000
30.915000
33.946000
24.499000
12.884000
37.601000
23.311000
33.203000
28.554000
27.770000
25.605000
31.086000
18.759000
24.080000
23.950000
20.045000
22.653000
16.483000
24.877000
31.237000
29.442000
36.398000
29.461000
20.184000
31.201000
30.089000
34.261000
33.882000
23.512000
32.480000
10.931000
23.066000
26.809000
25.355000
29.009000
24.841000
17.846000
30.319000
23.250000
32.068000
36.921000
24.321000
24.310000
28.340000
29.729000
24.562000
34.124000
22.652000
32.968000
22.331000
22.443000
25.774000
20.330000
16.134000
27.025000
30.022000
27.325000
26.521000
26.658000
40.416000
30.135000
35.402000
26.972000
28.911000
32.934000
27.922000
26.333000
27.569000
21.254000
23.715000
31.473000
26.284000
18.757000
23.008000
27.065000
29.182000
21.385000
34.202000
14.792000
23.013000
30.346000
29.995000
28.639000
33.447000
34.630000
29.562000
21.284000
33.821000
29.724000
28.890000
25.743000
29.945000
24.684000
32.958000
35.622000
26.825000
26.310000
32.105000
24.069000
31.722000
32.316000
27.570000
17.655000
16.296000
29.345000
14.170000
35.112000
37.202000
30.005000
34.102000
13.366000
17.532000
21.849000
23.901000
32.975000
35.071000
26.707000
25.120000
35.788000
31.352000
34.657000
15.524000
24.149000
26.562000
25.708000
30.368000
26.999000
41.846000
26.319000
31.295000
24.029000
46.777000
35.807000
25.291000
28.423000
21.445000
27.041000
16.290000
20.283000
32.034000
22.201000
33.184000
32.091000
21.477000
31.336000
26.949000
24.104000
25.922000
27.196000
28.784000
28.389000
30.884000
19.233000
32.843000
36.973000
17.933000
40.185000
30.170000
25.140000
20.008000
22.023000
33.701000
19.916000
33.588000
19.057000
30.875000
27.083000
26.918000
15.864000
20.000000
16.692000
24.882000
39.170000
29.203000
20.948000
14.082000
22.202000
23.851000
26.334000
29.165000
29.050000
21.053000
15.579000
24.988000
15.169000
20.904000
32.328000
17.371000
17.298000
30.287000
25.858000
21.655000
34.782000
33.481000
27.534000
36.574000
14.323000
24.415000
21.310000
32.599000
21.143000
22.954000
23.062000
26.693000
36.046000
26.845000
25.931000
26.687000
29.621000
32.905000
20.910000
26.783000
25.376000
30.672000
19.686000
21.055000
25.675000
21.334000
32.855000
33.109000
33.617000
19.178000
35.674000
19.375000
19.327000
14.346000
30.343000
18.271000
31.362000
21.669000
27.774000
34.662000
25.556000
30.402000
30.676000
30.300000
14.650000
25.258000
28.372000
18.098000
27.663000
16.445000
28.169000
24.174000
21.671000
31.205000
22.686000
30.346000
17.758000
34.509000
25.282000
26.620000
26.969000
30.757000
29.960000
18.745000
34.121000
20.849000
30.367000
29.196000
29.973000
22.057000
27.920000
14.562000
18.651000
14.094000
19.940000
30.951000
12.505000
18.871000
22.029000
35.790000
28.473000
29.073000
34.067000
19.456000
17.884000
27.947000
28.049000
28.566000
19.319000
26.769000
17.143000
21.178000
31.530000
20.425000
27.550000
18.100000
23.875000
33.228000
25.175000
22.220000
30.330000
27.910000
18.414000
33.176000
32.851000
22.317000
17.867000
18.070000
13.619000
26.396000
31.626000
24.910000
23.782000
23.759000
24.549000
25.018000
24.134000
30.200000
27.842000
31.072000
27.069000
21.908000
35.785000
28.839000
26.861000
30.105000
24.540000
35.469000
23.126000
22.571000
18.133000
23.144000
21.744000
19.318000
28.299000
32.842000
36.168000
20.987000
22.731000
14.678000
32.878000
29.797000
19.344000
30.406000
27.655000
27.326000
26.815000
29.396000
24.169000
12.721000
18.538000
19.295000
24.847000
23.675000
28.611000
26.220000
31.048000
22.879000
26.192000
26.725000
29.457000
34.767000
20.193000
28.243000
27.884000
15.457000
16.253000
36.156000
21.604000
22.336000
29.117000
30.769000
23.042000
27.900000
27.384000
26.152000
28.799000
40.171000
21.968000
22.938000
16.892000
30.280000
26.774000
17.509000
23.301000
28.874000
25.833000
19.691000
27.693000
30.835000
26.984000
18.588000
28.346000
24.422000
26.727000
23.087000
28.085000
34.725000
26.758000
38.851000
26.054000
26.205000
21.859000
20.516000
25.252000
22.619000
28.387000
18.402000
22.071000
23.249000
29.856000
31.034000
32.797000
25.154000
35.016000
19.144000
19.892000
22.811000
22.932000
26.570000
29.146000
17.176000
23.371000
22.354000
18.492000
26.340000
19.741000
31.885000
25.977000
19.261000
17.345000
20.869000
25.906000
18.947000
20.470000
18.159000
24.013000
25.669000
26.935000
22.448000
15.117000
24.801000
24.670000
16.450000
22.072000
30.807000
32.248000
29.107000
19.041000
26.135000
16.205000
19.874000
24.075000
31.956000
34.483000
30.303000
23.401000
18.346000
22.684000
34.473000
24.217000
30.923000
24.976000
28.861000
23.781000
28.382000
27.486000
18.602000
26.817000
24.998000
24.893000
24.108000
22.384000
22.391000
24.668000
29.802000
19.675000
23.520000
25.280000
28.443000
18.324000
26.998000
31.310000
30.858000
20.397000
22.696000
16.653000
24.406000
31.010000
18.653000
23.790000
27.824000
27.608000
22.988000
13.261000
22.238000
20.934000
26.281000
19.944000
23.708000
26.753000
26.507000
18.164000
17.497000
27.143000
21.444000
27.820000
30.190000
23.764000
25.117000
20.491000
26.703000
34.604000
21.929000
24.762000
29.441000
14.823000
16.983000
30.733000
14.917000
21.322000
24.537000
18.903000
27.099000
20.587000
24.031000
28.479000
16.990000
21.720000
16.411000
31.562000
14.183000
27.333000
24.474000
23.119000
20.544000
14.970000
26.058000
21.255000
28.839000
21.109000
14.550000
19.241000
19.453000
21.371000
24.219000
8.921000
22.322000
17.005000
18.981000
24.149000
21.616000
24.375000
24.211000
22.744000
32.966000
23.567000
30.759000
20.916000
24.822000
29.647000
30.331000
29.828000
29.110000
30.473000
19.745000
27.960000
29.440000
24.413000
20.209000
19.938000
29.156000
18.974000
29.110000
25.449000
22.659000
22.168000
22.421000
23.225000
22.180000
20.602000
25.765000
24.100000
21.499000
22.670000
20.072000
23.597000
24.288000
14.787000
23.550000
20.567000
19.601000
20.524000
19.188000
18.888000
24.433000
23.899000
22.839000
27.594000
23.109000
31.095000
17.018000
21.454000
23.252000
17.986000
19.316000
17.629000
28.336000
19.736000
22.115000
23.557000
20.898000
21.136000
39.820000
26.352000
29.562000
23.334000
23.286000
28.075000
19.219000
17.857000
33.255000
14.482000
23.391000
22.461000
20.934000
19.702000
20.403000
23.350000
29.054000
14.562000
23.315000
25.848000
17.640000
16.868000
21.375000
20.375000
30.778000
16.184000
18.980000
16.599000
16.133000
29.305000
21.102000
29.208000
24.025000
26.381000
21.726000
26.781000
22.439000
28.103000
30.512000
15.704000
18.823000
23.649000
24.996000
29.539000
18.769000
20.975000
26.131000
20.258000
20.084000
17.945000
26.249000
15.864000
25.581000
21.457000
24.349000
24.129000
30.962000
20.551000
28.736000
28.946000
26.138000
20.197000
25.084000
30.565000
34.506000
21.226000
21.924000
22.714000
22.792000
18.812000
19.565000
26.386000
22.282000
24.299000
18.647000
27.688000
11.728000
16.580000
17.767000
26.292000
22.281000
28.085000
24.014000
28.245000
21.872000
19.744000
13.153000
13.239000
20.600000
27.433000
33.552000
24.199000
25.346000
22.192000
23.939000
24.201000
14.735000
21.058000
21.112000
28.606000
22.259000
22.321000
21.443000
27.829000
25.566000
12.762000
33.187000
21.327000
26.529000
24.046000
20.448000
17.532000
33.140000
22.480000
29.545000
22.708000
23.242000
25.605000
15.215000
23.667000
27.275000
27.904000
27.275000
24.214000
20.389000
17.717000
23.910000
31.370000
24.250000
25.618000
26.974000
26.213000
13.106000
25.978000
18.749000
31.662000
13.768000
23.268000
29.339000
31.849000
28.632000
25.067000
16.267000
25.764000
20.649000
14.626000
38.955000
24.465000
14.504000
15.216000
18.903000
25.613000
31.866000
17.524000
20.267000
21.201000
24.179000
23.204000
36.755000
23.930000
34.250000
24.277000
11.735000
26.515000
30.187000
18.942000
26.429000
13.780000
27.238000
25.549000
15.998000
22.447000
25.196000
16.504000
23.946000
27.845000
24.698000
29.258000
23.058000
23.926000
18.762000
13.993000
27.949000
25.073000
22.172000
18.524000
16.955000
22.712000
20.576000
30.091000
15.709000
16.103000
29.372000
21.571000
30.071000
20.222000
25.405000
20.604000
17.010000
13.040000
17.027000
25.667000
16.772000
24.786000
18.648000
22.945000
27.170000
16.922000
23.690000
18.403000
19.368000
15.365000
26.942000
24.053000
17.950000
27.702000
28.365000
12.996000
21.353000
23.135000
18.096000
20.498000
26.455000
17.549000
22.637000
31.607000
29.828000
27.395000
17.157000
14.014000
28.699000
18.431000
23.178000
16.099000
20.221000
10.424000
16.662000
18.015000
26.970000
26.500000
28.675000
21.357000
21.549000
18.683000
21.123000
18.044000
24.828000
22.281000
20.965000
13.370000
25.581000
32.327000
17.855000
20.249000
20.596000
15.621000
17.107000
17.857000
33.526000
33.643000
36.037000
19.018000
10.976000
27.160000
19.445000
14.845000
26.542000
21.261000
14.245000
24.552000
21.370000
22.628000
26.201000
14.370000
35.631000
19.559000
20.304000
20.922000
20.598000
16.545000
32.567000
19.228000
22.785000
26.736000
18.311000
32.257000
30.391000
26.121000
32.975000
27.747000
18.456000
20.220000
25.188000
15.939000
25.500000
24.319000
26.676000
25.503000
17.340000
28.460000
25.176000
16.389000
16.752000
14.706000
16.615000
15.888000
15.400000
23.425000
17.153000
20.345000
32.611000
16.705000
24.482000
13.343000
14.329000
31.435000
29.717000
20.672000
25.040000
14.020000
23.676000
24.474000
21.818000
21.469000
15.679000
21.126000
24.455000
14.074000
17.066000
21.694000
21.537000
25.684000
21.119000
14.910000
18.625000
14.347000
14.651000
25.462000
21.457000
21.774000
22.619000
17.622000
24.660000
22.549000
26.184000
29.049000
30.439000
25.786000
14.982000
21.542000
28.459000
18.721000
22.171000
18.810000
20.165000
30.410000
11.141000
18.685000
17.070000
25.033000
21.143000
28.570000
27.304000
21.119000
20.648000
18.498000
27.353000
21.778000
22.437000
22.503000
32.334000
25.884000
15.457000
15.524000
20.591000
23.751000
17.267000
23.983000
24.196000
23.248000
20.281000
19.147000
22.479000
26.840000
25.538000
28.145000
25.192000
25.242000
18.057000
24.854000
26.735000
25.281000
10.563000
43.542000
25.233000
21.573000
24.057000
17.987000
16.775000
19.509000
19.775000
11.272000
13.722000
23.205000
13.123000
23.713000
20.300000
12.254000
24.578000
20.905000
26.717000
11.522000
17.607000
18.854000
19.290000
17.025000
22.104000
25.890000
27.556000
28.884000
20.485000
24.630000
15.371000
22.534000
32.743000
19.538000
22.288000
24.227000
18.568000
19.180000
20.446000
26.757000
16.899000
26.450000
19.410000
19.306000
25.698000
25.356000
20.337000
20.565000
16.897000
14.678000
17.814000
21.325000
12.578000
13.916000
17.551000
18.955000
20.484000
24.272000
13.828000
31.211000
26.940000
12.597000
21.014000
16.212000
19.285000
16.900000
30.040000
24.387000
18.097000
20.255000
21.477000
24.491000
17.192000
14.526000
18.315000
13.641000
25.113000
16.264000
17.426000
21.189000
27.821000
14.347000
19.051000
14.836000
24.267000
11.850000
22.139000
18.014000
22.257000
22.351000
16.681000
13.373000
20.933000
19.586000
17.773000
20.252000
19.952000
16.197000
27.395000
22.596000
27.306000
15.650000
24.230000
20.348000
20.441000
15.311000
18.427000
25.452000
28.122000
16.128000
20.373000
14.824000
14.386000
22.234000
21.035000
32.852000
26.836000
21.196000
22.170000
23.200000
27.461000
26.857000
17.384000
25.570000
25.155000
21.099000
21.809000
25.442000
12.905000
17.639000
21.172000
20.487000
25.081000
10.665000
18.789000
15.497000
20.124000
16.930000
39.438000
41.193000
24.586000
16.127000
16.305000
21.589000
20.524000
15.163000
17.308000
18.082000
32.169000
23.165000
34.256000
21.365000
18.409000
20.174000
22.140000
31.932000
16.845000
16.184000
32.343000
21.076000
18.928000
27.244000
11.426000
18.321000
24.079000
24.007000
24.826000
17.975000
20.154000
21.375000
23.415000
12.442000
20.431000
23.107000
24.923000
16.101000
24.484000
19.529000
9.331000
22.929000
20.405000
32.305000
17.365000
21.582000
21.524000
15.474000
19.813000
16.921000
15.232000
18.783000
20.072000
20.072000
20.707000
10.760000
15.814000
29.179000
22.492000
21.447000
18.509000
24.021000
22.633000
19.392000
15.533000
12.393000
17.315000
14.876000
18.111000
35.127000
14.752000
33.890000
25.730000
19.254000
20.085000
17.643000
17.945000
22.896000
13.072000
23.636000
21.043000
25.741000
15.746000
31.475000
19.785000
23.853000
11.481000
16.346000
16.798000
22.749000
18.504000
18.562000
27.934000
11.504000
14.202000
15.883000
24.156000
30.626000
19.567000
21.333000
19.757000
16.820000
23.169000
20.722000
17.324000
14.962000
12.445000
15.399000
27.886000
23.485000
23.177000
18.323000
21.787000
24.721000
19.743000
20.433000
20.343000
17.740000
22.213000
18.950000
20.157000
18.901000
20.631000
26.054000
15.419000
14.651000
19.546000
20.052000
23.852000
30.049000
21.111000
10.558000
24.642000
16.085000
21.581000
25.662000
29.886000
12.388000
18.467000
18.808000
15.249000
14.393000
16.380000
26.003000
23.594000
15.818000
22.854000
19.933000
14.807000
17.350000
18.055000
22.375000
14.474000
21.880000
18.606000
17.049000
18.222000
24.760000
21.495000
19.018000
26.711000
19.131000
17.744000
23.914000
20.248000
29.233000
17.535000
19.981000
20.539000
22.678000
22.549000
21.671000
18.391000
12.255000
28.356000
22.362000
29.035000
23.779000
15.134000
31.156000
16.284000
21.179000
18.055000
26.208000
19.660000
28.137000
23.531000
27.902000
12.249000
16.679000
29.896000
17.616000
18.262000
26.670000
21.642000
13.637000
15.405000
28.613000
22.537000
17.622000
23.667000
23.977000
18.764000
16.932000
21.654000
14.859000
23.850000
22.840000
23.976000
17.699000
17.985000
23.202000
14.948000
24.980000
15.239000
26.522000
21.922000
16.387000
18.946000
15.851000
28.200000
11.608000
36.806000
23.455000
18.810000
23.976000
17.562000
17.972000
12.084000
22.647000
15.757000
28.378000
17.493000
20.272000
16.677000
16.904000
28.181000
25.006000
21.998000
39.326000
23.064000
14.619000
24.460000
16.146000
27.823000
17.836000
31.717000
18.504000
29.873000
25.517000
19.345000
18.706000
17.360000
19.434000
16.793000
20.462000
18.483000
21.351000
17.409000
24.056000
24.104000
26.257000
27.770000
24.501000
22.004000
21.547000
22.455000
16.009000
14.243000
17.379000
22.681000
13.492000
27.477000
23.269000
18.226000
24.227000
14.934000
15.780000
19.800000
26.332000
21.852000
16.122000
25.514000
18.813000
20.653000
17.021000
25.331000
17.594000
19.109000
17.483000
24.788000
18.174000
25.176000
15.991000
15.701000
15.295000
17.785000
17.909000
28.782000
33.005000
14.969000
30.518000
18.149000
23.403000
19.640000
14.003000
14.456000
12.974000
12.617000
17.510000
18.245000
17.979000
17.341000
24.221000
21.236000
12.128000
20.601000
20.071000
31.251000
16.498000
20.900000
20.030000
25.988000
19.524000
18.069000
15.877000
20.535000
19.708000
18.105000
13.525000
18.762000
18.580000
20.670000
14.615000
16.863000
14.303000
12.124000
13.352000
17.084000
15.742000
11.594000
9.251000
14.710000
14.807000
18.020000
16.032000
25.049000
21.537000
18.748000
35.087000
19.815000
22.489000
22.837000
18.695000
16.110000
17.983000
20.363000
14.007000
12.742000
19.058000
19.520000
17.085000
21.849000
18.485000
22.243000
15.457000
18.952000
22.440000
16.153000
22.125000
22.381000
16.214000
27.905000
22.344000
24.351000
26.705000
16.431000
17.241000
18.186000
14.030000
19.769000
18.465000
18.556000
18.108000
16.904000
15.820000
20.695000
25.241000
20.001000
24.257000
20.423000
26.879000
15.212000
14.691000
18.469000
7.154000
24.873000
22.800000
26.697000
11.306000
23.773000
16.010000
18.541000
14.510000
28.243000
25.656000
16.957000
27.668000
14.513000
21.406000
15.145000
15.521000
18.743000
21.333000
26.817000
11.640000
24.778000
22.555000
15.900000
12.057000
19.616000
26.354000
24.241000
19.350000
17.845000
21.463000
25.541000
11.767000
14.441000
13.532000
17.750000
18.644000
17.436000
18.428000
20.127000
23.601000
15.804000
24.856000
19.383000
18.320000
17.479000
15.438000
17.701000
13.448000
15.477000
15.426000
19.720000
16.882000
20.621000
17.188000
16.869000
22.586000
19.543000
11.577000
19.073000
12.408000
22.878000
22.452000
28.811000
18.707000
16.931000
19.228000
22.214000
19.907000
16.159000
26.249000
21.250000
16.727000
20.201000
15.816000
17.587000
22.263000
20.312000
20.247000
19.216000
21.755000
19.251000
14.057000
14.268000
20.275000
20.185000
19.094000
19.190000
34.214000
22.947000
18.540000
14.902000
13.388000
17.347000
18.018000
24.758000
23.023000
18.526000
24.408000
22.112000
15.585000
17.335000
19.808000
16.769000
18.683000
17.622000
13.738000
16.422000
20.036000
19.327000
16.586000
24.442000
18.392000
14.498000
15.560000
21.713000
18.555000
16.493000
12.766000
14.347000
12.277000
29.686000
15.497000
25.518000
15.382000
19.761000
12.176000
23.143000
9.408000
20.762000
18.874000
26.343000
18.391000
12.498000
17.799000
21.091000
21.471000
18.223000
22.537000
25.336000
18.366000
17.318000
12.813000
19.097000
15.231000
12.409000
17.768000
17.494000
19.579000
18.108000
21.362000
20.566000
17.259000
17.603000
29.132000
19.475000
22.033000
28.211000
31.810000
14.535000
18.976000
21.177000
15.088000
17.821000
19.998000
9.765000
20.648000
20.449000
19.750000
15.830000
15.225000
23.255000
13.506000
18.990000
18.454000
19.846000
29.385000
13.873000
15.941000
17.569000
23.415000
15.467000
22.860000
16.142000
16.322000
19.074000
22.455000
16.061000
18.392000
17.018000
10.839000
13.959000
15.394000
20.439000
22.384000
20.692000
24.733000
25.921000
20.732000
20.770000
22.445000
17.691000
19.846000
17.544000
12.373000
16.116000
23.147000
14.452000
16.603000
15.520000
20.657000
21.344000
38.341000
19.849000
13.496000
19.564000
16.222000
20.247000
17.705000
16.497000
20.353000
17.507000
16.275000
22.662000
13.583000
14.083000
17.904000
22.371000
16.467000
17.866000
14.113000
21.260000
18.660000
13.019000
23.287000
19.722000
15.469000
21.473000
19.632000
21.843000
21.637000
16.969000
21.837000
13.278000
17.885000
20.867000
14.691000
15.259000
24.209000
20.282000
16.433000
16.231000
16.911000
15.657000
11.701000
12.083000
24.026000
20.669000
14.989000
16.552000
21.619000
15.073000
16.226000
17.799000
31.419000
15.241000
17.164000
16.160000
29.303000
12.376000
14.842000
27.904000
13.637000
33.492000
13.336000
14.827000
18.809000
18.361000
19.597000
33.515000
14.956000
25.981000
24.878000
14.309000
16.683000
15.188000
15.203000
15.826000
21.071000
19.057000
20.810000
16.988000
20.677000
18.534000
15.494000
19.057000
13.817000
23.139000
16.248000
15.430000
17.608000
25.984000
34.327000
13.551000
28.418000
21.716000
29.561000
10.687000
29.126000
12.212000
15.981000
11.671000
31.871000
13.125000
18.654000
19.808000
19.564000
26.956000
23.903000
20.025000
17.484000
18.881000
22.323000
15.108000
24.265000
12.372000
22.558000
20.275000
22.511000
25.493000
22.995000
18.897000
18.110000
22.732000
17.509000
24.629000
25.221000
19.484000
26.382000
17.089000
26.991000
16.025000
21.134000
12.925000
19.756000
22.211000
25.520000
18.800000
25.923000
21.338000
15.903000
18.350000
19.936000
20.384000
13.460000
18.746000
17.070000
12.204000
22.790000
20.311000
12.303000
17.647000
17.597000
20.985000
17.174000
15.004000
12.675000
16.858000
13.093000
12.934000
14.203000
24.181000
23.216000
25.954000
25.252000
23.241000
21.007000
23.106000
26.550000
22.292000
25.407000
19.738000
16.019000
19.092000
17.095000
15.315000
17.120000
21.441000
16.063000
17.252000
14.735000
15.979000
18.912000
12.582000
16.284000
