10.127000
7.233000
8.582000
15.426000
11.981000
13.083000
8.537000
8.297000
7.857000
14.287000
6.401000
10.235000
11.395000
9.413000
15.266000
11.999000
11.362000
10.020000
12.410000
13.434000
11.335000
12.306000
8.810000
11.242000
12.189000
13.484000
13.847000
3.558000
8.310000
13.238000
11.779000
9.623000
5.216000
9.011000
7.403000
9.953000
0.000000
12.471000
9.913000
15.957000
8.318000
7.888000
10.789000
11.319000
13.341000
4.793000
7.733000
9.954000
14.736000
4.969000
13.315000
4.200000
5.499000
10.096000
9.904000
4.726000
11.587000
5.741000
9.976000
12.835000
12.259000
6.140000
10.613000
6.505000
5.050000
13.218000
7.805000
13.199000
3.193000
6.499000
9.762000
13.290000
9.718000
7.388000
9.845000
12.271000
11.178000
11.644000
7.521000
12.358000
13.769000
8.331000
11.890000
12.314000
7.539000
4.482000
18.201000
4.845000
11.425000
10.785000
5.939000
14.446000
7.758000
2.101000
4.141000
9.040000
1.475000
6.752000
3.691000
16.372000
15.112000
4.459000
9.539000
14.496000
7.097000
12.399000
4.113000
7.937000
8.365000
9.995000
5.514000
7.092000
9.196000
11.972000
13.995000
11.085000
9.876000
7.124000
9.349000
8.346000
6.243000
10.214000
5.270000
12.346000
9.579000
10.350000
9.900000
12.869000
7.617000
8.147000
12.941000
7.429000
9.164000
9.797000
13.699000
7.491000
7.900000
14.058000
10.044000
7.056000
7.778000
7.000000
6.691000
14.323000
12.211000
9.016000
9.088000
11.367000
10.622000
12.635000
2.793000
12.264000
9.733000
5.237000
14.104000
9.415000
13.990000
12.485000
12.188000
6.264000
11.525000
8.446000
15.680000
17.545000
8.608000
15.408000
3.939000
13.380000
1.010000
5.626000
10.035000
5.464000
11.347000
1.369000
14.233000
14.844000
11.897000
12.142000
15.310000
11.373000
7.544000
9.341000
8.048000
8.361000
9.858000
6.099000
16.783000
5.761000
10.216000
7.325000
7.731000
13.114000
8.661000
4.800000
2.308000
3.977000
7.911000
13.018000
12.113000
10.008000
0.729000
14.686000
10.385000
11.211000
12.726000
15.329000
12.562000
7.996000
3.556000
2.547000
5.154000
4.715000
4.513000
10.252000
2.230000
2.193000
9.502000
13.950000
12.315000
6.506000
9.923000
6.629000
11.481000
4.655000
13.175000
4.330000
7.455000
12.240000
10.132000
10.144000
9.324000
5.497000
10.664000
8.832000
15.376000
10.861000
13.087000
3.514000
8.923000
10.374000
16.765000
11.470000
10.850000
2.943000
5.716000
9.180000
7.809000
10.383000
7.616000
5.705000
7.950000
7.257000
8.809000
13.118000
12.512000
13.450000
7.178000
6.822000
15.998000
14.809000
5.102000
15.041000
7.571000
18.650000
4.337000
13.135000
10.503000
15.345000
11.791000
9.278000
10.113000
7.419000
10.558000
9.136000
12.563000
4.908000
11.546000
6.054000
5.054000
4.952000
5.938000
13.598000
10.897000
10.742000
9.381000
11.660000
13.737000
8.834000
18.748000
6.142000
15.436000
9.672000
2.397000
8.521000
10.713000
7.406000
13.180000
5.986000
9.548000
12.921000
15.899000
9.010000
11.697000
11.572000
10.281000
10.888000
8.701000
13.170000
16.359000
11.693000
8.793000
10.696000
15.761000
11.925000
8.432000
8.181000
12.536000
14.499000
13.707000
12.447000
8.939000
15.910000
4.930000
11.961000
13.899000
10.125000
13.267000
8.832000
5.458000
9.723000
11.221000
7.943000
9.843000
8.241000
10.511000
3.474000
6.119000
12.562000
11.873000
6.394000
13.646000
14.933000
13.729000
8.858000
15.218000
12.536000
8.282000
11.487000
5.648000
11.190000
11.986000
7.920000
4.148000
11.851000
10.982000
11.771000
6.291000
7.737000
8.960000
4.545000
13.091000
9.605000
8.798000
10.226000
3.493000
21.701000
21.023000
11.664000
16.166000
5.228000
13.912000
11.533000
7.875000
10.011000
13.049000
3.235000
15.115000
13.026000
10.254000
8.862000
14.572000
9.039000
6.512000
5.587000
10.563000
10.589000
11.522000
10.624000
15.780000
17.103000
8.764000
4.376000
17.837000
14.443000
17.403000
12.991000
7.102000
4.754000
9.797000
11.238000
5.793000
10.399000
7.358000
11.411000
10.228000
10.237000
5.784000
12.754000
12.087000
12.299000
5.093000
6.912000
13.226000
17.428000
14.549000
10.685000
8.686000
14.808000
6.676000
14.967000
6.058000
9.944000
11.821000
11.052000
8.328000
14.860000
13.602000
6.839000
8.045000
8.139000
8.907000
15.268000
9.054000
13.906000
6.901000
11.320000
9.271000
17.565000
16.822000
15.085000
14.080000
6.949000
3.920000
13.044000
12.193000
12.961000
12.126000
13.928000
17.413000
5.036000
14.842000
10.124000
14.075000
10.280000
18.267000
6.408000
10.171000
12.210000
10.250000
9.587000
10.966000
13.456000
2.874000
18.982000
6.112000
12.962000
12.556000
9.831000
11.202000
14.096000
13.025000
12.811000
10.525000
7.584000
7.991000
19.079000
15.409000
10.380000
8.179000
8.695000
6.434000
15.806000
6.089000
13.107000
9.189000
8.459000
6.739000
12.484000
2.750000
12.609000
17.771000
9.699000
18.156000
8.183000
5.802000
8.965000
12.408000
7.523000
13.159000
11.717000
10.164000
13.618000
12.596000
7.028000
12.230000
7.249000
8.146000
10.329000
15.067000
7.495000
11.857000
10.173000
6.409000
11.264000
8.460000
14.481000
11.359000
13.902000
12.390000
10.764000
13.549000
12.010000
14.375000
5.027000
9.747000
9.552000
12.964000
14.650000
13.227000
6.869000
12.042000
8.680000
6.380000
17.556000
12.687000
7.013000
11.230000
14.548000
9.992000
15.066000
12.258000
14.049000
16.756000
11.798000
11.532000
7.701000
17.680000
15.550000
10.694000
8.374000
9.217000
10.444000
16.745000
14.805000
10.855000
10.810000
9.950000
14.905000
15.442000
15.460000
11.414000
12.323000
9.091000
15.490000
5.367000
13.542000
10.049000
12.245000
11.360000
11.464000
14.179000
7.520000
15.763000
9.150000
11.303000
8.128000
6.719000
9.218000
11.537000
11.667000
12.996000
7.491000
11.626000
13.506000
12.352000
13.886000
12.798000
3.141000
8.952000
5.024000
14.738000
11.722000
11.786000
11.686000
15.138000
15.454000
7.647000
13.711000
8.480000
14.143000
15.880000
17.373000
12.482000
12.235000
5.682000
16.051000
16.898000
16.147000
11.462000
9.186000
4.933000
9.397000
8.834000
12.100000
8.107000
13.298000
3.000000
15.898000
9.734000
10.108000
14.863000
8.990000
9.807000
11.853000
8.467000
17.625000
1.708000
11.001000
7.566000
11.684000
5.763000
13.285000
13.712000
7.451000
13.715000
16.014000
12.216000
12.314000
16.668000
11.196000
10.537000
7.336000
5.779000
15.138000
9.310000
9.111000
7.775000
7.145000
4.975000
13.176000
8.072000
9.750000
13.157000
3.801000
4.614000
16.340000
4.440000
13.074000
3.645000
2.649000
15.421000
12.777000
6.554000
9.233000
12.251000
12.930000
8.807000
6.031000
8.850000
13.864000
8.741000
13.169000
13.967000
13.917000
13.541000
12.901000
14.367000
8.139000
6.723000
8.373000
7.266000
15.632000
6.418000
8.995000
10.538000
11.674000
10.967000
13.747000
11.553000
8.675000
16.883000
12.596000
11.743000
8.444000
6.338000
14.080000
10.868000
9.980000
10.440000
5.155000
5.615000
14.314000
5.314000
13.032000
11.402000
15.644000
6.177000
9.998000
13.214000
6.952000
6.303000
14.592000
13.170000
9.860000
6.746000
7.610000
13.872000
16.285000
10.176000
12.470000
6.246000
7.612000
8.558000
17.745000
13.503000
4.734000
11.134000
5.483000
8.499000
9.674000
17.710000
9.440000
4.674000
10.477000
11.510000
14.639000
20.006000
9.493000
15.307000
15.679000
8.548000
16.985000
13.522000
14.042000
6.396000
3.100000
9.606000
10.245000
11.237000
4.875000
13.340000
7.480000
9.137000
12.406000
6.497000
6.820000
10.461000
6.611000
13.952000
8.961000
13.927000
6.188000
9.512000
11.671000
18.077000
18.749000
10.583000
3.482000
7.677000
15.273000
9.697000
16.715000
13.435000
17.558000
11.086000
6.087000
4.364000
4.199000
15.911000
16.815000
12.872000
12.929000
9.049000
15.965000
13.887000
8.245000
9.867000
12.813000
11.597000
6.491000
9.255000
9.844000
9.924000
6.355000
6.033000
10.069000
10.100000
15.222000
11.788000
15.855000
8.700000
10.984000
11.460000
5.428000
13.045000
9.021000
16.596000
16.562000
11.662000
16.735000
14.805000
9.587000
17.855000
7.910000
14.739000
9.881000
15.533000
11.135000
11.475000
15.547000
17.482000
16.297000
17.196000
19.025000
14.154000
8.227000
9.890000
14.060000
11.856000
14.378000
15.323000
5.910000
12.076000
8.414000
15.919000
7.723000
10.654000
12.405000
13.895000
10.393000
11.740000
12.391000
6.260000
8.443000
6.737000
15.127000
7.018000
5.012000
6.982000
16.550000
16.515000
11.925000
4.907000
8.806000
16.563000
15.377000
9.280000
12.177000
18.276000
5.902000
2.371000
11.026000
15.310000
8.163000
10.811000
14.286000
13.275000
10.996000
13.482000
11.633000
6.862000
13.067000
4.082000
14.414000
10.769000
3.109000
7.543000
12.145000
19.911000
7.917000
13.615000
9.137000
15.193000
9.279000
7.354000
12.168000
2.490000
10.065000
7.004000
16.489000
2.573000
10.981000
6.798000
17.356000
7.794000
16.343000
8.854000
16.759000
5.143000
14.310000
4.218000
14.132000
4.506000
15.180000
11.129000
16.433000
10.511000
7.072000
7.401000
17.587000
10.558000
12.218000
15.976000
10.941000
17.626000
13.754000
12.800000
15.016000
11.829000
13.789000
11.724000
13.431000
12.165000
10.252000
14.470000
16.573000
15.982000
4.361000
14.161000
12.820000
14.311000
13.763000
9.060000
8.882000
13.637000
14.871000
12.180000
15.782000
4.410000
7.739000
12.557000
12.630000
14.076000
13.387000
14.186000
15.337000
13.138000
8.468000
13.043000
13.357000
3.320000
8.798000
12.759000
11.763000
11.977000
9.314000
13.793000
13.145000
12.602000
11.462000
12.352000
13.342000
11.502000
8.448000
17.850000
4.500000
11.798000
7.301000
3.509000
7.329000
13.666000
11.951000
10.044000
6.890000
8.681000
11.845000
9.687000
17.067000
14.508000
4.288000
17.259000
7.977000
6.856000
12.194000
3.030000
22.300000
12.485000
15.701000
11.756000
7.891000
10.649000
12.197000
12.540000
17.611000
3.354000
4.978000
9.198000
18.538000
13.547000
13.574000
9.607000
14.221000
5.453000
6.348000
14.064000
8.444000
17.360000
10.711000
5.546000
11.420000
3.847000
5.100000
12.031000
10.581000
7.451000
7.985000
11.525000
14.845000
12.530000
11.031000
16.173000
11.736000
7.539000
9.322000
17.663000
18.269000
15.520000
9.869000
11.175000
9.808000
8.352000
16.348000
20.602000
9.157000
14.484000
9.399000
12.513000
16.289000
15.781000
5.184000
15.783000
12.862000
7.931000
4.399000
11.943000
15.993000
23.223000
4.274000
16.831000
14.293000
2.347000
15.508000
14.300000
13.142000
7.037000
11.877000
8.763000
14.214000
15.076000
17.420000
11.526000
4.793000
11.740000
7.898000
17.461000
11.380000
9.457000
12.689000
15.725000
8.987000
15.795000
6.136000
12.736000
20.513000
20.690000
15.047000
7.845000
4.167000
13.529000
19.292000
15.911000
12.227000
12.622000
12.662000
9.677000
10.448000
10.650000
11.525000
11.173000
11.398000
19.697000
9.522000
18.806000
16.191000
17.674000
16.583000
10.974000
7.239000
12.330000
7.825000
12.283000
9.783000
12.705000
6.780000
12.152000
13.266000
11.479000
10.125000
11.734000
17.920000
4.705000
19.013000
4.433000
5.591000
2.505000
5.946000
13.000000
2.517000
5.803000
14.313000
14.626000
7.538000
16.853000
14.023000
13.631000
13.495000
7.545000
13.381000
11.152000
11.723000
7.696000
8.019000
10.091000
11.731000
7.604000
13.075000
6.571000
17.213000
11.776000
17.214000
14.250000
10.703000
9.895000
5.138000
9.181000
18.595000
14.237000
7.868000
9.724000
12.860000
10.150000
6.953000
9.761000
11.839000
11.417000
7.115000
15.199000
8.825000
23.069000
3.888000
12.320000
19.740000
13.319000
15.613000
12.728000
8.149000
5.419000
9.744000
19.364000
25.663000
12.090000
15.914000
16.383000
15.836000
7.372000
10.553000
6.724000
6.690000
3.079000
21.165000
17.685000
11.760000
6.838000
8.372000
17.501000
13.527000
16.155000
4.840000
4.355000
7.066000
20.487000
8.259000
8.573000
16.689000
10.693000
10.748000
6.932000
10.745000
9.049000
6.308000
15.492000
9.096000
5.040000
8.653000
13.339000
18.003000
9.861000
7.568000
17.775000
6.293000
16.746000
10.766000
8.097000
9.689000
8.800000
5.729000
14.247000
16.371000
16.203000
10.713000
11.464000
3.437000
9.122000
7.650000
20.527000
5.092000
6.613000
8.172000
7.425000
3.500000
12.342000
11.945000
10.866000
22.147000
13.102000
17.141000
14.793000
11.705000
10.452000
6.432000
18.126000
3.662000
9.597000
15.882000
10.080000
14.888000
16.252000
9.236000
3.784000
11.918000
15.636000
8.454000
16.286000
6.488000
11.627000
10.701000
6.258000
14.329000
15.010000
17.469000
12.754000
12.925000
9.377000
9.699000
17.811000
8.854000
6.492000
8.823000
15.442000
11.809000
10.073000
13.485000
14.778000
17.511000
13.873000
6.154000
18.061000
8.868000
5.664000
7.357000
19.940000
16.191000
6.155000
19.032000
14.025000
9.438000
11.293000
12.911000
6.393000
11.289000
14.559000
22.490000
5.746000
9.464000
4.203000
14.516000
18.234000
17.862000
12.048000
6.461000
11.772000
13.199000
10.993000
8.065000
8.125000
9.357000
9.492000
9.280000
14.552000
10.616000
13.808000
17.751000
7.120000
16.758000
15.704000
18.026000
20.017000
2.780000
6.633000
10.763000
10.625000
19.024000
11.488000
20.208000
17.131000
9.501000
3.331000
8.943000
6.387000
12.248000
13.578000
14.930000
17.054000
15.826000
11.961000
11.396000
9.480000
7.837000
5.220000
10.272000
10.275000
15.790000
12.876000
15.411000
16.606000
10.941000
15.830000
10.664000
6.433000
11.926000
11.547000
20.635000
21.306000
8.741000
7.208000
15.419000
5.680000
13.456000
9.169000
15.583000
11.056000
19.035000
11.406000
8.558000
16.030000
12.843000
10.981000
23.740000
11.286000
12.603000
18.112000
12.184000
17.519000
11.349000
7.437000
12.649000
14.363000
10.893000
6.955000
18.203000
14.040000
7.920000
6.683000
6.727000
10.314000
11.953000
12.690000
8.248000
20.263000
15.214000
13.001000
15.124000
6.888000
7.240000
11.177000
11.568000
17.899000
9.479000
10.728000
5.811000
8.899000
3.183000
17.107000
9.801000
13.148000
10.451000
18.676000
15.289000
10.023000
7.109000
9.895000
16.139000
14.628000
9.175000
11.549000
14.893000
9.053000
12.054000
6.498000
11.594000
12.128000
19.985000
10.441000
19.318000
20.124000
16.120000
11.238000
19.667000
13.010000
14.513000
9.014000
12.176000
10.550000
8.982000
12.935000
13.097000
11.001000
13.631000
8.605000
5.583000
17.519000
12.334000
10.783000
6.539000
3.414000
14.277000
15.110000
4.038000
17.937000
12.807000
16.103000
9.452000
14.838000
6.799000
15.840000
7.190000
12.139000
15.763000
13.908000
14.350000
8.151000
7.468000
9.986000
12.649000
13.335000
10.526000
9.862000
13.466000
18.099000
12.924000
12.847000
13.112000
18.043000
16.111000
16.651000
15.620000
4.452000
9.938000
14.276000
6.954000
7.602000
12.622000
15.128000
8.212000
8.018000
12.265000
5.668000
5.777000
10.753000
8.363000
11.614000
11.236000
12.524000
13.548000
14.528000
21.768000
3.191000
15.397000
8.021000
6.311000
11.628000
16.535000
8.306000
12.115000
18.442000
15.078000
16.822000
16.079000
12.870000
13.545000
19.896000
19.782000
9.973000
9.417000
16.879000
5.455000
16.263000
11.999000
9.352000
16.256000
16.693000
9.753000
10.409000
5.493000
6.886000
11.296000
8.101000
5.818000
8.871000
14.064000
4.481000
18.500000
16.176000
16.725000
16.780000
14.439000
9.799000
8.697000
13.354000
9.323000
12.838000
9.593000
17.925000
18.013000
14.183000
16.828000
12.588000
18.909000
8.627000
15.292000
11.976000
11.561000
17.990000
6.671000
17.254000
12.718000
1.551000
13.205000
12.936000
13.440000
10.515000
3.802000
15.675000
16.883000
6.570000
8.693000
14.767000
17.594000
16.114000
10.029000
14.112000
8.714000
21.152000
7.662000
17.535000
12.631000
18.493000
20.058000
10.269000
10.618000
13.149000
10.302000
8.509000
11.237000
15.857000
14.674000
16.490000
14.736000
10.808000
11.991000
16.983000
12.100000
7.846000
10.516000
15.532000
14.703000
20.842000
16.948000
15.604000
9.722000
15.022000
8.770000
20.144000
14.179000
11.626000
13.423000
12.135000
14.488000
9.697000
16.238000
17.816000
8.945000
15.214000
13.718000
8.760000
0.000000
17.739000
12.472000
12.429000
12.227000
9.230000
9.947000
16.212000
19.675000
7.728000
10.191000
5.647000
20.109000
11.357000
3.829000
10.253000
13.426000
19.698000
11.093000
11.420000
15.839000
9.344000
11.737000
17.624000
16.580000
16.988000
7.674000
6.647000
12.946000
18.085000
8.218000
5.912000
8.442000
17.239000
7.262000
6.364000
14.474000
3.905000
12.961000
10.312000
9.406000
8.941000
13.753000
15.157000
15.690000
16.214000
7.364000
11.184000
13.224000
14.656000
17.663000
7.713000
9.085000
16.948000
12.000000
10.779000
15.980000
14.424000
6.670000
19.963000
11.856000
22.500000
8.316000
6.584000
15.689000
7.912000
15.501000
18.027000
9.505000
12.754000
13.384000
11.519000
7.036000
0.000000
16.320000
12.911000
6.684000
14.445000
9.512000
12.936000
15.136000
7.001000
10.797000
12.101000
15.396000
5.672000
4.093000
8.392000
13.299000
14.014000
11.576000
16.550000
14.181000
10.839000
11.032000
13.896000
10.068000
14.691000
15.667000
11.071000
9.228000
17.792000
18.080000
8.124000
10.810000
7.265000
10.679000
15.093000
7.479000
17.897000
8.627000
11.826000
10.950000
12.582000
6.817000
18.268000
2.794000
22.890000
13.659000
10.572000
9.846000
11.741000
13.692000
15.470000
13.318000
11.903000
18.322000
7.787000
12.721000
15.841000
2.322000
11.178000
13.016000
8.420000
16.772000
16.609000
13.689000
5.246000
11.572000
8.798000
11.725000
8.575000
17.505000
15.320000
10.440000
9.054000
11.007000
5.611000
13.422000
13.035000
10.646000
10.195000
14.267000
16.793000
13.508000
8.563000
15.294000
9.052000
16.196000
7.691000
12.974000
8.529000
17.561000
7.858000
10.275000
15.022000
10.667000
7.564000
7.753000
8.699000
10.546000
8.560000
18.725000
7.715000
11.560000
15.350000
18.083000
12.422000
10.101000
17.491000
5.068000
9.194000
14.652000
13.258000
14.657000
8.297000
11.310000
8.980000
11.021000
14.698000
2.787000
12.255000
14.094000
14.400000
9.044000
8.836000
7.691000
8.505000
13.485000
12.484000
7.052000
9.205000
15.194000
14.626000
13.131000
21.630000
16.892000
14.265000
16.111000
7.355000
11.159000
10.756000
19.667000
6.016000
7.789000
10.724000
9.712000
1.590000
7.713000
10.413000
10.554000
11.870000
17.093000
15.267000
15.304000
11.017000
18.258000
16.950000
18.465000
11.674000
15.163000
17.937000
15.815000
6.515000
10.979000
18.356000
11.114000
14.542000
12.183000
10.701000
13.037000
9.123000
16.958000
15.288000
6.577000
15.902000
4.663000
4.596000
10.298000
17.742000
4.633000
10.790000
10.484000
5.956000
13.092000
5.040000
20.908000
15.204000
10.020000
17.547000
15.590000
22.034000
22.828000
8.295000
15.866000
15.589000
13.891000
10.908000
16.948000
4.092000
7.290000
24.124000
21.524000
17.268000
20.437000
9.741000
13.033000
10.306000
11.731000
6.771000
15.370000
16.283000
13.173000
9.402000
16.566000
11.161000
17.167000
13.188000
15.035000
14.875000
12.011000
11.661000
14.306000
16.117000
11.592000
5.572000
16.849000
9.949000
11.513000
8.336000
3.652000
12.643000
17.223000
9.627000
9.115000
17.045000
13.949000
19.541000
12.494000
12.011000
9.074000
13.160000
4.889000
6.194000
9.425000
15.606000
15.733000
7.674000
10.313000
2.130000
25.348000
16.089000
8.793000
14.699000
10.091000
5.532000
17.305000
22.017000
15.575000
10.174000
5.628000
9.077000
6.940000
6.481000
14.168000
14.501000
8.263000
14.272000
19.833000
8.098000
12.413000
6.803000
10.340000
19.086000
10.415000
11.942000
10.112000
9.897000
10.266000
1.828000
4.431000
3.023000
9.258000
13.417000
3.906000
7.944000
10.974000
6.937000
12.558000
13.031000
15.095000
15.720000
10.176000
13.670000
10.391000
22.112000
16.802000
6.332000
13.713000
6.760000
16.943000
12.919000
13.831000
13.704000
10.630000
7.036000
14.843000
13.003000
10.358000
11.284000
4.875000
12.377000
12.678000
10.727000
12.760000
16.346000
13.662000
16.404000
10.236000
17.322000
2.385000
9.067000
18.719000
21.817000
9.056000
9.339000
6.076000
7.799000
19.090000
10.868000
14.431000
6.353000
11.200000
7.853000
15.973000
13.287000
5.933000
13.731000
13.614000
8.381000
11.110000
10.857000
8.214000
15.036000
9.864000
14.804000
13.701000
17.964000
21.381000
11.515000
11.654000
19.380000
11.939000
16.071000
7.256000
17.502000
5.208000
11.866000
7.069000
11.021000
9.473000
13.132000
12.594000
11.633000
10.453000
19.824000
4.754000
11.227000
3.735000
11.541000
12.888000
8.360000
10.173000
10.295000
12.516000
19.489000
8.959000
17.734000
8.547000
7.798000
5.509000
14.941000
4.060000
13.502000
7.528000
10.789000
10.414000
16.279000
10.516000
19.773000
14.755000
11.570000
8.838000
21.348000
12.489000
16.358000
9.952000
13.379000
8.684000
7.085000
12.434000
11.159000
25.116000
10.856000
5.229000
9.006000
7.496000
11.145000
8.437000
4.093000
9.856000
16.275000
12.485000
11.886000
8.305000
5.673000
12.308000
10.449000
14.021000
7.292000
18.158000
11.709000
13.461000
11.087000
3.317000
11.982000
21.589000
9.150000
22.405000
14.347000
10.955000
11.622000
11.771000
4.423000
12.048000
17.835000
18.616000
6.951000
16.558000
13.215000
17.395000
10.436000
8.341000
16.490000
14.231000
8.838000
17.918000
18.521000
12.477000
15.685000
11.624000
9.382000
8.536000
14.751000
6.160000
20.960000
18.497000
7.109000
13.609000
14.496000
16.651000
6.752000
3.156000
14.035000
13.333000
3.354000
10.907000
12.232000
16.232000
18.473000
8.542000
9.153000
6.458000
4.395000
11.481000
14.900000
17.528000
7.905000
12.217000
16.831000
10.207000
8.146000
18.567000
8.684000
8.273000
10.421000
7.731000
12.207000
15.328000
17.015000
14.607000
8.669000
14.808000
5.522000
8.788000
13.003000
11.335000
8.984000
14.181000
9.674000
8.845000
14.932000
9.000000
12.698000
5.898000
10.165000
7.825000
20.334000
12.620000
21.797000
11.763000
20.803000
1.651000
9.264000
11.483000
14.855000
14.304000
20.982000
12.514000
10.809000
12.694000
11.361000
9.945000
15.433000
12.142000
15.480000
8.786000
13.505000
6.196000
12.829000
5.822000
10.383000
15.126000
10.947000
16.370000
12.030000
12.004000
11.414000
7.632000
8.058000
14.165000
4.271000
15.149000
9.152000
13.981000
10.469000
16.361000
16.182000
14.312000
3.153000
12.163000
8.512000
11.520000
20.010000
11.903000
22.828000
12.024000
16.056000
14.103000
17.028000
13.611000
9.676000
5.374000
5.684000
17.898000
12.935000
11.645000
8.354000
10.985000
19.836000
8.934000
17.672000
15.977000
12.786000
14.387000
20.107000
9.809000
13.776000
17.424000
10.082000
11.305000
20.406000
8.199000
16.013000
14.721000
16.411000
11.716000
20.679000
15.902000
7.200000
23.601000
12.923000
11.244000
14.330000
17.142000
16.501000
11.647000
16.508000
17.634000
25.610000
7.025000
13.501000
17.660000
8.874000
12.632000
12.374000
6.959000
8.347000
13.949000
12.968000
7.589000
21.647000
8.986000
10.035000
15.490000
10.628000
6.263000
13.843000
10.804000
8.432000
12.399000
8.331000
19.082000
9.697000
8.641000
9.596000
9.573000
18.689000
9.967000
14.998000
21.020000
13.545000
11.529000
10.655000
12.059000
8.145000
6.189000
16.915000
24.013000
9.749000
13.399000
11.020000
7.169000
10.736000
16.870000
7.429000
11.854000
10.865000
13.726000
9.430000
9.658000
10.330000
14.463000
13.272000
9.251000
22.282000
6.167000
13.844000
7.455000
16.897000
17.543000
19.910000
12.722000
20.253000
15.577000
16.621000
7.750000
10.708000
16.398000
21.346000
10.937000
8.849000
16.210000
11.918000
11.563000
15.355000
14.799000
5.844000
19.240000
8.783000
6.046000
8.666000
10.906000
18.234000
11.569000
23.238000
14.174000
4.978000
12.082000
12.223000
6.193000
12.468000
13.447000
8.727000
14.175000
7.420000
13.894000
14.488000
21.474000
12.691000
5.300000
8.417000
12.565000
17.612000
10.261000
14.210000
12.959000
4.321000
8.271000
17.072000
16.262000
13.361000
14.848000
7.456000
19.118000
11.264000
17.748000
15.605000
15.684000
17.191000
13.303000
9.037000
12.987000
16.008000
13.971000
10.775000
15.183000
13.656000
17.266000
2.777000
7.730000
13.468000
11.008000
12.898000
12.703000
15.415000
5.160000
7.504000
7.208000
20.727000
11.706000
6.620000
11.654000
16.350000
18.779000
6.950000
10.658000
18.189000
16.527000
7.043000
10.482000
10.460000
14.370000
17.022000
12.052000
10.535000
16.418000
21.689000
6.339000
11.376000
8.517000
17.084000
15.285000
12.271000
8.854000
16.337000
10.944000
11.899000
10.169000
14.560000
10.756000
24.337000
5.720000
13.354000
6.000000
2.229000
6.014000
11.699000
11.991000
4.166000
12.657000
10.267000
12.890000
12.837000
10.664000
11.295000
12.856000
10.549000
11.355000
8.570000
15.804000
4.734000
19.693000
6.092000
7.983000
5.422000
12.411000
13.567000
8.335000
12.196000
19.354000
12.541000
10.165000
8.626000
8.727000
8.659000
15.549000
14.246000
13.132000
7.703000
6.580000
13.314000
12.046000
8.041000
10.873000
7.468000
5.266000
9.001000
7.180000
25.525000
11.558000
9.909000
12.409000
10.291000
7.191000
10.160000
12.412000
10.685000
16.884000
14.486000
18.057000
11.280000
16.154000
7.787000
15.455000
8.651000
8.261000
7.149000
14.632000
6.200000
8.592000
8.465000
9.364000
17.229000
7.940000
13.883000
12.179000
9.602000
10.825000
6.528000
13.626000
8.033000
5.949000
17.933000
10.455000
11.422000
22.885000
7.383000
5.470000
10.038000
5.604000
14.430000
18.329000
7.968000
5.894000
5.949000
5.384000
6.206000
20.498000
8.451000
19.513000
4.909000
14.429000
23.613000
9.867000
8.618000
6.299000
12.150000
6.403000
2.841000
18.687000
11.018000
6.047000
18.876000
6.859000
13.584000
9.605000
6.941000
5.791000
9.629000
3.940000
12.308000
10.188000
12.590000
12.377000
3.881000
5.929000
9.149000
18.426000
10.146000
10.164000
16.294000
7.959000
6.141000
12.901000
10.053000
11.651000
6.600000
4.090000
4.309000
10.880000
5.540000
12.437000
4.384000
21.148000
3.313000
10.293000
12.757000
12.346000
0.913000
9.001000
11.700000
0.000000
15.395000
13.031000
22.839000
15.763000
9.098000
1.947000
2.642000
6.925000
21.981000
14.268000
14.160000
10.479000
17.102000
12.043000
8.360000
16.121000
14.216000
11.181000
12.808000
21.714000
12.218000
12.340000
14.656000
12.763000
13.647000
4.627000
14.133000
3.921000
9.992000
3.902000
7.370000
11.781000
6.820000
7.333000
13.923000
10.516000
11.109000
18.977000
21.823000
4.827000
9.730000
1.338000
13.554000
13.558000
5.481000
14.607000
12.447000
9.853000
12.189000
18.273000
7.024000
10.612000
15.785000
12.673000
13.394000
10.569000
15.384000
10.822000
11.484000
5.360000
14.864000
10.751000
8.916000
9.052000
12.812000
18.450000
10.574000
10.406000
15.088000
16.412000
6.422000
7.480000
9.705000
8.891000
11.674000
9.427000
5.080000
15.329000
8.625000
12.201000
5.437000
11.279000
15.223000
12.810000
7.544000
10.273000
13.030000
16.073000
20.124000
19.821000
9.355000
4.098000
9.358000
4.095000
18.140000
14.126000
14.000000
7.695000
3.863000
1.575000
11.157000
16.821000
6.331000
7.927000
17.025000
9.789000
8.660000
18.701000
3.683000
16.762000
8.689000
11.293000
16.138000
12.527000
20.298000
17.394000
12.555000
8.032000
15.131000
14.542000
10.934000
0.947000
11.386000
14.025000
12.409000
25.198000
8.755000
8.374000
1.086000
10.168000
15.355000
14.871000
1.429000
16.534000
7.764000
8.601000
11.124000
22.044000
11.318000
4.356000
14.305000
11.579000
9.052000
5.344000
11.298000
18.154000
10.773000
11.016000
18.555000
6.435000
11.817000
16.574000
4.846000
10.375000
0.000000
12.154000
6.270000
11.174000
15.018000
10.232000
9.399000
12.977000
8.495000
9.567000
8.531000
14.614000
11.616000
6.895000
12.328000
6.569000
10.119000
10.214000
0.000000
23.830000
6.756000
7.359000
10.420000
0.000000
0.000000
7.679000
12.188000
15.335000
6.602000
10.186000
2.424000
6.879000
20.664000
7.008000
9.549000
4.376000
9.980000
9.436000
9.666000
9.233000
7.298000
2.797000
7.128000
23.591000
12.057000
9.790000
9.545000
8.385000
11.817000
15.852000
6.854000
16.197000
0.448000
9.409000
11.401000
1.812000
2.332000
7.659000
12.663000
7.366000
18.008000
0.000000
13.017000
7.572000
4.923000
3.926000
15.052000
0.524000
8.624000
21.518000
3.846000
10.035000
22.155000
6.359000
9.860000
15.411000
12.581000
4.243000
15.631000
8.249000
19.919000
10.147000
11.580000
14.312000
9.558000
7.411000
18.471000
5.363000
14.772000
8.863000
11.453000
7.559000
7.985000
20.005000
16.350000
17.314000
11.167000
11.502000
11.577000
13.178000
18.050000
1.216000
0.718000
10.428000
2.829000
11.441000
3.347000
14.392000
8.621000
13.668000
19.151000
12.010000
11.757000
1.103000
23.336000
0.520000
10.818000
11.928000
18.411000
13.215000
18.875000
21.788000
11.010000
8.790000
7.534000
7.364000
14.929000
20.084000
9.327000
1.356000
2.578000
9.116000
14.156000
9.245000
13.858000
10.359000
13.848000
12.549000
14.294000
9.813000
10.678000
10.883000
9.476000
11.518000
6.178000
16.784000
14.060000
7.598000
6.569000
6.872000
10.045000
3.985000
11.158000
8.145000
9.483000
0.805000
16.238000
12.007000
13.175000
8.963000
19.163000
3.313000
10.714000
12.246000
8.653000
13.360000
3.353000
1.353000
14.639000
15.810000
13.949000
7.650000
9.556000
9.578000
14.520000
15.195000
22.109000
12.325000
11.958000
14.975000
6.316000
5.841000
10.513000
19.956000
3.667000
10.277000
17.890000
5.795000
4.742000
9.809000
4.368000
9.749000
0.000000
14.242000
12.829000
14.503000
10.429000
15.208000
8.407000
4.589000
17.719000
19.026000
27.199000
13.620000
7.408000
13.317000
6.531000
1.609000
5.596000
8.357000
13.149000
19.795000
12.444000
4.336000
16.150000
6.499000
12.360000
15.778000
8.982000
5.163000
15.139000
18.643000
16.427000
5.576000
11.952000
15.026000
2.634000
12.348000
9.781000
17.450000
10.695000
10.584000
4.490000
7.461000
0.982000
9.236000
8.791000
15.670000
6.059000
1.493000
10.374000
9.178000
16.922000
8.654000
4.844000
11.080000
11.192000
9.728000
11.965000
10.544000
11.507000
14.036000
11.891000
10.621000
11.993000
10.412000
19.568000
12.202000
11.402000
13.254000
17.119000
11.819000
6.307000
11.070000
8.284000
16.693000
14.037000
10.723000
19.135000
17.165000
15.953000
21.614000
5.355000
9.717000
6.047000
20.551000
12.385000
15.948000
7.954000
17.840000
8.193000
17.915000
16.277000
0.668000
16.934000
18.763000
22.759000
22.613000
5.326000
6.845000
19.356000
16.133000
13.594000
16.703000
7.223000
11.323000
17.034000
15.422000
6.499000
8.213000
12.288000
14.028000
12.577000
11.090000
14.417000
11.963000
3.481000
19.335000
15.919000
22.715000
17.045000
16.014000
17.204000
19.705000
8.716000
3.567000
10.939000
0.000000
17.094000
3.336000
10.683000
10.012000
14.604000
13.555000
11.872000
8.420000
10.213000
14.606000
15.856000
4.997000
6.477000
11.211000
15.134000
5.531000
1.939000
10.392000
16.578000
13.482000
12.369000
17.009000
10.906000
9.533000
12.021000
11.472000
19.091000
7.119000
10.872000
5.398000
11.571000
13.233000
0.000000
6.188000
9.613000
21.723000
6.307000
11.043000
10.653000
6.501000
12.420000
10.067000
6.029000
13.488000
10.746000
13.987000
14.427000
20.405000
17.658000
16.456000
13.766000
13.352000
19.052000
9.194000
17.256000
9.846000
19.099000
24.455000
11.547000
7.352000
13.446000
6.570000
15.202000
8.756000
10.287000
8.608000
23.076000
16.049000
7.053000
16.977000
14.170000
9.984000
3.885000
19.054000
6.510000
12.489000
11.237000
24.154000
17.280000
8.276000
11.985000
13.005000
6.518000
11.576000
11.873000
14.198000
11.769000
9.828000
12.285000
18.129000
0.000000
10.170000
12.404000
12.000000
19.126000
3.689000
10.466000
16.794000
21.661000
12.851000
7.478000
11.861000
8.290000
9.458000
8.362000
12.379000
13.493000
13.731000
5.014000
14.733000
2.101000
23.169000
7.234000
13.057000
4.033000
7.262000
12.802000
3.911000
2.288000
7.146000
2.232000
20.808000
6.188000
11.723000
10.867000
22.455000
6.420000
7.444000
13.929000
16.888000
7.550000
9.392000
8.401000
13.085000
8.089000
12.728000
18.884000
15.094000
14.036000
17.781000
12.444000
10.702000
16.689000
9.739000
16.148000
18.922000
16.188000
19.435000
19.518000
20.366000
7.503000
12.302000
14.212000
15.857000
13.697000
5.494000
16.266000
13.168000
16.448000
14.659000
11.643000
13.602000
10.704000
7.106000
8.140000
17.337000
16.623000
11.214000
11.084000
7.748000
16.078000
12.084000
16.855000
16.900000
19.092000
10.812000
18.496000
16.083000
12.233000
20.757000
20.061000
20.070000
15.756000
22.814000
7.816000
20.895000
6.797000
4.678000
11.298000
11.776000
17.022000
11.374000
18.098000
16.309000
11.186000
12.868000
9.111000
16.858000
16.093000
22.162000
16.143000
13.644000
9.999000
14.990000
1.755000
7.425000
13.428000
3.757000
1.550000
16.023000
23.601000
7.517000
24.629000
8.512000
12.781000
20.901000
14.803000
14.565000
4.440000
14.782000
12.281000
15.646000
16.690000
17.318000
9.604000
17.310000
13.027000
18.972000
12.204000
9.735000
13.495000
0.993000
9.664000
9.427000
13.742000
13.355000
9.735000
13.654000
8.694000
17.883000
12.013000
14.361000
15.115000
20.502000
17.165000
8.733000
3.019000
8.069000
12.141000
10.427000
15.310000
12.907000
16.194000
8.272000
17.416000
13.152000
15.826000
15.965000
12.489000
13.623000
15.370000
25.800000
9.866000
11.177000
5.217000
12.862000
13.630000
12.025000
23.892000
9.825000
14.654000
1.567000
11.965000
15.057000
15.743000
0.955000
20.426000
6.489000
11.782000
12.362000
12.768000
11.160000
8.068000
13.086000
15.948000
13.351000
9.493000
15.332000
15.100000
13.495000
4.735000
14.236000
0.000000
10.317000
11.899000
19.001000
14.264000
1.600000
15.503000
13.793000
16.019000
21.577000
9.162000
1.647000
9.047000
10.768000
10.204000
13.451000
14.271000
17.131000
11.393000
5.376000
14.727000
10.354000
12.784000
12.569000
15.880000
17.264000
13.922000
6.583000
11.821000
14.595000
14.124000
24.134000
24.739000
9.549000
10.793000
13.876000
11.142000
18.505000
10.788000
14.011000
14.162000
21.319000
6.531000
6.790000
17.337000
12.316000
9.013000
7.944000
9.921000
10.536000
9.924000
20.817000
20.327000
21.869000
14.302000
9.500000
12.153000
13.345000
18.752000
17.132000
12.143000
10.460000
16.897000
14.891000
6.887000
2.928000
13.198000
15.300000
6.168000
7.466000
17.262000
21.973000
21.652000
16.988000
12.962000
13.918000
18.459000
10.941000
12.909000
10.176000
11.890000
18.388000
17.214000
6.337000
14.317000
10.571000
11.498000
3.999000
5.453000
12.711000
8.640000
5.228000
12.089000
16.520000
20.549000
11.740000
10.071000
8.815000
14.307000
7.490000
7.888000
9.069000
20.079000
18.680000
5.202000
13.620000
9.566000
15.295000
18.021000
10.002000
7.636000
19.761000
20.276000
10.125000
12.011000
25.068000
11.989000
12.443000
21.881000
7.534000
12.907000
7.781000
16.624000
14.498000
16.399000
7.825000
6.854000
9.008000
7.668000
13.107000
15.130000
14.226000
10.183000
15.756000
11.062000
13.353000
0.000000
19.456000
18.754000
21.300000
7.486000
9.494000
13.836000
10.410000
9.607000
8.283000
24.076000
15.478000
12.723000
14.763000
13.887000
13.270000
18.091000
11.865000
17.036000
8.435000
15.194000
12.066000
10.538000
13.099000
14.638000
11.879000
8.718000
17.402000
10.517000
11.743000
6.043000
16.191000
7.110000
12.423000
17.328000
7.150000
10.111000
8.478000
19.971000
4.765000
8.031000
11.674000
13.549000
4.908000
10.240000
10.720000
13.342000
15.818000
8.686000
14.834000
9.716000
10.173000
11.848000
18.180000
18.868000
9.178000
5.990000
18.143000
15.526000
11.224000
16.586000
4.375000
16.387000
16.457000
17.610000
11.348000
20.931000
9.250000
12.308000
8.625000
13.596000
16.713000
5.842000
8.004000
16.651000
11.419000
22.966000
15.025000
18.552000
12.040000
15.754000
10.015000
9.351000
7.929000
8.592000
10.165000
10.242000
11.239000
10.913000
12.700000
14.944000
14.804000
17.590000
20.538000
11.191000
13.487000
12.491000
11.892000
7.942000
11.152000
19.668000
20.110000
13.010000
19.983000
15.270000
8.963000
15.863000
11.037000
11.915000
14.368000
12.138000
7.291000
7.445000
22.158000
18.050000
18.648000
21.233000
10.093000
12.706000
7.859000
22.770000
8.285000
20.096000
16.606000
12.391000
14.781000
12.832000
19.411000
1.454000
12.814000
8.293000
21.765000
7.653000
17.339000
13.004000
16.736000
4.982000
8.541000
15.288000
9.997000
17.366000
11.071000
16.841000
14.668000
11.093000
6.532000
15.151000
11.870000
3.337000
15.492000
12.580000
11.503000
8.915000
8.595000
8.329000
10.245000
7.900000
8.485000
17.046000
10.603000
12.278000
7.841000
15.716000
14.579000
8.752000
8.002000
13.615000
8.125000
11.918000
4.932000
19.050000
8.529000
10.994000
10.877000
12.624000
11.540000
17.100000
16.774000
7.574000
13.964000
23.971000
17.214000
21.123000
24.000000
7.030000
15.395000
14.096000
14.141000
10.886000
10.918000
14.220000
12.874000
12.011000
13.938000
8.322000
16.305000
16.650000
8.784000
17.594000
11.626000
10.905000
8.173000
13.320000
15.637000
5.736000
7.717000
12.887000
16.415000
9.857000
4.971000
12.705000
3.369000
10.754000
15.220000
8.485000
12.949000
17.740000
5.733000
14.956000
6.751000
4.821000
10.656000
10.158000
16.534000
6.069000
11.706000
19.668000
18.005000
10.755000
9.699000
13.217000
16.315000
13.936000
12.868000
7.282000
11.023000
14.148000
12.244000
18.375000
16.570000
7.333000
4.434000
9.135000
7.024000
21.652000
14.554000
17.803000
14.734000
10.644000
3.219000
17.546000
6.176000
18.259000
14.144000
12.266000
12.413000
5.416000
7.590000
18.549000
14.179000
18.023000
11.531000
8.253000
6.489000
9.495000
12.572000
11.720000
11.467000
25.961000
12.320000
10.076000
8.805000
12.244000
18.843000
9.423000
11.201000
14.471000
19.637000
11.220000
11.827000
27.167000
6.033000
13.257000
12.444000
7.975000
12.799000
17.687000
9.785000
13.909000
7.971000
15.409000
3.987000
15.228000
4.331000
11.160000
10.412000
15.170000
19.071000
19.550000
18.386000
9.663000
5.461000
20.329000
5.749000
20.347000
9.907000
18.125000
12.651000
11.679000
13.577000
16.673000
5.233000
11.083000
11.064000
15.787000
19.676000
16.780000
20.046000
7.488000
12.155000
12.188000
7.784000
5.145000
9.388000
11.043000
10.670000
15.041000
15.004000
5.007000
12.900000
16.714000
17.251000
0.603000
18.799000
11.113000
16.121000
12.392000
11.088000
6.707000
14.392000
10.391000
20.693000
16.941000
4.841000
15.303000
23.727000
8.610000
13.616000
14.980000
7.572000
14.055000
5.859000
10.115000
12.885000
13.372000
12.453000
11.844000
5.881000
10.124000
10.390000
9.506000
11.173000
11.924000
10.449000
17.096000
7.123000
25.501000
15.867000
14.451000
16.144000
13.476000
1.897000
5.650000
9.069000
8.567000
15.785000
13.643000
9.852000
9.352000
12.841000
8.763000
15.279000
5.490000
23.342000
22.987000
12.354000
20.173000
0.000000
21.128000
5.690000
21.927000
7.521000
12.282000
11.323000
11.883000
12.040000
15.687000
12.262000
9.391000
18.643000
7.173000
21.826000
12.246000
12.318000
9.483000
4.861000
10.554000
5.333000
7.980000
14.584000
14.506000
17.232000
8.388000
8.905000
7.205000
10.010000
13.689000
11.976000
10.033000
11.749000
10.778000
18.419000
4.329000
16.728000
13.698000
13.301000
17.991000
13.521000
7.804000
6.017000
11.662000
17.714000
11.617000
7.658000
19.375000
11.617000
13.899000
0.000000
12.678000
1.721000
9.619000
6.056000
18.468000
7.139000
12.405000
22.822000
17.088000
8.524000
21.319000
10.196000
12.377000
8.682000
20.951000
15.525000
18.305000
10.440000
13.358000
15.728000
14.332000
12.794000
13.959000
21.928000
9.783000
12.460000
16.383000
12.744000
8.151000
8.071000
4.794000
12.192000
5.053000
8.038000
19.134000
14.159000
20.663000
12.164000
11.787000
19.709000
19.304000
15.226000
18.511000
12.415000
5.221000
7.460000
19.629000
5.725000
11.103000
12.139000
20.408000
13.289000
14.002000
14.273000
11.725000
16.732000
11.678000
12.000000
12.526000
10.056000
13.854000
10.709000
13.154000
10.555000
9.582000
8.266000
14.477000
8.060000
8.389000
19.917000
8.054000
7.133000
10.398000
7.941000
10.270000
8.407000
11.921000
17.053000
17.844000
17.700000
5.415000
13.136000
8.033000
23.322000
10.079000
10.416000
8.248000
20.787000
4.441000
6.612000
18.516000
9.754000
16.918000
12.748000
14.740000
10.831000
11.344000
10.059000
7.526000
10.015000
11.536000
5.744000
10.140000
8.485000
18.743000
3.505000
16.912000
15.930000
12.905000
10.330000
12.478000
6.232000
8.412000
14.309000
15.675000
19.343000
9.104000
16.211000
6.526000
8.881000
19.880000
7.384000
12.172000
1.740000
9.806000
8.878000
4.762000
12.056000
16.533000
10.168000
14.741000
1.755000
16.260000
14.568000
22.631000
8.070000
13.443000
9.555000
21.309000
9.123000
7.227000
9.572000
12.296000
19.150000
14.524000
11.727000
9.442000
12.656000
11.702000
11.913000
18.975000
12.115000
16.895000
7.626000
9.818000
16.238000
11.723000
11.555000
10.727000
10.526000
18.349000
4.924000
9.039000
11.365000
9.925000
16.141000
13.080000
15.120000
9.571000
12.969000
17.064000
14.332000
20.366000
10.394000
8.947000
5.536000
11.313000
11.759000
10.198000
11.871000
7.528000
7.587000
16.416000
23.605000
29.457000
12.911000
12.521000
12.532000
10.923000
10.725000
7.379000
11.497000
11.951000
12.086000
13.604000
21.586000
8.083000
10.216000
18.527000
10.226000
16.530000
11.263000
13.047000
3.889000
23.366000
14.571000
3.709000
2.463000
15.885000
6.026000
16.083000
8.793000
17.519000
17.465000
20.593000
9.335000
7.472000
2.918000
16.805000
8.375000
14.176000
15.548000
15.366000
16.547000
17.144000
1.949000
12.396000
12.235000
26.747000
18.325000
10.790000
15.915000
20.393000
14.353000
7.407000
22.482000
12.041000
11.725000
9.536000
11.138000
4.292000
0.228000
19.444000
5.837000
17.455000
2.780000
6.705000
15.645000
15.614000
15.216000
12.262000
14.272000
3.945000
17.079000
8.954000
11.697000
12.891000
13.837000
15.198000
10.081000
6.254000
10.238000
4.504000
19.209000
12.964000
10.998000
5.735000
14.170000
23.394000
9.090000
15.785000
5.601000
1.985000
14.290000
1.566000
14.892000
5.445000
26.904000
13.461000
3.122000
15.747000
9.522000
12.864000
13.398000
15.174000
2.700000
9.796000
1.930000
5.813000
6.167000
8.937000
7.497000
17.199000
21.628000
19.881000
5.985000
16.257000
6.716000
5.877000
10.536000
4.978000
7.558000
21.452000
20.739000
13.893000
11.344000
17.607000
7.331000
14.175000
12.501000
6.972000
5.957000
7.937000
14.480000
10.151000
4.136000
6.260000
3.609000
6.432000
4.657000
11.773000
23.535000
7.406000
8.834000
11.836000
4.080000
9.881000
12.212000
11.192000
7.620000
20.098000
11.413000
10.746000
23.827000
7.250000
8.482000
11.639000
0.446000
7.494000
15.715000
8.698000
4.921000
8.377000
11.301000
5.494000
18.257000
0.000000
9.935000
13.835000
10.211000
14.589000
2.294000
1.736000
9.890000
6.646000
3.014000
1.928000
8.790000
15.168000
13.799000
23.932000
1.423000
15.130000
6.969000
8.869000
12.080000
16.353000
11.820000
8.815000
9.963000
5.615000
11.930000
7.197000
16.657000
6.059000
9.533000
14.068000
21.643000
13.883000
8.939000
11.295000
12.063000
17.964000
9.078000
3.920000
10.364000
19.236000
10.034000
14.318000
2.268000
10.896000
10.985000
8.806000
19.991000
6.458000
13.067000
16.395000
6.809000
8.775000
4.849000
7.995000
23.971000
7.230000
10.099000
1.543000
13.353000
10.397000
11.532000
5.055000
9.351000
10.194000
20.436000
5.484000
12.518000
12.830000
14.261000
21.594000
9.159000
12.634000
11.852000
5.657000
13.576000
3.810000
15.178000
14.864000
11.948000
2.488000
16.355000
11.112000
8.312000
18.963000
15.634000
12.464000
11.094000
17.692000
13.213000
11.985000
7.049000
13.290000
12.808000
10.950000
8.007000
10.881000
17.295000
9.215000
14.317000
15.868000
5.275000
14.883000
7.472000
8.558000
0.000000
8.348000
8.136000
12.717000
19.238000
11.010000
16.029000
15.690000
13.306000
5.776000
13.709000
10.176000
10.770000
19.798000
10.351000
11.343000
11.356000
21.649000
19.557000
16.916000
11.743000
17.938000
11.616000
9.039000
11.552000
18.130000
17.854000
15.255000
10.236000
10.463000
0.000000
4.741000
1.411000
20.267000
9.434000
13.628000
0.000000
12.495000
7.447000
14.962000
7.255000
9.066000
20.761000
9.928000
12.701000
18.050000
9.990000
12.392000
21.033000
4.441000
15.961000
6.534000
13.733000
13.215000
0.181000
16.348000
14.583000
3.790000
19.236000
6.180000
15.942000
8.075000
14.313000
14.452000
8.027000
18.771000
2.472000
10.247000
7.495000
3.205000
9.645000
4.375000
15.220000
9.928000
5.794000
11.677000
18.180000
2.073000
10.738000
12.451000
11.725000
3.557000
21.882000
13.932000
14.157000
11.367000
14.993000
11.949000
11.179000
15.778000
13.663000
17.518000
17.927000
6.978000
15.222000
14.803000
10.732000
8.315000
9.307000
1.520000
6.694000
0.054000
14.839000
15.638000
8.271000
3.929000
15.583000
3.576000
16.540000
12.868000
20.723000
12.013000
16.277000
11.713000
11.406000
10.610000
18.869000
10.544000
7.845000
18.316000
10.758000
9.442000
21.558000
12.107000
5.465000
12.769000
16.252000
2.940000
4.793000
9.495000
13.302000
4.576000
8.119000
13.581000
5.210000
17.796000
19.081000
20.033000
13.731000
24.018000
15.994000
10.340000
6.760000
9.015000
13.511000
7.354000
0.542000
7.682000
3.963000
15.812000
8.808000
14.587000
18.295000
7.169000
9.743000
17.584000
6.840000
6.924000
0.660000
12.116000
15.183000
9.961000
18.541000
1.579000
13.804000
5.210000
15.236000
9.733000
4.916000
7.254000
11.448000
18.555000
8.835000
7.349000
17.564000
11.015000
22.234000
13.465000
15.119000
15.891000
7.519000
9.386000
12.936000
1.376000
6.679000
7.927000
11.429000
0.387000
3.484000
13.707000
15.126000
4.480000
11.178000
13.155000
6.562000
20.476000
12.506000
11.748000
10.109000
13.932000
13.198000
13.585000
11.682000
11.491000
14.337000
13.876000
6.276000
6.855000
9.190000
18.713000
10.456000
13.595000
5.283000
11.771000
2.398000
3.930000
4.076000
6.983000
13.583000
7.500000
7.131000
9.421000
12.153000
13.981000
15.145000
10.547000
13.439000
17.294000
8.592000
16.974000
8.493000
2.753000
7.100000
4.986000
7.155000
23.729000
6.386000
19.665000
7.836000
15.831000
4.867000
10.767000
7.564000
7.911000
9.352000
8.294000
13.035000
10.115000
11.465000
12.904000
5.793000
13.217000
9.783000
7.888000
8.051000
18.521000
9.788000
8.670000
21.532000
7.775000
17.021000
9.934000
4.126000
10.083000
12.003000
9.514000
17.066000
9.208000
19.358000
16.847000
19.114000
13.279000
9.020000
9.852000
15.446000
11.244000
24.906000
7.839000
14.892000
12.955000
9.416000
13.624000
10.083000
11.381000
11.861000
8.319000
12.759000
4.481000
5.792000
12.606000
25.396000
14.615000
15.176000
19.882000
11.853000
15.019000
18.416000
9.118000
7.035000
7.016000
11.040000
9.188000
13.975000
4.354000
12.310000
12.772000
8.635000
6.099000
16.498000
7.318000
22.870000
9.249000
5.819000
8.855000
8.174000
14.395000
14.584000
8.776000
9.410000
10.422000
12.065000
14.484000
9.651000
6.879000
6.262000
12.495000
8.496000
9.959000
12.132000
19.495000
13.143000
13.470000
6.940000
17.738000
11.454000
6.963000
8.092000
14.188000
9.998000
15.130000
8.772000
11.576000
11.806000
6.855000
8.888000
4.280000
13.821000
15.470000
4.777000
7.124000
14.279000
8.997000
21.362000
10.902000
12.137000
12.151000
7.464000
15.742000
8.648000
9.921000
7.381000
10.425000
9.404000
12.700000
17.556000
10.063000
11.746000
9.115000
11.105000
7.440000
12.077000
6.373000
6.642000
11.217000
15.420000
16.272000
6.643000
4.917000
5.231000
12.887000
15.918000
17.535000
6.222000
10.256000
12.523000
12.706000
13.840000
3.773000
8.502000
10.037000
10.229000
13.376000
10.297000
6.852000
13.732000
8.877000
14.635000
9.394000
10.014000
8.914000
6.390000
5.461000
9.268000
14.888000
6.339000
6.886000
9.306000
6.986000
12.085000
13.983000
10.798000
15.401000
6.598000
14.401000
15.742000
7.621000
10.327000
4.859000
11.966000
10.402000
16.233000
7.533000
23.099000
15.004000
6.794000
7.895000
10.397000
10.702000
19.094000
19.224000
13.269000
5.345000
4.816000
8.840000
8.129000
5.817000
10.785000
19.895000
10.953000
13.616000
14.989000
13.819000
7.982000
9.614000
5.183000
8.930000
4.182000
15.459000
4.563000
4.032000
24.558000
12.917000
10.179000
12.377000
14.510000
18.459000
14.889000
14.859000
9.095000
13.299000
8.188000
13.494000
13.029000
8.335000
9.711000
16.484000
18.594000
9.920000
13.026000
9.907000
13.711000
4.974000
10.031000
6.277000
9.865000
11.651000
8.614000
8.321000
22.062000
12.664000
4.657000
8.116000
8.357000
8.598000
6.552000
8.856000
18.192000
15.205000
10.655000
11.563000
10.379000
17.407000
7.138000
12.180000
11.077000
27.176000
8.248000
8.832000
8.813000
12.759000
13.233000
17.947000
14.025000
11.963000
8.964000
20.361000
5.924000
7.791000
8.683000
10.396000
12.796000
6.801000
11.642000
8.783000
6.540000
12.926000
10.763000
11.684000
5.943000
10.133000
6.966000
4.080000
5.214000
8.848000
14.612000
6.931000
10.474000
18.963000
9.930000
21.516000
17.669000
8.722000
14.969000
9.117000
18.786000
20.002000
6.997000
10.488000
8.047000
9.922000
12.890000
10.165000
20.028000
9.065000
18.708000
10.884000
12.720000
19.568000
12.578000
6.084000
4.624000
6.987000
13.555000
15.532000
3.902000
3.307000
9.462000
7.629000
6.452000
24.591000
15.335000
4.854000
18.815000
10.357000
9.120000
18.852000
5.021000
18.296000
8.031000
7.418000
18.627000
7.682000
3.344000
10.551000
7.151000
22.345000
8.766000
6.567000
15.069000
9.384000
9.916000
3.634000
13.292000
9.029000
11.515000
12.782000
10.082000
14.091000
7.120000
12.041000
9.760000
6.895000
14.855000
9.992000
5.608000
7.900000
20.958000
10.574000
13.754000
7.758000
7.430000
7.510000
10.852000
5.769000
13.899000
7.991000
10.211000
9.143000
9.020000
11.744000
23.274000
7.292000
8.829000
8.162000
5.700000
0.744000
21.590000
18.849000
10.516000
8.639000
5.585000
8.778000
12.526000
9.177000
10.117000
22.807000
11.401000
18.505000
14.317000
14.984000
7.561000
8.704000
8.457000
2.575000
6.707000
15.842000
9.969000
14.885000
26.517000
17.503000
4.759000
10.706000
13.469000
6.565000
16.294000
10.179000
6.939000
7.880000
7.294000
1.013000
12.005000
4.395000
6.958000
17.531000
18.053000
19.326000
15.876000
2.835000
10.078000
1.672000
10.634000
13.052000
10.616000
8.574000
7.129000
4.917000
6.683000
8.831000
5.270000
1.297000
8.402000
12.057000
10.679000
6.928000
9.005000
10.686000
7.616000
14.031000
7.236000
9.061000
13.153000
7.388000
9.485000
7.551000
11.379000
7.809000
8.565000
3.798000
8.281000
6.575000
10.877000
4.878000
9.647000
3.362000
21.752000
20.324000
9.171000
5.886000
20.113000
9.396000
11.592000
15.281000
6.478000
15.097000
7.002000
9.512000
11.865000
7.829000
8.780000
12.027000
13.192000
7.626000
13.304000
6.126000
10.614000
11.368000
5.084000
6.528000
10.022000
8.383000
13.392000
10.918000
2.469000
8.281000
4.376000
14.128000
8.707000
14.753000
2.586000
14.516000
13.333000
2.901000
18.009000
11.196000
14.977000
22.799000
8.318000
5.522000
3.326000
5.356000
9.156000
18.463000
21.811000
15.809000
11.181000
8.663000
15.227000
8.236000
9.876000
17.043000
8.712000
8.638000
26.444000
13.454000
9.997000
8.713000
14.149000
9.058000
7.731000
16.977000
9.358000
10.517000
10.600000
12.200000
20.948000
13.915000
5.438000
22.134000
20.088000
5.448000
5.872000
8.828000
6.012000
2.149000
13.301000
7.443000
9.785000
11.137000
14.405000
12.688000
6.451000
14.745000
26.239000
3.218000
2.053000
7.181000
16.193000
17.142000
8.948000
8.622000
6.407000
13.770000
14.443000
9.896000
20.413000
5.511000
2.412000
7.553000
7.981000
10.250000
11.341000
15.092000
9.497000
20.582000
9.041000
8.921000
14.095000
10.126000
8.562000
17.165000
11.185000
4.070000
16.552000
16.848000
20.614000
11.348000
9.966000
15.846000
14.803000
0.000000
2.663000
6.420000
9.770000
9.627000
17.272000
16.138000
10.834000
17.271000
6.683000
1.529000
21.280000
11.735000
14.700000
10.429000
9.744000
13.735000
6.312000
7.082000
10.516000
10.713000
14.316000
10.109000
4.763000
13.394000
6.265000
6.295000
9.429000
20.628000
7.588000
10.813000
10.726000
5.737000
14.552000
18.557000
6.787000
8.554000
5.625000
10.143000
11.836000
7.363000
14.151000
11.034000
8.352000
5.650000
12.740000
10.517000
12.678000
9.108000
14.513000
23.449000
10.792000
5.873000
13.829000
8.153000
21.874000
14.541000
9.260000
21.782000
4.377000
10.094000
14.569000
14.578000
14.997000
11.428000
1.902000
13.412000
14.471000
10.148000
7.512000
18.097000
14.506000
16.096000
9.160000
16.747000
15.131000
5.539000
10.801000
9.966000
17.045000
13.290000
11.026000
11.484000
15.146000
7.568000
14.607000
11.034000
9.965000
10.505000
15.322000
4.807000
2.105000
8.253000
15.269000
11.587000
15.066000
6.233000
7.403000
18.979000
4.674000
26.753000
21.371000
4.822000
13.214000
6.284000
6.386000
8.786000
11.334000
13.505000
14.248000
17.958000
15.943000
16.517000
15.183000
8.082000
10.563000
13.044000
10.920000
8.255000
24.091000
3.598000
11.925000
23.109000
9.295000
18.379000
0.000000
8.654000
15.913000
9.064000
4.759000
8.935000
12.302000
23.434000
9.324000
7.505000
8.491000
24.557000
8.140000
10.660000
16.902000
4.270000
10.835000
3.650000
14.743000
0.414000
8.000000
10.048000
18.166000
4.481000
11.104000
8.011000
10.631000
14.384000
6.657000
9.988000
11.068000
5.461000
10.541000
9.657000
7.955000
12.782000
10.167000
8.283000
12.328000
11.295000
10.757000
22.644000
6.199000
7.434000
11.341000
14.818000
10.442000
6.557000
8.849000
5.718000
24.179000
11.553000
6.696000
8.878000
14.535000
5.466000
6.617000
4.612000
1.559000
18.709000
9.499000
6.146000
9.388000
10.280000
12.428000
11.568000
14.749000
11.580000
7.811000
13.816000
15.912000
7.579000
7.695000
15.376000
10.552000
13.083000
16.133000
4.945000
15.447000
10.641000
13.564000
12.550000
11.623000
16.122000
11.158000
16.964000
4.015000
16.726000
7.859000
7.914000
8.988000
9.885000
9.495000
17.781000
0.000000
17.504000
8.748000
7.287000
2.290000
13.568000
6.866000
4.669000
7.376000
12.743000
13.845000
18.072000
10.439000
14.772000
10.380000
14.753000
12.698000
6.164000
10.760000
12.483000
23.281000
7.588000
10.742000
11.163000
10.308000
6.016000
20.837000
2.136000
13.110000
5.069000
9.280000
9.249000
11.726000
9.375000
4.950000
22.377000
10.154000
10.296000
1.279000
11.637000
8.013000
7.804000
11.582000
12.158000
10.453000
7.869000
8.901000
9.003000
11.164000
11.198000
17.307000
4.523000
10.441000
5.835000
15.449000
14.081000
10.012000
16.805000
10.428000
7.740000
12.911000
21.309000
7.137000
4.191000
10.887000
8.023000
5.951000
8.407000
14.448000
7.410000
21.880000
12.653000
13.999000
8.947000
9.357000
4.731000
21.841000
11.034000
11.463000
13.069000
17.353000
9.618000
7.648000
2.113000
15.619000
7.699000
7.548000
11.574000
9.471000
10.780000
16.321000
9.691000
3.017000
17.844000
7.318000
11.280000
15.801000
10.316000
10.377000
11.032000
14.606000
13.956000
12.112000
13.235000
22.137000
6.753000
9.727000
2.596000
13.972000
8.984000
4.609000
13.951000
8.183000
15.147000
2.706000
8.965000
3.956000
13.762000
1.038000
8.581000
6.941000
23.147000
8.273000
11.520000
15.644000
5.933000
12.018000
12.110000
14.836000
5.505000
2.419000
16.118000
17.717000
6.516000
2.980000
9.394000
12.205000
4.245000
9.388000
14.625000
10.364000
12.421000
6.553000
10.089000
9.802000
10.761000
7.935000
9.067000
8.550000
14.543000
15.126000
5.803000
9.979000
13.710000
12.053000
14.346000
7.114000
11.978000
10.669000
13.164000
12.010000
14.606000
8.115000
5.843000
23.253000
7.818000
8.032000
9.680000
13.708000
9.401000
3.460000
15.073000
17.608000
8.079000
6.569000
10.571000
10.364000
13.716000
13.783000
6.957000
5.066000
17.437000
20.798000
8.977000
12.157000
10.419000
10.296000
9.418000
11.404000
7.003000
10.897000
9.607000
5.543000
10.083000
19.634000
16.942000
10.533000
7.670000
8.447000
11.131000
10.879000
7.286000
7.518000
9.080000
13.050000
15.843000
1.372000
16.079000
9.200000
11.937000
9.455000
20.504000
2.508000
8.176000
12.148000
14.606000
4.564000
5.625000
4.119000
9.462000
4.817000
15.729000
14.090000
8.333000
4.925000
17.960000
6.673000
0.000000
10.638000
21.018000
20.107000
14.765000
14.596000
6.782000
11.844000
6.346000
11.032000
14.554000
5.279000
20.291000
13.953000
11.173000
5.927000
12.977000
12.073000
23.557000
15.198000
11.232000
7.533000
6.715000
17.190000
11.839000
6.665000
11.806000
11.116000
6.853000
15.755000
15.225000
14.543000
21.122000
15.983000
3.891000
7.829000
8.127000
15.359000
9.402000
10.784000
0.000000
13.907000
15.622000
12.599000
12.373000
12.294000
12.714000
9.670000
6.972000
21.472000
13.617000
2.979000
6.797000
2.390000
10.410000
3.039000
20.401000
16.889000
7.841000
10.161000
10.324000
9.178000
9.357000
8.350000
10.445000
10.863000
11.045000
15.659000
8.752000
16.270000
4.580000
0.000000
19.692000
4.827000
21.284000
11.931000
9.138000
19.961000
4.447000
16.068000
7.487000
3.119000
8.248000
7.936000
9.726000
4.010000
10.743000
11.929000
10.076000
13.190000
9.897000
15.282000
5.371000
13.639000
22.649000
7.784000
3.821000
16.179000
16.003000
12.172000
13.556000
15.456000
22.552000
13.264000
11.107000
17.739000
4.091000
27.196000
6.258000
8.666000
7.560000
10.555000
7.753000
17.077000
6.576000
14.134000
10.955000
5.442000
9.108000
6.548000
5.625000
5.222000
8.745000
4.023000
3.963000
9.419000
10.682000
0.998000
4.534000
7.679000
22.432000
10.698000
21.539000
5.519000
15.869000
12.536000
4.399000
18.329000
10.958000
18.311000
7.034000
10.385000
14.982000
20.112000
5.532000
10.075000
9.369000
4.995000
6.674000
13.214000
7.189000
8.561000
9.065000
4.234000
4.872000
18.986000
15.837000
7.070000
14.195000
4.167000
14.880000
9.015000
14.329000
9.242000
7.295000
7.469000
11.547000
7.225000
14.234000
12.216000
10.463000
21.908000
11.745000
9.960000
8.418000
9.230000
5.977000
8.438000
7.981000
5.666000
8.797000
8.631000
9.025000
6.626000
13.118000
11.034000
12.256000
9.414000
1.756000
7.178000
22.146000
7.580000
10.274000
13.737000
10.275000
7.823000
9.655000
8.267000
6.337000
11.497000
10.771000
12.586000
18.586000
8.177000
10.454000
10.331000
10.064000
4.841000
16.760000
8.128000
14.994000
12.234000
2.374000
13.488000
4.190000
18.103000
7.983000
8.259000
10.713000
3.983000
7.870000
0.443000
12.937000
7.513000
12.524000
11.750000
5.258000
20.758000
15.931000
8.048000
14.344000
13.526000
9.771000
2.621000
13.203000
8.313000
7.863000
8.731000
7.192000
12.444000
9.180000
12.049000
10.657000
17.419000
12.707000
13.243000
4.198000
16.974000
7.822000
11.629000
12.030000
6.780000
10.442000
12.511000
5.148000
7.246000
12.314000
7.971000
17.480000
19.769000
11.932000
6.077000
10.392000
8.235000
12.310000
8.169000
24.601000
11.896000
8.624000
11.886000
8.977000
11.855000
9.607000
14.056000
8.100000
24.328000
12.032000
2.713000
12.855000
19.234000
15.149000
17.072000
17.430000
15.963000
26.585000
25.690000
11.530000
4.853000
9.127000
13.019000
20.298000
13.826000
11.148000
19.060000
11.845000
6.219000
11.682000
19.540000
9.439000
15.345000
8.193000
8.406000
3.072000
13.317000
17.129000
13.452000
21.492000
8.785000
18.819000
7.935000
8.633000
12.220000
11.860000
20.064000
23.197000
13.536000
17.324000
3.562000
15.679000
24.234000
8.810000
23.053000
10.729000
16.445000
13.615000
12.398000
18.898000
5.503000
6.849000
5.222000
17.592000
8.940000
5.138000
4.575000
10.615000
17.207000
5.180000
7.522000
5.145000
15.269000
9.061000
11.761000
6.752000
7.024000
16.961000
10.968000
15.341000
10.647000
10.188000
6.928000
7.420000
11.327000
8.939000
8.037000
9.991000
11.329000
11.339000
7.872000
11.232000
15.280000
11.343000
29.917000
14.019000
5.806000
7.333000
9.914000
8.441000
3.257000
8.171000
8.687000
22.061000
10.487000
13.038000
9.496000
10.621000
8.625000
21.205000
16.497000
5.806000
5.964000
12.104000
8.858000
8.915000
11.952000
12.245000
6.363000
14.780000
6.473000
8.277000
13.526000
14.686000
13.975000
5.729000
15.330000
4.426000
5.478000
2.558000
12.045000
23.989000
15.867000
11.975000
13.598000
6.521000
13.044000
7.224000
10.397000
9.544000
7.723000
18.584000
10.697000
7.217000
6.675000
12.339000
16.829000
12.185000
10.233000
3.988000
8.099000
19.432000
6.503000
8.366000
15.132000
18.687000
0.000000
12.426000
13.868000
10.667000
12.216000
11.195000
9.937000
7.091000
11.587000
18.624000
10.239000
5.407000
5.672000
11.779000
9.361000
10.409000
16.546000
20.003000
13.282000
12.234000
5.905000
10.798000
7.763000
5.054000
17.803000
15.603000
12.889000
6.143000
9.042000
7.205000
8.414000
18.221000
5.764000
10.222000
23.733000
3.600000
12.254000
7.963000
6.470000
0.000000
15.861000
15.006000
7.056000
12.125000
13.769000
12.571000
16.375000
16.383000
16.226000
12.417000
14.300000
12.375000
1.449000
16.696000
6.838000
3.692000
7.956000
26.291000
11.404000
11.693000
13.774000
12.862000
16.186000
8.823000
11.154000
17.856000
7.845000
16.037000
3.353000
18.971000
15.911000
19.647000
12.141000
8.466000
5.366000
17.052000
7.046000
9.178000
15.102000
9.750000
10.876000
7.416000
7.103000
8.104000
5.810000
22.549000
18.187000
20.468000
10.550000
16.348000
14.903000
7.601000
13.749000
16.465000
13.721000
15.809000
6.880000
6.823000
6.775000
12.232000
7.469000
15.734000
11.140000
10.704000
11.774000
25.781000
13.891000
11.374000
19.955000
8.510000
8.205000
21.672000
15.503000
10.606000
16.666000
17.175000
10.301000
14.953000
18.281000
16.243000
5.224000
7.352000
16.807000
13.102000
8.892000
12.448000
22.201000
22.580000
13.506000
10.658000
19.500000
7.292000
15.425000
12.563000
4.928000
14.319000
10.239000
13.186000
4.662000
15.106000
6.998000
8.025000
7.266000
17.184000
7.506000
4.588000
9.164000
8.532000
9.885000
3.320000
10.781000
21.241000
13.491000
14.512000
6.637000
14.313000
14.162000
9.248000
8.965000
3.472000
0.743000
20.794000
6.974000
14.424000
19.177000
6.257000
16.172000
7.534000
6.902000
7.059000
7.971000
0.000000
11.374000
20.289000
7.924000
12.124000
12.686000
2.447000
14.716000
6.109000
10.416000
14.626000
11.170000
9.594000
24.820000
6.161000
9.705000
20.809000
17.148000
17.212000
5.180000
5.415000
12.301000
4.637000
0.622000
8.499000
12.950000
14.083000
9.781000
7.102000
10.677000
6.964000
11.915000
7.798000
15.782000
8.026000
9.707000
6.514000
8.041000
24.158000
22.561000
13.209000
5.369000
19.934000
13.210000
1.101000
9.041000
15.311000
20.135000
6.227000
13.778000
8.102000
4.358000
14.681000
16.236000
7.237000
22.344000
9.278000
14.874000
11.490000
14.299000
4.449000
6.134000
8.402000
9.212000
11.045000
10.778000
13.628000
21.530000
16.327000
11.044000
19.154000
16.203000
15.276000
13.311000
4.940000
13.434000
12.811000
0.000000
24.219000
11.044000
14.005000
0.255000
17.357000
19.733000
16.758000
8.719000
16.382000
10.473000
8.817000
6.471000
14.320000
18.815000
18.719000
9.025000
21.158000
9.436000
20.315000
10.863000
13.047000
9.167000
12.138000
15.417000
20.637000
16.060000
18.889000
12.918000
5.278000
24.959000
15.228000
17.486000
11.686000
17.707000
16.732000
9.863000
5.716000
9.840000
11.393000
0.548000
12.870000
14.224000
8.033000
17.531000
17.404000
15.791000
12.045000
12.022000
14.597000
18.804000
3.130000
11.542000
11.128000
17.991000
10.607000
16.134000
6.942000
14.030000
12.320000
19.645000
17.443000
6.401000
17.248000
9.081000
8.892000
8.123000
7.564000
12.935000
2.656000
9.942000
14.682000
18.633000
12.734000
17.950000
12.941000
14.270000
8.778000
10.705000
9.432000
22.655000
13.970000
27.565000
14.286000
5.920000
10.594000
18.023000
10.437000
13.583000
19.024000
6.798000
11.413000
15.070000
18.547000
11.010000
12.658000
22.206000
21.103000
11.227000
14.672000
3.515000
12.840000
15.569000
11.325000
6.308000
15.826000
7.750000
12.658000
18.663000
15.401000
20.157000
17.397000
7.995000
15.223000
6.248000
6.963000
20.516000
14.192000
12.906000
12.725000
11.629000
14.016000
9.005000
12.272000
9.875000
15.859000
7.823000
7.860000
11.860000
11.415000
3.497000
19.180000
16.798000
22.413000
12.098000
18.549000
0.602000
26.967000
16.842000
7.840000
5.792000
7.475000
1.005000
5.547000
22.326000
11.164000
11.477000
15.703000
5.941000
13.831000
16.038000
8.553000
13.920000
11.373000
16.500000
7.999000
14.449000
13.396000
6.284000
5.786000
11.569000
17.021000
17.367000
6.155000
11.680000
15.073000
1.515000
3.002000
12.786000
12.020000
12.957000
16.251000
8.685000
11.895000
4.528000
16.278000
9.431000
11.341000
16.673000
2.491000
3.828000
9.893000
4.769000
13.169000
17.935000
9.477000
8.735000
12.291000
19.701000
7.228000
1.179000
11.046000
7.650000
4.919000
6.258000
6.468000
15.203000
12.839000
15.703000
12.868000
10.809000
14.770000
8.010000
1.220000
5.698000
11.198000
9.245000
8.604000
8.072000
8.609000
2.729000
17.834000
19.031000
8.551000
3.357000
18.894000
9.513000
15.499000
7.951000
12.004000
22.376000
9.166000
11.929000
14.215000
12.061000
6.910000
5.927000
17.463000
11.683000
11.006000
15.017000
12.989000
15.314000
12.624000
8.352000
4.803000
6.606000
7.982000
15.298000
4.912000
14.162000
10.787000
9.743000
11.568000
15.791000
19.907000
6.449000
20.283000
12.343000
7.916000
8.288000
4.025000
18.218000
25.473000
4.551000
14.317000
9.446000
19.060000
3.315000
11.334000
14.570000
15.481000
11.863000
13.072000
8.093000
17.586000
20.299000
17.277000
7.868000
25.267000
17.341000
12.806000
14.038000
6.655000
16.519000
16.448000
19.004000
6.246000
11.060000
13.469000
5.219000
8.954000
9.315000
10.323000
11.821000
11.651000
15.871000
12.332000
20.110000
11.627000
13.085000
9.099000
17.259000
11.443000
6.578000
11.128000
17.108000
22.295000
13.224000
11.783000
11.378000
19.877000
10.000000
9.963000
14.313000
18.555000
7.565000
3.563000
10.898000
19.047000
2.364000
13.660000
7.247000
7.771000
18.077000
6.234000
17.545000
18.081000
16.138000
15.528000
6.069000
14.602000
12.624000
13.595000
7.486000
11.748000
5.055000
5.891000
8.060000
14.585000
9.870000
11.089000
14.366000
16.205000
13.529000
10.548000
11.205000
27.322000
15.037000
8.595000
7.255000
10.354000
20.830000
10.353000
14.917000
20.381000
9.007000
9.256000
8.965000
9.717000
9.463000
9.178000
3.791000
12.639000
19.074000
11.116000
12.319000
7.483000
6.579000
10.048000
8.602000
22.317000
28.270000
5.445000
13.970000
4.249000
9.478000
16.425000
17.716000
5.783000
9.485000
14.152000
3.806000
6.271000
6.022000
10.960000
10.983000
14.471000
6.960000
9.922000
10.490000
21.646000
6.822000
9.387000
12.092000
15.455000
7.752000
13.144000
15.325000
5.848000
8.470000
11.956000
6.726000
16.765000
16.366000
12.297000
10.538000
17.009000
11.269000
15.044000
11.892000
21.349000
9.521000
11.941000
13.133000
14.191000
5.970000
13.090000
9.036000
1.934000
13.828000
14.780000
6.814000
7.063000
16.989000
5.454000
12.644000
12.261000
10.982000
20.224000
9.851000
10.349000
5.678000
8.058000
18.999000
21.022000
19.837000
8.181000
14.064000
7.921000
20.583000
7.169000
16.959000
8.385000
9.054000
17.764000
7.868000
8.062000
12.674000
5.879000
11.535000
23.719000
15.252000
4.893000
9.964000
3.712000
15.980000
23.984000
12.059000
9.385000
13.199000
11.964000
14.424000
8.113000
9.083000
16.828000
7.529000
8.758000
17.296000
12.585000
5.522000
14.734000
10.377000
15.445000
22.808000
9.845000
5.875000
11.708000
10.216000
5.141000
5.571000
11.105000
5.622000
10.423000
8.230000
7.341000
24.504000
8.561000
2.555000
21.372000
9.852000
15.518000
6.732000
12.123000
8.592000
8.086000
12.265000
0.856000
8.182000
0.140000
8.355000
4.340000
8.606000
6.255000
2.700000
26.691000
17.308000
9.594000
7.639000
8.182000
13.511000
11.134000
8.065000
16.104000
8.404000
18.071000
11.947000
14.040000
7.840000
21.846000
11.579000
10.500000
11.097000
15.636000
11.336000
11.690000
14.435000
7.125000
10.949000
2.834000
5.282000
8.419000
17.144000
11.150000
14.426000
4.553000
10.874000
10.078000
5.833000
7.474000
7.432000
10.157000
5.991000
14.311000
7.077000
20.063000
7.751000
7.269000
8.029000
6.496000
9.184000
13.943000
10.652000
7.213000
3.967000
10.422000
6.200000
13.195000
11.056000
9.074000
10.664000
8.538000
2.315000
14.811000
6.899000
13.342000
17.097000
9.557000
11.651000
9.168000
8.978000
13.863000
14.085000
20.934000
8.296000
1.911000
7.595000
11.088000
11.095000
15.745000
9.064000
9.573000
14.143000
11.781000
3.537000
4.797000
7.281000
6.600000
11.153000
1.610000
16.241000
19.102000
22.822000
5.529000
2.989000
11.261000
11.628000
5.273000
9.765000
7.570000
11.746000
4.603000
9.458000
5.363000
12.703000
13.217000
14.982000
0.000000
12.793000
10.831000
14.522000
5.431000
6.626000
6.803000
3.860000
12.209000
10.841000
12.596000
8.778000
8.195000
1.967000
20.765000
15.152000
3.454000
13.928000
8.423000
19.318000
6.636000
14.077000
22.402000
11.967000
3.748000
7.609000
15.816000
6.442000
7.562000
13.238000
15.967000
14.901000
9.974000
8.107000
13.311000
14.483000
9.141000
11.385000
5.314000
12.903000
5.204000
16.138000
12.086000
8.816000
14.995000
5.379000
8.049000
8.086000
1.577000
0.000000
12.828000
6.977000
13.031000
10.047000
8.858000
9.267000
8.438000
0.000000
17.582000
15.223000
8.812000
17.688000
13.329000
3.983000
7.364000
17.405000
15.730000
14.241000
15.485000
16.425000
17.602000
9.843000
9.638000
12.454000
9.672000
6.733000
12.932000
12.891000
12.173000
0.000000
21.009000
11.627000
7.833000
8.589000
18.783000
6.756000
3.683000
8.092000
16.579000
11.952000
10.546000
17.105000
7.705000
11.279000
3.794000
9.791000
11.731000
10.023000
10.286000
16.320000
14.262000
7.014000
6.363000
5.756000
13.490000
6.154000
14.317000
7.947000
6.553000
15.831000
21.005000
17.685000
18.165000
9.827000
19.163000
15.365000
14.063000
24.046000
15.076000
14.033000
9.792000
11.551000
10.523000
4.410000
4.286000
4.933000
18.827000
6.510000
13.240000
10.486000
17.995000
11.940000
7.922000
15.107000
10.152000
10.400000
6.637000
8.283000
11.359000
9.393000
9.343000
16.827000
12.257000
11.150000
8.954000
6.590000
1.323000
21.522000
7.165000
5.925000
14.966000
10.962000
9.203000
7.957000
8.369000
19.768000
2.363000
5.213000
13.311000
8.924000
7.899000
21.041000
7.908000
5.705000
7.871000
12.302000
17.299000
8.998000
15.666000
4.926000
23.350000
11.435000
19.919000
10.031000
5.521000
8.332000
8.913000
7.817000
13.774000
10.561000
5.089000
9.429000
5.366000
17.190000
6.015000
14.047000
9.122000
17.749000
13.620000
4.172000
7.555000
13.716000
11.943000
10.228000
1.807000
12.383000
23.162000
15.433000
21.119000
6.997000
21.358000
21.315000
10.487000
14.123000
7.710000
22.312000
16.282000
6.799000
10.498000
8.238000
10.842000
4.708000
21.836000
7.461000
14.905000
4.537000
24.881000
11.101000
17.826000
11.386000
12.707000
6.668000
17.623000
4.114000
8.367000
7.822000
19.401000
9.922000
9.163000
0.000000
16.696000
13.788000
19.873000
20.701000
18.444000
8.700000
17.848000
10.676000
12.596000
8.441000
4.547000
10.727000
8.028000
16.747000
7.745000
8.654000
14.659000
15.868000
12.584000
0.000000
21.363000
5.578000
13.654000
5.727000
9.731000
11.322000
15.057000
5.925000
10.878000
7.516000
12.909000
10.140000
6.070000
9.239000
14.402000
14.692000
15.456000
12.627000
8.428000
18.431000
15.587000
14.488000
19.760000
17.909000
8.039000
12.949000
12.410000
14.858000
16.551000
20.548000
22.821000
3.175000
10.030000
22.732000
19.109000
6.482000
7.802000
17.554000
9.804000
6.358000
21.326000
18.415000
3.791000
5.931000
11.156000
6.958000
14.221000
11.215000
18.173000
5.977000
20.529000
19.750000
7.507000
20.401000
11.099000
12.975000
7.847000
19.043000
12.346000
9.287000
11.621000
8.963000
11.335000
10.619000
16.981000
5.410000
8.170000
11.129000
22.504000
15.852000
10.842000
19.993000
11.103000
22.463000
10.627000
27.189000
24.578000
9.497000
8.405000
13.334000
9.869000
11.944000
14.909000
10.632000
5.964000
3.629000
6.378000
14.598000
14.545000
11.172000
7.619000
21.635000
12.998000
8.655000
2.189000
10.267000
5.598000
6.640000
11.398000
4.105000
29.075000
9.183000
13.561000
25.174000
15.175000
11.660000
13.602000
16.383000
11.708000
24.912000
16.031000
18.254000
12.228000
27.198000
9.435000
4.378000
5.979000
14.111000
9.394000
19.777000
11.055000
17.360000
18.627000
16.539000
18.368000
17.087000
9.840000
13.376000
18.865000
18.538000
20.792000
15.124000
23.032000
9.619000
16.504000
23.163000
3.747000
10.914000
8.066000
8.294000
11.040000
12.515000
14.077000
15.584000
14.723000
23.934000
20.424000
24.556000
12.877000
13.451000
15.265000
4.073000
19.047000
11.798000
14.270000
20.250000
8.613000
18.575000
11.748000
6.791000
16.643000
15.016000
15.110000
21.540000
18.373000
8.343000
15.893000
14.275000
21.313000
8.147000
13.177000
5.431000
6.475000
21.038000
4.307000
11.875000
11.980000
24.377000
24.665000
17.853000
12.169000
20.045000
11.102000
12.851000
16.075000
11.098000
19.327000
14.591000
12.951000
12.612000
8.456000
13.304000
9.282000
18.496000
4.485000
4.367000
11.479000
8.895000
12.394000
7.301000
6.479000
8.999000
6.072000
10.094000
11.204000
17.005000
14.553000
14.978000
18.046000
14.235000
9.639000
2.290000
10.718000
8.804000
23.754000
5.255000
13.156000
5.197000
14.241000
11.394000
11.336000
8.939000
18.423000
9.829000
2.025000
7.457000
20.037000
10.337000
7.677000
5.419000
16.574000
14.815000
8.576000
15.970000
8.295000
10.240000
13.383000
8.692000
7.153000
14.062000
5.174000
12.480000
10.714000
13.918000
21.402000
17.741000
6.261000
5.801000
4.954000
3.700000
18.233000
8.190000
15.100000
4.441000
7.020000
13.620000
12.607000
4.000000
8.584000
2.758000
13.675000
20.836000
4.466000
14.522000
15.498000
10.509000
12.405000
6.552000
14.065000
3.285000
14.673000
18.263000
21.282000
7.765000
11.662000
23.390000
11.980000
18.669000
4.634000
7.180000
15.045000
7.540000
8.823000
13.396000
5.410000
11.753000
11.342000
4.496000
11.164000
5.405000
21.473000
21.064000
21.086000
11.704000
10.948000
18.230000
9.687000
15.536000
0.000000
12.278000
10.044000
11.726000
17.794000
18.669000
20.204000
6.615000
10.921000
13.556000
14.155000
9.829000
17.434000
18.510000
11.687000
10.313000
6.516000
17.211000
10.060000
12.930000
15.357000
17.865000
13.227000
16.515000
17.721000
0.000000
11.542000
5.308000
19.717000
12.112000
11.954000
6.919000
10.920000
10.696000
10.935000
0.000000
8.032000
11.615000
5.052000
8.565000
10.612000
14.365000
16.635000
5.557000
16.433000
7.135000
12.353000
13.079000
9.325000
4.790000
8.489000
18.243000
24.634000
11.181000
3.077000
19.420000
16.105000
9.901000
0.000000
16.890000
2.766000
2.675000
11.724000
17.805000
9.306000
6.006000
8.271000
15.276000
10.401000
5.748000
4.100000
12.703000
11.186000
8.728000
10.119000
4.150000
6.932000
8.953000
6.312000
11.473000
17.184000
19.717000
7.332000
13.221000
18.925000
12.115000
22.843000
15.527000
14.930000
9.933000
10.027000
8.340000
21.734000
10.758000
5.878000
5.063000
10.089000
5.401000
5.146000
10.967000
17.839000
20.406000
7.153000
10.463000
13.709000
15.614000
21.818000
3.039000
8.470000
10.361000
6.632000
8.068000
3.952000
19.473000
8.704000
21.938000
17.979000
9.140000
7.934000
15.813000
12.207000
21.162000
15.088000
5.267000
1.187000
11.727000
18.509000
6.988000
2.112000
10.702000
10.225000
7.867000
0.000000
8.915000
5.638000
0.401000
20.704000
21.931000
4.181000
9.306000
2.304000
7.528000
8.243000
8.632000
12.836000
5.333000
9.068000
14.835000
6.089000
12.624000
4.896000
15.812000
7.678000
9.651000
13.008000
9.207000
12.736000
17.913000
10.633000
10.521000
12.134000
8.121000
20.170000
9.347000
19.273000
7.720000
16.794000
21.079000
1.135000
11.366000
18.288000
5.124000
12.209000
8.387000
19.089000
23.659000
8.154000
19.174000
10.217000
6.966000
12.622000
18.936000
9.273000
12.397000
6.031000
11.688000
17.992000
14.201000
17.949000
15.811000
12.884000
12.034000
7.738000
11.703000
16.969000
9.886000
0.184000
8.496000
6.981000
9.287000
16.665000
17.231000
10.078000
12.025000
25.430000
7.594000
6.340000
17.765000
11.978000
13.442000
8.760000
9.310000
6.196000
10.301000
8.291000
6.521000
8.666000
18.876000
11.341000
4.291000
14.430000
16.522000
1.113000
13.124000
13.102000
4.134000
3.961000
8.190000
13.353000
6.981000
24.081000
13.227000
17.271000
24.408000
4.403000
9.433000
0.155000
13.277000
15.936000
14.930000
16.132000
8.795000
11.428000
17.261000
11.825000
5.393000
6.913000
22.227000
12.924000
4.541000
2.373000
8.862000
10.882000
11.981000
5.100000
11.539000
18.940000
4.295000
13.938000
19.680000
6.860000
19.078000
15.521000
14.330000
20.850000
12.381000
11.745000
5.474000
14.185000
6.956000
21.933000
6.242000
9.300000
5.359000
9.339000
12.597000
18.023000
18.657000
13.724000
15.345000
8.421000
17.187000
5.392000
15.580000
10.830000
11.440000
12.550000
5.856000
12.769000
18.716000
6.368000
17.298000
14.824000
11.262000
19.458000
19.210000
10.689000
15.658000
19.788000
9.190000
9.229000
21.419000
6.133000
17.770000
19.205000
8.880000
8.894000
3.895000
8.862000
17.229000
10.310000
7.957000
3.958000
13.925000
9.483000
17.328000
5.274000
7.104000
7.452000
13.926000
2.443000
13.469000
16.500000
16.100000
9.915000
12.986000
15.005000
13.203000
14.659000
15.481000
19.341000
2.151000
15.141000
11.981000
11.957000
14.553000
17.641000
8.199000
3.272000
16.391000
13.109000
10.536000
10.770000
9.162000
11.146000
13.043000
1.915000
3.999000
18.314000
10.332000
12.784000
4.009000
19.156000
9.209000
20.973000
4.021000
8.039000
11.070000
17.009000
0.948000
2.516000
8.832000
10.583000
14.948000
12.768000
8.434000
14.058000
4.352000
9.225000
6.496000
13.244000
11.512000
12.252000
12.443000
13.496000
6.111000
9.801000
12.611000
0.000000
20.863000
9.576000
14.645000
0.617000
16.892000
25.605000
7.247000
13.961000
14.328000
3.932000
12.712000
17.711000
7.777000
11.211000
21.182000
16.395000
17.728000
12.522000
14.164000
12.591000
8.767000
19.413000
10.996000
19.011000
22.489000
19.004000
18.256000
8.935000
5.259000
7.175000
5.270000
19.279000
16.682000
11.501000
13.632000
7.778000
13.865000
17.377000
16.243000
14.927000
9.079000
15.094000
19.782000
14.566000
4.486000
1.374000
13.223000
21.055000
5.364000
8.838000
17.394000
10.696000
13.387000
12.119000
16.741000
14.959000
14.469000
1.995000
7.286000
7.413000
25.072000
14.592000
3.424000
4.216000
19.180000
13.189000
9.137000
19.072000
14.492000
17.426000
7.683000
6.247000
6.278000
11.221000
4.928000
8.264000
17.555000
15.192000
13.580000
18.106000
16.521000
5.728000
17.249000
8.812000
1.851000
6.555000
12.471000
19.017000
5.891000
16.566000
0.324000
9.693000
21.892000
13.356000
11.530000
22.146000
13.244000
15.944000
14.558000
5.009000
14.900000
8.509000
7.972000
2.966000
2.299000
2.514000
11.916000
13.665000
8.117000
8.285000
8.983000
4.016000
10.310000
0.000000
11.761000
3.930000
9.064000
17.151000
25.219000
6.400000
9.041000
13.900000
18.535000
17.316000
7.452000
4.034000
22.346000
8.560000
2.778000
3.704000
5.348000
6.550000
12.227000
14.722000
13.855000
19.367000
14.573000
11.688000
13.834000
8.279000
15.081000
10.246000
5.273000
4.373000
8.660000
14.613000
5.512000
2.974000
4.042000
22.237000
3.492000
0.000000
8.729000
5.634000
6.530000
2.681000
4.250000
6.475000
8.204000
3.038000
15.807000
6.663000
10.964000
11.909000
16.108000
5.597000
15.967000
6.177000
4.908000
9.636000
5.905000
15.678000
2.453000
10.563000
14.950000
12.982000
3.444000
9.321000
14.963000
9.273000
4.426000
9.133000
8.616000
3.508000
8.759000
4.708000
17.161000
4.188000
3.994000
16.041000
5.514000
13.982000
10.806000
10.155000
19.414000
11.897000
7.530000
9.223000
14.651000
9.179000
15.042000
9.200000
9.739000
12.502000
2.405000
13.023000
3.413000
12.094000
2.331000
2.476000
17.636000
9.888000
5.865000
16.696000
0.456000
9.231000
1.866000
7.362000
15.357000
15.146000
5.627000
1.502000
3.016000
4.313000
6.414000
13.073000
11.248000
20.816000
4.831000
18.252000
11.563000
17.782000
4.007000
0.000000
11.547000
4.976000
0.574000
14.578000
5.273000
0.000000
15.179000
7.022000
9.803000
3.842000
3.842000
9.875000
12.529000
1.603000
1.119000
7.503000
0.000000
16.162000
1.085000
10.976000
5.632000
5.375000
6.606000
12.046000
4.410000
8.516000
0.000000
8.202000
7.097000
4.883000
7.449000
3.525000
10.075000
3.227000
14.236000
0.125000
12.219000
3.452000
7.786000
3.633000
12.299000
7.833000
15.939000
21.274000
20.715000
0.308000
7.404000
2.291000
15.704000
0.714000
6.447000
5.991000
4.405000
0.000000
0.000000
20.948000
16.298000
14.871000
11.777000
16.095000
5.522000
1.062000
0.000000
11.654000
5.657000
9.916000
4.053000
8.946000
1.105000
10.954000
7.285000
8.810000
12.112000
11.460000
5.621000
13.677000
10.354000
4.733000
7.094000
0.187000
7.361000
8.973000
20.784000
12.911000
14.939000
16.876000
23.598000
9.296000
6.366000
8.956000
11.110000
0.000000
15.249000
20.136000
9.347000
10.583000
18.269000
5.753000
4.760000
19.460000
6.875000
0.000000
9.256000
8.515000
1.735000
2.687000
17.907000
9.920000
13.268000
11.579000
20.927000
13.579000
8.615000
19.689000
7.179000
19.526000
3.955000
2.024000
5.402000
7.281000
11.583000
4.495000
2.997000
4.741000
10.941000
16.976000
17.817000
19.830000
14.046000
20.475000
4.448000
6.460000
7.640000
16.009000
12.765000
17.167000
14.343000
15.415000
10.772000
11.761000
5.144000
10.395000
15.093000
15.088000
14.768000
0.000000
6.570000
12.320000
10.484000
22.218000
5.438000
13.949000
3.731000
2.047000
9.059000
11.666000
6.527000
7.621000
8.724000
16.864000
9.888000
8.585000
8.754000
8.751000
7.555000
7.688000
9.913000
9.924000
14.196000
14.656000
4.318000
0.000000
7.791000
15.910000
13.474000
9.012000
7.458000
14.860000
20.291000
5.182000
10.484000
17.838000
5.281000
17.478000
6.034000
15.259000
8.204000
3.577000
6.043000
13.729000
22.918000
14.507000
10.121000
7.568000
0.000000
12.420000
10.654000
11.302000
10.530000
18.845000
11.375000
21.629000
10.583000
5.956000
16.559000
14.058000
0.000000
9.905000
6.540000
13.963000
0.000000
12.670000
10.594000
14.002000
12.855000
0.000000
26.786000
14.088000
12.069000
11.072000
8.959000
4.299000
21.384000
14.932000
8.119000
1.181000
0.000000
4.506000
11.095000
6.589000
16.263000
0.000000
11.103000
15.643000
18.288000
20.836000
20.634000
1.158000
11.747000
6.342000
15.106000
20.187000
8.643000
20.389000
8.553000
16.660000
7.896000
9.894000
8.190000
9.665000
18.155000
10.839000
0.000000
0.000000
3.553000
11.121000
0.000000
6.080000
0.000000
16.811000
5.437000
3.847000
18.255000
20.542000
7.205000
3.841000
3.995000
4.185000
9.890000
5.863000
7.684000
13.628000
8.682000
9.334000
6.809000
10.436000
12.256000
10.462000
10.109000
9.429000
13.913000
17.582000
0.865000
9.669000
18.024000
13.442000
0.000000
17.529000
7.730000
2.955000
14.588000
12.096000
4.567000
4.645000
7.059000
19.963000
16.990000
6.968000
8.982000
0.000000
10.614000
10.208000
11.414000
0.000000
11.647000
4.713000
7.531000
0.000000
5.536000
21.863000
13.657000
10.730000
5.232000
6.453000
13.222000
16.049000
0.000000
11.099000
8.567000
16.186000
15.553000
5.589000
6.127000
20.634000
1.858000
13.086000
0.000000
0.000000
11.343000
7.435000
12.478000
10.601000
15.473000
8.927000
8.344000
9.180000
8.682000
0.000000
14.074000
7.431000
12.736000
0.000000
9.340000
6.076000
14.789000
7.518000
0.000000
2.549000
5.979000
12.421000
8.322000
0.056000
3.816000
10.915000
11.235000
10.130000
0.000000
5.391000
0.000000
6.962000
8.163000
3.924000
4.373000
0.000000
9.172000
4.401000
11.405000
13.554000
8.932000
6.370000
16.730000
10.989000
19.674000
5.113000
4.517000
6.111000
4.066000
14.287000
6.782000
5.478000
3.288000
8.546000
15.751000
2.987000
11.386000
14.289000
7.628000
18.228000
8.963000
10.689000
1.721000
19.062000
2.701000
7.442000
9.781000
15.056000
14.613000
0.000000
7.306000
0.000000
9.426000
0.265000
11.943000
2.394000
4.371000
8.240000
3.841000
7.012000
4.849000
0.000000
9.132000
0.000000
10.333000
9.947000
0.000000
4.306000
10.854000
3.872000
13.357000
2.342000
12.389000
8.367000
21.905000
12.832000
10.400000
17.564000
12.579000
2.727000
12.302000
25.918000
5.788000
10.460000
0.000000
14.371000
20.007000
9.213000
10.902000
18.303000
14.570000
15.123000
10.311000
10.080000
4.335000
5.106000
21.582000
0.000000
11.453000
13.973000
8.930000
9.374000
12.335000
8.134000
7.850000
9.808000
15.241000
20.814000
0.247000
11.945000
0.000000
5.553000
20.765000
4.699000
12.827000
10.588000
7.046000
14.850000
11.085000
2.460000
0.000000
12.406000
9.246000
13.305000
12.470000
4.736000
3.517000
12.813000
10.011000
6.598000
0.000000
15.154000
9.583000
3.408000
11.673000
15.633000
0.411000
11.724000
11.344000
15.395000
7.462000
2.904000
9.763000
5.594000
14.882000
0.000000
17.035000
17.456000
14.778000
19.397000
15.048000
12.943000
3.775000
5.922000
5.253000
5.793000
8.958000
9.087000
11.249000
3.280000
15.513000
6.416000
9.323000
19.053000
15.228000
11.489000
7.394000
4.011000
8.134000
3.391000
15.210000
15.860000
0.000000
18.109000
12.060000
6.899000
7.791000
8.292000
6.726000
16.811000
13.616000
4.350000
13.000000
11.438000
10.197000
15.146000
13.593000
10.605000
13.000000
12.001000
11.171000
12.051000
10.752000
0.000000
10.825000
15.579000
0.967000
1.438000
7.161000
0.000000
18.774000
12.796000
8.397000
14.362000
14.882000
14.153000
17.364000
17.367000
18.833000
17.307000
9.795000
10.449000
14.450000
11.030000
13.487000
1.256000
1.849000
3.538000
5.300000
14.149000
11.932000
20.903000
7.779000
3.792000
7.657000
6.843000
8.941000
0.000000
11.647000
11.299000
17.258000
15.653000
0.000000
10.251000
2.586000
14.545000
10.133000
0.000000
12.136000
18.403000
9.345000
6.498000
0.000000
9.588000
9.264000
19.675000
16.696000
4.802000
7.761000
25.033000
6.545000
8.264000
8.493000
5.305000
1.723000
4.834000
10.116000
0.000000
10.295000
0.000000
19.804000
4.533000
6.018000
0.000000
5.639000
5.829000
11.119000
12.073000
14.916000
12.714000
0.370000
21.476000
13.279000
9.583000
18.945000
0.803000
3.551000
7.756000
3.118000
20.470000
0.000000
2.683000
5.934000
22.080000
14.612000
0.000000
0.000000
16.677000
17.566000
10.190000
10.101000
12.637000
21.329000
0.000000
4.060000
0.000000
16.022000
5.238000
1.672000
6.253000
3.659000
1.044000
4.959000
14.180000
11.785000
10.222000
0.000000
7.819000
5.721000
12.638000
20.366000
0.000000
6.330000
14.931000
0.000000
8.616000
5.279000
0.000000
14.052000
13.317000
11.778000
23.795000
5.289000
6.758000
6.922000
6.774000
7.210000
0.000000
11.265000
10.181000
9.207000
7.581000
13.718000
0.000000
5.596000
9.580000
12.584000
4.330000
14.745000
12.752000
11.828000
11.966000
7.756000
19.132000
7.167000
11.154000
3.522000
7.848000
8.861000
15.504000
19.373000
17.444000
16.090000
16.351000
13.297000
6.748000
0.000000
14.641000
1.011000
0.000000
4.582000
9.940000
11.480000
13.866000
7.435000
8.727000
10.990000
20.806000
15.960000
20.011000
13.396000
26.530000
3.554000
9.466000
0.000000
19.861000
4.154000
13.094000
20.244000
15.779000
0.000000
8.360000
4.247000
21.247000
15.296000
14.459000
5.319000
10.958000
0.000000
0.000000
18.699000
8.062000
13.232000
2.494000
14.330000
2.683000
0.000000
17.938000
10.034000
17.510000
8.624000
7.549000
2.398000
0.000000
6.879000
22.530000
16.396000
11.363000
20.345000
19.845000
17.360000
13.313000
20.180000
10.401000
14.300000
23.531000
10.096000
12.819000
17.126000
20.184000
19.565000
12.571000
6.950000
4.319000
11.889000
15.518000
17.253000
19.195000
10.314000
14.612000
11.793000
0.000000
0.000000
18.347000
12.551000
14.713000
15.331000
0.000000
4.707000
10.172000
9.869000
7.314000
6.552000
21.102000
3.762000
13.297000
15.624000
4.104000
11.549000
19.514000
12.083000
18.526000
0.000000
22.240000
10.889000
15.851000
0.000000
11.261000
15.478000
9.033000
9.402000
23.270000
15.156000
6.758000
17.928000
7.722000
21.741000
16.372000
9.579000
4.339000
11.302000
10.103000
11.885000
11.222000
10.904000
10.486000
10.986000
9.243000
9.017000
2.399000
2.436000
0.000000
0.000000
19.025000
9.250000
11.891000
18.845000
0.000000
0.000000
8.999000
0.000000
15.925000
13.027000
11.692000
12.036000
6.691000
9.636000
24.069000
17.049000
3.718000
12.321000
5.428000
9.858000
13.537000
10.139000
6.120000
19.338000
18.783000
5.830000
11.378000
14.755000
9.128000
11.102000
9.941000
11.820000
10.908000
21.568000
21.106000
10.515000
3.735000
8.546000
12.926000
14.790000
1.853000
18.906000
14.791000
6.945000
21.801000
7.236000
15.371000
7.100000
6.835000
11.322000
21.326000
16.913000
14.877000
0.000000
20.821000
4.491000
23.217000
18.314000
17.819000
17.650000
10.303000
7.735000
11.721000
18.738000
0.000000
16.283000
8.461000
18.560000
11.004000
6.977000
0.000000
9.707000
5.893000
19.631000
0.000000
7.287000
4.368000
7.299000
13.786000
3.307000
5.770000
5.040000
28.457000
9.373000
9.489000
1.697000
8.353000
17.164000
16.528000
2.258000
4.928000
9.040000
8.675000
8.492000
1.328000
0.000000
11.623000
1.152000
9.799000
3.842000
1.717000
10.527000
14.105000
10.728000
7.098000
5.783000
0.000000
5.534000
9.506000
6.829000
11.831000
14.571000
12.043000
2.483000
18.749000
11.120000
15.038000
14.207000
6.742000
13.371000
15.045000
21.136000
5.634000
4.121000
18.964000
0.000000
13.192000
0.000000
17.759000
8.783000
9.685000
13.005000
5.329000
19.933000
8.490000
10.296000
17.769000
3.449000
12.477000
8.235000
9.840000
0.000000
10.641000
6.644000
10.754000
4.910000
0.000000
12.722000
14.766000
9.683000
21.406000
26.009000
7.488000
18.271000
9.158000
2.964000
15.812000
22.688000
11.428000
7.133000
10.135000
0.000000
11.511000
0.000000
7.995000
5.913000
8.537000
18.778000
5.244000
16.641000
19.190000
9.080000
6.306000
0.000000
14.500000
7.900000
23.681000
17.698000
20.002000
9.861000
12.832000
14.886000
5.576000
2.029000
16.209000
12.160000
10.856000
8.703000
13.958000
11.892000
6.929000
14.683000
24.233000
2.400000
17.906000
0.000000
0.000000
14.704000
18.822000
22.585000
11.475000
21.089000
0.000000
8.314000
0.000000
6.914000
10.268000
17.956000
11.905000
8.120000
18.836000
20.367000
12.444000
0.000000
10.819000
2.958000
23.403000
8.944000
3.072000
6.998000
4.370000
19.390000
0.000000
6.139000
0.000000
16.790000
6.706000
16.477000
13.357000
8.776000
15.681000
0.000000
20.816000
0.000000
15.576000
14.085000
10.901000
4.667000
0.000000
21.274000
21.147000
8.853000
15.092000
16.119000
0.000000
4.859000
12.187000
16.931000
8.432000
0.000000
0.000000
6.481000
10.140000
7.713000
12.811000
19.116000
7.172000
10.770000
2.629000
3.197000
26.153000
14.918000
6.635000
13.432000
11.792000
16.237000
11.945000
12.757000
11.979000
5.033000
16.515000
20.363000
0.000000
13.668000
5.110000
8.233000
0.000000
16.554000
6.618000
9.453000
9.375000
17.616000
21.715000
11.587000
15.160000
9.706000
9.894000
21.157000
14.936000
0.000000
5.773000
11.625000
0.000000
11.492000
15.120000
4.472000
19.071000
14.517000
18.778000
10.392000
11.212000
0.000000
15.181000
15.531000
0.000000
10.893000
5.495000
9.328000
16.114000
19.125000
0.000000
13.197000
12.782000
13.387000
6.971000
7.503000
18.141000
19.334000
3.547000
5.428000
9.456000
21.757000
0.000000
17.439000
5.110000
23.599000
13.052000
8.378000
18.758000
0.000000
14.676000
17.432000
16.689000
0.000000
15.478000
13.260000
12.721000
7.817000
0.000000
18.548000
5.821000
16.479000
7.681000
12.440000
5.441000
16.725000
16.309000
16.471000
10.294000
11.665000
12.436000
5.984000
10.988000
16.826000
0.000000
20.633000
12.446000
20.559000
15.189000
11.227000
7.190000
10.434000
6.079000
16.759000
10.458000
14.434000
16.472000
0.000000
14.299000
16.590000
10.291000
11.689000
11.841000
15.406000
21.677000
9.159000
8.082000
5.450000
16.332000
5.006000
0.000000
4.771000
13.379000
18.884000
13.060000
16.617000
7.940000
19.622000
19.395000
0.000000
13.296000
16.621000
0.000000
14.710000
15.700000
4.051000
0.000000
3.098000
17.203000
0.000000
0.000000
21.803000
17.153000
24.755000
20.166000
12.412000
0.000000
12.782000
14.257000
15.259000
9.622000
0.000000
6.623000
8.681000
17.413000
13.659000
0.000000
0.000000
5.485000
22.681000
16.427000
6.739000
13.516000
6.612000
10.603000
16.191000
21.170000
0.000000
0.000000
9.409000
7.202000
0.000000
0.000000
17.155000
6.226000
0.000000
11.649000
16.157000
11.023000
15.422000
12.000000
27.680000
18.045000
5.913000
13.036000
12.318000
11.264000
19.478000
14.874000
8.699000
20.072000
20.317000
8.429000
0.000000
8.372000
17.957000
10.147000
9.185000
5.278000
16.500000
19.557000
7.942000
0.000000
11.059000
9.053000
18.925000
0.000000
12.740000
22.221000
10.982000
6.742000
14.941000
16.050000
20.834000
9.101000
9.971000
14.394000
16.820000
11.391000
0.000000
0.000000
14.027000
9.430000
19.658000
19.021000
0.000000
11.088000
19.113000
9.924000
12.332000
1.616000
15.940000
4.245000
2.476000
11.019000
12.908000
12.777000
8.033000
19.649000
9.536000
2.901000
12.318000
8.665000
13.874000
13.767000
15.384000
15.099000
0.000000
0.000000
17.738000
3.623000
14.646000
17.838000
8.300000
0.000000
16.645000
14.303000
0.000000
0.000000
15.268000
12.287000
16.024000
0.000000
15.753000
9.065000
0.000000
15.904000
11.637000
3.960000
0.000000
11.545000
11.237000
10.251000
0.000000
5.420000
17.717000
12.206000
19.657000
16.448000
19.309000
20.136000
0.000000
15.823000
13.019000
6.000000
0.000000
16.963000
17.268000
12.217000
7.529000
0.000000
11.127000
6.595000
11.164000
9.361000
14.963000
7.448000
9.406000
8.937000
0.000000
17.449000
14.384000
19.029000
0.000000
0.000000
0.000000
10.411000
0.000000
22.088000
14.330000
4.806000
16.896000
11.482000
7.075000
10.895000
0.000000
12.825000
16.025000
12.682000
13.399000
16.754000
14.204000
8.281000
14.399000
8.855000
19.596000
13.680000
0.000000
15.086000
0.000000
0.000000
18.747000
16.165000
0.000000
16.153000
21.358000
0.000000
14.354000
10.623000
1.117000
0.000000
14.973000
6.142000
16.492000
7.642000
7.728000
17.317000
13.105000
12.424000
19.711000
20.951000
16.947000
0.000000
15.706000
0.000000
13.373000
14.383000
4.754000
17.745000
5.942000
12.147000
4.715000
14.476000
0.000000
13.899000
9.547000
0.000000
0.000000
14.137000
10.807000
0.000000
10.402000
20.619000
14.315000
9.798000
7.582000
21.163000
0.000000
13.830000
12.371000
14.220000
18.544000
4.753000
12.869000
10.689000
0.617000
7.292000
20.676000
13.636000
0.150000
11.402000
0.000000
14.941000
6.316000
18.812000
14.460000
25.992000
8.785000
0.000000
11.032000
13.813000
18.562000
17.614000
18.367000
11.048000
4.678000
11.251000
0.000000
7.289000
10.287000
12.471000
13.448000
0.000000
12.142000
0.000000
8.652000
12.881000
14.241000
17.422000
0.000000
11.026000
15.878000
17.952000
19.082000
4.702000
0.000000
15.553000
17.599000
7.559000
14.332000
8.372000
18.503000
16.656000
13.474000
11.412000
8.686000
20.780000
10.359000
13.059000
15.267000
15.626000
14.902000
0.000000
0.000000
14.292000
14.626000
8.006000
20.104000
5.762000
18.832000
7.540000
26.185000
21.082000
0.000000
17.212000
19.910000
13.089000
16.630000
13.238000
0.000000
5.412000
6.846000
0.000000
18.401000
0.000000
10.176000
0.000000
0.000000
8.071000
7.496000
7.305000
17.003000
0.000000
14.330000
10.769000
0.000000
4.585000
6.669000
16.267000
8.998000
0.000000
21.869000
9.114000
0.000000
7.690000
14.458000
14.900000
14.090000
14.889000
6.685000
17.743000
1.018000
21.433000
12.656000
0.000000
0.000000
7.475000
18.306000
8.754000
0.000000
10.338000
11.308000
19.645000
11.775000
14.908000
11.017000
19.612000
17.399000
8.736000
6.254000
11.649000
11.096000
20.319000
8.162000
16.858000
9.946000
14.305000
0.000000
16.288000
4.132000
18.406000
11.263000
3.775000
11.778000
16.339000
5.533000
12.522000
9.292000
8.492000
16.561000
11.240000
19.523000
9.735000
15.073000
11.350000
15.218000
12.518000
0.000000
0.000000
0.000000
11.394000
19.134000
18.625000
15.908000
10.602000
10.864000
27.303000
10.702000
14.261000
11.247000
18.787000
11.330000
0.000000
13.613000
17.810000
14.536000
0.000000
12.172000
19.136000
13.475000
20.736000
0.000000
8.027000
16.747000
20.490000
3.089000
0.000000
13.537000
15.278000
0.000000
20.645000
15.534000
12.902000
0.000000
12.321000
20.046000
19.867000
16.095000
8.697000
12.075000
0.000000
13.445000
4.889000
8.563000
1.848000
14.400000
14.146000
20.342000
9.004000
1.727000
19.514000
11.103000
23.052000
8.936000
0.000000
15.122000
0.000000
15.618000
1.772000
0.000000
10.737000
12.909000
10.823000
23.039000
0.000000
13.974000
20.082000
0.000000
0.000000
19.132000
0.000000
15.191000
19.118000
7.373000
10.693000
10.867000
11.905000
12.862000
0.000000
0.000000
7.099000
0.000000
0.000000
17.678000
13.561000
0.000000
20.475000
0.000000
11.240000
0.000000
20.072000
10.717000
7.722000
12.100000
18.214000
12.426000
24.296000
8.633000
13.510000
14.973000
14.276000
0.000000
5.040000
13.293000
11.751000
11.274000
0.000000
16.841000
0.000000
0.000000
0.000000
8.492000
7.246000
12.464000
12.678000
7.232000
0.000000
17.527000
14.331000
20.689000
16.725000
3.099000
15.371000
0.806000
17.066000
13.725000
0.000000
17.574000
1.076000
14.161000
0.000000
18.732000
11.878000
8.941000
5.201000
19.107000
10.313000
0.000000
0.000000
19.758000
12.642000
18.678000
17.893000
10.390000
0.000000
9.671000
18.034000
12.019000
0.000000
23.773000
1.996000
11.688000
0.000000
15.963000
18.768000
11.693000
0.000000
24.014000
0.000000
10.266000
21.349000
21.008000
0.000000
6.560000
0.000000
21.163000
13.883000
2.017000
3.614000
12.031000
8.444000
0.000000
1.111000
0.000000
16.078000
0.000000
10.726000
3.948000
11.423000
10.185000
0.000000
0.000000
6.985000
8.860000
0.000000
11.074000
0.000000
0.000000
6.532000
0.841000
18.677000
9.695000
13.338000
12.884000
0.000000
1.206000
3.131000
16.872000
15.852000
7.236000
5.616000
0.000000
11.602000
12.298000
11.250000
3.826000
14.712000
0.000000
0.000000
3.596000
17.586000
11.353000
7.859000
15.753000
7.215000
8.736000
12.912000
15.131000
13.853000
4.455000
6.377000
11.471000
0.000000
15.928000
7.287000
13.419000
0.000000
0.000000
4.448000
8.633000
7.297000
12.750000
13.291000
0.000000
14.596000
8.492000
12.664000
15.381000
0.000000
11.990000
0.000000
10.683000
15.250000
8.296000
11.534000
16.912000
7.021000
9.734000
13.287000
0.000000
10.974000
6.670000
4.676000
9.413000
12.289000
3.905000
13.907000
12.634000
4.665000
13.867000
5.983000
12.087000
0.000000
8.433000
0.915000
11.697000
12.533000
16.235000
13.502000
5.402000
2.442000
1.212000
12.846000
4.362000
2.435000
11.722000
0.000000
0.000000
