17.131000
14.498000
20.645000
21.346000
14.892000
19.435000
18.416000
18.552000
20.334000
14.542000
20.005000
21.817000
13.378000
18.388000
18.819000
17.719000
19.168000
14.110000
18.311000
22.828000
18.567000
20.347000
16.802000
11.664000
21.020000
19.668000
21.630000
14.332000
18.977000
16.665000
9.789000
17.528000
15.304000
18.023000
16.897000
9.950000
11.510000
6.303000
10.713000
13.909000
16.621000
12.010000
18.158000
19.163000
8.531000
23.336000
21.452000
25.116000
10.171000
4.038000
25.663000
15.139000
7.013000
16.017000
22.112000
13.789000
12.962000
7.685000
21.474000
14.860000
12.991000
17.781000
18.411000
21.594000
13.681000
13.227000
7.800000
19.513000
14.310000
21.723000
9.310000
4.952000
16.137000
14.179000
5.184000
5.938000
15.806000
7.647000
6.785000
16.147000
15.299000
14.096000
18.140000
7.102000
20.901000
13.285000
13.715000
5.705000
11.945000
9.992000
6.112000
12.076000
13.107000
18.650000
12.813000
9.010000
14.049000
3.109000
17.991000
14.443000
12.782000
13.169000
13.091000
12.258000
13.217000
12.982000
12.777000
10.252000
13.085000
14.080000
12.000000
13.170000
13.952000
16.756000
11.264000
13.060000
9.870000
6.512000
11.693000
14.314000
11.230000
9.218000
10.653000
12.536000
15.499000
14.179000
10.616000
10.444000
6.072000
5.880000
0.563000
13.226000
14.755000
5.616000
12.562000
14.535000
16.822000
8.181000
15.130000
11.931000
9.120000
17.938000
10.237000
10.761000
4.076000
10.035000
10.378000
17.650000
20.124000
7.949000
6.234000
10.049000
7.892000
9.573000
8.117000
8.680000
12.042000
15.791000
13.618000
20.124000
9.893000
9.788000
14.426000
7.301000
16.009000
13.548000
12.424000
9.730000
6.676000
10.511000
15.289000
11.135000
9.280000
12.563000
10.694000
4.424000
12.541000
4.376000
6.478000
15.017000
8.352000
9.438000
10.329000
13.616000
6.012000
12.217000
5.648000
14.313000
12.296000
4.986000
9.143000
16.765000
11.060000
8.405000
8.499000
15.636000
19.032000
12.415000
12.868000
12.063000
8.716000
8.443000
11.541000
12.291000
12.112000
16.348000
2.278000
10.488000
8.083000
6.181000
17.482000
14.300000
7.444000
13.564000
11.343000
8.060000
12.964000
4.354000
12.782000
10.884000
14.267000
7.892000
15.128000
13.105000
20.549000
11.865000
12.299000
7.232000
7.443000
6.087000
12.408000
9.409000
7.332000
7.626000
6.437000
6.409000
3.648000
8.718000
7.895000
13.037000
10.918000
11.175000
14.414000
15.899000
11.533000
8.592000
19.052000
6.030000
11.071000
8.335000
15.826000
6.928000
6.276000
11.515000
6.941000
19.236000
13.821000
10.538000
11.879000
10.451000
17.505000
10.296000
8.128000
8.281000
11.023000
10.616000
13.376000
10.541000
11.710000
17.734000
7.336000
12.752000
20.010000
8.485000
9.741000
2.347000
16.948000
9.049000
15.960000
9.258000
9.961000
12.887000
3.645000
5.570000
4.448000
11.731000
7.100000
14.736000
12.777000
4.867000
9.514000
12.193000
8.402000
9.651000
6.136000
9.279000
14.313000
12.930000
17.434000
8.997000
6.982000
11.627000
19.701000
15.093000
6.433000
6.901000
8.850000
6.540000
5.484000
10.767000
9.513000
11.401000
17.420000
22.017000
5.635000
11.381000
10.486000
11.526000
15.454000
9.707000
7.468000
5.244000
9.818000
16.890000
17.469000
11.138000
3.860000
13.339000
13.522000
7.859000
11.398000
8.282000
11.553000
11.705000
12.936000
12.177000
10.808000
4.500000
19.668000
16.580000
5.695000
4.979000
12.168000
12.165000
9.890000
15.376000
14.132000
4.975000
14.112000
12.346000
12.800000
19.309000
17.093000
6.820000
8.990000
16.831000
14.395000
5.367000
8.862000
6.260000
5.155000
5.787000
6.737000
7.266000
7.004000
10.941000
13.296000
10.706000
4.148000
9.040000
6.497000
17.607000
9.605000
2.750000
13.155000
16.769000
2.490000
1.708000
13.067000
11.334000
8.365000
6.338000
3.320000
9.233000
6.611000
12.911000
6.869000
3.897000
16.191000
6.856000
15.408000
12.000000
9.683000
7.354000
16.418000
11.788000
7.037000
6.396000
12.471000
8.444000
9.136000
4.614000
7.480000
17.373000
14.989000
8.072000
1.557000
15.409000
14.247000
9.189000
7.839000
4.362000
3.362000
4.741000
8.695000
8.181000
8.373000
2.371000
16.783000
16.853000
17.049000
10.359000
2.573000
4.167000
22.109000
10.409000
4.399000
3.784000
15.194000
7.451000
7.028000
5.273000
7.960000
2.649000
3.030000
15.759000
7.167000
9.750000
7.329000
6.332000
10.281000
5.727000
8.414000
13.837000
18.497000
4.541000
11.686000
7.072000
20.157000
5.143000
5.006000
16.916000
8.340000
2.598000
7.559000
7.610000
3.246000
8.467000
3.172000
6.418000
18.125000
10.563000
8.458000
6.491000
3.841000
15.127000
9.697000
8.952000
9.860000
3.482000
7.701000
7.539000
10.124000
5.012000
12.870000
6.144000
9.186000
6.033000
4.990000
9.587000
4.306000
12.630000
14.080000
18.559000
17.636000
5.263000
6.739000
5.946000
3.710000
5.027000
6.488000
22.115000
4.440000
4.793000
12.232000
16.285000
11.558000
8.121000
7.075000
10.385000
8.654000
7.713000
2.537000
11.021000
4.674000
12.747000
12.194000
4.410000
8.107000
3.955000
11.568000
6.986000
7.867000
13.644000
15.947000
9.864000
5.793000
4.910000
4.215000
9.492000
8.227000
2.436000
8.798000
7.794000
5.040000
9.588000
8.506000
10.361000
10.976000
16.756000
6.706000
13.267000
7.115000
6.901000
16.075000
7.549000
1.793000
10.135000
15.004000
18.449000
16.212000
8.686000
15.993000
1.635000
14.353000
13.541000
7.523000
14.793000
21.661000
12.392000
7.612000
11.139000
15.292000
10.713000
5.453000
5.913000
18.156000
14.378000
9.150000
11.026000
5.721000
0.570000
6.952000
6.829000
17.512000
8.499000
3.891000
12.436000
11.186000
12.558000
4.790000
7.361000
6.649000
16.289000
18.595000
2.054000
14.064000
9.506000
0.738000
5.502000
20.107000
9.183000
6.257000
6.998000
7.178000
8.806000
19.896000
4.585000
5.124000
19.114000
10.866000
16.596000
9.644000
17.116000
11.798000
7.568000
13.313000
8.681000
5.428000
19.094000
12.806000
7.943000
16.948000
10.889000
16.252000
14.367000
0.000000
4.687000
16.218000
15.288000
12.235000
8.496000
11.127000
11.465000
10.854000
5.762000
6.089000
5.329000
5.110000
18.945000
4.011000
6.408000
11.860000
4.308000
8.169000
10.705000
6.835000
17.519000
4.121000
11.129000
4.410000
1.849000
6.945000
1.113000
15.442000
10.440000
8.802000
12.834000
5.925000
5.773000
14.805000
16.617000
6.845000
6.826000
3.103000
11.953000
5.495000
4.702000
3.271000
7.104000
7.483000
11.146000
2.394000
6.079000
1.328000
9.021000
16.111000
13.392000
4.992000
7.495000
6.758000
7.531000
5.821000
17.881000
18.262000
9.402000
8.288000
10.515000
9.397000
7.034000
4.933000
4.426000
5.238000
9.747000
5.300000
6.046000
10.988000
0.995000
20.951000
19.836000
0.000000
7.628000
12.332000
11.511000
14.180000
4.032000
3.995000
13.462000
15.198000
7.761000
6.306000
6.496000
9.760000
12.540000
8.147000
4.319000
5.305000
5.377000
9.843000
3.842000
7.066000
15.086000
2.299000
13.435000
7.014000
4.773000
7.486000
5.979000
9.752000
13.848000
1.044000
6.843000
3.822000
7.433000
6.436000
17.714000
4.811000
15.146000
14.888000
6.393000
11.464000
4.190000
8.675000
4.702000
11.597000
19.326000
17.687000
5.274000
6.453000
19.489000
2.713000
17.672000
7.266000
1.750000
6.899000
14.201000
10.048000
1.772000
4.800000
7.394000
3.092000
3.596000
10.996000
5.934000
8.793000
7.797000
5.606000
12.901000
3.521000
2.683000
10.349000
11.798000
0.000000
8.329000
4.373000
4.472000
13.583000
11.626000
7.604000
11.763000
5.477000
13.102000
17.759000
7.306000
17.105000
12.811000
7.192000
7.888000
8.538000
11.845000
6.713000
3.924000
15.174000
8.514000
3.118000
15.547000
17.811000
5.657000
5.596000
4.483000
12.929000
11.628000
6.715000
15.795000
10.195000
5.173000
7.565000
9.200000
11.502000
21.788000
3.227000
6.293000
11.327000
11.951000
19.364000
15.303000
15.093000
15.359000
13.289000
7.935000
3.004000
11.537000
19.283000
9.260000
15.783000
11.750000
10.226000
5.859000
12.352000
6.196000
20.006000
8.915000
12.136000
10.812000
3.780000
6.154000
6.606000
3.773000
5.110000
8.954000
15.965000
14.130000
10.841000
13.729000
14.241000
3.408000
13.526000
15.620000
19.910000
19.473000
2.874000
11.170000
3.236000
12.477000
14.480000
10.914000
2.927000
5.863000
2.732000
4.408000
2.495000
7.870000
0.814000
3.747000
13.133000
12.964000
7.910000
13.577000
13.602000
15.796000
5.375000
5.144000
11.211000
6.657000
2.261000
7.848000
7.991000
1.787000
11.771000
5.604000
8.754000
14.351000
3.016000
2.955000
3.629000
9.147000
7.581000
5.395000
3.391000
4.082000
5.576000
5.222000
10.704000
3.842000
2.681000
3.241000
4.976000
5.437000
1.858000
2.582000
15.579000
8.862000
4.699000
3.517000
15.492000
0.411000
15.963000
17.743000
5.822000
4.317000
5.589000
3.375000
0.456000
0.970000
2.476000
8.959000
10.560000
5.512000
14.843000
8.048000
10.239000
12.875000
16.139000
4.283000
4.401000
16.283000
2.126000
8.592000
4.928000
4.707000
5.956000
11.667000
6.545000
4.105000
11.404000
2.460000
9.355000
6.460000
12.622000
4.921000
9.249000
6.589000
1.464000
1.486000
11.905000
11.889000
9.861000
9.091000
0.000000
4.713000
10.323000
5.813000
3.452000
4.016000
3.967000
6.076000
18.648000
13.906000
9.065000
0.000000
8.524000
5.753000
13.673000
11.697000
6.366000
9.647000
1.085000
11.045000
11.731000
16.651000
3.841000
18.774000
5.557000
7.531000
6.606000
3.353000
16.359000
2.290000
4.655000
7.431000
5.555000
12.736000
18.964000
6.370000
8.956000
1.117000
21.362000
15.837000
2.972000
11.673000
5.499000
7.161000
1.438000
15.816000
1.551000
6.599000
16.351000
21.263000
4.185000
14.765000
0.000000
11.643000
16.383000
9.483000
4.129000
15.812000
14.317000
17.564000
17.652000
0.933000
3.176000
15.078000
6.076000
7.665000
8.404000
9.890000
6.227000
11.160000
8.068000
9.863000
5.577000
11.942000
7.024000
4.726000
23.053000
5.829000
11.679000
3.634000
11.475000
16.238000
15.130000
15.882000
7.172000
13.865000
10.537000
7.388000
10.487000
14.210000
8.633000
19.224000
10.676000
11.863000
6.919000
15.037000
12.212000
20.291000
14.936000
8.941000
15.345000
15.785000
1.423000
16.173000
12.252000
14.272000
4.095000
15.060000
8.331000
13.019000
3.514000
3.872000
16.215000
12.596000
14.186000
8.772000
23.932000
1.577000
13.097000
6.966000
11.462000
13.292000
15.149000
12.876000
11.301000
2.294000
7.544000
14.451000
12.686000
4.517000
21.476000
1.475000
18.269000
18.314000
1.813000
11.173000
7.739000
10.402000
3.902000
9.217000
7.571000
20.739000
17.328000
2.795000
7.911000
5.030000
10.949000
9.669000
18.512000
8.536000
4.053000
0.054000
5.194000
11.481000
1.369000
5.422000
11.089000
17.155000
6.822000
15.679000
9.164000
11.520000
10.697000
2.904000
7.683000
6.394000
5.270000
10.448000
9.704000
8.923000
5.054000
2.987000
5.802000
4.113000
8.608000
5.458000
3.326000
4.482000
6.499000
3.646000
15.622000
4.545000
3.505000
7.367000
15.826000
12.377000
3.235000
2.943000
3.122000
5.036000
8.965000
15.115000
6.119000
2.230000
16.492000
12.050000
15.977000
12.565000
9.413000
10.704000
9.959000
8.318000
1.785000
15.763000
1.297000
7.829000
0.729000
13.382000
4.754000
7.616000
5.626000
9.040000
2.308000
7.733000
9.266000
16.915000
6.752000
3.556000
1.372000
11.985000
15.192000
3.524000
11.897000
4.908000
4.715000
3.977000
19.824000
0.000000
3.518000
4.924000
5.784000
1.566000
14.512000
5.154000
9.172000
4.395000
2.053000
3.889000
3.963000
5.761000
5.366000
4.789000
17.165000
5.939000
4.080000
4.091000
6.506000
17.552000
8.346000
16.888000
4.136000
1.520000
10.214000
11.952000
7.419000
0.000000
0.414000
20.327000
3.369000
10.787000
2.918000
11.192000
24.134000
4.126000
5.760000
2.193000
19.993000
12.522000
6.054000
2.616000
3.362000
11.644000
13.949000
1.559000
3.550000
15.267000
5.050000
13.580000
7.543000
3.205000
12.703000
2.874000
3.609000
17.419000
4.270000
11.628000
10.333000
10.154000
2.101000
1.038000
9.579000
9.300000
9.349000
8.233000
15.329000
4.218000
2.488000
1.954000
7.778000
3.557000
11.323000
15.778000
13.496000
4.921000
2.412000
13.074000
19.541000
4.904000
4.916000
6.295000
5.081000
17.890000
7.169000
1.672000
2.472000
3.382000
4.504000
2.529000
18.288000
0.774000
1.949000
13.967000
1.529000
3.307000
7.987000
16.023000
4.576000
1.356000
0.706000
1.989000
5.464000
13.949000
16.256000
17.837000
16.695000
15.480000
10.678000
15.965000
10.679000
17.995000
14.258000
13.836000
15.282000
3.193000
14.488000
11.769000
6.323000
14.499000
5.951000
12.719000
16.286000
9.900000
2.780000
9.733000
6.380000
3.017000
3.945000
13.175000
12.304000
18.189000
18.752000
15.756000
15.703000
16.847000
17.119000
13.168000
12.768000
2.704000
5.371000
18.535000
5.847000
16.558000
12.989000
11.269000
7.056000
0.000000
17.796000
2.712000
15.880000
18.023000
9.852000
0.000000
3.718000
5.289000
11.065000
15.022000
17.610000
1.787000
19.180000
2.463000
15.170000
5.228000
12.793000
5.539000
13.753000
16.252000
19.025000
14.506000
18.314000
20.253000
3.930000
17.834000
12.227000
11.479000
24.028000
6.845000
5.741000
16.271000
5.716000
3.493000
19.209000
2.663000
1.579000
11.342000
15.396000
0.660000
19.079000
15.027000
9.483000
10.432000
13.711000
7.730000
11.542000
2.508000
2.753000
1.279000
11.198000
10.689000
10.806000
9.933000
6.949000
3.709000
11.731000
7.125000
9.385000
9.315000
14.474000
12.230000
20.611000
18.072000
19.126000
15.109000
15.807000
14.751000
7.825000
18.500000
23.085000
16.586000
6.059000
18.505000
10.574000
6.156000
20.895000
19.795000
0.744000
18.230000
15.195000
9.580000
9.341000
9.282000
13.272000
10.798000
11.727000
12.079000
3.921000
8.892000
9.483000
4.845000
7.791000
5.135000
13.657000
12.164000
16.216000
20.413000
14.740000
19.210000
13.227000
13.352000
9.248000
3.953000
16.411000
10.094000
9.184000
18.203000
20.424000
11.756000
11.231000
9.594000
6.318000
12.152000
5.819000
17.535000
7.358000
9.840000
17.592000
3.219000
17.251000
12.812000
16.003000
15.188000
4.141000
10.078000
0.000000
5.859000
9.334000
23.147000
9.287000
26.517000
13.332000
7.809000
10.878000
16.122000
14.598000
15.501000
13.901000
2.113000
0.495000
12.145000
4.630000
16.934000
9.088000
7.214000
11.099000
2.854000
6.803000
25.525000
20.977000
11.636000
9.458000
8.927000
16.014000
11.563000
9.410000
7.237000
19.675000
18.027000
0.228000
17.255000
22.206000
12.188000
11.549000
3.970000
18.788000
22.870000
9.452000
17.294000
15.513000
6.910000
16.188000
16.798000
14.734000
6.590000
9.313000
9.209000
16.251000
22.631000
18.868000
12.841000
19.150000
7.189000
13.428000
8.958000
12.030000
16.424000
13.556000
6.705000
11.501000
10.245000
10.194000
10.325000
12.563000
19.568000
14.733000
16.294000
16.049000
4.200000
15.456000
19.050000
19.174000
8.952000
11.013000
16.391000
11.617000
4.337000
9.614000
12.391000
7.562000
13.396000
17.308000
12.882000
8.314000
8.472000
15.670000
6.264000
12.489000
5.018000
7.378000
21.342000
16.822000
14.418000
1.740000
24.000000
19.292000
13.440000
7.821000
11.540000
8.810000
9.749000
11.137000
21.524000
8.139000
16.096000
14.969000
12.410000
15.276000
10.377000
16.056000
6.026000
20.836000
1.376000
8.907000
12.745000
10.658000
16.535000
7.496000
19.956000
12.854000
2.397000
12.429000
10.505000
6.749000
20.188000
0.000000
18.521000
17.305000
1.928000
8.978000
14.789000
15.095000
7.975000
9.533000
16.160000
13.643000
12.011000
12.519000
20.401000
16.775000
10.921000
10.994000
17.775000
20.064000
18.050000
16.205000
11.703000
7.917000
13.307000
21.797000
19.026000
9.351000
17.950000
14.614000
18.259000
17.103000
20.317000
10.809000
17.582000
14.259000
9.402000
14.554000
12.612000
3.077000
8.829000
2.901000
8.051000
11.378000
5.874000
8.485000
22.166000
11.915000
16.534000
7.817000
9.830000
5.587000
23.394000
13.279000
11.761000
15.948000
17.648000
18.838000
16.214000
17.054000
14.264000
8.838000
12.318000
12.814000
12.931000
18.786000
2.403000
13.032000
4.777000
19.971000
13.275000
14.757000
12.025000
6.337000
8.561000
11.006000
11.365000
11.702000
15.097000
14.361000
18.725000
5.270000
20.634000
16.900000
16.759000
15.160000
12.820000
18.023000
7.205000
16.950000
11.214000
8.388000
16.353000
4.893000
14.834000
6.950000
16.238000
12.421000
11.807000
9.367000
7.937000
6.663000
10.100000
13.844000
1.010000
11.871000
7.449000
5.650000
19.072000
14.006000
13.503000
14.337000
15.593000
11.976000
11.496000
11.930000
9.423000
13.035000
1.736000
13.355000
11.508000
9.128000
15.885000
12.935000
13.583000
9.881000
8.776000
15.634000
14.889000
6.931000
11.672000
9.845000
19.062000
14.047000
13.160000
12.731000
10.898000
9.335000
15.076000
20.070000
17.742000
13.355000
11.823000
10.342000
15.527000
12.083000
11.124000
12.744000
11.083000
12.731000
9.882000
24.916000
13.874000
23.733000
14.015000
18.109000
16.668000
17.991000
13.623000
14.271000
13.689000
11.103000
16.515000
12.377000
16.194000
9.803000
10.492000
12.444000
11.684000
16.632000
10.119000
8.624000
21.782000
11.851000
11.903000
13.972000
15.022000
13.547000
14.412000
3.492000
9.358000
11.419000
10.421000
6.711000
8.071000
18.234000
10.093000
12.279000
16.821000
17.816000
20.637000
11.929000
22.262000
21.549000
5.237000
7.967000
14.926000
13.689000
11.890000
9.731000
10.140000
8.774000
16.623000
19.163000
16.673000
11.743000
14.330000
15.281000
21.130000
18.057000
18.925000
16.827000
8.047000
11.265000
4.025000
20.960000
11.227000
10.126000
10.266000
10.316000
13.630000
14.183000
20.109000
14.316000
12.172000
15.124000
12.712000
11.626000
12.506000
11.865000
7.472000
16.513000
13.804000
10.109000
15.456000
20.187000
13.835000
7.289000
16.805000
15.812000
6.941000
14.128000
19.676000
9.862000
13.268000
19.134000
7.936000
14.994000
10.985000
12.468000
10.016000
12.694000
5.657000
12.204000
1.595000
13.746000
17.947000
18.085000
15.614000
6.809000
4.822000
9.825000
13.816000
12.569000
13.677000
10.293000
14.143000
4.447000
13.616000
15.519000
9.942000
15.019000
17.546000
11.224000
11.723000
7.352000
14.299000
16.714000
17.587000
16.657000
7.911000
6.420000
15.810000
11.406000
11.627000
14.477000
9.058000
8.296000
20.267000
12.413000
15.220000
13.124000
16.083000
20.792000
17.745000
15.376000
11.929000
10.779000
8.457000
19.082000
13.372000
11.892000
8.931000
9.080000
15.751000
12.086000
9.582000
13.511000
15.270000
11.621000
18.906000
14.225000
13.959000
13.250000
9.512000
5.490000
15.639000
14.767000
12.192000
15.214000
14.759000
8.272000
8.915000
15.867000
10.313000
11.341000
6.373000
8.959000
8.977000
9.311000
12.977000
13.899000
20.551000
10.882000
10.583000
5.598000
18.245000
15.829000
11.298000
4.878000
13.003000
17.129000
8.845000
13.268000
14.023000
19.545000
11.404000
14.753000
15.842000
12.378000
17.232000
15.747000
10.986000
10.397000
13.431000
16.433000
21.558000
14.318000
12.900000
16.747000
7.026000
9.544000
14.207000
16.320000
13.387000
16.728000
14.311000
9.729000
13.214000
10.078000
14.962000
11.532000
18.736000
10.158000
8.058000
9.925000
26.242000
5.810000
14.984000
7.911000
15.167000
9.328000
17.717000
12.151000
14.036000
17.764000
14.975000
19.343000
9.497000
10.074000
14.162000
11.228000
14.443000
16.257000
11.344000
10.496000
3.000000
9.083000
18.349000
6.451000
19.234000
11.622000
18.273000
9.046000
11.913000
23.342000
13.303000
14.659000
13.983000
12.158000
13.795000
8.013000
15.370000
12.691000
14.226000
3.929000
17.064000
25.501000
14.309000
19.634000
12.209000
10.834000
21.309000
15.525000
17.190000
8.959000
17.547000
6.312000
14.695000
19.847000
15.147000
10.429000
14.165000
15.496000
6.895000
10.701000
9.611000
5.628000
11.836000
15.220000
14.370000
15.687000
14.781000
11.624000
16.138000
14.903000
10.939000
14.878000
14.513000
23.322000
8.573000
10.556000
13.826000
17.295000
11.626000
21.055000
10.351000
5.043000
14.607000
16.651000
14.569000
7.059000
17.084000
9.462000
8.560000
21.568000
12.428000
15.422000
16.272000
12.570000
19.130000
13.399000
9.969000
18.473000
4.594000
12.891000
16.457000
7.697000
14.803000
10.327000
15.532000
7.129000
15.528000
14.471000
16.958000
8.858000
17.088000
13.131000
15.216000
10.250000
13.769000
11.084000
16.262000
5.872000
18.465000
12.905000
16.508000
18.356000
12.691000
13.333000
18.180000
12.426000
8.248000
15.666000
14.686000
17.765000
16.714000
20.635000
11.032000
12.057000
8.701000
8.102000
18.836000
9.495000
12.180000
14.584000
18.329000
6.331000
10.477000
14.220000
6.983000
15.094000
18.799000
5.957000
12.721000
7.740000
11.185000
15.183000
11.237000
16.350000
13.670000
15.384000
10.686000
12.052000
15.631000
18.008000
5.210000
6.937000
14.542000
13.213000
11.490000
12.516000
15.041000
10.146000
20.582000
7.341000
18.026000
9.852000
5.792000
10.179000
4.010000
17.015000
5.776000
17.036000
15.914000
13.031000
14.808000
5.219000
8.639000
15.415000
15.675000
10.455000
15.092000
16.197000
12.955000
10.516000
8.627000
8.849000
6.516000
10.835000
13.235000
7.561000
9.160000
13.476000
10.804000
8.000000
9.666000
12.992000
7.696000
19.177000
10.391000
12.308000
16.148000
11.580000
9.375000
13.572000
12.917000
10.690000
9.934000
6.987000
13.314000
13.083000
6.849000
9.402000
8.798000
13.399000
11.164000
7.818000
14.179000
12.990000
16.204000
14.501000
8.357000
12.093000
12.185000
8.352000
7.139000
7.474000
8.698000
12.935000
12.743000
10.679000
21.874000
7.869000
10.516000
6.978000
12.116000
8.686000
8.136000
2.811000
11.547000
6.922000
6.950000
10.082000
10.229000
15.619000
11.879000
16.726000
13.399000
16.566000
5.416000
19.833000
9.885000
10.176000
11.563000
11.280000
16.144000
6.877000
6.058000
11.375000
15.606000
16.858000
11.020000
10.012000
10.385000
5.985000
12.056000
13.469000
12.399000
11.542000
11.693000
10.179000
7.771000
7.124000
13.521000
14.002000
13.774000
13.632000
14.931000
16.865000
12.392000
11.746000
10.357000
6.107000
11.428000
13.317000
10.073000
11.576000
13.269000
12.799000
13.153000
8.011000
15.519000
15.205000
6.760000
14.435000
7.236000
10.699000
15.285000
12.890000
10.536000
10.724000
7.379000
11.160000
11.679000
16.784000
14.294000
7.002000
6.751000
13.189000
10.076000
19.060000
15.490000
10.958000
6.995000
11.401000
12.813000
16.383000
13.843000
9.947000
9.039000
6.598000
12.041000
12.220000
8.984000
18.779000
15.041000
12.536000
11.994000
4.523000
4.080000
8.986000
6.452000
6.694000
11.094000
8.964000
8.625000
14.090000
14.400000
7.055000
11.727000
15.952000
5.924000
17.964000
13.148000
14.545000
7.558000
11.244000
10.396000
10.242000
7.682000
22.308000
6.309000
5.736000
11.308000
11.264000
7.376000
13.776000
13.152000
9.645000
15.841000
9.268000
8.266000
8.482000
17.045000
17.529000
14.885000
5.711000
14.430000
22.549000
6.762000
7.621000
12.861000
12.607000
16.315000
10.089000
21.280000
7.994000
13.004000
8.375000
12.909000
17.258000
13.567000
17.266000
10.702000
15.973000
19.550000
8.699000
5.666000
10.127000
7.544000
11.974000
13.973000
18.663000
7.406000
9.853000
8.565000
12.048000
17.594000
15.036000
13.262000
9.744000
9.429000
25.876000
9.604000
13.854000
16.398000
11.958000
5.725000
8.763000
13.992000
16.501000
13.319000
21.518000
13.422000
7.197000
12.968000
12.705000
10.133000
15.126000
13.600000
12.308000
6.331000
4.762000
13.260000
11.483000
8.562000
8.042000
6.489000
13.223000
7.712000
8.541000
24.881000
9.066000
4.477000
7.611000
10.536000
7.674000
12.396000
19.180000
8.948000
16.828000
10.393000
9.711000
14.250000
6.451000
9.631000
8.379000
15.267000
19.086000
16.390000
9.037000
13.915000
8.218000
12.556000
13.639000
10.727000
13.379000
5.487000
15.785000
13.173000
20.436000
12.139000
13.033000
11.361000
14.864000
13.949000
10.554000
11.932000
15.869000
12.310000
10.188000
18.112000
16.530000
8.039000
8.860000
12.470000
8.666000
20.405000
6.673000
15.958000
15.092000
10.904000
11.161000
11.059000
4.789000
8.139000
8.253000
13.272000
11.165000
11.386000
7.133000
7.472000
13.342000
19.375000
14.510000
8.776000
18.778000
11.839000
13.069000
8.941000
16.361000
14.778000
12.544000
12.740000
18.549000
12.919000
11.071000
9.053000
4.909000
9.783000
11.192000
17.043000
15.645000
19.882000
8.748000
12.446000
11.724000
10.683000
12.678000
7.173000
7.896000
3.863000
17.096000
6.526000
6.435000
9.246000
13.387000
11.253000
16.013000
7.461000
10.158000
2.469000
14.691000
15.577000
15.878000
9.064000
9.754000
17.751000
13.949000
14.710000
15.288000
8.915000
9.344000
11.726000
13.545000
16.606000
10.433000
16.941000
13.918000
12.706000
17.145000
7.173000
9.458000
4.657000
11.019000
10.623000
16.725000
12.782000
6.416000
10.440000
15.146000
12.721000
8.712000
13.167000
10.275000
7.503000
11.823000
9.730000
19.717000
10.870000
17.191000
8.029000
13.384000
13.609000
10.783000
7.215000
14.347000
16.732000
13.299000
6.222000
14.137000
14.463000
15.406000
15.653000
11.775000
8.592000
14.241000
12.491000
9.997000
9.760000
13.216000
9.382000
13.357000
13.358000
18.680000
10.689000
13.468000
11.639000
13.729000
15.931000
9.119000
15.583000
10.884000
11.480000
7.497000
12.176000
17.660000
11.147000
13.561000
10.071000
12.041000
14.161000
16.977000
9.658000
17.465000
14.548000
12.810000
6.925000
16.912000
15.605000
7.778000
17.612000
7.214000
12.326000
15.223000
10.091000
16.395000
18.509000
8.808000
12.627000
10.555000
18.876000
10.089000
10.449000
12.968000
14.025000
10.229000
12.325000
7.858000
10.400000
11.860000
12.911000
6.637000
7.556000
9.846000
5.033000
16.520000
11.835000
7.853000
13.668000
21.381000
8.292000
9.092000
9.739000
7.453000
5.830000
12.987000
10.516000
10.601000
6.612000
17.422000
13.293000
9.924000
11.032000
8.129000
9.472000
11.777000
11.502000
13.981000
13.840000
12.065000
8.618000
19.090000
16.822000
3.934000
9.813000
12.409000
14.317000
6.330000
11.885000
15.478000
13.453000
11.725000
8.264000
14.449000
11.654000
15.604000
10.630000
7.845000
16.974000
14.276000
5.007000
9.406000
14.646000
14.174000
10.987000
11.961000
3.781000
9.054000
15.004000
14.486000
12.620000
10.687000
13.974000
15.860000
4.859000
17.844000
14.721000
15.120000
10.993000
10.294000
10.868000
15.134000
11.070000
11.704000
9.251000
16.858000
12.308000
7.379000
16.895000
22.295000
7.373000
17.641000
7.323000
11.979000
13.030000
6.063000
15.940000
3.813000
23.281000
14.414000
8.162000
12.838000
12.051000
11.693000
15.016000
10.097000
14.918000
8.446000
11.330000
11.905000
11.353000
21.811000
10.728000
9.280000
9.677000
13.221000
8.071000
17.337000
13.702000
14.315000
7.587000
14.612000
9.177000
13.510000
12.811000
11.043000
7.927000
11.592000
14.090000
14.766000
13.224000
11.886000
14.939000
11.570000
10.612000
10.253000
16.209000
9.928000
10.879000
12.526000
10.840000
18.632000
22.801000
16.294000
17.874000
13.238000
19.629000
11.547000
13.692000
12.757000
12.233000
13.974000
17.781000
12.597000
16.024000
17.853000
5.574000
17.249000
16.969000
12.228000
11.857000
10.301000
14.889000
6.643000
15.073000
9.583000
12.411000
11.746000
10.377000
15.919000
10.427000
10.630000
14.331000
10.554000
16.561000
10.390000
7.135000
13.586000
9.606000
11.847000
14.962000
11.751000
8.205000
11.515000
17.204000
6.407000
13.649000
7.742000
13.353000
24.179000
6.662000
16.500000
19.637000
11.103000
17.456000
7.995000
11.492000
11.649000
0.000000
15.194000
15.503000
9.194000
12.977000
20.444000
7.160000
10.053000
13.766000
16.054000
16.550000
11.719000
6.883000
11.778000
6.959000
9.158000
15.490000
12.522000
11.181000
7.169000
15.232000
14.875000
12.908000
19.444000
16.947000
9.399000
9.065000
24.234000
17.022000
7.804000
12.150000
14.916000
10.047000
16.630000
18.815000
6.420000
7.291000
16.696000
10.273000
9.697000
13.305000
7.987000
16.609000
14.220000
11.237000
5.894000
9.505000
15.335000
7.370000
9.111000
6.879000
20.498000
10.107000
15.504000
11.119000
20.017000
8.593000
15.265000
7.764000
4.736000
10.232000
8.984000
16.840000
19.734000
13.228000
9.857000
12.073000
15.370000
14.704000
10.409000
9.728000
14.848000
11.244000
13.956000
9.674000
10.482000
12.163000
14.855000
9.967000
12.987000
19.132000
14.727000
6.047000
8.407000
10.653000
13.575000
12.348000
11.736000
17.582000
12.206000
8.542000
10.133000
9.358000
14.681000
13.206000
10.868000
15.038000
16.820000
11.654000
4.632000
14.850000
10.618000
10.412000
9.984000
5.360000
13.713000
7.411000
13.149000
12.437000
14.560000
13.555000
17.034000
14.488000
11.127000
9.735000
6.225000
16.093000
8.140000
8.727000
14.157000
11.157000
8.684000
12.450000
13.883000
5.540000
13.461000
18.347000
19.060000
14.305000
12.030000
11.571000
20.798000
8.623000
9.549000
8.098000
15.004000
12.558000
15.804000
9.020000
18.401000
16.741000
7.888000
24.591000
5.222000
14.181000
5.455000
17.488000
25.581000
5.820000
14.471000
6.481000
11.806000
13.726000
11.519000
7.468000
22.498000
9.355000
7.239000
15.770000
6.141000
8.442000
11.645000
11.158000
10.035000
10.103000
11.891000
18.972000
10.165000
18.386000
19.092000
4.624000
10.685000
17.022000
8.125000
14.241000
0.000000
11.007000
25.072000
9.256000
12.763000
13.636000
8.832000
11.184000
9.579000
9.523000
16.232000
14.632000
12.796000
9.712000
15.681000
13.725000
11.142000
15.478000
9.217000
17.564000
13.313000
11.420000
4.209000
12.582000
12.468000
17.395000
17.211000
8.674000
11.636000
13.656000
22.061000
18.865000
10.941000
14.055000
7.942000
13.354000
7.210000
18.783000
19.125000
7.228000
5.398000
15.742000
9.798000
13.205000
10.907000
24.091000
10.035000
4.588000
16.415000
11.993000
16.381000
18.833000
12.549000
14.330000
8.547000
17.360000
6.929000
22.234000
9.717000
11.030000
18.584000
8.987000
13.716000
7.971000
14.980000
15.191000
12.494000
10.754000
15.970000
10.982000
15.131000
11.973000
15.644000
11.311000
19.053000
20.329000
4.732000
20.958000
17.214000
12.153000
8.385000
14.384000
14.886000
17.624000
24.076000
16.512000
7.752000
12.707000
20.645000
10.905000
8.360000
14.932000
13.384000
16.022000
8.481000
5.494000
11.776000
14.304000
24.629000
13.480000
17.838000
16.053000
15.278000
14.965000
14.351000
10.300000
15.176000
8.006000
6.189000
8.041000
13.733000
18.743000
16.655000
4.441000
11.819000
11.577000
13.381000
12.057000
18.303000
12.777000
18.521000
15.756000
17.187000
15.088000
14.063000
14.626000
11.087000
9.004000
8.319000
16.623000
19.113000
9.547000
20.208000
7.324000
17.077000
9.430000
15.300000
16.943000
11.706000
10.460000
16.193000
16.554000
9.394000
10.420000
11.335000
10.775000
9.573000
15.857000
10.453000
15.120000
15.939000
9.123000
15.566000
16.827000
11.296000
9.205000
6.550000
15.346000
9.395000
10.140000
21.938000
10.533000
2.336000
18.548000
11.322000
13.451000
3.983000
9.921000
12.271000
13.932000
15.066000
6.674000
13.373000
14.066000
8.625000
19.877000
20.204000
4.340000
5.875000
14.114000
18.511000
19.401000
4.073000
11.577000
16.346000
11.633000
13.922000
9.108000
16.448000
12.918000
17.377000
12.936000
20.170000
21.038000
20.389000
14.978000
11.903000
0.743000
14.880000
8.285000
12.656000
9.105000
2.537000
5.510000
16.574000
8.118000
2.705000
19.991000
19.395000
15.996000
9.164000
17.066000
8.281000
14.384000
12.590000
4.508000
6.435000
4.399000
16.163000
6.946000
4.216000
11.355000
3.794000
12.869000
8.123000
16.348000
7.850000
23.274000
9.901000
5.806000
17.045000
10.111000
5.913000
12.511000
10.169000
19.717000
9.242000
16.270000
17.913000
11.051000
7.237000
11.845000
12.210000
9.594000
11.235000
8.660000
12.302000
17.678000
3.484000
12.501000
6.134000
19.555000
2.410000
8.783000
10.311000
15.282000
8.965000
0.622000
1.984000
6.280000
11.264000
7.247000
1.419000
10.176000
5.055000
0.543000
16.130000
5.145000
8.891000
10.416000
14.367000
16.772000
12.412000
15.836000
15.808000
15.689000
12.482000
20.374000
16.133000
9.467000
9.030000
14.448000
6.200000
8.624000
13.473000
12.785000
12.053000
10.751000
16.656000
6.640000
1.911000
17.108000
8.841000
3.563000
5.801000
7.513000
2.713000
9.134000
10.698000
16.321000
7.287000
23.727000
3.791000
9.167000
16.643000
2.729000
16.277000
10.561000
1.210000
23.793000
11.357000
14.397000
14.081000
16.158000
22.326000
21.472000
5.308000
19.001000
17.862000
19.151000
5.521000
13.708000
20.663000
0.548000
10.895000
5.920000
20.110000
5.520000
16.977000
6.822000
0.000000
0.299000
10.031000
7.847000
13.138000
15.352000
17.805000
13.224000
13.465000
15.876000
11.648000
6.578000
6.514000
6.185000
1.610000
12.759000
15.913000
10.550000
0.000000
18.435000
20.516000
8.606000
23.984000
19.150000
15.638000
4.159000
9.064000
13.201000
4.807000
18.963000
3.863000
13.203000
10.781000
3.847000
15.415000
9.429000
17.844000
14.060000
12.434000
21.247000
0.000000
11.374000
2.363000
1.515000
16.703000
7.102000
21.274000
15.481000
20.366000
6.927000
13.497000
6.510000
18.281000
8.465000
19.236000
1.428000
15.042000
18.295000
10.488000
17.961000
10.211000
12.183000
14.743000
9.497000
17.397000
14.005000
13.301000
22.987000
9.427000
6.109000
16.689000
7.114000
5.148000
17.486000
15.073000
11.131000
9.821000
9.168000
17.614000
10.811000
9.763000
1.179000
4.687000
14.290000
20.478000
2.700000
15.603000
10.333000
13.835000
13.780000
6.964000
22.655000
18.708000
15.911000
11.918000
9.087000
17.544000
15.787000
9.067000
17.608000
21.765000
18.804000
6.017000
11.491000
14.188000
10.510000
14.699000
15.843000
9.808000
9.353000
22.413000
2.447000
14.892000
7.027000
19.495000
11.706000
11.844000
9.618000
14.579000
14.470000
8.635000
10.513000
11.441000
14.146000
25.800000
3.218000
16.243000
12.782000
9.635000
12.910000
13.923000
11.724000
8.025000
15.126000
12.197000
2.611000
9.521000
9.980000
11.411000
17.165000
19.081000
11.785000
11.203000
11.034000
12.847000
10.571000
7.284000
11.855000
18.067000
16.902000
6.489000
14.772000
17.277000
14.836000
21.371000
5.810000
5.431000
15.069000
11.838000
6.348000
17.307000
10.006000
21.082000
16.375000
15.755000
12.721000
17.636000
14.901000
11.010000
12.302000
14.424000
16.455000
2.390000
12.588000
12.294000
9.388000
7.504000
10.441000
11.756000
14.303000
12.265000
10.098000
10.694000
10.354000
8.749000
16.997000
15.225000
13.186000
10.793000
16.283000
24.504000
13.511000
14.596000
7.983000
19.693000
8.322000
14.772000
5.925000
13.128000
13.110000
17.856000
11.896000
3.315000
11.367000
14.192000
13.434000
15.780000
13.721000
23.591000
15.124000
12.245000
11.116000
11.019000
6.052000
6.963000
11.575000
5.615000
10.287000
6.499000
10.246000
16.025000
8.385000
13.585000
14.058000
12.138000
12.602000
15.449000
18.758000
9.710000
9.607000
13.721000
14.570000
13.896000
16.746000
8.297000
7.647000
15.912000
12.209000
7.149000
12.100000
14.400000
12.253000
13.428000
15.336000
17.212000
11.530000
16.974000
8.736000
14.900000
13.144000
12.678000
19.089000
16.079000
7.410000
10.225000
13.762000
17.213000
10.419000
20.144000
15.280000
13.628000
11.453000
16.294000
19.354000
11.339000
14.270000
11.398000
12.339000
2.034000
12.417000
11.340000
7.540000
21.041000
11.032000
2.416000
10.266000
14.307000
20.834000
11.515000
11.886000
15.884000
11.412000
10.574000
13.506000
9.735000
10.714000
8.568000
6.479000
5.551000
5.941000
29.917000
6.683000
18.187000
8.115000
11.839000
13.783000
17.212000
11.329000
10.053000
11.097000
12.599000
13.345000
13.573000
16.645000
13.317000
7.517000
12.518000
11.821000
13.598000
11.284000
9.258000
8.965000
10.549000
12.285000
16.362000
11.263000
10.267000
8.512000
2.735000
4.755000
20.437000
16.639000
16.433000
16.327000
9.487000
17.958000
9.462000
6.139000
17.053000
11.874000
14.652000
21.882000
13.708000
16.645000
12.698000
16.073000
13.311000
14.606000
11.629000
16.030000
17.883000
10.211000
16.186000
14.346000
5.054000
8.083000
10.003000
22.966000
15.943000
11.623000
13.494000
7.366000
10.612000
9.716000
9.351000
10.291000
7.036000
6.510000
10.211000
9.722000
16.165000
12.004000
11.248000
14.625000
10.429000
15.729000
15.189000
16.321000
16.266000
9.607000
5.990000
10.607000
11.164000
2.615000
11.684000
20.725000
9.170000
9.015000
12.444000
6.186000
15.946000
15.026000
11.280000
8.261000
6.299000
15.809000
13.488000
12.084000
16.515000
17.518000
10.654000
21.250000
10.737000
13.086000
4.221000
13.537000
13.654000
15.079000
11.694000
12.889000
10.695000
15.521000
3.757000
9.174000
18.555000
5.066000
11.833000
11.899000
7.787000
10.873000
9.149000
6.200000
7.464000
15.047000
6.980000
6.477000
8.394000
10.743000
8.643000
14.818000
12.712000
10.317000
10.469000
4.259000
6.133000
7.287000
8.836000
7.920000
14.700000
7.176000
11.045000
15.045000
17.527000
14.492000
12.444000
11.363000
12.949000
8.592000
11.366000
7.898000
11.239000
14.941000
11.023000
10.647000
9.327000
4.547000
13.214000
10.715000
12.911000
5.547000
10.693000
9.364000
5.795000
11.289000
10.734000
9.341000
11.026000
14.578000
11.689000
9.068000
8.805000
13.584000
8.905000
6.510000
10.874000
10.080000
13.445000
7.180000
18.243000
13.832000
6.494000
8.947000
16.050000
7.413000
7.709000
19.664000
19.873000
5.130000
10.947000
13.177000
8.932000
19.335000
14.626000
22.799000
6.000000
9.556000
11.134000
7.840000
10.583000
8.936000
12.049000
12.147000
14.635000
8.999000
11.547000
20.124000
13.217000
9.587000
4.321000
11.674000
12.256000
22.044000
8.656000
10.512000
7.553000
10.872000
9.536000
17.097000
21.158000
12.851000
9.941000
14.300000
9.245000
12.397000
7.481000
12.862000
2.516000
17.680000
5.663000
10.272000
11.422000
17.952000
11.181000
19.645000
13.731000
9.372000
7.202000
13.680000
5.413000
9.090000
12.320000
13.451000
12.930000
5.431000
14.040000
8.625000
17.738000
9.647000
13.505000
12.105000
8.420000
4.309000
13.913000
10.908000
12.682000
7.024000
19.156000
11.676000
9.128000
11.363000
8.829000
12.112000
14.185000
14.058000
14.062000
11.040000
14.813000
21.147000
7.944000
11.053000
12.627000
13.442000
7.564000
11.274000
15.088000
9.343000
9.435000
8.719000
6.791000
14.064000
15.445000
15.070000
12.678000
11.978000
4.928000
11.563000
12.599000
4.496000
8.458000
9.475000
12.353000
13.218000
13.536000
10.955000
7.568000
16.879000
7.474000
6.088000
10.983000
15.183000
6.077000
9.947000
5.901000
11.687000
8.099000
11.916000
17.298000
4.311000
7.940000
14.770000
8.613000
7.695000
9.273000
5.826000
6.127000
11.030000
14.608000
6.798000
13.066000
4.010000
11.261000
13.767000
9.163000
18.071000
11.336000
11.836000
9.394000
8.285000
11.428000
12.485000
5.519000
12.951000
11.944000
11.080000
7.494000
10.240000
12.310000
9.966000
14.778000
19.985000
15.893000
9.352000
19.231000
3.704000
15.801000
11.220000
7.155000
14.494000
11.682000
9.369000
21.869000
10.308000
10.076000
6.701000
9.110000
14.963000
10.804000
12.426000
9.973000
24.081000
11.640000
3.522000
14.025000
8.259000
12.398000
9.140000
12.036000
3.958000
13.348000
10.552000
13.855000
7.225000
7.957000
5.211000
13.918000
4.751000
8.878000
16.383000
9.325000
8.154000
20.002000
9.998000
20.948000
14.545000
17.021000
9.840000
13.749000
11.978000
11.748000
15.679000
14.313000
13.851000
14.431000
9.843000
13.698000
10.619000
13.379000
14.085000
11.861000
18.806000
12.022000
11.105000
15.659000
9.466000
12.447000
12.281000
12.405000
10.910000
11.435000
7.123000
18.625000
20.787000
11.164000
13.351000
8.532000
18.192000
12.935000
12.639000
20.821000
15.152000
12.157000
16.815000
11.844000
9.687000
8.387000
9.830000
12.472000
11.161000
7.416000
6.492000
11.454000
14.306000
1.794000
9.916000
13.243000
7.500000
19.652000
9.885000
7.281000
17.430000
9.384000
9.272000
9.431000
10.492000
12.405000
5.823000
10.296000
15.179000
17.480000
20.837000
11.006000
7.522000
8.760000
14.183000
9.960000
10.398000
19.788000
11.420000
9.499000
9.347000
10.022000
9.890000
7.124000
4.426000
8.862000
9.966000
21.643000
10.423000
16.533000
9.230000
10.044000
8.317000
9.115000
13.852000
12.141000
5.829000
12.162000
13.615000
10.534000
16.989000
10.807000
10.877000
10.445000
6.615000
10.115000
12.642000
11.050000
4.358000
7.534000
13.595000
10.439000
7.506000
8.502000
17.203000
14.871000
15.249000
15.199000
12.124000
5.210000
18.555000
17.184000
17.782000
10.863000
5.989000
5.877000
16.261000
9.890000
7.120000
8.920000
9.557000
5.222000
21.701000
9.442000
9.079000
13.149000
14.099000
11.333000
18.276000
11.964000
15.181000
4.872000
16.068000
22.300000
12.098000
18.676000
11.909000
12.243000
13.038000
9.496000
8.350000
22.405000
16.829000
14.201000
18.898000
13.547000
9.432000
6.886000
10.501000
23.827000
2.327000
4.945000
8.527000
8.699000
19.740000
15.323000
5.214000
13.639000
10.216000
3.570000
20.011000
17.296000
11.098000
12.181000
8.509000
16.747000
20.326000
19.238000
9.991000
4.377000
10.621000
16.573000
12.344000
15.446000
18.180000
13.711000
10.168000
20.319000
21.257000
10.048000
5.571000
17.356000
14.613000
24.408000
16.540000
9.693000
11.713000
12.809000
14.641000
7.198000
6.844000
12.716000
12.146000
9.929000
16.484000
5.970000
14.330000
11.152000
7.104000
10.669000
14.264000
17.850000
15.175000
7.737000
13.396000
6.673000
14.978000
0.000000
13.044000
16.014000
16.150000
13.198000
9.485000
10.841000
10.718000
10.141000
10.379000
12.483000
8.516000
12.087000
14.553000
16.093000
20.982000
12.586000
13.224000
10.473000
10.526000
8.554000
9.041000
21.348000
10.641000
11.906000
13.026000
13.357000
11.647000
14.221000
9.777000
8.810000
4.313000
13.831000
15.371000
9.327000
19.769000
12.115000
9.937000
17.519000
7.038000
10.353000
7.404000
11.497000
17.072000
4.959000
8.913000
10.881000
6.809000
15.099000
15.016000
14.824000
9.416000
6.577000
16.696000
11.461000
11.536000
14.559000
9.396000
13.624000
12.688000
6.853000
10.309000
7.496000
16.298000
6.246000
8.032000
12.563000
14.904000
11.767000
13.863000
18.367000
9.831000
20.504000
13.290000
7.224000
7.621000
16.382000
7.613000
9.865000
13.302000
12.005000
13.469000
11.945000
10.876000
13.519000
10.449000
14.134000
12.881000
10.771000
8.207000
10.301000
11.108000
0.000000
8.406000
9.019000
16.168000
9.208000
10.083000
15.595000
6.643000
10.297000
22.688000
9.947000
12.018000
10.544000
11.295000
12.728000
10.463000
8.890000
12.086000
14.234000
8.835000
4.198000
7.528000
10.630000
3.257000
16.051000
18.234000
12.454000
6.972000
6.942000
8.193000
14.016000
14.516000
16.930000
16.826000
10.202000
7.482000
12.631000
13.412000
11.574000
5.364000
4.793000
9.477000
12.664000
5.138000
14.452000
10.188000
12.904000
10.324000
7.155000
9.673000
2.405000
10.798000
4.978000
21.965000
13.917000
12.315000
14.052000
11.393000
10.364000
9.934000
11.448000
16.562000
3.670000
10.657000
11.463000
15.891000
16.100000
12.571000
7.518000
6.696000
8.992000
14.195000
13.072000
6.646000
8.313000
7.432000
19.500000
21.179000
7.097000
23.415000
12.218000
12.085000
4.055000
10.442000
10.456000
17.920000
15.009000
15.902000
14.020000
5.415000
12.172000
9.670000
7.464000
5.625000
13.199000
6.126000
7.591000
12.007000
10.655000
10.364000
8.236000
9.781000
11.042000
9.062000
10.083000
7.648000
20.082000
7.255000
17.268000
3.119000
6.521000
23.069000
8.328000
9.743000
13.770000
22.814000
11.034000
8.531000
7.758000
6.924000
2.897000
11.925000
18.403000
11.347000
23.740000
11.368000
6.378000
10.588000
6.284000
8.038000
10.709000
10.238000
18.819000
0.946000
10.380000
9.138000
10.397000
10.771000
9.979000
5.886000
8.086000
12.578000
11.313000
17.478000
11.770000
7.519000
3.421000
15.322000
7.022000
4.564000
7.564000
7.507000
9.897000
5.526000
8.267000
20.475000
10.274000
10.117000
22.432000
19.334000
5.273000
8.914000
22.490000
6.337000
4.662000
19.555000
10.515000
6.056000
16.222000
16.254000
8.670000
16.445000
6.358000
9.905000
14.880000
7.435000
12.046000
9.300000
8.643000
15.110000
8.072000
22.504000
17.229000
8.901000
8.751000
6.099000
3.864000
17.322000
6.346000
4.995000
12.180000
15.815000
8.816000
11.441000
5.792000
9.231000
2.398000
9.180000
8.790000
5.521000
9.406000
7.580000
7.859000
4.854000
14.982000
11.432000
8.238000
7.777000
10.682000
9.016000
11.357000
9.599000
10.538000
2.955000
4.537000
17.586000
3.480000
7.756000
0.000000
10.968000
10.725000
11.093000
20.058000
6.988000
5.764000
4.752000
18.214000
7.784000
9.079000
2.979000
17.272000
14.215000
0.000000
5.602000
7.520000
11.198000
11.651000
4.859000
9.267000
9.806000
7.899000
0.000000
10.252000
14.032000
6.528000
13.574000
20.836000
4.405000
6.308000
11.748000
22.237000
10.801000
20.951000
7.804000
14.224000
14.628000
13.000000
3.934000
9.429000
5.700000
11.378000
3.515000
6.470000
15.107000
0.000000
8.813000
5.392000
11.110000
7.254000
10.856000
6.050000
10.784000
6.940000
0.000000
14.500000
9.527000
1.907000
15.640000
1.994000
11.440000
6.393000
5.333000
15.190000
11.070000
0.613000
1.148000
6.934000
11.642000
5.788000
12.912000
13.304000
13.537000
9.295000
17.839000
4.190000
1.794000
14.343000
8.425000
4.696000
10.728000
12.348000
12.299000
5.748000
7.056000
15.227000
14.236000
7.503000
7.000000
0.000000
2.118000
16.086000
7.518000
4.741000
7.817000
11.520000
8.490000
5.098000
3.562000
10.830000
10.082000
9.178000
5.484000
6.470000
8.123000
4.373000
16.186000
4.188000
3.600000
8.993000
3.130000
8.897000
6.146000
6.233000
16.689000
12.336000
9.375000
0.000000
13.353000
10.520000
11.068000
8.406000
0.443000
20.498000
0.000000
2.596000
7.956000
15.091000
8.838000
9.005000
0.000000
4.009000
11.931000
12.926000
5.979000
5.873000
5.393000
11.443000
9.783000
17.199000
6.459000
5.716000
3.023000
6.111000
8.700000
4.042000
6.339000
21.122000
8.954000
13.197000
6.657000
12.959000
7.175000
3.424000
9.132000
15.855000
6.488000
11.954000
14.554000
5.705000
6.983000
7.775000
0.726000
2.272000
8.567000
13.306000
12.796000
9.607000
8.977000
10.401000
8.414000
13.334000
10.333000
12.214000
0.000000
4.551000
8.611000
15.536000
10.989000
10.546000
3.449000
7.176000
10.170000
4.495000
0.000000
2.429000
3.353000
13.953000
14.434000
22.530000
9.405000
0.000000
15.333000
6.501000
2.866000
8.367000
4.733000
10.484000
17.175000
13.300000
8.561000
1.807000
8.524000
12.342000
4.834000
10.920000
8.422000
9.178000
8.602000
13.482000
11.222000
14.488000
5.371000
11.665000
12.200000
8.183000
13.000000
0.000000
9.031000
9.296000
5.274000
7.362000
10.516000
9.179000
2.855000
15.585000
8.537000
6.045000
6.997000
13.724000
0.000000
15.417000
1.648000
13.293000
0.000000
0.237000
12.013000
2.518000
10.842000
10.392000
10.605000
8.527000
12.819000
7.442000
10.286000
10.842000
10.051000
8.496000
12.579000
6.111000
6.021000
13.535000
8.963000
2.315000
6.248000
9.958000
10.601000
12.412000
23.109000
17.126000
15.345000
10.813000
9.556000
10.583000
9.285000
17.893000
15.436000
7.404000
11.487000
9.478000
12.410000
10.902000
4.950000
9.321000
5.536000
1.370000
7.756000
5.489000
17.776000
12.921000
12.025000
13.439000
12.571000
15.206000
22.452000
17.328000
12.524000
4.247000
21.384000
7.419000
5.971000
2.760000
13.819000
10.754000
18.502000
4.325000
17.404000
17.066000
6.974000
10.425000
8.930000
11.103000
7.697000
12.315000
21.412000
8.973000
21.420000
10.188000
13.858000
16.551000
9.990000
11.405000
11.242000
10.089000
12.670000
4.285000
8.360000
12.070000
11.386000
11.343000
10.030000
10.594000
9.172000
8.271000
13.487000
8.340000
11.414000
1.981000
16.196000
4.234000
17.132000
7.982000
7.555000
13.233000
5.419000
9.374000
10.555000
13.118000
5.734000
15.643000
17.937000
12.405000
3.994000
3.945000
0.000000
8.853000
7.710000
4.145000
11.893000
8.596000
6.754000
3.765000
10.310000
3.791000
10.181000
13.474000
13.218000
11.952000
9.405000
10.527000
11.688000
7.628000
9.345000
13.718000
4.280000
3.577000
7.533000
16.145000
16.282000
4.021000
5.109000
11.232000
20.072000
10.594000
3.932000
5.199000
12.584000
9.732000
17.532000
23.659000
10.332000
8.246000
17.122000
10.973000
16.416000
3.202000
10.839000
17.144000
8.429000
7.871000
9.583000
16.790000
10.728000
8.732000
12.189000
5.593000
11.832000
8.606000
11.031000
12.769000
16.472000
15.268000
14.777000
13.726000
5.106000
10.460000
9.387000
0.000000
17.927000
4.896000
9.156000
5.089000
7.488000
18.768000
8.560000
15.791000
8.704000
10.632000
14.149000
12.314000
0.000000
12.375000
12.845000
9.867000
11.474000
0.000000
10.462000
12.975000
10.176000
9.235000
10.376000
17.731000
10.247000
14.893000
12.332000
5.991000
9.343000
0.184000
9.095000
0.000000
5.615000
17.394000
0.000000
12.288000
11.225000
10.498000
5.102000
2.136000
12.321000
9.264000
13.887000
4.513000
0.164000
12.069000
17.172000
10.754000
11.026000
8.344000
6.363000
9.944000
15.733000
0.000000
9.137000
18.264000
11.804000
5.746000
0.000000
13.716000
17.663000
12.736000
20.690000
10.078000
8.784000
0.162000
0.000000
11.649000
10.531000
17.340000
0.000000
11.964000
7.144000
11.343000
14.481000
17.291000
19.667000
7.969000
0.000000
8.356000
14.591000
0.000000
0.000000
0.000000
17.740000
12.335000
8.858000
18.670000
0.000000
0.000000
14.658000
0.000000
15.141000
6.672000
0.000000
14.612000
11.963000
12.250000
9.207000
6.432000
0.000000
10.232000
0.000000
14.588000
0.000000
0.607000
19.674000
5.267000
0.000000
11.231000
10.418000
11.899000
7.565000
11.734000
0.000000
4.337000
0.544000
11.316000
17.863000
13.367000
2.350000
10.613000
18.698000
15.703000
5.280000
0.000000
10.856000
0.000000
0.662000
14.287000
0.000000
13.018000
0.000000
1.920000
0.000000
12.832000
0.000000
12.233000
10.827000
10.788000
0.000000
11.571000
7.036000
0.000000
23.069000
9.398000
0.000000
0.000000
0.000000
0.000000
17.501000
1.804000
8.223000
0.000000
2.122000
11.624000
13.086000
2.885000
12.872000
0.000000
5.912000
7.054000
0.000000
0.000000
6.363000
0.790000
10.579000
12.206000
7.828000
10.132000
10.376000
13.929000
12.627000
0.000000
5.990000
0.000000
11.524000
0.000000
0.000000
0.000000
4.095000
2.700000
8.790000
17.980000
6.112000
14.259000
0.000000
11.454000
2.293000
9.055000
7.878000
0.000000
8.370000
8.350000
0.087000
11.697000
11.837000
10.350000
18.068000
6.885000
0.000000
0.000000
0.000000
6.424000
0.000000
4.526000
0.000000
6.269000
7.730000
9.864000
9.993000
5.746000
13.031000
14.781000
6.067000
10.694000
0.000000
4.718000
0.000000
3.074000
16.507000
9.630000
10.873000
7.039000
15.717000
11.483000
12.863000
0.000000
15.565000
19.382000
0.000000
9.694000
0.000000
8.060000
0.047000
11.359000
1.989000
6.267000
15.630000
8.121000
0.000000
0.000000
14.215000
22.792000
0.000000
6.995000
0.143000
1.734000
13.619000
19.258000
9.785000
15.185000
13.252000
13.041000
6.617000
0.000000
12.518000
7.469000
9.457000
12.546000
4.384000
17.556000
3.521000
5.425000
17.599000
19.073000
9.048000
12.933000
19.622000
12.507000
5.450000
9.801000
8.243000
8.339000
4.166000
0.000000
18.138000
3.310000
11.411000
7.529000
0.000000
2.015000
9.257000
5.440000
10.797000
11.350000
9.569000
19.207000
9.360000
6.276000
0.000000
0.238000
12.172000
8.521000
6.011000
0.000000
6.766000
6.062000
7.228000
0.000000
8.763000
5.869000
7.076000
4.949000
8.070000
5.689000
2.343000
5.029000
5.763000
9.428000
5.904000
12.312000
8.941000
11.979000
10.001000
10.213000
4.431000
18.420000
9.426000
9.462000
2.940000
7.137000
7.699000
8.958000
16.570000
6.945000
7.325000
9.390000
3.885000
2.974000
12.681000
8.178000
10.591000
11.442000
7.268000
1.810000
12.627000
4.324000
13.380000
8.318000
5.289000
10.748000
0.049000
10.126000
7.254000
5.708000
18.100000
6.774000
12.298000
7.092000
12.877000
9.538000
12.104000
12.089000
7.281000
0.000000
19.780000
13.453000
9.293000
17.610000
6.418000
2.793000
15.245000
9.926000
4.577000
7.848000
5.317000
10.415000
9.143000
10.569000
4.499000
5.772000
14.767000
8.239000
12.572000
20.858000
12.024000
4.329000
16.735000
12.447000
3.113000
7.591000
8.938000
20.679000
12.095000
15.785000
12.345000
5.163000
4.108000
6.260000
7.932000
6.421000
20.252000
11.936000
4.379000
13.381000
7.418000
20.085000
9.534000
13.060000
4.570000
10.921000
12.838000
2.319000
8.329000
5.769000
8.363000
21.768000
22.334000
16.633000
18.695000
12.188000
6.738000
17.132000
6.190000
5.868000
7.513000
2.256000
7.348000
12.728000
8.922000
9.516000
11.902000
8.548000
8.487000
14.082000
5.936000
15.743000
10.773000
6.050000
11.188000
20.750000
16.053000
19.375000
7.801000
21.615000
7.602000
2.219000
4.706000
7.443000
1.628000
6.968000
9.335000
14.450000
16.268000
9.200000
11.505000
8.886000
8.428000
8.311000
17.575000
4.417000
8.294000
9.682000
4.052000
0.000000
12.701000
14.209000
5.059000
5.848000
4.292000
5.573000
10.372000
6.773000
2.933000
10.703000
6.381000
6.978000
12.126000
19.279000
1.775000
8.209000
7.327000
17.236000
1.720000
6.343000
9.600000
7.510000
18.214000
13.143000
15.208000
13.603000
17.343000
17.578000
10.035000
12.447000
0.000000
7.992000
11.062000
9.985000
3.269000
2.295000
14.069000
2.803000
9.601000
11.934000
15.146000
7.680000
7.491000
6.467000
9.888000
7.433000
6.946000
8.973000
14.575000
1.770000
8.954000
17.009000
6.905000
11.121000
23.482000
12.250000
12.401000
5.672000
5.489000
15.877000
5.499000
12.041000
7.959000
9.750000
5.877000
12.549000
0.000000
17.384000
8.323000
7.111000
16.067000
7.996000
15.601000
13.972000
17.742000
11.821000
3.996000
10.622000
11.670000
10.267000
11.834000
8.030000
11.348000
5.475000
15.738000
11.566000
9.063000
8.916000
4.498000
13.964000
9.012000
5.771000
9.998000
4.512000
4.479000
6.483000
14.779000
8.393000
4.717000
9.884000
7.399000
8.645000
13.635000
5.403000
16.070000
4.766000
6.576000
6.209000
8.044000
10.774000
8.181000
14.059000
4.079000
13.412000
6.958000
7.778000
13.253000
5.439000
18.882000
16.814000
15.303000
9.120000
7.733000
5.509000
5.037000
10.518000
4.497000
18.747000
3.229000
16.027000
10.873000
4.375000
10.923000
0.131000
13.000000
15.742000
0.493000
12.056000
11.312000
13.722000
20.754000
13.391000
7.353000
18.000000
7.330000
5.451000
12.401000
7.972000
19.315000
2.842000
4.726000
7.124000
6.910000
12.827000
5.668000
7.111000
2.836000
5.239000
9.115000
7.732000
8.009000
5.851000
12.341000
6.510000
13.494000
17.607000
7.055000
6.399000
7.426000
9.309000
3.191000
8.163000
4.850000
17.333000
19.402000
6.448000
7.357000
11.035000
11.300000
15.424000
6.261000
9.710000
9.467000
7.993000
6.500000
11.233000
15.214000
11.605000
6.404000
11.623000
10.581000
12.280000
18.312000
11.725000
16.042000
5.468000
13.370000
13.751000
10.045000
11.335000
10.568000
0.029000
6.103000
17.709000
16.862000
0.000000
7.920000
7.780000
9.237000
11.285000
11.856000
4.322000
3.890000
19.089000
9.448000
9.833000
5.145000
0.000000
10.665000
9.965000
4.587000
12.165000
12.476000
6.140000
8.000000
1.515000
5.841000
17.079000
7.596000
0.000000
6.263000
6.816000
9.691000
13.126000
8.599000
4.034000
2.496000
10.308000
3.057000
11.091000
10.378000
9.245000
9.310000
12.194000
6.790000
10.140000
12.880000
6.989000
13.611000
13.054000
9.284000
14.268000
9.826000
4.810000
5.396000
3.069000
14.381000
5.935000
8.761000
5.735000
2.769000
2.636000
8.307000
7.338000
8.145000
10.748000
11.489000
10.242000
7.910000
2.288000
7.898000
12.485000
10.909000
10.029000
10.571000
9.093000
9.797000
12.838000
2.699000
5.190000
11.048000
1.531000
4.144000
11.957000
7.998000
9.811000
5.720000
3.922000
6.816000
8.982000
7.609000
9.004000
9.634000
6.598000
8.985000
6.415000
17.908000
13.759000
7.925000
3.593000
8.568000
5.755000
4.364000
7.404000
7.662000
9.385000
15.420000
13.037000
8.507000
17.299000
6.355000
8.151000
15.881000
6.050000
15.120000
12.978000
16.722000
6.361000
0.899000
3.074000
3.238000
6.382000
6.410000
12.505000
5.264000
10.781000
2.299000
11.236000
8.984000
5.639000
8.916000
9.713000
11.084000
14.765000
12.754000
7.696000
1.559000
8.232000
5.502000
9.350000
14.028000
6.525000
12.608000
2.956000
15.396000
4.276000
8.913000
0.000000
10.796000
6.010000
7.666000
13.022000
4.472000
9.555000
8.009000
3.614000
9.521000
6.865000
5.924000
6.591000
0.969000
6.769000
5.381000
4.904000
3.574000
4.105000
5.482000
9.314000
9.278000
3.781000
4.111000
7.571000
4.702000
6.331000
6.703000
7.058000
9.757000
7.643000
7.084000
8.273000
10.831000
8.297000
6.683000
3.243000
10.027000
14.116000
0.463000
11.849000
7.198000
2.374000
12.334000
3.418000
1.269000
14.545000
4.385000
8.584000
14.049000
4.679000
15.578000
7.436000
18.024000
4.548000
2.226000
15.557000
14.262000
13.356000
0.930000
18.404000
8.464000
19.059000
7.733000
7.080000
5.761000
10.289000
10.668000
11.333000
4.302000
6.778000
11.507000
6.492000
12.465000
10.692000
6.040000
5.271000
13.028000
4.577000
7.961000
19.818000
5.111000
10.149000
16.191000
7.248000
3.180000
21.831000
0.000000
3.537000
4.712000
12.030000
21.005000
0.000000
11.897000
15.455000
6.540000
4.859000
3.906000
1.825000
9.153000
6.024000
15.991000
8.209000
5.047000
7.519000
5.100000
2.457000
8.559000
7.446000
6.046000
12.796000
16.737000
11.549000
0.000000
7.038000
3.805000
11.880000
8.015000
7.091000
13.710000
20.336000
7.569000
9.152000
7.627000
9.493000
7.103000
9.402000
8.143000
8.081000
0.921000
15.470000
12.361000
4.802000
10.212000
14.126000
3.835000
1.550000
10.994000
10.124000
2.619000
0.858000
2.832000
14.472000
14.364000
2.730000
13.419000
0.503000
1.902000
0.669000
9.564000
6.258000
4.757000
11.866000
8.899000
12.657000
9.856000
2.705000
15.566000
7.941000
4.849000
11.113000
4.938000
5.389000
9.719000
11.144000
9.381000
21.815000
6.809000
8.064000
20.618000
8.752000
3.075000
12.513000
12.535000
2.573000
7.576000
11.238000
9.852000
7.014000
15.064000
7.497000
10.668000
10.387000
1.804000
15.473000
15.135000
2.245000
20.135000
14.536000
10.951000
2.189000
5.523000
18.782000
7.154000
12.487000
8.669000
14.258000
12.721000
5.667000
10.559000
2.932000
0.000000
17.220000
11.080000
12.415000
15.224000
0.105000
18.071000
13.776000
4.030000
8.074000
4.157000
6.851000
10.542000
16.801000
12.107000
4.211000
17.336000
6.569000
3.879000
18.732000
7.170000
16.619000
6.536000
7.102000
2.294000
0.000000
16.726000
4.158000
12.676000
9.903000
0.000000
12.416000
13.473000
15.443000
1.308000
15.468000
9.602000
6.947000
6.141000
7.038000
2.631000
7.437000
13.987000
9.582000
7.921000
8.611000
11.970000
13.392000
3.716000
8.729000
8.290000
14.602000
4.912000
7.674000
8.256000
8.864000
3.754000
4.329000
10.755000
12.409000
8.496000
0.851000
7.070000
12.736000
6.739000
0.000000
6.513000
9.210000
5.832000
0.294000
9.910000
9.929000
15.406000
8.239000
2.734000
13.371000
11.435000
10.560000
10.133000
11.955000
10.894000
11.080000
11.493000
4.994000
9.149000
4.577000
12.793000
19.240000
8.606000
9.362000
9.035000
13.562000
3.357000
5.521000
7.972000
3.419000
16.356000
9.495000
14.667000
1.328000
4.822000
4.228000
8.841000
4.378000
4.445000
8.515000
14.780000
3.761000
2.510000
12.537000
10.814000
0.000000
0.000000
0.589000
4.888000
0.968000
7.735000
4.945000
8.119000
6.856000
7.389000
19.336000
0.000000
10.266000
9.746000
11.808000
9.752000
2.112000
7.749000
21.050000
9.449000
6.498000
7.846000
18.762000
5.951000
10.026000
4.821000
16.907000
6.464000
14.680000
4.280000
14.712000
3.958000
5.246000
5.933000
5.993000
4.194000
15.601000
0.000000
0.000000
9.731000
9.359000
7.777000
9.863000
4.399000
9.015000
6.170000
10.786000
12.631000
5.383000
5.494000
12.348000
6.076000
10.459000
9.793000
12.847000
15.250000
14.473000
4.544000
1.873000
9.896000
4.841000
8.164000
8.345000
16.946000
0.000000
11.641000
6.092000
4.134000
14.364000
6.011000
2.964000
8.807000
0.700000
8.452000
13.346000
9.961000
13.520000
3.306000
9.383000
8.764000
11.940000
10.581000
7.574000
7.183000
3.226000
2.709000
0.828000
9.864000
11.014000
9.504000
6.253000
8.749000
13.088000
7.705000
6.034000
8.987000
2.896000
9.170000
4.328000
5.943000
0.000000
5.888000
3.565000
12.626000
14.130000
5.722000
11.182000
5.879000
23.223000
13.973000
7.750000
0.000000
7.485000
6.116000
11.629000
3.188000
5.406000
18.719000
9.013000
14.957000
16.326000
8.065000
10.081000
8.905000
16.857000
15.664000
11.364000
10.066000
0.000000
5.708000
4.854000
5.680000
0.000000
6.091000
0.000000
9.983000
9.315000
5.624000
11.553000
3.808000
11.291000
5.978000
5.086000
11.395000
12.745000
8.459000
7.290000
6.209000
11.790000
7.015000
7.196000
2.395000
1.051000
11.808000
9.035000
0.000000
9.568000
5.212000
17.892000
7.473000
8.916000
5.724000
0.000000
0.870000
8.444000
3.872000
3.494000
6.456000
8.854000
1.737000
7.231000
10.578000
7.033000
8.241000
8.423000
5.623000
7.128000
4.703000
3.044000
3.949000
2.559000
9.432000
4.994000
8.045000
9.384000
8.219000
9.435000
5.172000
6.995000
11.591000
10.190000
7.113000
7.771000
12.211000
8.199000
8.571000
9.038000
5.678000
5.405000
6.806000
5.956000
11.709000
6.706000
11.185000
7.900000
6.321000
1.353000
14.180000
9.491000
14.310000
2.642000
10.833000
0.110000
0.099000
2.356000
0.544000
1.841000
6.004000
0.000000
9.097000
3.199000
3.768000
1.086000
3.039000
5.698000
5.493000
8.642000
0.000000
5.946000
9.460000
2.263000
0.000000
1.895000
4.481000
6.430000
8.391000
0.000000
11.664000
14.330000
11.311000
0.000000
2.616000
14.197000
0.000000
4.544000
4.170000
6.727000
11.533000
10.131000
2.427000
4.118000
0.320000
2.990000
13.362000
0.000000
6.236000
6.738000
0.000000
3.950000
7.817000
0.850000
0.000000
8.136000
3.866000
0.661000
9.260000
11.840000
0.000000
4.117000
0.000000
2.872000
3.128000
6.911000
0.743000
0.000000
1.846000
5.770000
0.401000
11.394000
5.584000
7.716000
7.064000
0.000000
2.194000
0.000000
3.398000
1.445000
1.762000
1.908000
0.075000
2.942000
13.790000
8.181000
15.591000
0.362000
0.000000
2.654000
5.115000
0.000000
2.431000
1.518000
0.000000
0.000000
10.137000
3.355000
0.000000
0.000000
0.000000
5.017000
2.004000
3.648000
0.000000
0.000000
0.000000
0.000000
0.000000
6.406000
0.000000
8.058000
2.908000
2.368000
0.708000
3.386000
1.719000
0.000000
3.938000
10.378000
0.000000
0.000000
4.876000
6.409000
3.596000
6.783000
3.038000
0.000000
3.736000
0.000000
4.312000
0.000000
4.815000
0.000000
6.951000
0.000000
5.033000
2.944000
4.306000
0.000000
6.814000
9.927000
0.000000
1.788000
15.334000
7.035000
6.920000
0.000000
2.490000
13.603000
0.000000
1.353000
6.959000
3.789000
0.000000
3.118000
0.000000
0.000000
0.000000
0.000000
9.102000
17.105000
5.577000
5.489000
4.491000
4.559000
6.031000
8.809000
0.789000
1.405000
0.000000
11.417000
2.534000
1.027000
10.122000
13.407000
12.867000
0.000000
0.000000
5.471000
5.052000
9.211000
0.000000
2.551000
9.928000
1.369000
1.839000
2.199000
0.599000
11.456000
3.223000
13.905000
2.714000
2.104000
7.503000
2.298000
1.274000
1.329000
8.617000
0.959000
6.381000
0.487000
0.000000
0.000000
5.001000
0.000000
7.430000
0.000000
2.472000
0.000000
6.798000
0.000000
3.019000
5.596000
1.251000
0.514000
0.067000
0.000000
5.321000
1.178000
0.000000
0.000000
0.000000
0.000000
3.947000
10.470000
6.503000
1.497000
5.957000
9.055000
1.366000
0.000000
4.050000
2.657000
8.264000
0.000000
0.811000
1.462000
11.375000
0.000000
4.659000
2.963000
12.060000
9.775000
3.795000
10.614000
10.966000
0.092000
5.359000
1.861000
4.583000
4.892000
4.532000
0.604000
7.476000
0.839000
1.196000
4.467000
4.612000
1.802000
1.758000
4.514000
3.276000
2.657000
4.158000
5.533000
1.269000
0.000000
0.000000
6.477000
0.637000
3.946000
4.764000
0.359000
6.648000
4.540000
1.614000
0.000000
1.855000
0.000000
0.000000
13.771000
6.046000
6.255000
4.845000
17.333000
0.000000
4.365000
0.000000
2.406000
13.769000
1.014000
0.073000
9.538000
3.710000
2.370000
1.114000
4.595000
16.138000
7.763000
4.777000
11.963000
0.000000
5.050000
0.000000
1.042000
4.117000
1.593000
8.694000
2.333000
0.000000
0.000000
0.204000
12.210000
3.166000
3.245000
0.487000
0.555000
15.703000
3.229000
1.563000
3.119000
14.507000
4.368000
0.000000
0.062000
0.000000
0.000000
5.981000
0.569000
6.914000
0.302000
1.169000
1.419000
0.708000
0.000000
3.272000
3.687000
0.000000
14.001000
13.345000
0.668000
8.589000
2.223000
0.596000
4.000000
3.773000
0.000000
0.000000
0.000000
1.282000
0.438000
11.215000
13.047000
7.182000
0.214000
12.683000
11.619000
0.223000
1.369000
1.877000
3.626000
4.366000
0.000000
0.294000
0.000000
1.223000
14.150000
12.009000
16.396000
0.000000
9.685000
0.097000
10.314000
0.000000
7.930000
11.287000
0.196000
14.475000
0.000000
0.000000
11.465000
0.354000
13.307000
3.566000
0.000000
0.000000
0.000000
0.000000
0.617000
2.848000
14.362000
0.000000
3.466000
0.363000
4.761000
15.481000
10.777000
10.142000
0.005000
5.700000
0.000000
0.990000
0.000000
0.000000
0.102000
14.483000
3.668000
3.329000
2.576000
1.842000
0.000000
6.968000
1.852000
3.463000
0.000000
1.764000
0.297000
9.747000
5.763000
7.531000
0.712000
7.579000
8.007000
2.389000
1.412000
13.539000
0.488000
0.000000
13.519000
0.000000
9.579000
9.986000
0.000000
1.203000
0.000000
1.543000
6.792000
7.268000
0.000000
8.909000
3.688000
9.976000
0.000000
4.307000
0.000000
0.208000
0.816000
5.779000
0.000000
3.234000
12.698000
2.063000
0.502000
3.555000
4.890000
0.000000
0.848000
10.372000
1.564000
1.601000
9.640000
2.361000
4.401000
2.822000
1.816000
6.389000
0.000000
0.000000
7.030000
3.222000
0.176000
2.542000
8.211000
3.053000
3.898000
0.000000
6.902000
2.255000
0.184000
5.226000
1.891000
2.278000
0.000000
4.065000
15.710000
2.035000
0.000000
8.938000
5.349000
10.570000
9.540000
0.000000
0.967000
3.434000
0.000000
8.820000
2.204000
0.000000
1.281000
0.000000
7.454000
10.455000
3.721000
0.000000
2.730000
12.081000
2.205000
4.052000
1.712000
11.780000
3.183000
4.737000
1.977000
10.109000
0.000000
0.000000
11.215000
0.000000
3.007000
15.509000
0.791000
7.996000
0.000000
2.846000
6.563000
6.067000
7.074000
1.169000
13.515000
17.448000
1.654000
13.962000
12.703000
3.847000
9.454000
9.231000
1.377000
0.000000
0.000000
1.419000
0.000000
0.000000
9.166000
3.906000
1.174000
5.314000
0.286000
5.939000
0.908000
3.583000
3.790000
0.131000
2.803000
0.000000
17.084000
0.000000
0.000000
13.648000
7.172000
17.638000
5.371000
2.250000
2.222000
6.331000
8.601000
10.539000
8.189000
0.308000
12.483000
1.991000
11.446000
0.000000
0.209000
4.738000
0.302000
1.506000
5.362000
2.434000
10.784000
2.811000
2.815000
1.042000
0.000000
2.306000
2.945000
0.009000
8.170000
6.737000
0.000000
5.843000
10.332000
1.982000
10.164000
0.467000
2.184000
0.976000
7.657000
2.826000
4.639000
3.567000
10.334000
0.150000
3.494000
3.977000
3.661000
9.216000
0.000000
0.000000
13.086000
9.267000
0.000000
9.530000
0.733000
0.000000
3.996000
0.000000
4.916000
13.858000
2.112000
2.736000
10.015000
3.789000
3.938000
0.472000
0.866000
0.227000
5.610000
0.000000
3.172000
3.108000
0.000000
5.723000
1.343000
4.032000
1.947000
0.000000
4.325000
4.661000
0.973000
6.956000
2.474000
13.920000
1.827000
3.458000
3.651000
7.497000
0.000000
0.000000
0.000000
15.220000
0.000000
3.705000
0.000000
3.269000
8.962000
3.657000
0.000000
3.969000
0.000000
0.000000
1.376000
1.579000
0.135000
9.598000
9.819000
12.641000
12.669000
10.321000
0.364000
2.186000
0.177000
0.000000
1.263000
0.000000
5.182000
13.013000
3.691000
2.276000
0.000000
3.400000
7.555000
10.711000
4.382000
6.954000
6.450000
5.990000
3.366000
0.000000
0.781000
4.426000
0.000000
9.969000
4.505000
3.751000
13.468000
7.205000
1.561000
1.382000
1.634000
1.292000
0.393000
2.392000
0.000000
0.000000
12.063000
1.908000
1.974000
0.000000
1.354000
1.390000
0.442000
1.538000
10.142000
2.118000
0.000000
5.874000
4.999000
4.409000
7.520000
11.830000
0.000000
5.583000
7.459000
7.778000
5.915000
6.706000
11.468000
17.833000
0.387000
0.000000
7.028000
6.491000
4.898000
4.775000
0.000000
8.473000
1.304000
0.000000
2.206000
0.231000
0.851000
2.784000
9.047000
10.187000
4.096000
2.098000
1.963000
6.418000
6.311000
1.028000
9.571000
2.944000
1.655000
11.034000
2.891000
0.000000
0.000000
2.183000
2.763000
6.535000
0.000000
0.465000
0.952000
9.068000
0.000000
12.591000
6.041000
6.083000
13.772000
6.693000
12.904000
10.114000
10.422000
0.000000
9.113000
0.584000
1.525000
0.000000
2.746000
2.332000
0.000000
13.785000
0.000000
9.152000
0.511000
2.146000
0.489000
5.025000
1.441000
0.000000
5.138000
7.459000
13.019000
3.162000
7.719000
10.986000
7.134000
10.957000
9.218000
6.667000
3.595000
6.087000
5.170000
6.631000
0.000000
3.896000
1.873000
5.948000
4.667000
0.000000
4.753000
1.666000
9.621000
8.787000
2.298000
0.000000
7.429000
7.915000
8.832000
1.191000
2.332000
4.006000
0.000000
5.145000
4.597000
17.201000
3.481000
1.392000
4.316000
0.000000
20.727000
15.265000
4.750000
3.261000
0.000000
6.247000
1.018000
2.723000
5.829000
0.840000
5.601000
5.765000
10.799000
0.746000
5.564000
0.000000
3.188000
0.652000
10.430000
8.161000
3.196000
6.276000
5.707000
5.936000
5.788000
6.377000
0.872000
4.836000
0.000000
0.998000
5.206000
3.152000
10.248000
2.413000
14.684000
10.076000
5.146000
2.617000
3.742000
5.850000
0.472000
2.292000
0.254000
2.289000
11.882000
8.662000
3.599000
0.163000
0.000000
3.561000
5.829000
2.110000
0.757000
0.000000
7.873000
6.787000
2.041000
10.608000
1.322000
9.964000
14.309000
9.276000
4.178000
2.303000
3.325000
3.471000
5.274000
2.037000
0.009000
1.849000
4.148000
0.744000
2.266000
2.181000
6.300000
4.334000
0.664000
3.441000
2.982000
3.169000
2.758000
0.000000
11.441000
8.235000
0.472000
3.201000
8.976000
2.401000
7.075000
9.854000
10.691000
14.204000
0.873000
5.516000
4.155000
6.348000
0.111000
0.000000
3.802000
0.969000
0.000000
7.828000
4.317000
4.359000
2.042000
7.669000
6.579000
2.946000
2.550000
4.152000
7.569000
10.590000
6.747000
4.570000
4.185000
0.000000
9.064000
4.590000
7.264000
1.633000
15.112000
8.526000
0.000000
2.181000
5.815000
2.644000
7.590000
7.612000
5.294000
1.088000
0.000000
2.530000
2.769000
4.312000
2.508000
3.432000
3.327000
2.461000
4.032000
3.367000
8.279000
0.850000
5.237000
6.510000
3.923000
3.508000
4.931000
0.000000
0.691000
6.638000
4.333000
4.977000
5.573000
4.106000
1.738000
5.681000
6.448000
7.821000
8.032000
5.165000
17.052000
5.131000
6.651000
7.782000
7.775000
4.281000
5.807000
2.269000
4.127000
1.976000
5.290000
2.044000
5.681000
12.527000
5.819000
1.124000
0.205000
8.967000
5.211000
7.554000
5.974000
0.000000
7.775000
12.362000
6.022000
2.970000
0.291000
5.127000
3.655000
1.606000
2.536000
1.695000
7.013000
0.000000
0.169000
5.486000
1.379000
15.824000
6.289000
7.881000
0.695000
0.000000
6.715000
6.905000
1.078000
5.316000
6.761000
1.704000
0.416000
14.485000
2.686000
2.354000
6.060000
0.596000
10.924000
6.120000
2.952000
5.245000
3.113000
0.000000
2.244000
0.000000
7.896000
0.800000
3.367000
2.373000
0.000000
1.624000
7.283000
12.926000
7.812000
6.232000
5.476000
5.992000
2.654000
0.000000
2.033000
1.961000
2.518000
9.135000
9.045000
18.665000
4.555000
4.043000
3.810000
9.659000
10.780000
6.311000
14.036000
4.161000
2.872000
3.041000
6.634000
6.178000
7.536000
6.441000
0.000000
4.860000
5.900000
7.631000
9.099000
8.721000
2.167000
1.339000
6.366000
4.869000
1.560000
8.434000
1.200000
3.531000
2.430000
0.000000
11.583000
8.352000
9.078000
3.549000
3.889000
10.338000
0.000000
3.673000
0.000000
0.000000
13.070000
1.032000
7.102000
6.617000
2.710000
2.450000
6.170000
6.208000
5.121000
0.158000
6.596000
0.000000
7.625000
3.020000
3.337000
6.134000
1.416000
0.330000
3.125000
5.208000
2.932000
0.000000
0.527000
3.012000
5.220000
8.146000
10.280000
9.001000
3.403000
3.947000
3.663000
6.604000
1.615000
3.255000
0.000000
5.614000
14.795000
5.830000
6.508000
2.772000
5.960000
0.483000
4.910000
3.586000
5.909000
2.149000
7.807000
10.990000
5.072000
0.000000
4.888000
3.031000
10.257000
4.215000
15.722000
12.921000
6.106000
3.933000
3.666000
7.675000
0.000000
5.778000
4.003000
6.002000
0.541000
3.021000
11.976000
4.126000
13.233000
0.843000
0.364000
0.696000
7.202000
4.595000
14.381000
1.241000
0.000000
9.839000
2.750000
10.531000
0.000000
4.124000
13.225000
0.000000
5.114000
2.382000
8.179000
8.466000
4.761000
13.040000
8.594000
9.827000
0.573000
10.675000
12.852000
7.250000
0.000000
1.764000
7.924000
7.532000
9.916000
0.554000
1.803000
5.587000
8.388000
11.154000
2.200000
9.865000
5.207000
7.475000
2.621000
5.423000
7.947000
0.000000
5.777000
4.207000
11.634000
9.100000
2.957000
17.952000
3.985000
1.706000
9.373000
0.000000
8.375000
1.578000
1.945000
5.182000
7.299000
6.905000
2.678000
3.000000
2.599000
0.000000
10.134000
2.770000
1.384000
5.456000
0.470000
10.649000
16.379000
10.029000
12.387000
2.096000
10.415000
4.573000
7.523000
12.216000
4.736000
8.828000
3.786000
4.847000
5.168000
3.725000
6.718000
10.037000
5.849000
4.413000
1.796000
3.781000
4.073000
4.162000
4.668000
0.127000
15.555000
4.448000
4.458000
9.134000
0.981000
11.772000
0.000000
0.948000
3.914000
7.635000
3.948000
0.506000
4.899000
5.620000
2.972000
0.000000
2.430000
4.436000
5.922000
6.603000
7.121000
2.115000
3.300000
1.943000
1.905000
6.874000
8.896000
5.860000
1.720000
3.675000
6.101000
16.400000
4.239000
2.974000
3.578000
4.772000
2.376000
6.405000
2.501000
7.430000
6.136000
1.631000
0.411000
14.158000
3.804000
6.128000
5.904000
6.999000
5.369000
7.220000
3.575000
1.196000
7.387000
7.018000
11.559000
2.577000
6.560000
10.134000
2.913000
3.656000
7.117000
6.038000
4.521000
6.080000
1.766000
7.161000
9.111000
7.827000
8.694000
3.688000
8.977000
5.083000
3.810000
9.324000
4.598000
1.288000
3.196000
7.534000
6.810000
2.294000
3.772000
4.885000
4.766000
13.280000
3.977000
7.880000
0.000000
0.000000
7.481000
0.000000
12.211000
1.000000
1.811000
5.876000
3.656000
5.305000
7.866000
2.491000
9.666000
10.569000
7.784000
0.000000
5.546000
4.450000
6.613000
3.554000
9.484000
5.502000
0.000000
3.786000
5.229000
1.412000
4.104000
3.803000
4.669000
2.824000
4.185000
7.506000
6.500000
10.187000
6.169000
3.237000
7.129000
2.555000
8.005000
10.165000
5.856000
11.989000
2.923000
2.710000
4.383000
18.324000
4.729000
5.214000
7.260000
5.344000
0.000000
6.208000
4.504000
9.126000
6.937000
12.163000
3.496000
5.930000
2.968000
14.108000
14.790000
4.287000
8.871000
11.094000
2.514000
5.474000
3.876000
7.237000
10.421000
5.549000
5.496000
5.978000
6.757000
6.309000
4.301000
9.898000
5.738000
8.297000
1.068000
2.113000
2.798000
6.220000
5.087000
4.842000
6.211000
6.425000
5.855000
2.928000
7.374000
10.207000
10.488000
5.467000
1.136000
10.055000
1.128000
0.000000
11.928000
16.786000
5.691000
4.162000
2.600000
4.845000
13.085000
9.470000
4.314000
2.570000
9.977000
3.980000
7.051000
2.735000
6.874000
6.286000
8.940000
4.486000
7.062000
8.041000
4.820000
5.574000
5.614000
4.612000
4.034000
1.573000
1.589000
6.128000
3.276000
7.307000
0.548000
10.909000
6.239000
6.209000
7.307000
6.825000
6.987000
4.326000
7.624000
12.497000
4.696000
0.000000
6.405000
2.295000
5.308000
6.250000
6.175000
1.248000
6.384000
4.279000
0.000000
8.359000
9.163000
3.994000
6.493000
9.333000
5.151000
4.099000
5.342000
7.372000
2.230000
2.088000
3.384000
10.851000
3.241000
6.243000
10.337000
3.974000
8.198000
2.575000
4.314000
13.804000
6.005000
7.040000
14.455000
4.306000
5.225000
5.233000
5.102000
0.702000
10.442000
3.968000
4.466000
2.118000
1.869000
6.201000
6.742000
8.313000
5.078000
4.585000
4.327000
11.417000
11.944000
4.621000
7.249000
1.957000
4.216000
3.454000
0.000000
12.622000
14.628000
5.678000
2.546000
6.632000
6.173000
7.611000
5.479000
7.825000
1.919000
6.366000
6.561000
15.429000
3.467000
9.860000
0.992000
5.680000
6.893000
4.953000
5.689000
6.890000
9.469000
4.950000
5.325000
1.955000
1.299000
12.908000
7.136000
7.182000
2.680000
4.549000
11.379000
2.993000
3.583000
6.704000
5.739000
1.114000
10.358000
1.980000
11.695000
6.309000
5.877000
5.209000
8.694000
4.618000
5.751000
6.589000
7.659000
3.128000
9.058000
5.963000
4.751000
9.586000
5.579000
1.304000
4.128000
1.187000
5.745000
8.460000
2.891000
5.078000
4.303000
5.905000
7.856000
3.458000
6.303000
15.149000
8.450000
0.488000
4.508000
6.957000
8.855000
4.884000
3.991000
6.085000
5.252000
7.334000
3.905000
7.326000
3.996000
0.389000
0.000000
11.695000
13.034000
3.895000
6.133000
2.351000
6.816000
0.484000
8.955000
0.097000
6.222000
7.055000
12.539000
10.190000
13.995000
6.128000
2.912000
0.000000
11.980000
3.376000
0.000000
2.790000
4.440000
4.734000
3.350000
7.772000
2.710000
2.578000
10.127000
6.525000
3.308000
9.759000
6.040000
10.562000
12.430000
5.673000
11.363000
6.906000
6.073000
5.280000
9.606000
6.114000
4.392000
7.799000
6.886000
5.994000
2.801000
2.483000
6.858000
3.837000
2.445000
15.412000
6.815000
6.306000
10.232000
2.635000
6.315000
4.061000
3.152000
8.854000
4.254000
5.094000
8.897000
5.545000
6.358000
4.171000
3.696000
7.376000
2.542000
3.070000
2.837000
9.607000
5.186000
0.918000
1.427000
15.724000
8.214000
6.407000
10.771000
4.639000
3.524000
12.038000
6.837000
7.229000
13.105000
5.944000
4.961000
3.386000
9.490000
9.449000
9.780000
1.337000
10.453000
1.340000
6.763000
5.407000
7.611000
8.287000
5.179000
5.367000
8.434000
2.312000
15.112000
4.944000
15.119000
2.226000
3.685000
10.039000
3.899000
10.024000
5.998000
6.388000
3.272000
3.266000
6.723000
6.587000
8.657000
12.943000
4.450000
5.174000
0.000000
5.937000
6.331000
13.590000
1.832000
2.450000
14.422000
10.023000
3.766000
6.090000
8.242000
1.061000
7.108000
8.460000
7.867000
9.985000
2.645000
2.334000
6.622000
9.615000
15.142000
8.470000
1.573000
5.244000
7.586000
3.005000
3.583000
3.804000
5.925000
8.192000
4.784000
6.185000
3.284000
3.893000
2.351000
3.771000
4.652000
5.776000
9.284000
5.605000
12.441000
2.188000
6.113000
4.921000
8.376000
11.856000
6.063000
5.243000
11.056000
11.306000
4.322000
6.476000
4.613000
6.090000
13.146000
6.812000
1.639000
0.000000
4.801000
7.872000
0.455000
3.338000
1.779000
2.560000
3.380000
9.741000
6.916000
6.567000
17.870000
0.000000
0.226000
6.827000
5.993000
10.613000
7.610000
8.593000
4.920000
7.825000
5.549000
3.849000
15.916000
2.536000
9.831000
7.159000
2.164000
4.510000
6.733000
17.105000
5.372000
6.816000
11.541000
9.424000
9.239000
5.373000
6.050000
3.970000
7.343000
2.357000
0.677000
7.203000
2.818000
1.274000
9.610000
2.151000
2.197000
14.023000
4.483000
3.607000
4.643000
11.961000
0.000000
4.111000
8.701000
9.502000
8.292000
6.066000
9.545000
5.920000
8.532000
2.887000
6.502000
2.233000
4.832000
4.917000
6.207000
6.158000
5.315000
6.279000
15.082000
5.087000
8.397000
7.508000
6.371000
5.149000
5.499000
8.205000
4.954000
4.032000
5.123000
4.770000
9.102000
1.512000
2.992000
5.773000
3.375000
6.294000
7.928000
5.298000
11.945000
5.478000
13.148000
0.429000
2.022000
7.625000
12.792000
9.034000
8.798000
4.865000
10.721000
6.795000
1.145000
5.032000
6.131000
4.983000
12.182000
10.830000
4.458000
8.779000
5.596000
1.675000
5.155000
9.616000
6.780000
8.248000
8.384000
6.643000
3.206000
5.460000
0.000000
11.617000
2.389000
3.470000
11.762000
8.200000
0.000000
3.261000
5.023000
7.917000
8.268000
13.086000
3.021000
0.000000
6.344000
5.644000
4.960000
0.000000
9.879000
11.321000
10.048000
4.912000
0.000000
8.885000
11.014000
11.868000
2.041000
0.000000
16.822000
0.611000
9.107000
3.164000
3.179000
0.524000
0.182000
6.895000
8.221000
8.583000
2.684000
1.398000
6.476000
2.745000
6.135000
5.736000
5.009000
13.284000
4.924000
1.350000
6.685000
3.052000
9.152000
5.619000
1.871000
9.529000
4.287000
11.201000
7.935000
8.320000
5.650000
6.999000
4.280000
7.875000
5.503000
10.291000
3.783000
1.557000
6.506000
6.774000
9.598000
0.000000
5.369000
4.801000
3.883000
7.671000
0.440000
0.000000
3.384000
9.087000
13.444000
0.616000
12.164000
4.297000
7.207000
7.877000
3.416000
6.803000
13.936000
9.339000
7.562000
0.000000
8.023000
8.688000
0.009000
5.269000
3.072000
7.695000
13.903000
2.807000
0.608000
11.777000
6.259000
10.603000
0.220000
14.891000
9.190000
8.346000
1.915000
13.317000
9.803000
4.302000
8.057000
13.009000
3.949000
4.601000
0.208000
2.799000
1.855000
6.804000
5.954000
0.226000
2.020000
3.449000
4.072000
8.430000
7.285000
3.499000
9.226000
7.021000
10.679000
0.000000
4.597000
2.438000
6.676000
4.865000
2.199000
7.607000
9.637000
6.574000
1.117000
8.824000
5.874000
8.768000
1.990000
2.282000
8.893000
14.316000
9.952000
0.609000
11.386000
4.962000
10.646000
4.732000
12.491000
2.247000
1.395000
5.763000
3.921000
5.887000
0.872000
12.019000
11.149000
8.062000
8.009000
5.667000
4.619000
1.599000
0.000000
6.527000
6.276000
10.186000
4.913000
3.025000
2.949000
5.218000
10.995000
9.768000
0.000000
6.764000
3.283000
4.240000
3.607000
3.420000
5.961000
3.773000
10.281000
0.000000
6.379000
0.282000
1.710000
0.000000
4.283000
1.868000
5.285000
6.469000
1.331000
4.001000
0.568000
12.342000
4.762000
5.070000
3.052000
0.979000
4.603000
2.684000
3.371000
5.496000
1.573000
0.000000
10.100000
1.803000
3.027000
4.303000
4.210000
5.042000
3.594000
12.069000
9.639000
4.563000
4.141000
8.964000
3.497000
2.841000
4.905000
13.151000
4.286000
1.717000
3.123000
5.915000
9.503000
2.626000
6.225000
1.459000
7.746000
2.952000
2.114000
2.411000
1.558000
5.465000
0.000000
5.541000
6.033000
9.580000
4.072000
7.090000
7.465000
4.645000
4.789000
0.000000
0.000000
0.619000
7.780000
3.865000
0.449000
3.318000
4.868000
5.826000
0.000000
5.412000
4.153000
3.726000
8.708000
8.449000
5.526000
9.876000
6.167000
8.704000
11.980000
5.839000
9.899000
0.930000
1.806000
3.784000
3.162000
1.675000
2.431000
0.000000
4.939000
5.516000
3.812000
10.434000
3.259000
2.248000
1.422000
8.606000
5.018000
6.271000
6.990000
0.000000
11.872000
4.217000
6.128000
2.699000
4.760000
7.054000
11.341000
2.191000
5.276000
9.690000
3.092000
5.462000
7.764000
0.000000
2.956000
5.409000
10.782000
9.946000
1.137000
3.413000
5.769000
1.534000
3.931000
4.741000
2.194000
2.294000
0.596000
8.653000
2.166000
1.347000
5.631000
1.343000
8.077000
0.000000
0.000000
3.697000
7.813000
8.653000
1.937000
0.000000
0.345000
0.000000
9.551000
2.774000
5.261000
8.721000
5.421000
2.748000
4.112000
9.772000
0.000000
2.240000
0.974000
6.356000
5.431000
4.974000
0.372000
4.860000
3.156000
4.594000
1.375000
0.468000
2.200000
1.695000
1.441000
11.128000
0.000000
11.119000
5.880000
2.271000
7.991000
3.711000
0.000000
4.965000
2.730000
6.439000
0.294000
3.082000
5.274000
8.519000
4.185000
3.969000
7.656000
2.684000
0.000000
3.270000
4.888000
5.780000
7.189000
3.113000
4.231000
12.952000
7.401000
2.232000
5.319000
16.667000
8.968000
3.167000
0.602000
0.000000
3.877000
3.388000
5.257000
2.486000
7.317000
3.922000
3.220000
5.173000
3.644000
3.009000
0.486000
0.000000
5.608000
0.000000
3.170000
3.111000
6.346000
2.265000
2.108000
0.000000
0.955000
3.883000
4.034000
7.426000
9.001000
0.000000
4.466000
3.678000
5.243000
0.000000
5.192000
3.164000
5.609000
1.939000
6.471000
5.764000
0.000000
0.254000
0.000000
1.335000
0.000000
3.708000
0.242000
3.925000
8.049000
3.941000
4.597000
8.238000
7.871000
3.630000
4.868000
6.317000
4.018000
0.000000
4.448000
6.754000
3.616000
5.499000
2.827000
1.295000
0.000000
3.880000
1.975000
9.633000
8.459000
1.801000
9.522000
9.714000
0.000000
0.000000
3.803000
0.000000
3.621000
8.926000
0.000000
10.153000
8.442000
1.274000
0.000000
0.221000
2.235000
0.000000
0.693000
2.084000
5.188000
11.036000
1.357000
3.177000
1.201000
7.564000
8.192000
0.000000
9.693000
0.152000
7.878000
0.499000
0.407000
11.118000
3.236000
10.177000
0.000000
2.577000
2.311000
8.898000
2.911000
0.050000
6.449000
4.107000
1.553000
5.546000
1.707000
7.470000
3.183000
10.009000
7.360000
3.118000
0.000000
2.480000
0.000000
3.829000
0.000000
0.000000
4.194000
5.192000
0.000000
3.084000
9.427000
5.730000
3.793000
9.880000
4.883000
5.220000
2.574000
6.265000
4.193000
0.000000
6.722000
4.425000
9.865000
3.172000
0.733000
6.228000
0.000000
4.864000
6.685000
4.508000
0.000000
12.416000
1.075000
1.626000
4.345000
9.831000
4.681000
2.142000
0.000000
11.133000
3.784000
0.469000
8.021000
0.000000
8.861000
7.128000
9.468000
7.783000
5.254000
3.050000
3.321000
2.084000
3.704000
8.640000
1.572000
5.998000
14.386000
0.572000
5.089000
0.818000
1.378000
5.544000
2.914000
0.000000
4.254000
6.154000
2.677000
5.207000
0.896000
0.167000
7.391000
5.321000
9.517000
11.267000
5.230000
4.856000
3.354000
10.430000
3.947000
3.636000
3.581000
4.457000
0.000000
3.227000
0.000000
5.137000
5.661000
15.896000
12.007000
4.100000
6.978000
4.139000
0.000000
0.000000
5.459000
12.849000
8.475000
6.367000
2.171000
10.500000
0.000000
8.331000
7.680000
5.592000
9.171000
0.000000
2.749000
6.846000
5.494000
1.980000
0.000000
2.298000
4.417000
1.726000
5.732000
7.253000
1.305000
1.117000
0.529000
6.209000
12.840000
8.873000
0.000000
2.394000
0.000000
10.342000
1.991000
4.750000
4.755000
0.000000
1.828000
1.569000
3.723000
2.334000
0.000000
2.524000
5.227000
1.081000
2.019000
0.000000
0.000000
4.116000
9.398000
6.088000
7.588000
9.519000
9.719000
6.349000
2.964000
0.901000
3.945000
9.416000
4.670000
7.640000
7.182000
4.591000
5.256000
8.877000
10.058000
0.000000
4.977000
2.705000
13.825000
1.337000
0.880000
0.000000
6.407000
0.000000
5.366000
0.607000
6.986000
5.730000
7.670000
1.196000
0.000000
9.530000
1.470000
3.203000
0.000000
0.000000
1.309000
6.418000
2.365000
6.862000
5.362000
7.019000
6.283000
1.542000
6.899000
6.676000
3.014000
7.532000
8.503000
1.694000
1.373000
0.000000
2.007000
0.000000
3.928000
10.946000
8.303000
1.828000
6.319000
3.443000
10.219000
7.307000
0.000000
7.172000
1.307000
0.000000
0.000000
0.000000
3.905000
7.377000
0.000000
0.000000
5.849000
0.000000
3.946000
0.000000
3.239000
0.000000
10.975000
3.762000
3.178000
6.655000
4.058000
3.002000
0.000000
4.917000
11.009000
2.122000
4.657000
0.760000
1.452000
5.193000
2.678000
4.984000
0.554000
4.792000
1.434000
7.199000
3.833000
5.436000
6.411000
8.470000
0.000000
3.172000
0.000000
9.701000
1.375000
6.636000
4.350000
8.702000
7.678000
5.427000
5.546000
4.916000
0.000000
4.368000
0.000000
3.108000
5.859000
1.679000
2.111000
0.593000
0.000000
9.287000
4.687000
0.000000
2.955000
4.200000
3.160000
4.258000
8.538000
0.000000
0.000000
1.709000
6.983000
0.000000
0.056000
0.000000
5.832000
1.216000
6.984000
9.024000
1.723000
0.000000
2.187000
11.342000
0.485000
0.000000
0.029000
4.243000
0.000000
5.232000
0.000000
0.000000
0.098000
2.411000
1.931000
4.323000
0.000000
0.000000
0.000000
3.967000
3.544000
3.782000
9.042000
2.277000
0.000000
6.076000
5.842000
1.307000
0.000000
0.000000
10.433000
2.970000
0.000000
3.152000
4.333000
7.265000
0.000000
0.000000
0.000000
0.000000
0.000000
1.358000
5.569000
0.000000
4.539000
4.615000
3.578000
0.000000
8.374000
1.145000
8.168000
0.000000
0.000000
0.000000
2.288000
2.295000
3.394000
0.000000
0.000000
8.489000
0.000000
0.000000
2.771000
4.122000
0.226000
0.000000
0.000000
0.000000
1.119000
0.734000
0.000000
8.055000
0.000000
6.060000
0.000000
3.977000
0.682000
1.639000
5.412000
0.000000
1.151000
8.236000
0.000000
6.872000
2.676000
0.000000
0.000000
0.293000
1.291000
0.000000
0.000000
2.801000
0.000000
0.000000
0.000000
4.839000
1.788000
0.000000
0.000000
0.000000
4.005000
0.000000
7.789000
0.000000
0.000000
2.138000
0.000000
0.000000
6.281000
2.375000
5.228000
3.715000
0.000000
0.000000
0.000000
3.489000
0.000000
0.000000
0.000000
0.000000
4.191000
0.000000
2.024000
4.709000
0.000000
6.041000
0.000000
2.036000
0.000000
0.000000
0.000000
1.925000
3.422000
1.303000
0.000000
0.000000
0.000000
4.545000
5.829000
3.060000
0.000000
4.823000
0.000000
8.349000
6.549000
0.238000
0.000000
1.466000
0.000000
0.000000
0.000000
1.199000
2.272000
0.000000
0.000000
0.000000
9.567000
0.000000
0.000000
0.000000
0.000000
2.173000
0.000000
6.433000
0.000000
0.000000
0.000000
0.000000
1.788000
0.000000
2.807000
1.656000
0.000000
0.000000
0.000000
0.000000
0.000000
2.013000
2.018000
0.000000
5.752000
0.000000
0.000000
0.000000
0.000000
6.060000
0.758000
0.000000
0.000000
8.011000
0.000000
1.431000
0.000000
0.000000
0.000000
2.922000
0.000000
0.000000
0.000000
0.000000
2.954000
0.000000
0.000000
7.629000
0.000000
4.036000
0.000000
0.000000
0.000000
0.000000
0.000000
0.000000
0.000000
0.000000
2.436000
1.560000
0.000000
2.862000
0.000000
0.000000
0.000000
0.000000
0.000000
1.742000
4.161000
4.794000
4.998000
5.088000
0.000000
0.000000
0.000000
1.936000
0.000000
0.000000
0.000000
3.317000
3.741000
0.000000
1.489000
0.000000
3.117000
1.511000
0.000000
0.000000
3.069000
0.000000
0.000000
0.000000
0.736000
0.000000
0.906000
0.000000
0.000000
0.000000
1.208000
3.959000
1.269000
5.375000
1.936000
5.313000
0.000000
0.000000
0.000000
0.000000
3.031000
0.451000
0.000000
0.000000
2.952000
2.806000
0.000000
0.000000
0.266000
0.000000
0.000000
2.965000
0.000000
2.841000
0.000000
0.000000
0.000000
0.000000
0.000000
0.000000
2.370000
0.000000
0.000000
1.868000
0.576000
0.000000
0.000000
0.000000
4.490000
2.990000
0.127000
0.000000
0.000000
0.977000
0.000000
0.614000
0.000000
0.000000
0.000000
0.000000
0.000000
0.000000
2.908000
0.973000
0.000000
0.000000
0.000000
0.000000
1.090000
0.000000
0.234000
0.000000
2.162000
0.000000
2.631000
0.428000
0.000000
3.047000
0.000000
0.000000
4.967000
1.192000
0.027000
0.000000
0.000000
0.000000
0.000000
0.000000
4.147000
0.000000
1.200000
0.000000
0.863000
0.000000
0.952000
0.000000
7.458000
2.725000
0.000000
0.000000
0.000000
1.659000
0.779000
0.000000
0.000000
1.681000
0.000000
0.000000
0.000000
0.000000
2.881000
2.014000
1.238000
0.000000
2.465000
0.102000
0.991000
0.245000
0.000000
0.000000
0.435000
1.981000
0.000000
0.918000
0.936000
0.000000
0.616000
0.000000
0.000000
0.000000
0.000000
2.340000
0.000000
5.727000
0.000000
0.976000
4.554000
0.000000
0.000000
0.000000
0.963000
0.000000
0.000000
0.745000
6.101000
0.000000
0.000000
0.000000
0.230000
0.453000
1.027000
0.000000
0.246000
1.709000
0.446000
2.092000
0.000000
1.006000
0.742000
0.000000
0.943000
0.000000
2.651000
0.038000
6.879000
0.000000
0.000000
3.442000
0.000000
0.000000
3.404000
0.000000
0.000000
0.000000
3.693000
0.000000
2.328000
0.204000
3.217000
0.000000
4.676000
0.000000
0.000000
3.383000
2.678000
0.000000
0.000000
0.000000
2.016000
0.000000
0.000000
1.729000
1.298000
0.000000
0.000000
1.062000
1.570000
5.368000
0.000000
2.001000
0.000000
0.000000
5.907000
0.000000
0.974000
0.000000
0.000000
0.915000
0.000000
0.000000
0.000000
1.805000
0.375000
0.000000
0.000000
0.000000
0.000000
0.190000
1.158000
0.000000
6.013000
1.936000
0.000000
2.917000
0.000000
0.000000
0.000000
0.000000
0.000000
0.000000
3.454000
0.000000
0.000000
1.541000
0.000000
4.095000
4.170000
0.000000
0.000000
0.000000
0.000000
0.000000
0.519000
0.000000
0.000000
2.522000
0.640000
0.000000
1.795000
0.000000
0.000000
4.667000
0.000000
0.000000
0.000000
7.451000
0.000000
0.000000
0.691000
0.000000
0.000000
0.661000
0.000000
0.000000
0.000000
1.613000
0.000000
1.017000
0.000000
2.659000
0.000000
3.049000
0.000000
2.343000
0.881000
0.000000
1.358000
0.000000
0.000000
2.842000
0.000000
3.630000
1.835000
0.000000
0.000000
1.965000
0.000000
0.000000
2.785000
2.842000
2.293000
0.522000
0.000000
0.053000
0.000000
0.104000
0.000000
0.000000
0.000000
0.000000
1.821000
0.000000
0.718000
0.000000
1.751000
0.000000
0.000000
1.141000
0.158000
4.178000
3.409000
3.694000
0.000000
0.000000
0.000000
0.000000
0.000000
0.000000
2.947000
2.089000
0.000000
1.143000
0.000000
0.000000
0.000000
0.000000
0.000000
0.000000
0.000000
0.000000
0.000000
1.271000
0.000000
0.000000
1.114000
2.534000
3.383000
0.829000
0.000000
0.822000
0.410000
0.000000
2.234000
0.107000
0.000000
1.919000
4.468000
0.000000
0.000000
0.000000
2.220000
1.927000
2.505000
0.000000
0.000000
0.300000
0.000000
1.463000
0.000000
0.146000
3.368000
3.109000
1.308000
2.717000
5.511000
0.000000
0.000000
0.000000
0.389000
2.692000
0.000000
0.000000
0.000000
0.000000
0.000000
0.608000
0.967000
0.181000
3.711000
0.000000
1.067000
0.000000
0.000000
0.000000
0.000000
3.593000
0.000000
0.000000
0.193000
0.000000
0.000000
0.000000
1.797000
2.300000
0.000000
0.000000
1.271000
2.848000
0.599000
1.068000
2.774000
1.994000
3.068000
3.019000
0.000000
0.568000
2.282000
0.000000
0.000000
1.260000
3.291000
1.901000
0.000000
0.000000
2.313000
0.000000
0.000000
4.205000
0.000000
0.916000
2.705000
3.310000
0.000000
0.000000
0.000000
0.000000
1.105000
0.000000
0.800000
0.890000
0.664000
1.410000
0.000000
3.239000
1.717000
0.000000
0.000000
0.000000
0.000000
0.000000
0.000000
0.000000
3.950000
0.000000
3.733000
0.748000
0.700000
2.393000
0.000000
0.000000
2.746000
0.000000
0.000000
0.000000
0.000000
0.810000
0.000000
0.000000
2.174000
0.423000
4.250000
0.000000
0.925000
0.000000
0.000000
0.000000
2.133000
0.000000
0.727000
0.000000
0.000000
0.237000
0.413000
0.000000
0.376000
0.029000
0.000000
0.000000
0.000000
3.057000
1.584000
0.584000
0.000000
2.725000
2.219000
1.417000
0.000000
0.000000
0.000000
2.059000
1.503000
0.000000
0.000000
0.000000
1.951000
0.000000
0.302000
0.000000
0.416000
2.004000
0.000000
3.674000
0.000000
0.000000
0.893000
0.000000
0.000000
4.042000
4.633000
2.948000
0.000000
0.000000
0.293000
1.620000
0.000000
0.756000
0.000000
1.934000
1.541000
0.000000
0.000000
0.000000
0.000000
6.027000
2.607000
0.000000
0.000000
0.000000
5.735000
0.000000
0.000000
3.152000
0.000000
4.780000
1.680000
0.000000
1.238000
0.000000
0.000000
5.988000
1.269000
0.000000
0.000000
0.000000
0.000000
0.000000
0.000000
0.016000
4.638000
0.000000
0.000000
0.074000
0.000000
0.000000
0.000000
0.608000
0.000000
0.761000
1.447000
1.158000
2.243000
2.246000
0.000000
0.383000
1.219000
1.308000
0.162000
7.471000
0.000000
0.000000
0.000000
4.941000
2.135000
0.707000
2.552000
0.812000
0.000000
0.000000
3.414000
0.000000
0.000000
0.635000
0.000000
1.093000
1.847000
3.576000
0.905000
0.616000
0.000000
3.685000
3.832000
0.000000
0.000000
1.447000
0.243000
0.000000
0.617000
0.000000
0.000000
1.322000
0.000000
2.059000
0.000000
1.146000
1.238000
0.000000
0.000000
0.000000
0.000000
3.501000
0.000000
0.000000
1.366000
0.000000
0.836000
0.000000
3.822000
0.000000
0.000000
2.200000
0.695000
0.000000
0.693000
4.704000
1.332000
0.000000
1.015000
0.000000
0.861000
2.542000
0.000000
0.000000
0.979000
0.000000
0.369000
0.798000
0.000000
3.766000
0.000000
0.000000
0.000000
0.000000
2.424000
0.000000
0.000000
1.139000
0.000000
0.000000
0.000000
0.787000
0.000000
0.000000
0.000000
0.541000
0.180000
0.586000
1.636000
0.000000
0.000000
0.000000
0.000000
1.139000
0.000000
0.000000
0.000000
1.321000
0.000000
1.601000
0.000000
1.885000
0.000000
0.485000
0.000000
4.037000
6.527000
0.068000
0.000000
0.605000
0.000000
0.000000
0.000000
1.952000
1.407000
0.000000
0.000000
0.635000
0.135000
0.000000
0.000000
3.438000
2.586000
0.000000
1.973000
0.000000
0.000000
0.000000
0.000000
0.000000
0.294000
0.000000
0.000000
4.126000
0.000000
0.000000
3.845000
0.000000
2.791000
0.000000
1.417000
0.000000
0.000000
0.000000
0.000000
1.150000
4.720000
2.373000
0.000000
2.077000
0.000000
0.000000
6.314000
0.000000
3.445000
1.342000
4.947000
2.172000
0.956000
5.240000
0.000000
0.000000
2.885000
0.788000
0.000000
6.512000
0.225000
3.665000
0.000000
0.294000
0.181000
0.975000
0.000000
0.075000
0.000000
0.000000
0.256000
0.138000
0.507000
1.471000
0.000000
0.422000
0.620000
0.000000
0.000000
3.027000
0.000000
0.000000
0.000000
1.848000
0.000000
0.664000
0.000000
1.030000
1.454000
5.761000
0.000000
0.957000
1.214000
0.000000
2.706000
0.000000
2.489000
4.560000
0.624000
0.000000
0.766000
0.000000
0.000000
0.000000
0.000000
0.000000
0.000000
2.565000
0.433000
0.000000
3.434000
0.000000
2.431000
1.822000
4.544000
3.897000
0.000000
0.000000
3.708000
4.697000
1.666000
2.843000
0.940000
5.089000
0.889000
0.000000
0.418000
0.199000
0.000000
1.307000
1.981000
0.159000
3.795000
0.000000
0.000000
5.378000
0.000000
0.000000
1.057000
0.000000
0.000000
1.515000
0.074000
0.000000
0.345000
0.502000
0.000000
0.000000
0.040000
0.048000
0.000000
0.580000
0.000000
0.000000
