13.928000
5.910000
14.470000
13.000000
9.858000
10.525000
10.893000
10.280000
11.173000
12.718000
12.557000
10.654000
6.912000
12.925000
4.011000
5.364000
10.984000
4.405000
11.525000
11.918000
6.613000
7.650000
7.419000
7.777000
4.021000
14.613000
8.490000
1.794000
9.296000
17.680000
5.856000
7.503000
13.334000
4.537000
12.391000
13.529000
9.267000
1.668000
6.378000
7.868000
6.133000
2.985000
1.323000
10.842000
13.353000
21.005000
7.404000
0.000000
3.930000
9.522000
9.300000
5.333000
11.001000
5.392000
2.405000
3.932000
7.094000
8.977000
3.131000
12.031000
4.373000
19.071000
11.460000
9.480000
13.872000
17.698000
5.979000
20.593000
13.886000
4.145000
7.354000
7.555000
2.780000
7.097000
9.429000
2.400000
14.517000
9.905000
18.936000
20.291000
5.748000
3.874000
9.844000
17.448000
3.864000
7.621000
12.283000
7.899000
14.392000
12.046000
3.424000
1.994000
8.973000
22.240000
3.704000
3.994000
17.413000
10.594000
12.530000
18.228000
12.210000
6.844000
16.500000
6.521000
10.864000
14.900000
6.273000
15.411000
11.010000
5.371000
12.860000
21.136000
10.629000
4.530000
9.236000
11.360000
11.450000
11.479000
10.332000
7.941000
12.885000
10.887000
6.284000
11.756000
15.549000
4.808000
7.491000
16.343000
5.447000
9.321000
13.456000
11.236000
10.538000
5.274000
4.741000
12.000000
2.329000
0.184000
5.402000
12.489000
10.830000
8.654000
13.198000
10.530000
1.119000
7.507000
20.367000
13.173000
10.511000
9.664000
6.246000
12.794000
10.414000
22.966000
17.214000
12.781000
8.974000
13.057000
10.804000
11.749000
12.279000
7.539000
20.614000
16.988000
10.625000
17.428000
12.443000
12.884000
10.089000
4.410000
0.000000
15.126000
13.895000
6.111000
6.988000
10.650000
11.145000
12.314000
11.487000
18.071000
10.245000
7.398000
11.853000
14.427000
19.996000
13.964000
0.237000
4.733000
7.362000
16.267000
8.567000
5.489000
10.207000
12.891000
15.460000
5.483000
15.863000
11.873000
12.138000
13.005000
12.784000
10.286000
17.232000
11.303000
6.121000
10.242000
10.619000
13.067000
12.379000
6.657000
8.954000
11.662000
8.741000
17.626000
8.343000
13.626000
12.316000
16.990000
15.168000
12.714000
11.874000
5.705000
7.845000
14.021000
18.689000
11.666000
13.359000
14.164000
11.129000
7.285000
11.723000
17.196000
7.022000
11.821000
9.096000
8.795000
11.957000
15.720000
10.603000
9.573000
11.320000
11.110000
11.318000
13.668000
17.801000
4.973000
10.770000
17.419000
11.691000
21.089000
8.423000
13.175000
11.417000
9.169000
16.396000
8.367000
6.368000
15.123000
19.338000
8.328000
10.484000
15.953000
4.378000
15.081000
15.782000
13.277000
9.856000
11.335000
10.747000
10.196000
6.432000
6.683000
9.060000
15.776000
12.254000
15.106000
10.670000
12.362000
11.318000
11.461000
19.149000
15.395000
12.700000
3.023000
12.256000
21.233000
6.521000
22.134000
4.567000
11.091000
9.157000
8.589000
13.280000
8.240000
11.467000
13.215000
10.614000
7.234000
8.558000
10.730000
14.956000
20.487000
11.139000
21.319000
9.947000
7.738000
16.578000
16.805000
9.181000
17.915000
8.767000
13.751000
12.317000
21.342000
13.493000
11.989000
14.138000
10.067000
11.192000
14.385000
8.675000
9.398000
15.024000
2.398000
12.705000
17.450000
7.298000
10.357000
14.058000
10.583000
11.101000
16.143000
17.832000
8.089000
6.962000
11.095000
13.092000
14.148000
4.898000
17.899000
16.772000
10.316000
7.538000
9.699000
10.793000
13.961000
18.471000
13.883000
10.842000
5.063000
8.204000
9.179000
15.818000
6.021000
12.244000
14.763000
5.220000
9.734000
10.466000
9.888000
14.659000
14.025000
8.963000
15.249000
15.945000
11.064000
15.861000
10.655000
15.048000
17.740000
9.256000
15.016000
13.238000
15.018000
10.880000
9.069000
15.455000
16.922000
12.596000
10.416000
11.947000
10.714000
13.495000
7.575000
6.464000
11.579000
14.161000
12.420000
5.856000
14.313000
9.451000
14.289000
13.031000
17.214000
14.000000
21.823000
12.550000
8.828000
13.763000
9.153000
10.788000
12.802000
14.176000
4.009000
14.566000
5.733000
12.584000
12.720000
12.451000
5.465000
13.128000
11.948000
9.050000
12.420000
10.412000
15.395000
17.173000
12.155000
17.003000
17.855000
16.279000
11.402000
17.634000
5.650000
11.152000
14.311000
10.124000
3.791000
21.540000
8.420000
12.716000
13.887000
11.503000
12.495000
8.558000
20.593000
8.253000
17.256000
12.862000
6.232000
13.284000
15.637000
15.675000
6.565000
8.002000
16.715000
11.348000
12.340000
1.013000
20.806000
7.436000
13.615000
14.381000
11.443000
16.121000
13.192000
16.520000
9.111000
11.678000
10.148000
10.394000
12.526000
17.046000
12.107000
16.315000
3.810000
6.064000
11.015000
10.774000
4.441000
8.562000
16.726000
12.011000
12.112000
11.576000
15.478000
10.461000
9.421000
7.035000
8.752000
7.510000
11.379000
6.199000
10.015000
10.563000
5.006000
18.045000
14.307000
5.924000
11.674000
10.340000
7.301000
9.152000
7.587000
9.375000
18.463000
13.936000
14.144000
18.833000
18.812000
14.426000
15.518000
15.259000
13.595000
9.039000
14.892000
7.058000
12.808000
19.637000
20.096000
11.177000
11.951000
12.460000
13.353000
15.151000
19.540000
7.323000
11.325000
6.855000
13.086000
10.886000
16.154000
8.149000
13.333000
6.181000
11.356000
12.663000
12.748000
11.493000
12.444000
2.760000
11.402000
10.712000
19.882000
12.678000
12.722000
19.081000
7.571000
11.181000
6.879000
17.337000
7.505000
10.374000
13.060000
15.583000
7.840000
13.831000
11.909000
9.153000
17.664000
7.620000
13.080000
12.909000
11.348000
7.971000
12.385000
14.368000
7.049000
13.224000
11.725000
15.300000
11.861000
9.754000
11.201000
8.339000
17.543000
10.176000
8.027000
14.741000
14.351000
10.015000
7.494000
16.492000
8.691000
13.854000
11.773000
14.317000
15.086000
12.940000
17.045000
10.229000
8.595000
12.784000
10.554000
12.769000
15.220000
9.215000
12.870000
11.031000
12.266000
16.188000
7.681000
10.745000
9.697000
8.240000
16.019000
16.890000
9.653000
15.178000
16.665000
11.211000
12.465000
11.743000
19.701000
14.612000
15.146000
17.403000
13.215000
14.019000
20.329000
14.755000
8.259000
6.966000
14.074000
13.681000
13.136000
7.550000
13.085000
20.157000
13.105000
16.713000
19.456000
18.719000
8.784000
12.907000
15.395000
9.078000
14.604000
17.455000
12.703000
10.554000
12.179000
11.677000
16.086000
9.604000
7.365000
8.033000
13.270000
15.490000
13.925000
8.282000
11.528000
17.545000
8.808000
5.210000
17.933000
18.316000
3.574000
14.116000
14.038000
9.236000
12.030000
13.620000
20.951000
19.327000
8.807000
9.392000
16.732000
10.669000
15.837000
15.851000
14.077000
13.157000
10.158000
7.083000
12.662000
14.277000
12.782000
13.548000
14.036000
11.239000
17.434000
6.516000
9.409000
13.631000
7.135000
8.117000
15.754000
12.698000
10.173000
6.790000
14.231000
9.513000
12.705000
17.264000
10.616000
1.721000
11.645000
13.611000
11.541000
12.877000
16.689000
12.308000
17.259000
13.257000
11.886000
14.286000
17.155000
10.284000
14.040000
18.849000
16.196000
12.777000
9.921000
7.800000
10.410000
12.291000
10.881000
14.063000
11.394000
19.698000
17.491000
14.328000
9.893000
13.639000
12.982000
11.743000
14.522000
6.159000
15.017000
12.963000
17.835000
9.730000
13.382000
6.437000
16.186000
6.826000
10.906000
12.065000
10.653000
16.696000
15.294000
6.749000
15.470000
16.855000
9.035000
9.788000
16.009000
13.874000
13.085000
13.465000
16.814000
6.854000
13.810000
16.912000
17.254000
17.087000
13.731000
11.191000
0.563000
8.140000
19.309000
15.366000
16.383000
11.401000
11.261000
17.535000
11.772000
6.776000
2.278000
10.023000
7.931000
13.461000
11.413000
13.485000
12.989000
18.535000
17.096000
13.659000
13.868000
13.632000
6.058000
16.280000
16.263000
12.021000
4.038000
13.156000
17.992000
6.254000
11.386000
8.181000
9.122000
14.803000
5.859000
12.424000
13.085000
5.470000
15.499000
17.561000
11.198000
16.917000
13.296000
9.026000
13.709000
14.042000
15.069000
11.060000
12.217000
11.963000
14.930000
12.923000
16.137000
10.601000
14.755000
9.328000
19.910000
6.234000
11.006000
6.012000
16.579000
16.864000
8.713000
14.993000
11.931000
11.010000
14.809000
13.709000
12.541000
11.774000
12.752000
7.685000
17.897000
10.606000
11.160000
6.874000
12.868000
13.918000
12.962000
13.663000
15.044000
6.887000
15.503000
13.466000
11.344000
17.373000
11.710000
8.348000
10.905000
18.689000
9.785000
9.870000
16.465000
8.405000
11.088000
12.000000
13.451000
16.241000
9.796000
5.453000
19.649000
12.890000
13.778000
9.421000
15.910000
12.898000
10.985000
11.740000
11.186000
7.521000
14.483000
15.276000
17.223000
11.781000
13.358000
21.589000
8.726000
12.555000
16.351000
6.489000
11.498000
10.375000
8.700000
18.964000
10.732000
11.502000
13.003000
18.945000
9.135000
16.166000
15.442000
10.477000
12.326000
14.545000
10.108000
6.531000
11.949000
17.650000
15.810000
19.523000
5.616000
11.725000
16.340000
10.958000
11.084000
9.123000
17.692000
4.734000
15.791000
7.949000
12.847000
11.873000
10.902000
12.721000
17.107000
10.460000
13.109000
18.510000
9.733000
10.711000
15.716000
13.267000
16.191000
10.727000
13.572000
0.743000
13.282000
3.039000
10.883000
14.626000
15.569000
10.474000
4.136000
10.247000
9.715000
11.965000
15.880000
13.287000
12.580000
13.317000
19.550000
16.673000
12.632000
10.759000
5.880000
11.952000
7.109000
14.104000
10.966000
13.762000
5.779000
15.460000
14.307000
14.738000
12.478000
11.740000
10.044000
9.180000
18.126000
16.083000
13.145000
18.909000
12.565000
23.989000
16.641000
11.114000
10.008000
13.381000
9.233000
11.579000
10.962000
16.014000
15.066000
7.232000
12.173000
10.998000
11.462000
14.583000
11.414000
9.852000
9.593000
7.781000
12.262000
8.899000
6.941000
7.488000
15.902000
14.928000
7.653000
20.736000
16.051000
12.829000
8.822000
13.707000
7.018000
17.105000
9.322000
20.436000
8.653000
16.448000
16.898000
5.591000
9.314000
7.425000
18.106000
7.055000
13.461000
10.797000
14.595000
17.259000
8.125000
14.803000
17.303000
8.507000
6.671000
12.320000
0.000000
12.806000
15.037000
2.517000
9.137000
7.451000
22.631000
11.208000
4.490000
12.240000
5.680000
8.654000
16.366000
4.288000
5.314000
3.885000
8.961000
7.466000
12.177000
4.199000
5.428000
6.780000
11.723000
15.459000
5.416000
5.546000
5.093000
10.289000
7.520000
10.937000
2.288000
11.531000
7.545000
9.607000
13.043000
4.364000
7.249000
6.188000
8.825000
8.573000
18.201000
5.902000
4.203000
6.932000
5.040000
8.124000
11.195000
2.505000
3.437000
6.890000
5.493000
4.274000
0.000000
18.708000
10.065000
7.401000
15.779000
2.232000
6.434000
17.764000
1.939000
11.629000
18.749000
6.862000
10.091000
2.332000
15.868000
6.953000
9.399000
11.052000
2.101000
22.421000
5.228000
19.082000
0.000000
6.690000
8.290000
8.163000
4.705000
5.791000
7.145000
0.000000
1.609000
1.755000
5.841000
9.594000
13.604000
5.584000
17.339000
0.000000
11.857000
9.980000
2.511000
1.338000
0.718000
0.993000
5.138000
8.823000
6.099000
7.898000
0.000000
3.354000
9.717000
10.981000
9.430000
4.361000
1.429000
18.843000
9.339000
0.913000
7.223000
7.650000
6.888000
0.000000
2.578000
0.000000
2.424000
0.000000
0.000000
6.797000
0.520000
8.401000
6.518000
3.689000
7.534000
15.632000
10.038000
2.797000
10.359000
6.600000
9.098000
6.178000
4.846000
18.154000
8.499000
11.420000
4.930000
16.583000
6.047000
15.503000
8.577000
18.982000
4.376000
12.694000
0.000000
3.683000
1.897000
2.829000
16.689000
15.126000
3.259000
8.190000
1.454000
12.447000
4.923000
0.947000
3.846000
2.416000
1.493000
13.318000
3.313000
4.410000
4.742000
13.647000
8.372000
11.237000
8.199000
4.534000
0.668000
18.548000
9.919000
21.768000
3.926000
7.146000
4.875000
11.464000
11.322000
3.100000
3.667000
5.481000
10.031000
0.000000
6.026000
7.825000
6.355000
1.103000
12.470000
2.928000
11.872000
10.467000
2.841000
0.982000
0.955000
6.160000
3.336000
6.746000
5.596000
15.025000
5.806000
16.490000
8.081000
6.839000
11.140000
5.208000
12.063000
2.642000
5.355000
5.748000
12.868000
7.723000
3.079000
0.448000
4.336000
1.947000
3.509000
12.154000
11.829000
12.139000
16.210000
13.894000
5.033000
3.952000
10.979000
6.526000
9.178000
3.985000
18.173000
13.662000
4.921000
10.667000
13.335000
16.103000
1.216000
5.055000
16.829000
2.229000
1.610000
9.633000
8.934000
4.589000
11.870000
9.429000
7.568000
1.828000
4.098000
11.310000
5.596000
14.657000
8.838000
7.972000
5.259000
15.100000
4.249000
1.928000
1.672000
9.888000
15.307000
6.188000
9.264000
16.527000
3.347000
0.000000
1.812000
5.596000
15.583000
11.746000
6.625000
9.230000
1.297000
10.239000
5.763000
4.547000
10.253000
5.770000
11.093000
21.757000
2.363000
12.754000
5.801000
7.408000
5.941000
4.997000
15.785000
7.798000
6.307000
0.805000
11.580000
4.270000
17.803000
11.473000
9.168000
12.624000
0.692000
1.729000
3.963000
10.593000
1.536000
1.419000
10.701000
6.134000
8.092000
2.727000
7.406000
8.097000
0.000000
6.578000
9.108000
8.798000
8.276000
5.532000
9.607000
4.399000
3.353000
3.505000
19.420000
6.051000
3.320000
3.399000
3.313000
1.740000
6.177000
0.446000
0.542000
5.281000
3.791000
0.000000
0.000000
9.497000
0.548000
6.185000
5.920000
4.356000
9.521000
2.627000
0.000000
1.353000
4.588000
2.215000
5.148000
1.356000
6.674000
19.446000
11.845000
7.752000
11.945000
6.571000
7.228000
7.778000
6.640000
5.875000
2.472000
8.625000
7.458000
6.514000
6.798000
4.807000
2.712000
6.295000
2.410000
2.729000
2.113000
1.911000
2.390000
1.515000
0.414000
3.486000
2.447000
9.064000
2.780000
5.534000
1.967000
3.326000
0.000000
12.495000
7.139000
4.841000
7.971000
3.709000
17.422000
9.164000
5.891000
5.813000
5.728000
10.781000
3.652000
1.179000
3.122000
5.776000
4.433000
0.000000
7.133000
0.000000
7.102000
5.664000
17.547000
2.294000
4.827000
5.925000
8.760000
10.396000
0.000000
9.167000
1.566000
24.233000
1.934000
3.130000
6.716000
3.847000
5.145000
3.497000
6.822000
2.713000
1.279000
0.000000
4.576000
3.307000
1.372000
1.038000
2.053000
4.777000
1.902000
7.180000
7.153000
5.363000
3.609000
4.486000
3.219000
26.585000
3.557000
0.000000
1.529000
1.736000
5.052000
12.360000
3.895000
6.760000
3.017000
6.552000
0.000000
5.197000
0.000000
8.854000
0.660000
3.983000
12.884000
2.663000
6.059000
5.931000
24.455000
3.315000
4.274000
1.579000
0.000000
1.423000
11.083000
1.735000
6.751000
0.744000
3.525000
19.836000
5.539000
4.637000
6.089000
0.973000
4.340000
4.898000
4.126000
1.930000
2.918000
1.985000
9.619000
16.445000
13.521000
2.700000
12.949000
4.908000
7.621000
21.908000
16.079000
14.805000
0.000000
3.014000
5.469000
6.199000
4.849000
7.237000
2.508000
5.891000
7.497000
16.943000
0.617000
3.930000
9.925000
8.606000
18.103000
0.000000
9.838000
3.961000
10.834000
15.866000
15.680000
9.268000
2.412000
9.727000
15.807000
4.118000
6.200000
3.889000
4.291000
9.327000
5.951000
4.073000
13.637000
7.496000
12.918000
2.593000
2.997000
4.123000
12.157000
4.080000
2.753000
5.597000
6.467000
10.327000
10.246000
1.376000
15.138000
12.949000
4.154000
5.792000
11.587000
9.692000
8.692000
3.508000
19.089000
10.857000
18.432000
26.263000
3.945000
6.632000
7.447000
5.833000
3.794000
15.631000
1.559000
8.375000
5.182000
4.762000
11.386000
2.024000
6.527000
10.069000
0.000000
3.369000
8.849000
4.634000
10.438000
6.733000
11.679000
6.247000
10.607000
2.901000
4.857000
0.000000
10.391000
19.156000
4.080000
9.928000
3.205000
7.281000
4.318000
10.242000
4.924000
1.949000
8.025000
5.210000
15.725000
7.845000
3.272000
11.010000
4.025000
17.258000
8.119000
12.056000
22.918000
2.112000
7.173000
4.286000
7.959000
12.906000
6.069000
5.348000
3.278000
16.114000
19.919000
16.570000
6.369000
2.443000
1.797000
6.758000
6.109000
2.463000
19.174000
5.877000
10.111000
3.847000
7.786000
10.879000
9.783000
2.758000
0.923000
14.035000
3.775000
0.054000
9.555000
5.724000
14.668000
5.405000
5.007000
4.134000
6.679000
13.639000
19.231000
11.318000
6.072000
18.493000
4.324000
5.521000
6.177000
15.801000
11.706000
8.832000
2.966000
3.038000
17.937000
22.613000
13.950000
9.066000
3.963000
0.228000
9.927000
11.154000
3.731000
5.957000
11.924000
4.172000
7.523000
8.384000
4.504000
8.695000
2.163000
5.922000
1.686000
8.264000
6.983000
10.176000
11.899000
9.225000
5.329000
12.057000
13.264000
19.205000
12.599000
6.942000
14.161000
8.915000
7.255000
14.863000
7.055000
14.143000
15.384000
15.208000
12.786000
1.866000
10.404000
10.440000
2.675000
2.657000
13.670000
10.674000
6.540000
6.978000
4.916000
7.677000
5.445000
1.181000
13.072000
10.383000
8.854000
4.250000
8.763000
14.300000
15.332000
12.417000
8.273000
7.420000
5.174000
14.699000
14.734000
4.883000
7.994000
14.294000
4.405000
9.645000
12.870000
5.703000
7.257000
12.171000
9.114000
11.527000
7.197000
10.810000
16.348000
6.877000
17.973000
10.546000
4.444000
15.192000
11.294000
10.718000
10.533000
5.300000
0.000000
13.712000
9.064000
8.451000
12.429000
6.612000
5.115000
4.395000
15.614000
4.789000
11.781000
13.602000
10.267000
4.506000
8.129000
12.588000
16.997000
12.769000
15.126000
6.461000
10.176000
7.558000
13.576000
14.692000
12.596000
8.656000
14.941000
10.536000
11.109000
15.449000
2.980000
12.328000
0.155000
21.251000
9.242000
9.980000
5.634000
14.400000
12.409000
4.771000
8.040000
11.263000
17.716000
13.144000
6.261000
7.247000
3.921000
2.974000
16.203000
12.440000
4.533000
2.627000
9.801000
4.477000
9.866000
11.094000
4.854000
9.744000
5.155000
7.227000
2.841000
9.846000
8.136000
11.693000
10.615000
16.260000
23.053000
5.783000
6.598000
15.430000
17.565000
17.144000
6.895000
9.860000
13.434000
9.760000
18.819000
12.464000
10.630000
3.634000
8.698000
4.352000
11.244000
12.487000
9.052000
15.145000
11.779000
10.987000
18.013000
24.408000
13.524000
19.963000
14.284000
8.032000
13.423000
14.626000
12.216000
9.674000
10.351000
4.749000
13.762000
11.545000
8.527000
12.743000
7.002000
4.034000
8.073000
12.052000
11.925000
4.933000
7.364000
16.931000
6.278000
3.280000
13.891000
12.291000
0.324000
20.516000
14.063000
8.470000
12.146000
14.698000
16.550000
16.197000
15.049000
19.086000
3.154000
7.513000
15.902000
18.459000
12.138000
13.469000
21.023000
10.149000
11.727000
21.363000
14.967000
9.827000
13.148000
21.152000
15.843000
9.357000
9.402000
18.026000
14.424000
9.119000
3.840000
8.965000
11.786000
9.352000
0.140000
15.073000
10.913000
15.350000
4.917000
10.763000
6.222000
12.851000
10.076000
11.159000
6.611000
11.700000
6.360000
9.685000
8.218000
11.958000
7.872000
15.106000
9.585000
12.223000
6.570000
15.411000
15.604000
18.687000
6.952000
11.251000
17.266000
13.303000
10.486000
10.124000
11.629000
14.875000
6.869000
12.115000
10.881000
8.173000
10.939000
11.626000
5.270000
14.998000
8.754000
17.805000
9.646000
14.270000
4.481000
2.573000
13.384000
10.188000
10.421000
16.243000
7.037000
6.053000
6.637000
14.930000
12.098000
4.167000
13.704000
16.889000
1.494000
8.266000
8.892000
11.520000
13.901000
14.542000
17.856000
6.373000
10.385000
5.027000
12.148000
17.045000
15.983000
3.488000
8.414000
6.338000
7.910000
8.373000
7.597000
6.458000
3.482000
12.955000
8.467000
7.115000
2.586000
7.211000
5.143000
2.133000
7.495000
3.788000
6.570000
8.923000
18.141000
7.701000
2.766000
8.952000
10.385000
7.004000
2.700000
7.072000
7.523000
17.792000
12.003000
9.091000
9.150000
7.028000
12.194000
6.604000
12.494000
7.563000
4.443000
11.759000
14.625000
18.771000
7.590000
2.490000
13.417000
4.117000
8.995000
15.636000
11.126000
17.084000
11.479000
8.849000
4.148000
7.480000
3.645000
16.725000
15.509000
10.848000
14.606000
9.907000
12.011000
6.033000
4.500000
8.806000
6.856000
8.850000
8.128000
17.735000
8.072000
6.418000
17.443000
18.680000
7.978000
5.810000
13.003000
9.279000
14.002000
7.612000
15.911000
6.087000
7.236000
1.708000
5.448000
3.784000
10.454000
11.982000
13.721000
4.674000
10.737000
9.885000
16.977000
7.329000
6.136000
15.035000
18.799000
8.541000
10.702000
13.353000
6.820000
12.717000
4.440000
9.492000
4.645000
18.584000
12.090000
5.012000
19.963000
8.639000
11.512000
9.021000
12.711000
17.108000
14.682000
19.151000
5.983000
8.748000
9.049000
7.544000
11.137000
14.014000
8.529000
13.733000
8.686000
11.375000
14.510000
14.666000
13.342000
5.628000
11.518000
16.820000
15.485000
3.168000
6.404000
9.852000
5.453000
4.657000
9.177000
11.806000
14.330000
6.488000
12.784000
5.666000
9.394000
9.711000
6.910000
9.088000
13.468000
6.590000
16.515000
8.227000
8.011000
2.371000
16.122000
7.379000
10.089000
14.147000
14.828000
3.440000
14.430000
14.471000
6.489000
14.406000
7.562000
8.047000
7.543000
18.080000
4.975000
9.557000
7.266000
2.469000
11.217000
8.357000
6.569000
8.296000
8.829000
9.462000
15.370000
6.412000
6.364000
6.516000
14.885000
8.592000
7.537000
12.185000
8.838000
12.678000
7.561000
3.888000
1.881000
2.488000
7.341000
9.020000
11.547000
8.288000
7.869000
10.078000
16.981000
18.324000
12.917000
11.776000
9.233000
7.469000
11.525000
9.315000
6.452000
7.740000
15.478000
7.610000
10.584000
13.774000
9.495000
9.907000
7.818000
11.099000
5.594000
2.035000
11.428000
15.728000
10.216000
11.164000
6.396000
8.927000
12.041000
7.129000
11.105000
15.214000
4.446000
21.619000
11.535000
9.256000
10.806000
9.697000
4.079000
6.803000
4.739000
16.726000
9.920000
11.342000
8.946000
9.440000
10.787000
11.563000
7.905000
9.385000
7.629000
6.530000
19.004000
14.405000
8.776000
10.357000
14.191000
5.809000
14.789000
12.220000
10.555000
6.901000
11.628000
14.313000
15.183000
12.501000
3.077000
6.213000
8.789000
14.953000
14.105000
4.893000
10.126000
7.727000
8.000000
12.328000
7.630000
8.964000
7.124000
5.146000
9.446000
17.360000
10.996000
6.663000
7.516000
9.867000
14.047000
8.831000
10.485000
13.938000
8.444000
11.265000
8.958000
10.275000
18.627000
14.090000
15.041000
10.516000
5.725000
13.840000
20.808000
6.950000
9.933000
7.868000
8.199000
11.708000
5.054000
14.446000
17.025000
10.921000
15.619000
8.592000
10.179000
19.341000
8.352000
6.922000
14.400000
12.421000
14.103000
13.396000
16.433000
7.490000
10.377000
13.422000
13.896000
21.148000
9.580000
9.881000
11.572000
12.706000
3.516000
11.357000
9.895000
11.401000
8.561000
8.123000
19.657000
12.522000
17.461000
9.209000
13.235000
9.184000
7.977000
7.137000
9.906000
10.103000
14.226000
19.001000
9.004000
15.136000
10.689000
11.549000
11.501000
9.189000
7.564000
19.498000
8.574000
7.955000
7.289000
12.083000
9.174000
8.259000
11.353000
2.124000
14.710000
9.190000
20.389000
11.929000
3.775000
16.947000
11.227000
17.678000
12.603000
9.840000
10.325000
11.889000
5.753000
11.153000
9.686000
7.880000
7.791000
9.124000
10.275000
11.943000
17.141000
15.729000
8.941000
6.531000
7.540000
9.287000
16.505000
16.272000
13.917000
7.125000
9.397000
13.384000
15.415000
13.227000
12.136000
10.652000
9.687000
8.482000
12.320000
16.609000
12.339000
9.614000
17.853000
11.877000
14.734000
14.994000
10.693000
8.697000
12.048000
16.798000
16.606000
17.067000
13.900000
8.862000
16.160000
13.793000
7.720000
13.044000
11.134000
4.739000
8.365000
12.988000
13.927000
14.772000
15.520000
22.870000
9.458000
8.443000
10.144000
13.657000
10.558000
9.533000
6.707000
17.685000
11.056000
15.646000
12.721000
11.961000
11.088000
13.636000
19.495000
12.212000
14.931000
17.611000
12.723000
9.067000
6.340000
12.053000
9.334000
15.785000
12.318000
16.900000
16.747000
19.940000
8.281000
11.959000
12.294000
13.959000
12.332000
12.612000
12.551000
11.549000
13.552000
9.282000
12.941000
16.448000
15.613000
7.831000
15.577000
22.109000
14.607000
12.218000
10.452000
15.267000
16.696000
12.298000
8.065000
10.441000
9.493000
14.127000
15.867000
20.072000
14.286000
6.232000
6.626000
13.199000
14.570000
4.523000
14.553000
5.985000
13.556000
13.153000
11.826000
7.202000
7.245000
9.924000
15.830000
6.386000
11.166000
13.551000
18.034000
12.689000
8.990000
8.959000
2.750000
11.943000
18.758000
15.146000
14.028000
10.176000
6.866000
12.936000
11.086000
9.280000
10.219000
11.689000
13.279000
21.082000
15.278000
16.489000
8.253000
12.390000
11.480000
13.852000
18.329000
9.801000
11.621000
21.863000
9.406000
12.328000
6.256000
15.987000
18.468000
2.575000
8.457000
16.563000
10.686000
12.569000
6.849000
6.931000
17.045000
15.532000
14.723000
9.072000
19.043000
16.297000
16.696000
13.983000
9.861000
15.419000
3.196000
3.829000
13.216000
6.914000
12.010000
11.856000
11.760000
8.871000
16.370000
15.134000
8.151000
12.343000
11.839000
14.146000
15.288000
15.725000
12.536000
8.128000
3.537000
9.783000
18.925000
15.205000
10.804000
7.246000
8.810000
21.473000
14.058000
11.542000
6.802000
12.379000
10.766000
13.238000
16.741000
5.316000
7.846000
13.583000
12.422000
13.083000
15.285000
7.730000
9.049000
9.992000
8.162000
9.228000
20.645000
8.454000
15.415000
15.193000
7.936000
9.594000
15.704000
13.786000
7.728000
14.973000
11.300000
9.869000
7.469000
6.381000
8.382000
15.377000
8.473000
4.751000
9.307000
8.605000
12.000000
12.110000
13.045000
16.892000
9.287000
8.021000
12.759000
8.800000
6.785000
11.404000
8.281000
5.180000
10.806000
8.558000
8.877000
10.664000
8.982000
16.150000
9.705000
12.314000
6.675000
13.466000
7.817000
9.181000
8.183000
1.799000
9.920000
4.452000
6.012000
7.551000
7.985000
18.367000
10.705000
12.244000
8.268000
10.616000
10.440000
13.635000
11.515000
4.697000
10.572000
7.837000
8.915000
14.329000
7.046000
16.534000
10.679000
10.835000
12.524000
21.474000
9.956000
9.788000
12.015000
7.829000
6.958000
7.809000
9.986000
10.727000
6.715000
12.255000
6.557000
7.430000
10.753000
5.522000
10.486000
10.516000
11.185000
9.843000
16.243000
9.973000
11.614000
8.174000
6.939000
5.672000
10.981000
7.935000
12.968000
10.553000
8.434000
7.682000
8.804000
11.860000
2.419000
9.074000
3.987000
12.227000
8.036000
4.624000
11.744000
10.275000
9.691000
9.442000
10.795000
8.033000
7.120000
8.510000
6.877000
6.084000
9.041000
8.988000
4.431000
5.835000
20.549000
11.406000
10.154000
7.420000
11.017000
13.052000
11.173000
8.283000
15.303000
6.219000
9.852000
10.699000
10.012000
5.222000
13.376000
4.038000
11.547000
5.639000
13.567000
9.069000
3.692000
7.418000
8.383000
21.452000
9.840000
10.323000
10.020000
10.211000
10.425000
13.491000
6.126000
7.845000
8.034000
7.151000
4.595000
11.170000
9.479000
14.512000
17.586000
14.864000
6.401000
8.797000
11.750000
17.723000
7.475000
10.312000
14.091000
6.358000
4.553000
9.457000
12.399000
10.760000
12.265000
5.608000
7.266000
8.858000
2.927000
10.487000
6.799000
13.456000
8.538000
10.634000
11.633000
12.793000
8.766000
10.704000
4.464000
7.217000
15.296000
19.125000
10.841000
10.079000
5.145000
8.091000
7.584000
6.355000
10.704000
9.171000
6.974000
11.001000
9.388000
3.821000
17.428000
10.742000
5.156000
9.671000
12.248000
6.498000
7.189000
14.480000
11.839000
10.233000
11.697000
10.293000
13.299000
8.741000
9.863000
14.554000
10.083000
10.554000
17.021000
9.042000
13.016000
6.069000
11.716000
7.240000
9.471000
8.283000
10.697000
24.643000
10.048000
19.629000
12.908000
3.992000
16.976000
11.142000
8.499000
8.465000
11.301000
19.090000
8.828000
13.483000
9.267000
7.192000
9.666000
6.801000
16.883000
10.949000
5.933000
10.064000
5.318000
10.914000
17.630000
15.218000
8.984000
6.227000
8.592000
9.680000
12.162000
9.015000
19.933000
13.010000
10.703000
9.355000
13.333000
11.732000
15.359000
14.659000
13.143000
18.401000
5.729000
7.870000
11.032000
8.654000
9.236000
3.072000
4.508000
8.452000
9.065000
11.299000
12.691000
12.649000
16.391000
9.473000
10.410000
4.675000
5.585000
16.635000
17.990000
9.260000
10.236000
8.666000
11.633000
16.412000
13.995000
11.660000
15.790000
7.431000
5.202000
8.648000
8.877000
16.186000
7.024000
14.691000
13.896000
11.286000
11.160000
12.172000
4.267000
11.838000
17.674000
11.828000
11.089000
4.164000
12.377000
11.045000
6.021000
8.986000
9.959000
11.520000
13.181000
6.683000
16.204000
12.936000
12.516000
13.526000
15.203000
9.724000
11.785000
18.404000
10.658000
14.488000
17.015000
13.029000
6.726000
13.313000
10.646000
10.091000
12.201000
10.338000
13.112000
9.248000
9.416000
10.449000
14.753000
5.859000
12.616000
3.547000
14.842000
11.952000
11.654000
15.110000
5.718000
12.919000
8.169000
7.715000
16.398000
9.200000
8.748000
13.949000
8.054000
13.357000
7.568000
15.102000
10.898000
13.725000
12.721000
7.495000
14.600000
13.932000
10.233000
7.935000
3.357000
14.508000
11.736000
12.890000
7.435000
11.174000
8.277000
10.266000
9.858000
8.954000
7.173000
10.852000
14.211000
9.496000
16.550000
13.973000
8.856000
3.692000
9.188000
8.098000
13.845000
10.550000
11.934000
14.366000
10.866000
4.816000
11.020000
12.059000
11.179000
6.414000
9.802000
6.576000
6.959000
11.727000
6.331000
10.101000
8.186000
7.999000
9.922000
6.950000
10.897000
10.428000
15.490000
9.965000
10.275000
9.054000
7.150000
6.882000
24.081000
8.385000
5.769000
7.809000
7.872000
9.402000
16.822000
19.991000
6.164000
11.731000
7.016000
8.775000
13.631000
4.669000
12.674000
8.633000
9.053000
5.955000
11.032000
12.862000
10.906000
7.255000
9.853000
6.105000
8.404000
16.111000
6.657000
4.280000
9.015000
15.622000
10.516000
12.005000
14.294000
11.177000
7.367000
11.582000
17.594000
12.310000
8.147000
11.071000
14.554000
15.328000
11.883000
10.763000
8.554000
7.091000
10.364000
5.893000
16.501000
15.812000
17.295000
10.463000
9.455000
13.044000
11.178000
9.249000
9.190000
18.347000
9.387000
6.552000
9.930000
6.818000
9.034000
7.286000
10.239000
15.124000
20.951000
9.762000
14.980000
10.677000
10.245000
10.717000
6.673000
10.378000
10.031000
8.778000
11.658000
14.320000
14.363000
13.198000
5.066000
12.864000
7.114000
15.073000
11.861000
13.699000
20.405000
10.738000
13.711000
10.950000
9.388000
19.238000
10.663000
9.869000
8.544000
12.141000
12.073000
4.272000
7.519000
3.576000
17.838000
9.710000
7.655000
9.208000
8.438000
8.929000
8.531000
7.914000
11.367000
10.610000
7.811000
5.329000
9.781000
9.897000
8.930000
5.183000
4.377000
9.431000
7.155000
12.700000
9.382000
6.940000
19.761000
10.594000
5.792000
6.262000
10.968000
10.641000
11.393000
8.918000
6.996000
9.138000
15.492000
19.458000
7.744000
15.742000
13.698000
9.306000
7.034000
8.207000
10.313000
2.436000
14.201000
11.918000
16.941000
10.325000
3.866000
7.658000
10.048000
3.118000
12.891000
0.000000
7.464000
10.059000
7.286000
8.935000
4.995000
2.483000
7.859000
11.253000
7.014000
19.426000
13.026000
8.566000
18.549000
5.238000
6.593000
13.598000
5.606000
7.932000
15.831000
14.944000
0.264000
5.843000
22.061000
6.642000
1.726000
14.387000
12.903000
9.124000
6.306000
10.876000
11.836000
9.934000
16.361000
12.077000
9.156000
8.561000
12.843000
6.928000
8.937000
12.838000
9.865000
7.648000
13.469000
1.328000
3.718000
8.041000
9.581000
17.594000
12.690000
10.308000
11.783000
6.230000
8.474000
13.302000
14.880000
22.504000
5.794000
12.596000
10.463000
1.313000
7.797000
13.412000
12.723000
0.000000
13.118000
7.178000
11.211000
4.410000
15.355000
9.133000
7.019000
10.889000
20.327000
21.402000
8.243000
6.945000
8.537000
4.687000
14.236000
8.862000
17.913000
11.511000
5.495000
15.420000
20.761000
5.477000
14.111000
9.861000
5.925000
6.758000
4.563000
4.121000
6.843000
14.808000
9.183000
3.842000
17.890000
7.848000
12.209000
4.731000
6.835000
1.772000
4.091000
1.007000
5.305000
12.477000
2.683000
0.000000
9.419000
3.517000
19.047000
4.372000
2.258000
13.494000
15.036000
11.205000
10.515000
14.134000
3.092000
4.319000
13.439000
24.219000
11.463000
18.895000
7.306000
5.934000
11.552000
5.604000
1.044000
6.920000
3.841000
9.122000
18.099000
2.683000
1.849000
13.351000
9.011000
1.717000
15.152000
11.361000
3.521000
0.000000
13.907000
12.855000
17.682000
0.283000
5.300000
7.142000
10.914000
13.970000
3.062000
5.727000
13.180000
10.449000
13.956000
10.541000
14.060000
7.929000
10.349000
9.178000
3.872000
11.746000
12.104000
7.483000
0.456000
9.384000
10.729000
11.359000
16.337000
8.271000
14.855000
13.047000
11.850000
0.000000
11.905000
0.000000
7.064000
9.339000
6.370000
11.411000
11.374000
10.850000
15.606000
6.491000
9.777000
11.341000
9.098000
15.266000
12.227000
11.673000
8.622000
9.361000
2.342000
12.245000
7.717000
8.776000
11.429000
13.595000
7.394000
10.115000
17.545000
13.484000
4.190000
7.565000
9.882000
8.768000
8.329000
8.840000
12.036000
11.085000
9.761000
8.806000
4.062000
14.287000
7.999000
8.687000
11.335000
14.765000
10.109000
5.518000
8.939000
4.472000
6.550000
7.793000
2.549000
6.780000
10.729000
8.083000
9.118000
7.366000
13.624000
13.280000
4.940000
5.263000
10.020000
11.150000
12.232000
8.631000
16.828000
5.751000
11.809000
10.854000
4.297000
12.410000
6.937000
10.724000
19.132000
3.795000
2.394000
9.127000
5.625000
8.235000
18.845000
6.105000
16.415000
12.973000
11.046000
9.875000
11.842000
8.037000
10.442000
7.521000
9.442000
12.658000
10.839000
8.434000
13.529000
13.549000
9.508000
5.210000
10.044000
12.308000
12.757000
11.892000
7.588000
13.561000
3.735000
15.022000
11.779000
11.932000
8.670000
12.515000
10.374000
10.868000
13.033000
10.127000
11.295000
12.409000
11.341000
6.401000
4.491000
12.234000
8.960000
11.178000
9.883000
12.048000
10.809000
6.846000
8.682000
13.304000
12.835000
10.190000
4.707000
10.638000
9.845000
8.479000
6.981000
13.398000
4.005000
11.976000
13.087000
4.331000
9.571000
14.085000
14.638000
10.644000
11.484000
17.422000
8.780000
10.492000
9.983000
12.874000
6.043000
5.145000
3.377000
9.876000
16.876000
2.476000
8.855000
6.552000
8.297000
10.955000
14.957000
11.941000
13.545000
11.587000
9.031000
23.099000
10.771000
22.346000
12.259000
10.778000
18.373000
10.526000
11.264000
11.748000
14.948000
8.435000
14.578000
11.161000
10.727000
2.020000
11.374000
11.425000
12.377000
15.761000
7.403000
9.873000
19.910000
12.211000
16.100000
12.308000
10.517000
8.271000
13.099000
11.401000
11.913000
10.531000
6.158000
8.675000
12.957000
9.809000
4.971000
6.501000
5.375000
8.173000
14.162000
12.306000
8.604000
8.888000
8.699000
8.293000
14.736000
16.372000
7.873000
4.165000
12.389000
16.148000
8.957000
7.486000
10.785000
9.953000
11.414000
11.221000
9.324000
8.601000
13.233000
7.734000
15.826000
15.006000
9.081000
9.495000
17.341000
8.537000
16.278000
15.005000
1.113000
2.742000
4.158000
0.000000
14.058000
13.434000
13.297000
11.224000
10.720000
14.019000
16.539000
13.273000
8.627000
12.309000
13.737000
8.248000
11.211000
16.566000
11.319000
11.298000
9.456000
8.881000
7.676000
22.463000
6.691000
8.279000
12.030000
21.346000
8.952000
13.238000
21.372000
10.235000
10.583000
7.857000
19.414000
6.823000
5.576000
17.404000
16.262000
5.961000
10.973000
13.702000
12.020000
5.233000
15.329000
12.539000
10.546000
7.172000
13.732000
9.623000
12.040000
15.960000
10.191000
8.228000
13.912000
10.146000
10.772000
12.523000
11.898000
18.657000
13.666000
14.641000
12.579000
12.089000
3.454000
8.031000
8.478000
12.066000
11.034000
5.098000
6.505000
7.926000
12.521000
9.226000
9.466000
10.164000
11.323000
13.474000
10.755000
13.315000
9.860000
12.786000
6.899000
10.422000
9.469000
9.591000
13.630000
16.350000
16.794000
12.379000
4.667000
11.707000
7.150000
5.986000
7.975000
12.299000
7.478000
8.704000
2.089000
7.580000
9.427000
13.114000
16.759000
10.945000
11.062000
15.809000
9.613000
11.643000
9.202000
9.976000
19.665000
11.954000
15.536000
6.004000
6.776000
10.207000
10.856000
7.920000
14.343000
6.047000
13.000000
10.183000
17.969000
13.010000
12.974000
12.769000
7.233000
20.170000
14.065000
10.330000
11.029000
14.264000
7.825000
11.214000
15.273000
4.976000
17.175000
9.750000
14.591000
10.966000
14.330000
16.083000
14.016000
13.496000
14.588000
16.212000
14.727000
10.967000
13.254000
7.761000
6.871000
16.025000
6.963000
15.778000
13.665000
7.533000
14.498000
16.448000
21.284000
14.790000
7.288000
10.713000
19.126000
6.920000
13.290000
0.000000
15.426000
9.914000
12.194000
15.223000
17.165000
8.815000
18.091000
13.289000
9.738000
13.311000
4.185000
16.014000
4.755000
16.872000
10.433000
9.132000
13.597000
12.986000
10.678000
12.125000
4.329000
8.729000
10.812000
8.546000
10.181000
7.518000
9.829000
13.008000
14.367000
13.693000
5.041000
12.947000
12.321000
14.932000
11.451000
15.195000
11.649000
12.644000
9.115000
11.228000
11.529000
13.010000
12.909000
13.244000
13.949000
12.335000
12.819000
10.531000
11.985000
17.781000
8.758000
16.191000
17.036000
14.836000
4.373000
9.326000
15.816000
12.571000
12.643000
12.624000
12.448000
9.470000
11.302000
14.276000
7.587000
3.227000
8.265000
13.197000
17.625000
20.110000
15.826000
13.848000
14.361000
14.651000
15.038000
8.313000
9.650000
9.792000
17.426000
14.141000
16.915000
12.736000
15.191000
6.796000
13.213000
12.413000
10.923000
13.718000
9.375000
5.438000
15.170000
5.216000
10.121000
9.041000
4.866000
21.630000
10.401000
6.985000
13.769000
15.255000
10.214000
15.756000
13.309000
13.176000
5.821000
14.011000
10.401000
14.334000
13.311000
9.963000
17.402000
12.423000
13.109000
12.734000
10.760000
20.256000
13.096000
11.070000
15.501000
8.060000
2.972000
7.063000
11.414000
11.512000
2.290000
3.842000
20.548000
12.673000
8.935000
0.000000
9.159000
17.405000
19.318000
11.209000
7.429000
9.781000
13.949000
18.180000
12.183000
15.880000
6.107000
10.934000
18.234000
12.396000
11.680000
18.736000
12.911000
12.485000
8.847000
10.269000
7.683000
10.754000
17.844000
7.435000
6.915000
12.453000
11.929000
10.462000
0.933000
5.375000
12.832000
13.790000
14.683000
18.815000
11.407000
16.023000
7.817000
9.196000
2.126000
10.445000
5.289000
1.577000
8.954000
19.026000
15.112000
6.919000
1.600000
15.623000
13.990000
11.966000
17.680000
4.053000
7.130000
14.710000
11.264000
18.922000
8.039000
14.449000
13.776000
6.029000
11.761000
13.537000
20.010000
5.437000
12.687000
5.956000
2.843000
16.689000
5.557000
12.018000
24.436000
4.749000
18.243000
4.401000
10.645000
4.928000
0.000000
15.095000
10.511000
4.082000
12.093000
2.987000
2.904000
2.681000
3.382000
6.706000
12.558000
5.124000
18.555000
18.077000
0.459000
0.000000
15.032000
2.331000
7.967000
4.802000
16.949000
25.800000
4.129000
11.707000
17.117000
4.713000
19.163000
11.330000
3.391000
3.747000
3.211000
6.460000
3.588000
1.374000
14.473000
15.131000
9.136000
12.180000
2.955000
7.431000
14.090000
3.924000
10.239000
12.779000
7.161000
9.387000
11.566000
6.550000
6.545000
3.902000
14.417000
2.460000
13.490000
18.165000
1.858000
15.304000
13.861000
19.647000
20.034000
20.634000
3.995000
11.756000
9.684000
15.107000
16.289000
14.927000
8.065000
17.840000
17.494000
0.000000
12.045000
3.408000
19.390000
1.085000
16.275000
11.426000
6.589000
15.115000
6.076000
13.272000
3.967000
6.154000
10.889000
16.964000
16.623000
13.371000
11.753000
11.237000
3.629000
3.841000
14.751000
13.480000
16.038000
12.882000
14.722000
1.720000
2.299000
5.863000
9.537000
12.318000
6.366000
15.282000
3.551000
11.891000
2.309000
15.092000
13.963000
13.102000
7.853000
19.705000
12.725000
16.651000
5.113000
3.288000
22.500000
12.011000
17.126000
5.140000
14.612000
17.165000
13.373000
11.563000
11.127000
8.682000
10.460000
11.804000
10.033000
11.827000
12.799000
4.699000
11.265000
13.320000
12.208000
11.720000
6.196000
21.381000
16.853000
2.514000
8.643000
12.348000
21.271000
13.017000
5.279000
14.465000
16.078000
6.120000
15.070000
15.057000
19.489000
12.489000
16.566000
5.589000
9.383000
5.256000
14.275000
12.332000
18.906000
7.581000
10.509000
10.487000
8.608000
4.016000
4.879000
8.783000
11.665000
14.982000
11.322000
16.138000
0.000000
19.896000
13.596000
19.518000
9.663000
12.839000
10.768000
10.985000
21.329000
16.173000
18.098000
18.678000
22.147000
11.398000
14.414000
13.995000
0.000000
16.013000
18.257000
5.144000
12.651000
3.452000
4.517000
14.137000
14.767000
16.780000
11.890000
16.731000
18.411000
19.795000
9.344000
8.062000
14.305000
8.496000
8.317000
3.492000
6.168000
14.626000
12.034000
14.584000
18.053000
17.132000
13.426000
13.783000
19.083000
0.523000
11.120000
14.781000
12.343000
10.095000
15.957000
10.100000
17.066000
14.503000
6.219000
15.301000
26.691000
8.686000
19.917000
20.094000
4.105000
12.377000
10.701000
16.535000
6.814000
18.725000
10.188000
15.110000
7.936000
11.622000
9.483000
9.599000
10.395000
12.926000
13.482000
15.267000
15.967000
14.471000
15.115000
12.962000
0.056000
12.853000
12.707000
3.016000
5.607000
6.941000
15.614000
10.107000
7.065000
1.438000
16.092000
5.512000
4.066000
2.304000
14.522000
18.459000
13.545000
15.365000
9.207000
8.273000
15.175000
15.022000
12.711000
17.191000
16.387000
19.292000
10.133000
12.112000
12.232000
13.815000
5.009000
12.095000
19.435000
13.197000
9.683000
15.678000
12.090000
15.993000
1.117000
10.377000
21.038000
8.068000
11.347000
8.366000
15.141000
12.624000
7.097000
13.858000
12.164000
17.472000
18.868000
15.119000
8.332000
9.843000
10.866000
14.330000
15.645000
12.392000
11.688000
20.173000
16.321000
16.030000
13.275000
14.037000
17.862000
19.591000
19.956000
17.084000
14.153000
6.845000
9.719000
14.997000
5.829000
12.444000
15.826000
9.005000
9.343000
14.656000
14.196000
10.406000
15.088000
9.393000
15.067000
15.891000
11.448000
13.342000
4.921000
15.289000
13.579000
11.796000
23.394000
15.857000
14.974000
13.379000
15.202000
12.404000
18.189000
16.934000
10.527000
10.941000
12.169000
17.433000
13.603000
8.879000
11.863000
17.759000
15.914000
13.186000
19.971000
17.100000
9.537000
14.267000
15.477000
10.616000
6.269000
14.264000
16.286000
9.162000
12.489000
12.901000
16.238000
15.675000
14.486000
18.459000
16.092000
6.547000
13.097000
7.767000
10.296000
11.671000
14.205000
0.411000
7.921000
14.165000
10.359000
20.011000
17.469000
20.757000
8.565000
17.751000
14.049000
7.766000
16.238000
16.484000
7.165000
13.175000
9.394000
6.356000
5.922000
13.899000
9.463000
10.490000
9.570000
11.340000
13.224000
14.170000
12.763000
20.635000
10.632000
23.274000
18.081000
4.797000
10.727000
10.390000
5.517000
6.152000
6.902000
11.849000
10.000000
8.028000
8.104000
10.976000
16.747000
8.812000
16.339000
10.831000
12.864000
23.106000
8.998000
8.086000
14.907000
18.140000
7.695000
8.428000
6.271000
24.634000
14.030000
15.322000
8.065000
6.265000
10.027000
7.236000
14.549000
11.623000
6.981000
11.551000
5.356000
18.267000
6.332000
11.690000
11.150000
7.829000
6.732000
2.373000
17.995000
17.282000
15.047000
8.965000
3.806000
5.678000
17.742000
12.092000
9.306000
12.041000
15.961000
16.277000
7.364000
13.804000
17.927000
12.346000
9.128000
7.919000
10.060000
15.065000
19.210000
13.716000
8.953000
8.899000
16.212000
17.660000
16.714000
22.732000
13.654000
13.999000
16.948000
17.398000
6.960000
11.625000
8.389000
11.563000
16.617000
10.437000
10.402000
10.878000
12.784000
7.822000
12.502000
15.311000
15.076000
8.719000
7.705000
18.496000
9.173000
10.176000
16.348000
19.983000
14.877000
6.255000
19.881000
10.354000
8.584000
6.618000
10.225000
9.442000
24.504000
5.502000
9.851000
9.616000
13.731000
10.941000
3.730000
9.862000
16.263000
12.216000
4.933000
14.543000
13.354000
17.420000
4.861000
15.436000
16.105000
12.200000
14.132000
11.158000
11.055000
13.223000
7.888000
12.434000
13.788000
4.123000
18.112000
7.934000
16.533000
14.347000
12.876000
12.104000
12.444000
9.064000
11.512000
8.738000
9.639000
11.263000
12.518000
16.783000
14.162000
18.701000
7.639000
17.368000
6.998000
0.000000
19.236000
8.872000
15.620000
8.039000
7.559000
12.288000
14.027000
10.615000
12.841000
9.749000
12.721000
11.713000
11.120000
14.077000
14.871000
20.633000
17.009000
21.524000
8.372000
7.503000
5.244000
4.990000
12.904000
9.512000
5.773000
12.811000
6.254000
13.352000
13.102000
14.055000
8.082000
10.498000
11.662000
1.823000
11.453000
3.308000
8.527000
7.594000
14.261000
20.715000
11.369000
6.941000
11.333000
4.448000
5.039000
14.180000
12.134000
5.278000
0.000000
8.329000
13.836000
12.136000
10.157000
8.681000
11.344000
5.721000
15.259000
4.011000
15.003000
7.697000
7.531000
8.263000
10.297000
5.047000
8.556000
8.467000
8.652000
12.142000
8.077000
9.433000
9.347000
11.857000
7.332000
10.411000
12.321000
7.833000
9.175000
7.991000
11.705000
10.104000
1.793000
12.869000
13.243000
1.697000
5.391000
4.426000
3.956000
11.831000
5.273000
8.754000
7.713000
5.762000
7.549000
13.620000
14.330000
1.660000
8.686000
9.164000
12.271000
10.988000
2.017000
9.588000
5.110000
10.135000
10.392000
4.790000
8.944000
5.420000
4.245000
9.178000
10.563000
4.811000
3.553000
8.032000
11.940000
12.471000
5.977000
5.110000
4.398000
4.370000
2.448000
7.361000
4.991000
9.669000
17.406000
6.829000
1.607000
13.813000
11.026000
11.350000
6.079000
2.964000
13.593000
6.964000
5.657000
5.412000
8.121000
5.040000
13.474000
8.817000
8.233000
5.428000
11.475000
11.146000
4.585000
12.806000
10.071000
6.453000
13.379000
0.574000
5.356000
10.239000
6.135000
5.006000
11.234000
4.925000
7.167000
8.353000
10.361000
9.799000
13.865000
4.910000
6.226000
13.488000
3.955000
11.568000
5.590000
16.528000
5.913000
5.252000
11.727000
4.306000
8.663000
11.212000
5.442000
1.888000
4.449000
7.518000
14.941000
2.029000
12.937000
5.415000
8.909000
5.803000
18.774000
4.678000
8.314000
17.719000
14.204000
7.496000
11.032000
4.368000
4.674000
2.211000
4.702000
16.558000
6.496000
9.707000
3.623000
1.401000
2.621000
12.153000
17.167000
16.915000
6.257000
11.173000
17.316000
7.791000
3.963000
17.153000
6.569000
4.237000
12.042000
12.592000
6.815000
6.880000
9.985000
1.528000
6.598000
3.842000
10.438000
15.836000
14.749000
18.505000
7.370000
5.979000
8.399000
16.456000
10.113000
14.673000
16.728000
19.062000
8.786000
4.541000
10.792000
15.917000
10.954000
5.253000
7.363000
11.592000
10.535000
15.456000
3.868000
8.811000
17.660000
8.745000
14.443000
7.070000
7.960000
11.925000
3.959000
15.564000
12.302000
0.929000
7.318000
10.600000
21.022000
7.748000
14.936000
17.685000
5.219000
12.436000
7.003000
8.176000
10.075000
10.331000
8.707000
14.606000
6.143000
15.857000
13.951000
7.020000
5.991000
16.988000
4.928000
14.162000
13.710000
8.616000
7.981000
16.348000
11.579000
16.498000
9.852000
10.250000
12.292000
8.134000
8.685000
4.190000
4.167000
7.205000
7.568000
12.832000
4.853000
17.738000
16.831000
13.737000
9.439000
4.827000
9.373000
7.579000
12.314000
15.782000
11.721000
11.034000
10.582000
15.534000
15.078000
7.075000
9.040000
7.665000
8.340000
19.279000
14.064000
5.363000
6.683000
18.203000
13.767000
12.586000
5.210000
18.643000
13.454000
20.817000
22.649000
14.292000
8.104000
14.864000
12.177000
11.088000
15.057000
9.025000
6.822000
1.672000
8.401000
10.303000
7.911000
14.978000
11.731000
18.180000
8.372000
13.452000
13.858000
6.144000
7.900000
19.717000
8.863000
15.915000
8.701000
7.679000
16.305000
4.025000
13.125000
17.190000
13.240000
8.563000
17.145000
10.104000
20.634000
6.433000
8.733000
7.867000
12.996000
9.685000
9.699000
10.973000
6.785000
5.102000
15.176000
5.319000
9.884000
14.681000
2.586000
14.572000
10.846000
17.860000
10.012000
4.404000
13.135000
18.787000
10.807000
17.775000
14.392000
8.520000
9.876000
11.359000
11.943000
14.571000
15.296000
5.244000
18.023000
5.615000
14.036000
12.728000
10.908000
8.703000
9.797000
9.922000
7.507000
7.690000
17.308000
3.764000
15.335000
7.000000
9.666000
10.813000
7.761000
6.676000
8.356000
18.023000
8.491000
6.113000
8.146000
12.346000
6.348000
16.969000
9.506000
2.081000
4.056000
7.406000
13.091000
7.283000
9.824000
8.660000
10.895000
16.562000
12.043000
13.298000
2.744000
2.771000
15.384000
9.743000
6.731000
10.737000
2.000000
13.537000
14.421000
7.124000
16.948000
9.431000
12.315000
6.719000
12.512000
10.153000
12.113000
14.645000
14.310000
7.398000
5.621000
6.258000
7.287000
12.656000
10.175000
5.091000
4.349000
11.232000
9.904000
14.496000
11.942000
10.228000
12.609000
12.447000
14.375000
11.660000
14.080000
3.109000
15.396000
8.379000
12.855000
16.826000
2.728000
6.000000
11.462000
15.841000
10.020000
14.589000
8.858000
5.816000
5.625000
8.752000
9.527000
15.682000
10.726000
11.034000
7.247000
13.380000
10.216000
7.283000
10.563000
9.377000
9.605000
12.866000
10.035000
10.664000
13.044000
16.515000
5.394000
7.875000
4.800000
11.572000
7.314000
9.947000
17.952000
11.664000
12.346000
9.863000
19.029000
7.950000
13.169000
16.359000
13.906000
11.684000
7.731000
7.933000
16.226000
7.920000
7.336000
10.268000
8.666000
13.043000
12.631000
12.981000
10.465000
9.741000
18.716000
13.189000
17.131000
8.764000
14.332000
19.788000
14.874000
20.124000
0.816000
2.891000
8.318000
8.681000
8.295000
6.253000
13.628000
9.692000
11.627000
17.527000
12.777000
4.015000
7.968000
12.189000
8.372000
0.000000
6.009000
16.075000
9.894000
5.036000
9.539000
8.624000
14.893000
7.431000
7.098000
17.164000
2.854000
7.281000
8.352000
6.650000
4.358000
16.186000
7.681000
9.054000
9.966000
18.650000
4.775000
9.723000
12.921000
9.338000
12.147000
3.391000
20.033000
14.656000
16.822000
7.618000
9.992000
13.566000
10.694000
17.834000
13.218000
10.693000
10.049000
11.693000
12.596000
11.264000
11.897000
10.130000
8.936000
11.932000
13.107000
7.257000
10.760000
2.493000
9.343000
10.252000
13.952000
17.049000
7.809000
11.190000
11.363000
4.952000
7.937000
10.266000
7.238000
4.640000
15.878000
8.346000
13.018000
8.760000
11.561000
5.357000
18.194000
1.340000
11.644000
6.499000
9.672000
4.337000
6.228000
8.388000
10.654000
17.920000
11.030000
7.719000
13.170000
14.892000
14.257000
14.545000
19.907000
12.076000
11.533000
10.632000
5.478000
15.409000
14.300000
14.179000
15.946000
2.419000
8.282000
8.901000
10.423000
12.536000
8.490000
10.558000
18.827000
5.488000
8.045000
14.860000
12.722000
5.050000
15.585000
11.220000
7.888000
8.965000
9.090000
5.587000
6.752000
14.592000
7.419000
10.350000
17.511000
4.902000
4.720000
7.616000
5.939000
12.518000
8.048000
8.056000
1.331000
8.027000
5.674000
16.765000
18.314000
5.197000
1.475000
9.040000
3.556000
2.193000
8.878000
10.399000
13.226000
11.238000
5.237000
12.991000
3.953000
7.401000
7.358000
14.290000
5.270000
3.977000
0.729000
9.579000
10.226000
16.884000
13.574000
1.595000
9.349000
11.477000
2.292000
14.220000
10.214000
4.908000
4.726000
10.022000
4.871000
15.181000
3.820000
17.915000
7.489000
9.022000
8.862000
13.224000
11.647000
12.562000
2.397000
11.915000
8.736000
5.802000
3.514000
15.337000
15.521000
1.225000
12.881000
2.308000
9.485000
0.884000
5.278000
7.131000
6.506000
7.946000
16.746000
15.022000
12.825000
5.197000
8.326000
4.482000
7.490000
12.128000
19.116000
8.033000
3.235000
11.035000
6.119000
8.139000
5.626000
2.101000
11.793000
9.413000
1.010000
15.454000
20.166000
17.399000
16.198000
4.990000
13.561000
9.039000
5.228000
1.799000
11.438000
7.225000
3.563000
7.299000
5.274000
3.493000
13.913000
12.532000
15.911000
10.101000
7.733000
9.665000
14.293000
13.616000
12.563000
14.886000
12.678000
2.943000
9.733000
5.772000
11.231000
12.964000
4.945000
11.481000
3.616000
11.329000
3.539000
8.706000
11.186000
10.272000
11.687000
6.949000
17.356000
10.510000
12.100000
8.846000
15.076000
8.890000
5.519000
9.900000
10.823000
3.970000
9.288000
11.263000
5.430000
6.104000
2.874000
12.629000
11.171000
11.674000
10.552000
6.089000
12.126000
3.257000
4.010000
11.844000
4.845000
7.972000
13.049000
5.464000
9.687000
12.003000
10.647000
11.682000
12.258000
7.120000
7.778000
9.966000
12.678000
11.161000
6.139000
12.911000
16.839000
19.526000
1.369000
12.147000
18.747000
7.224000
8.635000
8.613000
16.703000
8.458000
7.432000
21.646000
12.550000
4.545000
21.102000
9.231000
2.403000
19.136000
7.449000
16.679000
12.054000
10.439000
12.620000
7.534000
11.792000
7.522000
7.713000
14.201000
20.298000
19.845000
7.481000
4.715000
9.369000
11.897000
4.426000
12.813000
10.216000
5.551000
9.499000
11.574000
21.701000
13.302000
1.651000
11.682000
9.900000
11.435000
15.139000
9.885000
4.198000
10.066000
15.323000
20.723000
21.880000
10.669000
16.766000
13.918000
5.648000
8.680000
6.798000
22.112000
5.054000
10.314000
13.214000
15.700000
6.492000
4.655000
7.793000
21.128000
7.388000
3.212000
11.274000
9.384000
9.588000
14.265000
1.794000
17.413000
7.024000
14.900000
9.549000
14.025000
9.966000
7.056000
12.398000
14.221000
14.778000
13.680000
9.464000
14.592000
10.236000
6.380000
12.446000
19.657000
4.243000
23.163000
7.745000
5.122000
6.077000
12.388000
7.396000
16.147000
11.098000
12.124000
15.855000
10.877000
3.596000
7.123000
21.568000
13.566000
15.124000
11.866000
8.532000
9.041000
13.495000
22.455000
11.023000
9.836000
6.691000
10.444000
10.515000
7.416000
9.938000
20.006000
6.515000
1.633000
4.481000
8.699000
12.330000
8.468000
14.628000
11.454000
12.682000
11.152000
8.248000
15.189000
13.482000
8.907000
17.212000
9.347000
7.460000
16.068000
23.605000
7.773000
10.563000
9.325000
11.108000
5.222000
8.939000
5.310000
4.093000
11.310000
23.934000
16.573000
4.633000
11.637000
10.237000
3.331000
10.488000
10.698000
8.551000
10.331000
14.481000
11.475000
15.045000
14.317000
11.261000
12.728000
8.285000
9.074000
9.059000
3.091000
15.331000
7.976000
11.999000
5.448000
5.610000
10.608000
21.797000
12.705000
8.173000
8.101000
24.521000
7.869000
17.612000
13.227000
8.331000
7.454000
14.871000
13.613000
11.560000
8.673000
11.737000
16.193000
6.154000
14.552000
7.771000
4.311000
9.704000
8.316000
13.445000
21.723000
7.674000
5.240000
10.856000
23.565000
9.868000
12.281000
14.703000
9.067000
10.416000
0.728000
7.750000
5.547000
9.341000
18.963000
7.613000
1.998000
9.967000
12.911000
15.163000
8.505000
22.218000
17.394000
11.040000
3.156000
8.625000
10.174000
5.611000
4.912000
18.252000
9.726000
18.752000
16.153000
6.387000
16.214000
9.952000
9.890000
12.685000
3.570000
10.149000
19.001000
13.873000
12.405000
13.132000
10.908000
8.732000
18.500000
13.258000
8.437000
6.155000
7.496000
13.160000
13.073000
13.617000
7.846000
7.650000
8.259000
8.355000
14.778000
9.591000
7.540000
3.183000
15.444000
13.602000
11.279000
19.668000
16.029000
6.584000
11.154000
7.619000
8.420000
10.003000
11.489000
13.047000
9.228000
13.545000
12.485000
12.961000
18.586000
14.207000
6.147000
15.079000
6.363000
7.269000
6.016000
19.993000
17.582000
14.299000
4.988000
13.203000
7.354000
5.553000
21.157000
9.377000
11.040000
11.761000
2.563000
14.613000
6.606000
7.452000
12.310000
13.628000
5.927000
16.842000
8.806000
6.442000
8.582000
10.068000
14.733000
7.424000
14.736000
15.787000
4.708000
6.475000
17.504000
3.452000
14.545000
6.577000
14.793000
3.414000
13.689000
8.615000
12.812000
12.472000
17.949000
9.947000
5.665000
16.050000
16.251000
7.750000
10.191000
6.616000
8.438000
9.753000
12.000000
13.625000
11.412000
5.872000
7.319000
10.843000
8.296000
12.184000
8.509000
11.248000
10.183000
15.066000
9.436000
12.172000
16.621000
6.668000
10.865000
5.529000
5.359000
5.328000
8.195000
6.650000
10.023000
11.302000
7.595000
6.179000
10.664000
12.408000
7.265000
10.415000
10.080000
10.767000
6.312000
7.787000
7.461000
15.371000
9.793000
19.776000
12.193000
25.918000
8.499000
19.612000
6.726000
7.982000
5.282000
7.730000
7.957000
7.496000
6.600000
13.217000
5.623000
5.698000
7.110000
16.756000
6.958000
7.474000
11.032000
11.515000
5.632000
9.213000
16.848000
9.897000
6.756000
20.529000
11.013000
13.949000
4.420000
6.782000
7.213000
5.804000
9.007000
14.365000
7.947000
5.484000
9.087000
15.425000
9.273000
16.283000
6.416000
4.856000
7.230000
15.480000
7.991000
14.395000
8.716000
8.060000
7.681000
20.113000
21.055000
12.453000
6.984000
10.960000
8.062000
9.151000
8.834000
7.823000
3.738000
24.906000
6.637000
9.637000
8.432000
3.307000
13.920000
11.289000
12.207000
18.426000
7.751000
15.763000
5.130000
12.707000
11.045000
15.996000
12.624000
7.860000
8.666000
13.677000
14.081000
11.734000
7.287000
10.893000
14.314000
7.951000
6.187000
7.394000
12.768000
13.329000
8.190000
11.553000
14.939000
18.669000
4.919000
9.143000
7.922000
6.329000
8.509000
14.378000
7.916000
13.024000
16.073000
10.955000
11.521000
7.695000
12.522000
6.799000
14.090000
6.322000
4.952000
6.022000
7.077000
7.670000
6.605000
13.660000
13.887000
9.054000
17.294000
13.155000
20.058000
1.590000
13.501000
10.825000
7.534000
10.787000
9.065000
6.909000
10.208000
9.845000
2.774000
8.107000
8.718000
8.026000
10.521000
5.308000
5.204000
11.981000
17.739000
18.972000
5.793000
14.350000
14.469000
14.908000
13.837000
9.583000
5.401000
16.660000
8.653000
11.375000
14.659000
9.651000
11.264000
10.758000
8.778000
8.493000
10.538000
13.442000
6.424000
7.210000
12.911000
13.554000
11.343000
13.317000
12.935000
9.840000
10.541000
21.905000
9.818000
16.309000
7.859000
21.752000
6.986000
5.756000
2.619000
7.895000
6.956000
10.011000
11.085000
16.500000
13.890000
15.376000
7.629000
10.471000
11.481000
6.713000
11.769000
21.041000
11.820000
12.520000
10.574000
20.366000
5.146000
10.026000
11.775000
12.443000
23.599000
7.597000
11.138000
12.986000
8.915000
17.582000
8.321000
6.937000
12.782000
13.442000
17.129000
11.071000
6.823000
22.432000
5.104000
7.100000
7.503000
13.244000
21.492000
8.630000
8.060000
4.867000
8.481000
7.621000
26.967000
10.360000
7.102000
12.415000
8.083000
7.104000
13.821000
7.164000
8.281000
8.120000
20.689000
8.496000
9.120000
9.791000
12.087000
14.692000
25.781000
10.518000
6.540000
23.754000
2.997000
21.803000
12.470000
17.213000
8.823000
10.761000
13.305000
7.911000
10.706000
7.987000
19.541000
6.276000
15.973000
20.064000
4.375000
8.419000
24.665000
5.943000
12.296000
10.153000
10.400000
4.682000
15.653000
2.632000
14.162000
14.850000
16.155000
8.335000
11.164000
16.696000
13.754000
10.301000
18.256000
8.071000
7.839000
19.740000
6.548000
20.468000
9.974000
13.938000
12.432000
10.311000
12.073000
10.294000
11.465000
8.485000
15.704000
12.426000
8.264000
6.966000
8.310000
3.570000
8.397000
16.673000
11.979000
23.147000
6.977000
12.010000
14.535000
14.179000
14.916000
15.473000
14.179000
22.660000
11.378000
22.300000
10.140000
0.942000
5.720000
9.020000
15.094000
11.724000
10.222000
11.905000
13.124000
14.317000
11.428000
13.164000
13.598000
10.377000
23.681000
10.296000
14.626000
9.681000
10.220000
18.003000
12.206000
8.959000
11.251000
14.241000
6.481000
5.196000
10.140000
24.144000
6.928000
12.936000
13.376000
3.706000
16.118000
20.809000
21.973000
14.704000
10.582000
17.399000
17.964000
16.974000
13.749000
11.724000
11.954000
4.593000
11.656000
2.555000
11.097000
20.504000
15.146000
15.644000
10.993000
13.188000
14.450000
17.337000
14.652000
17.785000
12.342000
4.415000
16.120000
21.494000
12.964000
4.632000
6.328000
7.444000
7.821000
16.858000
14.300000
11.583000
6.623000
13.392000
12.478000
6.553000
19.645000
17.865000
11.019000
15.016000
16.811000
12.813000
11.249000
9.622000
14.276000
7.405000
16.056000
19.768000
17.211000
11.847000
19.017000
11.287000
15.146000
11.727000
21.869000
10.438000
21.687000
8.939000
15.663000
11.686000
13.609000
10.116000
13.050000
3.922000
10.982000
10.955000
8.264000
16.459000
14.835000
11.777000
6.962000
11.865000
10.333000
15.455000
10.190000
1.826000
5.743000
11.059000
11.149000
16.959000
14.721000
13.851000
4.791000
14.241000
11.242000
8.515000
10.578000
8.783000
15.931000
13.297000
13.974000
14.646000
11.023000
8.860000
9.547000
11.119000
9.647000
9.141000
10.390000
17.979000
12.001000
4.604000
13.221000
11.719000
18.473000
1.445000
10.133000
15.223000
9.803000
11.103000
6.727000
12.906000
18.836000
13.341000
3.484000
9.536000
16.656000
17.456000
10.789000
15.831000
12.594000
14.559000
15.130000
13.399000
8.997000
13.600000
15.473000
11.879000
14.713000
15.120000
18.925000
13.209000
16.157000
7.850000
9.843000
10.699000
5.638000
15.670000
19.013000
7.084000
13.311000
11.308000
6.000000
20.028000
12.782000
15.733000
12.911000
8.660000
12.550000
10.409000
19.032000
11.492000
13.387000
13.387000
3.362000
16.990000
8.941000
9.583000
12.807000
18.876000
14.315000
15.194000
10.603000
14.305000
10.268000
10.450000
18.269000
14.589000
10.251000
7.046000
5.673000
15.911000
16.725000
17.614000
13.268000
7.215000
5.929000
14.607000
17.555000
11.649000
15.804000
10.772000
11.751000
15.132000
11.577000
16.024000
15.406000
18.023000
7.647000
16.859000
16.831000
14.845000
15.976000
17.606000
13.988000
12.930000
8.378000
17.249000
8.006000
12.840000
11.857000
19.413000
16.735000
18.303000
13.698000
10.904000
17.641000
13.168000
15.806000
8.464000
9.406000
15.433000
19.326000
13.497000
11.569000
8.665000
16.395000
22.317000
13.548000
14.241000
13.440000
10.728000
14.331000
13.974000
16.209000
10.689000
14.180000
17.093000
17.253000
10.717000
2.619000
18.509000
6.478000
8.162000
7.834000
9.618000
9.430000
11.693000
14.516000
15.982000
6.859000
9.924000
17.054000
19.071000
14.439000
13.668000
12.051000
18.748000
14.162000
15.815000
9.553000
10.385000
9.631000
11.164000
15.907000
17.151000
9.345000
13.673000
6.680000
17.564000
6.523000
13.304000
7.692000
4.460000
20.794000
13.434000
14.889000
9.000000
14.612000
10.982000
5.666000
4.791000
10.713000
14.558000
13.293000
17.770000
3.813000
5.908000
14.860000
14.183000
11.587000
7.373000
9.158000
19.693000
11.164000
16.522000
11.965000
3.781000
2.810000
7.995000
7.942000
12.796000
9.150000
11.330000
8.980000
13.561000
13.729000
8.536000
15.478000
7.534000
16.630000
5.913000
17.251000
9.671000
11.647000
14.303000
7.043000
4.557000
16.983000
5.543000
2.276000
3.166000
9.579000
10.571000
5.160000
3.162000
13.440000
7.292000
17.430000
6.940000
6.868000
9.487000
7.160000
12.908000
7.572000
7.052000
10.066000
6.684000
4.978000
18.687000
7.288000
9.596000
12.265000
2.900000
11.480000
6.580000
14.712000
10.436000
7.589000
7.292000
6.297000
17.177000
16.762000
9.890000
8.381000
16.813000
17.296000
13.331000
6.492000
8.179000
11.023000
13.110000
21.476000
11.964000
6.620000
14.772000
9.941000
7.731000
8.659000
13.243000
3.874000
11.972000
14.906000
6.528000
9.629000
9.077000
9.949000
15.685000
9.001000
22.344000
7.109000
1.966000
11.293000
8.575000
10.974000
6.194000
14.482000
19.798000
12.935000
5.898000
7.330000
14.448000
6.552000
18.778000
8.570000
12.938000
11.885000
20.958000
14.552000
9.729000
14.362000
11.572000
10.125000
7.359000
3.735000
21.516000
6.760000
9.916000
13.542000
4.297000
11.110000
0.911000
12.811000
12.249000
15.376000
6.752000
12.909000
9.705000
12.209000
14.181000
6.422000
12.454000
9.735000
11.192000
20.037000
4.044000
11.617000
6.481000
5.720000
12.643000
17.480000
11.363000
7.922000
7.528000
10.047000
3.840000
12.406000
4.859000
15.913000
14.739000
9.875000
13.079000
7.025000
12.172000
8.354000
15.579000
17.072000
16.008000
14.908000
8.295000
17.937000
1.288000
1.575000
17.898000
9.061000
12.536000
10.623000
4.978000
12.586000
19.432000
10.534000
14.632000
10.855000
12.196000
14.076000
15.265000
12.411000
8.347000
10.261000
14.606000
14.078000
12.426000
15.100000
13.510000
8.417000
8.306000
15.689000
13.953000
7.479000
15.590000
18.442000
6.498000
10.461000
8.516000
17.553000
9.937000
8.273000
7.186000
17.009000
7.598000
6.206000
18.538000
11.709000
2.705000
8.493000
12.597000
12.946000
11.778000
15.690000
12.228000
14.185000
15.860000
9.434000
10.778000
10.306000
12.049000
10.406000
13.396000
3.658000
10.164000
11.886000
10.301000
17.021000
19.568000
16.294000
10.696000
12.057000
7.691000
12.257000
8.297000
9.246000
16.696000
9.230000
15.249000
12.606000
8.913000
16.068000
4.324000
9.717000
7.256000
14.743000
5.200000
6.942000
12.752000
13.871000
15.659000
13.855000
17.239000
10.096000
12.084000
8.947000
5.566000
10.473000
13.118000
11.347000
9.693000
14.754000
14.248000
11.692000
17.850000
14.040000
9.432000
16.989000
12.993000
20.765000
17.277000
11.623000
11.909000
4.489000
16.375000
12.862000
14.818000
13.304000
5.222000
9.462000
14.579000
13.831000
6.845000
12.251000
10.520000
14.918000
15.940000
11.649000
6.571000
15.019000
17.782000
12.951000
10.211000
4.903000
16.639000
9.271000
9.423000
7.764000
5.411000
13.019000
17.165000
3.286000
15.345000
7.940000
10.484000
11.324000
11.573000
4.271000
13.536000
11.903000
3.256000
3.317000
11.016000
17.307000
14.901000
10.419000
9.756000
12.782000
13.742000
0.000000
15.179000
17.212000
7.092000
10.948000
12.483000
16.382000
11.237000
6.047000
9.984000
5.830000
11.855000
11.239000
7.287000
8.896000
14.686000
5.894000
7.405000
3.795000
8.460000
11.961000
7.662000
15.666000
13.238000
6.879000
11.860000
9.954000
10.789000
12.777000
9.998000
10.574000
8.725000
10.125000
13.766000
3.062000
15.756000
23.892000
9.111000
13.069000
11.744000
9.058000
8.595000
8.172000
19.191000
11.956000
12.666000
13.317000
12.688000
6.353000
11.844000
8.241000
11.978000
11.986000
11.202000
11.636000
13.656000
11.467000
15.943000
11.896000
15.679000
10.653000
15.280000
12.302000
17.587000
8.840000
14.015000
7.169000
10.111000
7.370000
10.770000
2.984000
6.503000
16.624000
25.068000
10.427000
12.348000
13.149000
9.458000
5.246000
3.354000
8.770000
16.753000
7.289000
7.369000
10.433000
10.756000
12.100000
4.624000
15.965000
11.160000
10.232000
8.125000
8.139000
7.903000
21.836000
9.047000
12.622000
10.696000
3.863000
8.826000
6.108000
12.207000
12.030000
11.547000
10.254000
15.644000
10.251000
7.438000
9.194000
7.507000
8.432000
11.771000
12.323000
13.689000
12.484000
11.070000
11.574000
10.894000
12.230000
11.725000
4.403000
10.165000
8.928000
14.808000
9.913000
12.150000
3.860000
6.458000
5.167000
7.845000
7.584000
13.118000
4.754000
6.209000
7.291000
12.977000
11.043000
14.844000
6.357000
5.518000
2.046000
13.835000
10.907000
12.768000
5.422000
10.455000
8.305000
9.427000
5.494000
10.683000
3.784000
1.551000
12.399000
5.040000
8.653000
9.549000
13.372000
12.828000
16.827000
9.266000
11.341000
14.553000
11.419000
7.036000
9.799000
4.909000
9.967000
9.713000
13.643000
15.919000
11.522000
10.029000
25.501000
15.513000
4.881000
6.420000
8.140000
7.290000
9.597000
10.868000
6.771000
4.759000
5.132000
3.816000
10.874000
7.825000
13.770000
15.839000
10.083000
3.441000
9.871000
5.033000
11.178000
8.693000
11.930000
7.331000
10.764000
5.672000
7.713000
11.087000
11.981000
6.955000
6.353000
8.392000
5.068000
6.348000
9.417000
12.811000
9.058000
7.026000
8.840000
5.229000
7.637000
14.192000
7.190000
8.212000
8.248000
10.398000
10.284000
13.422000
6.670000
5.783000
8.420000
3.802000
15.812000
23.069000
13.026000
19.334000
11.776000
3.652000
7.616000
8.627000
8.146000
10.856000
10.550000
6.429000
4.647000
12.563000
15.310000
8.789000
10.886000
5.271000
6.888000
14.903000
4.736000
13.649000
14.569000
6.420000
6.647000
7.069000
11.661000
10.897000
8.392000
8.651000
13.469000
11.753000
7.804000
13.004000
2.385000
7.564000
7.376000
3.811000
12.233000
11.722000
4.907000
1.852000
12.571000
4.652000
13.494000
20.144000
15.447000
10.505000
2.787000
13.713000
11.937000
4.375000
11.143000
5.386000
5.647000
7.920000
4.060000
7.085000
15.525000
12.135000
5.681000
10.342000
11.487000
0.000000
8.744000
17.947000
4.593000
19.401000
10.997000
5.546000
13.470000
8.086000
10.140000
10.690000
16.805000
6.924000
10.392000
9.809000
14.221000
13.159000
8.836000
14.002000
6.312000
7.352000
7.161000
9.393000
3.740000
10.358000
8.914000
8.388000
6.275000
13.266000
8.374000
4.663000
13.233000
8.943000
10.624000
13.503000
8.202000
5.255000
8.545000
9.739000
8.624000
14.686000
9.394000
7.602000
11.378000
13.839000
7.617000
15.850000
8.509000
9.180000
15.752000
8.031000
8.984000
14.304000
8.009000
17.928000
5.052000
5.532000
10.456000
7.106000
8.446000
11.819000
5.806000
5.818000
5.650000
9.438000
10.109000
6.809000
7.758000
18.296000
5.501000
10.179000
13.035000
10.595000
11.821000
9.014000
8.007000
13.826000
8.712000
15.408000
0.305000
14.316000
8.083000
12.814000
13.899000
15.220000
10.488000
8.082000
4.822000
7.225000
14.549000
15.270000
6.646000
9.095000
11.606000
14.318000
2.545000
13.506000
12.180000
11.540000
8.240000
8.071000
11.068000
7.282000
6.886000
14.966000
9.881000
11.105000
10.612000
2.710000
7.978000
8.714000
16.194000
7.775000
12.163000
11.617000
11.103000
3.987000
12.256000
10.657000
5.583000
10.532000
12.165000
6.141000
10.664000
9.323000
13.530000
3.670000
6.886000
4.732000
10.083000
9.916000
11.702000
14.323000
12.491000
11.627000
6.283000
11.116000
10.380000
10.117000
4.859000
4.056000
14.080000
11.735000
4.314000
14.639000
11.026000
9.808000
12.482000
7.733000
11.546000
9.890000
10.453000
8.328000
10.725000
9.320000
8.717000
12.192000
7.763000
7.205000
9.372000
17.022000
7.262000
14.888000
5.536000
10.238000
18.403000
8.038000
10.589000
10.801000
13.863000
7.472000
12.744000
8.901000
12.158000
8.992000
11.568000
9.180000
7.468000
8.485000
12.085000
9.414000
8.051000
6.099000
0.000000
9.729000
14.888000
8.731000
8.999000
10.547000
9.806000
7.318000
13.816000
6.049000
12.246000
11.368000
11.313000
6.553000
20.401000
14.162000
16.759000
13.086000
14.513000
3.032000
9.033000
9.990000
11.334000
8.193000
13.136000
7.131000
11.580000
5.604000
8.441000
9.699000
6.787000
9.355000
7.829000
6.056000
10.957000
8.674000
12.664000
18.865000
14.233000
3.718000
13.355000
5.415000
8.786000
16.534000
4.872000
10.578000
7.124000
11.538000
8.563000
15.842000
10.544000
9.651000
7.742000
7.791000
8.023000
9.812000
9.858000
8.502000
7.518000
11.093000
11.343000
10.093000
12.145000
3.215000
8.466000
10.555000
12.714000
9.083000
7.523000
11.536000
2.596000
6.583000
10.655000
11.748000
12.796000
8.720000
6.977000
5.143000
23.449000
7.553000
12.086000
11.404000
9.923000
9.401000
11.902000
2.353000
5.700000
5.485000
5.461000
7.487000
19.354000
12.739000
9.512000
5.374000
13.040000
9.552000
8.780000
9.352000
6.617000
10.517000
3.820000
6.318000
10.274000
5.118000
7.841000
8.790000
10.601000
6.263000
15.337000
10.925000
6.246000
16.668000
8.536000
0.000000
6.729000
14.311000
11.502000
10.082000
9.728000
5.886000
10.075000
12.137000
7.956000
19.432000
9.627000
11.966000
4.932000
7.949000
9.979000
12.210000
10.380000
10.063000
10.297000
10.037000
9.404000
2.985000
16.144000
1.135000
13.783000
6.426000
9.991000
6.794000
7.927000
4.447000
7.429000
5.275000
12.097000
1.367000
14.570000
5.283000
15.869000
10.256000
7.877000
9.896000
6.390000
5.817000
12.013000
13.290000
15.734000
7.678000
5.505000
6.308000
9.001000
9.351000
8.418000
2.315000
8.092000
8.921000
11.587000
10.536000
7.699000
3.644000
3.798000
7.868000
7.059000
7.990000
10.324000
3.460000
3.975000
13.616000
11.112000
5.788000
3.934000
5.764000
6.358000
1.491000
8.318000
0.000000
12.830000
3.119000
4.515000
6.337000
5.737000
0.000000
8.315000
9.178000
3.832000
5.438000
8.602000
5.886000
4.278000
16.720000
10.689000
12.658000
6.470000
9.357000
3.449000
9.743000
10.379000
0.000000
11.806000
7.756000
8.406000
1.044000
14.215000
17.043000
6.853000
7.903000
10.526000
6.339000
0.832000
5.716000
0.000000
10.888000
10.165000
9.670000
10.397000
9.358000
11.963000
11.945000
16.049000
10.167000
9.178000
6.121000
14.982000
16.252000
2.290000
5.957000
0.000000
12.607000
4.817000
8.804000
0.000000
12.373000
5.873000
5.273000
5.837000
10.798000
4.793000
5.461000
11.865000
0.443000
5.138000
7.731000
8.193000
5.977000
0.000000
4.662000
11.530000
12.209000
8.099000
11.871000
10.682000
7.784000
6.401000
0.000000
0.000000
9.477000
8.869000
10.556000
14.064000
11.196000
15.882000
9.375000
8.813000
11.197000
11.645000
3.214000
8.377000
4.752000
9.005000
11.031000
0.000000
10.078000
9.155000
2.728000
9.191000
5.639000
16.176000
12.578000
6.146000
13.415000
5.946000
16.073000
18.156000
10.173000
12.740000
10.621000
0.000000
11.931000
4.726000
3.676000
6.363000
4.564000
8.982000
3.515000
13.915000
2.398000
21.652000
0.314000
4.580000
12.763000
12.584000
7.896000
7.889000
6.486000
14.317000
10.538000
8.429000
16.858000
8.272000
7.056000
10.784000
16.320000
6.046000
12.900000
7.030000
14.672000
6.972000
0.000000
3.861000
5.505000
5.923000
10.250000
8.783000
4.190000
14.834000
3.891000
5.019000
10.704000
8.360000
6.056000
2.696000
9.795000
2.447000
9.264000
3.218000
3.561000
9.230000
16.561000
13.169000
23.174000
18.046000
3.577000
7.908000
11.642000
2.979000
16.332000
5.267000
12.977000
2.735000
7.888000
20.298000
11.610000
10.713000
7.254000
3.508000
6.199000
11.448000
10.081000
20.060000
12.198000
12.405000
0.000000
19.060000
9.172000
6.331000
0.000000
22.146000
4.033000
10.098000
6.889000
6.962000
4.013000
0.000000
5.349000
12.868000
1.642000
9.039000
11.124000
7.580000
8.415000
6.359000
8.072000
3.130000
11.113000
7.442000
22.146000
5.519000
8.075000
10.978000
13.971000
6.092000
12.142000
14.046000
4.718000
14.488000
5.419000
5.786000
14.149000
9.345000
8.271000
12.463000
12.639000
7.579000
7.942000
0.000000
4.908000
0.000000
10.445000
5.749000
13.547000
6.756000
9.295000
4.950000
8.567000
2.835000
3.600000
4.666000
7.282000
8.414000
7.574000
0.000000
8.267000
6.632000
4.911000
12.025000
18.233000
1.290000
1.924000
8.457000
9.963000
9.619000
4.234000
8.362000
6.196000
8.854000
0.000000
21.349000
4.119000
19.195000
11.662000
0.000000
10.428000
15.345000
6.997000
8.322000
11.103000
2.634000
8.412000
6.260000
11.378000
5.385000
12.040000
0.442000
2.103000
9.976000
11.616000
1.600000
6.432000
6.913000
12.869000
6.534000
11.778000
7.683000
6.111000
0.000000
12.391000
10.286000
12.832000
11.405000
0.000000
4.434000
9.969000
14.477000
8.374000
9.485000
4.765000
6.006000
8.276000
0.000000
6.337000
10.811000
10.861000
14.772000
13.487000
11.532000
11.043000
10.397000
0.000000
4.794000
7.657000
8.236000
10.814000
6.065000
0.000000
6.987000
8.947000
8.493000
7.572000
6.339000
9.079000
10.226000
9.942000
0.000000
11.341000
14.287000
4.861000
6.890000
9.607000
0.000000
8.298000
4.367000
0.000000
0.000000
2.027000
11.343000
8.527000
10.842000
6.575000
6.346000
8.238000
0.000000
0.000000
3.410000
0.000000
6.131000
0.000000
7.779000
0.000000
4.551000
0.000000
5.680000
0.000000
6.248000
5.491000
12.658000
6.499000
0.000000
0.000000
0.000000
5.949000
0.000000
7.384000
0.000000
5.217000
0.000000
4.166000
4.682000
0.000000
5.782000
0.000000
6.809000
0.000000
8.367000
3.618000
4.985000
6.233000
8.963000
0.000000
0.000000
0.000000
0.000000
0.000000
8.853000
5.227000
0.000000
2.076000
0.000000
0.000000
4.003000
0.000000
0.000000
0.000000
8.866000
0.000000
7.188000
0.200000
3.031000
0.000000
0.000000
4.477000
4.648000
8.115000
0.000000
0.000000
4.226000
4.303000
4.329000
0.000000
0.000000
0.322000
0.000000
0.000000
0.000000
0.219000
0.000000
0.000000
0.000000
0.158000
0.000000
0.000000
6.979000
0.000000
0.559000
0.000000
9.491000
0.000000
11.693000
4.830000
2.842000
0.000000
5.240000
0.000000
0.000000
0.000000
0.000000
7.416000
7.722000
7.577000
10.271000
0.000000
1.704000
0.000000
4.641000
0.000000
10.460000
13.815000
1.044000
1.115000
0.000000
0.000000
2.286000
0.000000
0.000000
3.018000
0.000000
1.911000
0.000000
0.914000
0.187000
0.000000
8.400000
3.407000
0.000000
0.000000
5.493000
0.000000
0.000000
2.837000
3.631000
1.134000
3.620000
0.000000
0.000000
0.000000
7.922000
0.000000
7.899000
9.577000
0.000000
2.985000
3.989000
3.687000
0.000000
9.197000
2.456000
7.281000
2.596000
1.495000
0.000000
0.000000
3.840000
4.893000
0.000000
0.000000
4.303000
0.000000
1.821000
0.000000
3.269000
0.000000
7.073000
1.132000
3.724000
2.759000
5.541000
0.000000
6.807000
4.463000
5.961000
2.214000
0.000000
0.132000
0.000000
4.051000
6.257000
0.000000
5.767000
8.188000
2.213000
0.000000
4.076000
5.503000
0.465000
3.682000
0.000000
5.317000
2.149000
3.278000
3.427000
0.121000
0.020000
3.084000
6.372000
0.207000
0.000000
2.995000
0.000000
2.031000
8.443000
5.256000
1.160000
4.935000
1.995000
11.183000
0.000000
0.431000
4.992000
3.216000
7.292000
6.076000
0.000000
0.000000
11.067000
3.878000
5.972000
13.602000
7.266000
4.954000
10.991000
0.237000
0.000000
0.000000
0.000000
0.000000
0.000000
8.366000
8.369000
0.000000
9.959000
4.930000
7.482000
1.207000
5.044000
3.668000
9.637000
1.678000
5.708000
2.698000
0.000000
0.767000
14.363000
8.718000
0.000000
12.901000
2.833000
0.000000
0.000000
3.151000
3.378000
4.455000
3.666000
6.039000
0.158000
0.000000
0.000000
2.068000
0.943000
11.196000
4.620000
0.000000
5.684000
6.379000
0.000000
11.255000
6.621000
0.721000
0.000000
12.374000
4.912000
7.172000
4.155000
9.068000
0.000000
0.000000
3.717000
6.191000
3.222000
0.000000
13.196000
0.000000
0.000000
0.000000
1.733000
6.345000
0.286000
0.000000
3.267000
2.067000
2.432000
1.587000
4.858000
0.705000
4.559000
2.497000
2.231000
4.166000
6.874000
0.000000
0.211000
0.000000
0.000000
4.867000
2.159000
0.000000
6.187000
6.454000
0.000000
2.559000
1.676000
14.456000
0.000000
7.321000
0.002000
12.063000
2.695000
0.000000
6.824000
0.868000
2.922000
0.000000
0.647000
0.000000
0.000000
0.000000
0.000000
3.113000
0.000000
1.118000
3.278000
0.000000
0.000000
3.588000
1.592000
1.042000
3.365000
3.731000
0.000000
0.960000
4.845000
6.029000
5.772000
4.843000
4.882000
4.698000
6.712000
4.102000
5.945000
10.188000
6.113000
0.000000
4.047000
0.609000
1.482000
5.439000
0.000000
1.298000
2.297000
11.299000
0.000000
3.601000
3.140000
9.198000
8.012000
1.242000
6.639000
0.152000
4.660000
3.081000
0.000000
0.000000
0.000000
7.821000
3.101000
3.734000
7.144000
0.000000
6.954000
0.000000
3.683000
5.788000
0.000000
2.155000
6.515000
1.589000
1.601000
7.675000
4.192000
6.585000
1.398000
0.000000
1.048000
0.000000
1.815000
0.000000
3.368000
6.855000
1.834000
0.000000
0.000000
0.000000
0.651000
4.059000
0.000000
0.000000
0.000000
8.610000
8.260000
11.288000
6.150000
2.049000
1.178000
0.000000
1.114000
0.568000
1.339000
5.023000
6.964000
0.092000
4.106000
4.129000
0.000000
0.000000
0.000000
6.520000
1.913000
1.833000
8.013000
4.447000
10.252000
1.703000
3.919000
4.235000
1.231000
5.733000
0.000000
0.000000
3.269000
7.777000
10.370000
12.273000
7.861000
8.970000
9.764000
0.673000
10.863000
3.656000
6.491000
3.239000
8.903000
1.276000
1.573000
0.000000
0.000000
3.407000
6.105000
1.706000
3.890000
3.325000
0.126000
2.281000
5.551000
4.048000
8.059000
7.638000
7.675000
0.000000
0.941000
5.285000
1.540000
9.198000
1.723000
5.055000
0.981000
11.031000
6.331000
7.010000
0.000000
1.634000
7.652000
2.832000
3.845000
0.169000
3.521000
0.000000
1.175000
7.626000
1.830000
11.087000
9.117000
1.502000
1.519000
6.298000
2.479000
7.983000
5.526000
11.752000
8.514000
7.910000
1.909000
0.000000
1.096000
4.560000
9.460000
7.434000
2.233000
0.000000
1.715000
1.265000
0.362000
0.000000
3.652000
0.000000
1.660000
0.000000
2.122000
7.230000
12.310000
4.153000
3.793000
0.000000
11.521000
4.600000
2.826000
0.000000
8.185000
5.504000
3.142000
4.100000
0.783000
1.976000
8.446000
5.605000
7.732000
0.000000
4.710000
0.736000
5.903000
13.809000
8.542000
3.492000
0.000000
2.989000
3.522000
4.762000
4.341000
3.816000
0.000000
0.526000
1.385000
6.856000
11.461000
4.283000
3.660000
3.953000
2.094000
5.353000
0.000000
4.527000
7.419000
0.919000
5.625000
1.257000
3.895000
0.000000
4.034000
0.000000
4.911000
0.000000
0.000000
0.916000
7.157000
7.226000
2.188000
0.817000
12.633000
5.622000
3.538000
0.000000
4.849000
6.657000
3.035000
0.000000
12.240000
0.000000
2.541000
0.000000
6.877000
1.366000
4.262000
2.764000
3.050000
0.000000
1.174000
0.000000
0.000000
6.061000
5.139000
2.887000
4.215000
0.000000
3.938000
3.573000
10.120000
2.698000
9.185000
3.065000
1.761000
2.497000
7.955000
5.511000
9.803000
5.809000
0.353000
2.420000
4.164000
3.893000
0.000000
0.000000
10.392000
0.000000
0.705000
5.139000
0.000000
0.761000
2.860000
10.459000
3.914000
4.645000
7.275000
6.984000
0.721000
7.961000
6.110000
4.694000
0.000000
1.159000
2.025000
2.969000
6.123000
12.306000
0.000000
0.000000
0.000000
2.078000
1.545000
2.452000
0.000000
2.654000
2.594000
2.212000
6.624000
2.454000
5.267000
11.497000
12.620000
0.152000
4.235000
1.706000
3.785000
1.922000
0.000000
2.015000
0.000000
11.065000
0.000000
4.412000
11.548000
1.509000
2.749000
3.384000
1.021000
8.441000
10.191000
10.060000
2.908000
0.000000
5.285000
3.788000
5.997000
0.000000
0.000000
4.448000
0.705000
7.476000
9.254000
3.641000
8.623000
3.925000
6.329000
2.013000
9.580000
0.000000
3.486000
7.526000
1.784000
12.011000
0.000000
7.498000
1.672000
1.811000
3.871000
3.066000
6.052000
1.746000
3.404000
0.662000
0.152000
7.294000
0.000000
0.000000
0.000000
7.923000
0.000000
2.983000
4.748000
4.221000
0.000000
5.814000
0.000000
0.000000
0.219000
5.288000
5.493000
2.658000
8.897000
0.000000
0.098000
0.000000
11.049000
4.364000
3.397000
9.760000
5.185000
0.000000
8.605000
0.326000
0.000000
2.304000
0.000000
0.885000
2.317000
5.095000
6.083000
0.000000
4.666000
0.000000
0.000000
8.577000
2.596000
4.250000
0.000000
2.672000
4.303000
5.725000
0.667000
10.044000
4.607000
4.350000
7.542000
2.204000
5.712000
1.394000
5.191000
0.000000
0.636000
3.060000
4.815000
0.000000
3.009000
0.000000
3.448000
5.855000
1.692000
0.000000
0.000000
1.336000
4.625000
0.000000
3.112000
1.964000
0.000000
4.605000
0.000000
0.000000
0.000000
0.000000
0.000000
4.116000
1.003000
13.210000
9.573000
3.662000
0.000000
1.778000
5.580000
0.078000
6.046000
0.000000
0.000000
7.019000
4.869000
2.961000
7.402000
0.000000
0.000000
3.277000
0.000000
1.947000
0.654000
2.098000
0.000000
0.000000
6.637000
0.000000
0.000000
0.000000
9.543000
3.532000
3.045000
0.177000
0.000000
1.077000
2.388000
1.972000
0.824000
0.000000
0.456000
0.000000
0.000000
0.000000
6.839000
2.834000
0.000000
1.921000
0.784000
0.000000
0.612000
9.526000
1.559000
4.016000
0.400000
0.000000
0.436000
0.000000
13.357000
6.841000
4.976000
6.947000
0.000000
10.326000
5.703000
0.000000
0.000000
2.670000
1.621000
4.069000
0.000000
0.000000
3.706000
3.349000
0.000000
0.000000
0.000000
0.000000
3.273000
0.472000
2.514000
10.052000
0.000000
0.000000
10.190000
0.000000
2.736000
0.000000
0.000000
6.009000
1.358000
1.413000
6.314000
0.000000
0.000000
0.000000
0.000000
0.000000
1.599000
7.633000
4.352000
5.523000
3.966000
0.000000
0.000000
4.040000
1.215000
4.340000
0.000000
0.000000
3.428000
2.173000
0.000000
2.371000
0.000000
0.000000
0.000000
6.293000
1.344000
6.150000
0.665000
0.000000
0.255000
0.000000
0.632000
3.528000
2.652000
0.000000
2.770000
0.000000
0.000000
0.000000
4.877000
1.207000
3.233000
0.000000
0.000000
4.600000
0.000000
2.466000
3.547000
0.000000
2.965000
0.000000
0.000000
0.000000
0.000000
5.892000
2.797000
5.712000
8.947000
0.000000
0.000000
0.000000
2.731000
1.700000
0.000000
0.000000
0.703000
0.834000
0.000000
3.500000
0.000000
0.000000
0.000000
0.000000
0.000000
1.927000
0.000000
0.389000
2.632000
6.127000
0.000000
2.383000
0.000000
0.408000
0.000000
0.693000
1.681000
1.925000
0.096000
0.786000
1.117000
0.000000
0.000000
1.737000
0.000000
0.000000
5.387000
0.864000
0.000000
0.000000
0.000000
0.000000
0.000000
0.253000
0.000000
0.255000
0.000000
2.638000
0.533000
5.609000
2.215000
0.000000
0.000000
0.000000
0.000000
0.000000
1.491000
0.000000
0.000000
0.245000
0.000000
0.000000
0.000000
0.000000
0.000000
0.000000
0.000000
0.000000
0.000000
0.000000
0.000000
0.000000
0.000000
0.000000
0.000000
0.000000
0.000000
0.000000
0.000000
0.000000
0.000000
0.000000
2.167000
0.000000
2.052000
2.125000
0.000000
0.000000
0.000000
0.000000
2.070000
2.486000
0.000000
8.547000
0.117000
3.057000
0.000000
1.289000
0.280000
0.000000
0.000000
2.507000
0.538000
0.000000
0.000000
0.000000
0.484000
0.050000
1.301000
0.000000
0.000000
1.825000
0.546000
2.380000
0.233000
0.000000
0.000000
0.000000
0.000000
0.000000
0.000000
0.631000
1.206000
0.000000
0.178000
0.037000
0.000000
0.000000
0.891000
3.941000
0.000000
0.000000
0.000000
1.567000
3.174000
3.705000
1.013000
2.979000
0.000000
0.000000
0.000000
0.154000
0.000000
0.000000
0.000000
3.991000
0.000000
1.146000
0.000000
2.299000
0.000000
3.166000
0.000000
0.000000
0.871000
0.000000
5.843000
4.998000
0.000000
0.000000
0.927000
0.000000
0.000000
0.022000
0.000000
6.700000
0.095000
1.680000
0.000000
0.000000
1.492000
0.000000
2.172000
0.000000
0.000000
0.000000
0.000000
1.807000
0.298000
0.745000
0.000000
2.686000
2.303000
0.000000
0.883000
0.586000
0.000000
0.000000
0.775000
0.946000
0.431000
2.841000
0.000000
0.000000
0.000000
0.000000
0.519000
0.000000
0.716000
0.000000
0.000000
0.000000
2.088000
0.000000
2.728000
0.000000
0.664000
0.000000
3.609000
0.000000
0.000000
2.337000
0.000000
0.000000
2.519000
0.000000
4.178000
2.542000
0.000000
0.000000
2.070000
0.000000
2.130000
0.000000
0.000000
0.941000
0.000000
3.462000
2.047000
1.044000
0.000000
0.000000
0.318000
0.000000
0.000000
0.466000
1.655000
0.141000
0.504000
0.000000
2.221000
0.000000
0.000000
1.201000
2.141000
0.000000
1.405000
0.410000
0.706000
2.735000
0.971000
0.898000
1.567000
0.000000
0.000000
1.566000
2.459000
0.000000
1.499000
0.891000
0.000000
0.000000
3.023000
0.000000
0.000000
0.000000
3.055000
0.000000
3.224000
3.619000
0.000000
0.000000
0.000000
1.069000
0.458000
0.000000
2.961000
0.000000
0.000000
0.000000
0.000000
0.000000
3.403000
0.305000
1.050000
1.003000
0.000000
0.000000
2.976000
0.227000
3.634000
0.436000
1.417000
0.000000
0.000000
0.000000
2.952000
0.000000
0.000000
0.000000
0.000000
0.000000
1.062000
0.000000
0.000000
0.000000
0.309000
1.077000
3.771000
4.037000
1.831000
0.000000
0.000000
1.459000
0.000000
2.247000
0.000000
0.000000
0.176000
0.000000
0.000000
0.000000
1.248000
0.836000
0.085000
0.278000
1.219000
1.161000
0.000000
0.727000
0.158000
1.776000
0.000000
3.766000
0.802000
3.387000
0.000000
0.000000
0.000000
1.895000
0.000000
1.152000
0.000000
0.060000
0.000000
0.000000
0.000000
0.306000
0.000000
2.282000
0.000000
0.000000
5.964000
0.000000
1.569000
0.000000
1.946000
0.000000
1.559000
0.182000
0.000000
0.000000
0.693000
0.000000
3.381000
2.935000
0.000000
0.041000
0.504000
1.211000
2.013000
0.048000
0.482000
2.765000
5.603000
0.277000
0.000000
2.179000
0.000000
0.319000
3.986000
0.000000
5.380000
0.000000
2.890000
1.953000
3.613000
0.396000
1.965000
0.000000
0.000000
0.000000
0.000000
0.000000
0.000000
1.414000
1.104000
0.474000
0.000000
2.014000
7.252000
0.000000
0.000000
1.198000
4.333000
0.000000
6.331000
0.671000
0.000000
2.340000
3.614000
1.188000
3.077000
0.000000
0.000000
0.000000
3.246000
0.000000
0.431000
0.000000
0.000000
0.000000
1.675000
1.267000
0.000000
2.791000
0.366000
0.000000
0.897000
0.000000
2.526000
3.098000
0.000000
0.239000
1.008000
0.008000
3.570000
3.545000
0.677000
2.061000
0.000000
1.636000
0.000000
1.445000
0.000000
0.000000
0.000000
2.861000
0.000000
1.318000
1.647000
2.536000
1.489000
1.297000
0.000000
3.769000
0.000000
1.353000
0.000000
5.464000
1.846000
1.763000
2.954000
1.380000
2.992000
0.000000
0.836000
0.000000
0.000000
0.000000
0.158000
0.000000
0.000000
0.000000
1.962000
0.287000
0.000000
2.424000
0.000000
0.389000
0.000000
1.544000
0.460000
0.000000
0.000000
2.504000
0.000000
0.000000
0.007000
0.000000
5.898000
1.170000
0.000000
0.000000
1.828000
0.000000
0.080000
1.106000
2.686000
0.000000
2.875000
0.000000
0.000000
3.275000
1.407000
0.000000
0.000000
0.000000
0.000000
1.338000
0.000000
0.781000
6.531000
0.000000
0.268000
0.114000
0.000000
0.000000
4.663000
0.000000
4.126000
0.054000
2.521000
0.315000
0.385000
0.000000
1.263000
3.536000
0.000000
0.000000
0.000000
2.947000
0.000000
0.000000
0.000000
2.469000
0.000000
4.186000
1.992000
0.108000
0.000000
0.000000
3.817000
0.000000
0.000000
1.895000
3.443000
2.003000
1.913000
0.000000
0.000000
0.000000
1.513000
0.000000
0.000000
0.000000
0.000000
0.000000
3.241000
0.000000
0.000000
1.669000
0.000000
0.000000
1.282000
2.221000
0.816000
1.029000
0.000000
1.271000
0.000000
0.000000
1.265000
3.483000
0.690000
0.000000
1.595000
5.673000
0.000000
1.334000
6.061000
2.089000
0.000000
0.000000
0.013000
0.071000
2.804000
1.139000
1.944000
1.585000
0.547000
2.032000
0.366000
0.000000
2.250000
0.000000
0.000000
0.000000
0.000000
0.000000
0.000000
0.000000
3.170000
3.750000
0.000000
0.000000
0.000000
0.000000
0.000000
3.198000
1.847000
0.000000
0.076000
0.651000
0.000000
3.553000
0.120000
0.000000
0.000000
3.064000
1.427000
0.564000
0.935000
2.232000
1.744000
2.022000
2.583000
1.220000
0.000000
1.215000
0.941000
0.000000
0.000000
0.000000
1.753000
0.000000
0.000000
1.258000
1.626000
2.574000
0.000000
0.637000
0.000000
0.000000
3.518000
0.000000
0.000000
0.000000
3.220000
0.000000
0.000000
0.000000
0.000000
1.998000
1.054000
0.073000
1.758000
2.845000
0.000000
0.000000
0.000000
0.000000
1.932000
0.112000
0.490000
0.000000
0.955000
0.000000
0.000000
3.912000
4.405000
0.000000
0.637000
0.801000
0.000000
0.000000
0.051000
2.639000
1.205000
0.217000
0.000000
0.000000
0.000000
5.718000
0.000000
1.858000
2.593000
0.000000
0.000000
0.000000
0.664000
0.000000
5.993000
0.000000
0.000000
2.989000
0.606000
0.000000
0.187000
0.106000
0.000000
4.623000
0.000000
4.294000
0.000000
3.773000
1.037000
0.000000
2.280000
4.801000
0.000000
0.000000
0.251000
0.437000
0.000000
0.300000
1.064000
0.000000
0.000000
2.354000
3.039000
4.855000
2.917000
0.000000
2.771000
1.868000
2.106000
0.000000
0.000000
0.000000
3.271000
0.824000
1.791000
2.071000
0.000000
0.367000
0.000000
0.000000
0.000000
1.147000
0.132000
2.905000
2.152000
0.000000
0.000000
2.505000
0.642000
3.526000
0.000000
0.000000
3.714000
4.941000
0.000000
0.000000
4.947000
0.000000
0.000000
0.125000
3.052000
0.000000
2.488000
0.038000
2.101000
1.896000
0.000000
0.000000
0.000000
0.000000
0.228000
0.000000
0.000000
0.000000
2.092000
0.000000
0.000000
0.000000
0.000000
0.000000
0.000000
0.000000
0.810000
0.679000
1.348000
0.000000
4.012000
0.000000
0.952000
1.882000
0.000000
0.000000
0.859000
0.554000
0.066000
0.000000
0.858000
1.206000
0.000000
0.483000
2.438000
0.451000
0.797000
2.982000
0.000000
4.544000
2.133000
0.000000
0.225000
0.000000
0.000000
0.000000
0.000000
3.667000
1.417000
0.000000
0.000000
0.000000
0.000000
0.000000
0.000000
0.000000
1.627000
0.027000
0.266000
0.000000
0.416000
0.000000
4.535000
0.000000
0.000000
0.258000
0.000000
0.000000
0.566000
4.720000
2.772000
0.000000
1.585000
2.587000
0.000000
0.520000
3.665000
0.000000
0.381000
0.503000
0.000000
0.000000
2.043000
1.095000
0.000000
0.000000
0.000000
0.000000
1.090000
0.000000
0.502000
0.000000
0.000000
0.000000
0.000000
2.759000
0.000000
0.000000
0.000000
0.000000
5.059000
0.000000
2.464000
0.652000
0.695000
0.000000
0.000000
0.053000
0.829000
0.094000
2.403000
0.000000
0.000000
1.136000
1.859000
1.411000
0.000000
0.000000
0.045000
1.309000
0.000000
0.000000
0.000000
0.000000
0.000000
1.343000
1.117000
0.000000
0.000000
0.107000
0.000000
0.048000
0.310000
0.225000
0.234000
0.000000
0.000000
0.000000
1.629000
0.000000
0.121000
0.652000
0.000000
0.000000
0.000000
0.751000
0.000000
0.000000
0.000000
0.000000
0.000000
0.210000
1.052000
0.000000
0.567000
0.000000
0.967000
2.806000
0.000000
0.021000
1.062000
1.252000
0.000000
2.741000
0.479000
6.427000
2.944000
0.389000
1.228000
1.937000
0.619000
0.000000
1.062000
1.694000
1.674000
0.920000
0.264000
0.089000
0.000000
0.000000
1.143000
0.000000
0.824000
0.000000
2.522000
0.247000
0.241000
0.000000
0.334000
0.041000
1.941000
3.416000
0.251000
0.670000
0.000000
0.565000
0.000000
0.000000
2.783000
0.407000
1.098000
1.695000
0.000000
0.000000
0.000000
0.016000
2.826000
1.448000
0.000000
0.000000
0.000000
0.540000
0.000000
0.000000
0.000000
0.688000
0.000000
0.190000
1.114000
4.475000
2.298000
0.000000
0.000000
0.000000
5.621000
0.000000
0.841000
0.701000
4.148000
0.000000
0.162000
0.238000
1.102000
1.849000
1.061000
0.000000
0.000000
0.000000
0.000000
0.000000
0.000000
0.374000
0.199000
1.085000
0.000000
0.000000
0.000000
0.000000
1.835000
1.007000
0.000000
0.716000
0.000000
0.463000
2.016000
0.000000
2.194000
0.000000
1.088000
0.249000
0.000000
0.032000
0.000000
2.410000
0.000000
0.839000
0.958000
0.000000
2.236000
1.785000
2.936000
0.000000
0.000000
0.000000
0.000000
3.630000
0.000000
0.060000
0.000000
1.064000
0.000000
0.000000
0.000000
0.000000
3.414000
1.106000
0.000000
0.000000
0.000000
0.083000
2.775000
0.704000
0.029000
2.255000
0.000000
2.606000
0.000000
3.320000
0.000000
0.000000
2.423000
0.817000
0.000000
0.000000
0.000000
0.000000
0.000000
0.533000
0.000000
0.000000
0.000000
0.571000
0.000000
2.199000
0.034000
0.000000
0.000000
0.808000
1.768000
0.702000
0.000000
0.348000
2.112000
0.379000
1.303000
0.000000
0.075000
0.000000
0.000000
0.000000
0.000000
0.480000
0.000000
0.000000
0.000000
0.000000
0.387000
1.000000
1.759000
0.000000
1.334000
2.586000
0.000000
0.000000
2.463000
0.000000
0.000000
0.000000
0.000000
0.163000
0.000000
0.077000
0.000000
0.000000
0.000000
0.000000
0.000000
0.000000
0.000000
0.256000
0.000000
1.302000
0.055000
0.000000
0.000000
0.000000
2.232000
0.000000
1.889000
0.000000
1.718000
2.990000
0.000000
0.000000
0.000000
0.258000
2.924000
0.000000
1.183000
0.000000
0.000000
0.000000
1.305000
0.614000
0.000000
0.177000
0.000000
0.000000
0.862000
0.000000
0.000000
0.786000
0.256000
0.163000
0.000000
0.030000
0.000000
0.000000
0.879000
0.000000
0.000000
0.299000
0.000000
0.815000
0.000000
0.000000
0.000000
1.437000
0.178000
0.000000
0.000000
0.000000
0.000000
0.000000
0.000000
0.000000
1.841000
0.000000
0.000000
0.000000
2.384000
0.000000
0.000000
0.000000
0.787000
2.647000
3.691000
0.162000
0.000000
0.431000
0.316000
0.000000
0.435000
0.000000
0.431000
0.000000
0.000000
0.000000
0.468000
0.000000
0.000000
0.000000
0.000000
0.000000
0.885000
0.000000
1.938000
0.000000
0.000000
0.000000
0.000000
0.000000
0.276000
0.000000
0.000000
1.165000
0.000000
0.000000
0.489000
0.000000
0.000000
0.000000
0.000000
0.528000
0.000000
0.246000
2.334000
0.000000
4.504000
0.000000
0.000000
0.000000
0.000000
0.000000
0.257000
1.890000
0.000000
0.000000
0.483000
0.359000
0.000000
0.000000
0.724000
0.285000
0.000000
0.826000
0.517000
0.992000
0.000000
0.117000
0.000000
0.000000
0.482000
2.286000
0.620000
3.114000
0.399000
0.000000
0.000000
0.000000
0.000000
0.000000
1.621000
0.614000
2.421000
0.000000
0.374000
0.000000
0.811000
0.000000
0.000000
0.000000
0.000000
2.176000
0.000000
0.000000
0.707000
0.000000
1.415000
0.000000
0.000000
0.000000
0.000000
0.549000
0.107000
0.000000
0.000000
0.000000
0.031000
0.000000
0.330000
0.000000
1.806000
0.478000
0.000000
0.000000
1.795000
0.448000
0.000000
0.000000
0.000000
0.823000
0.000000
0.364000
0.000000
0.264000
0.000000
1.226000
0.263000
0.274000
0.000000
3.082000
0.000000
0.000000
0.000000
0.017000
0.000000
0.000000
2.024000
0.000000
0.000000
0.000000
2.052000
0.000000
0.674000
0.000000
0.000000
0.000000
0.000000
0.082000
0.000000
0.000000
0.000000
2.590000
0.000000
0.218000
0.000000
0.000000
0.000000
0.000000
0.000000
1.787000
0.000000
0.000000
2.277000
0.000000
2.465000
0.000000
0.473000
0.061000
1.366000
0.000000
0.000000
0.000000
0.547000
0.486000
2.475000
1.917000
0.000000
0.000000
0.000000
1.069000
3.434000
0.278000
0.085000
1.658000
0.000000
0.000000
0.000000
1.562000
3.168000
0.000000
0.000000
0.778000
0.000000
0.000000
2.706000
0.000000
0.000000
0.000000
4.560000
0.000000
0.179000
0.000000
0.819000
0.000000
0.000000
0.000000
1.098000
2.565000
0.000000
0.067000
0.898000
0.000000
0.000000
0.628000
0.000000
0.369000
0.000000
0.000000
0.000000
0.000000
0.000000
0.000000
1.298000
2.507000
1.269000
1.110000
0.000000
0.331000
0.000000
0.622000
0.856000
0.000000
1.101000
0.000000
0.300000
0.678000
0.000000
0.471000
0.000000
0.432000
0.000000
0.000000
0.132000
0.000000
0.547000
0.000000
0.000000
0.000000
1.089000
2.453000
0.940000
0.766000
2.394000
1.449000
1.666000
0.965000
1.391000
3.708000
0.000000
2.099000
0.711000
1.615000
1.285000
0.954000
0.000000
0.456000
1.130000
1.703000
0.344000
1.057000
2.349000
0.000000
1.191000
0.204000
0.000000
1.187000
0.000000
1.736000
0.000000
0.345000
1.313000
0.502000
1.618000
0.000000
0.000000
0.000000
0.656000
0.000000
0.000000
0.000000
