7.756000
10.588000
8.340000
4.834000
5.089000
4.896000
10.754000
10.605000
6.422000
8.840000
8.816000
11.481000
14.287000
11.198000
8.700000
10.202000
8.651000
6.006000
16.282000
9.783000
10.310000
6.481000
11.103000
5.095000
5.267000
8.493000
11.293000
4.423000
6.432000
14.110000
10.436000
10.808000
4.978000
7.589000
8.659000
8.570000
11.572000
9.629000
6.580000
6.194000
11.343000
11.945000
21.788000
9.077000
12.196000
4.754000
5.109000
11.836000
8.367000
8.980000
13.000000
9.079000
4.271000
8.347000
9.949000
5.160000
11.222000
13.970000
5.052000
11.952000
6.940000
9.150000
7.628000
4.384000
14.488000
8.145000
9.031000
7.109000
6.684000
4.840000
11.709000
8.575000
6.602000
6.803000
7.036000
9.864000
11.601000
6.403000
5.422000
12.809000
10.449000
9.781000
11.076000
7.534000
6.859000
6.583000
5.384000
7.488000
10.756000
11.096000
7.052000
8.354000
12.180000
7.292000
7.233000
8.271000
7.359000
8.853000
5.981000
7.519000
10.789000
9.001000
5.822000
7.968000
2.130000
6.316000
12.172000
7.528000
10.261000
11.778000
13.412000
7.647000
12.643000
14.904000
7.478000
9.719000
9.405000
9.596000
7.043000
4.378000
10.190000
4.669000
5.080000
7.568000
11.405000
8.381000
10.442000
6.940000
13.302000
8.980000
10.479000
5.929000
10.401000
8.335000
8.554000
7.256000
6.673000
21.723000
10.078000
11.853000
10.048000
14.134000
10.908000
12.678000
12.961000
6.528000
6.127000
6.633000
9.464000
7.728000
8.316000
8.786000
7.598000
9.952000
8.793000
8.069000
10.974000
9.115000
9.753000
4.481000
12.054000
12.184000
13.132000
12.754000
8.899000
1.651000
7.730000
3.183000
4.092000
11.110000
9.938000
8.248000
5.792000
8.295000
11.021000
11.034000
9.431000
6.727000
5.611000
10.174000
14.552000
8.536000
7.674000
18.819000
11.016000
5.266000
6.258000
16.275000
9.947000
7.437000
7.496000
6.997000
3.153000
8.651000
9.607000
6.206000
13.624000
3.414000
4.633000
5.509000
8.669000
8.531000
13.258000
4.321000
8.432000
7.691000
8.129000
10.314000
8.897000
7.731000
10.254000
5.898000
7.566000
9.115000
13.711000
1.590000
14.808000
11.525000
11.373000
7.533000
10.165000
9.067000
9.056000
6.760000
13.026000
6.515000
12.230000
14.639000
11.866000
4.889000
3.974000
13.692000
3.940000
8.874000
3.317000
6.492000
10.068000
7.025000
21.319000
10.664000
13.917000
2.559000
13.698000
6.584000
10.503000
11.560000
11.532000
11.202000
6.620000
9.271000
10.101000
8.101000
7.333000
14.312000
9.000000
6.752000
14.052000
10.188000
13.217000
8.058000
3.156000
10.771000
7.572000
10.340000
9.995000
11.340000
11.441000
10.125000
9.897000
10.641000
10.364000
12.018000
6.311000
6.000000
10.742000
7.846000
11.779000
5.100000
9.732000
11.481000
7.155000
9.015000
12.888000
5.933000
9.502000
10.011000
5.522000
8.611000
8.420000
7.442000
10.764000
11.386000
7.113000
7.737000
6.387000
10.810000
7.588000
14.650000
4.377000
7.744000
10.267000
6.358000
11.042000
5.326000
10.236000
8.241000
15.852000
9.865000
10.613000
10.799000
13.908000
7.787000
3.902000
6.724000
8.862000
7.286000
8.331000
9.345000
10.549000
12.444000
9.156000
11.080000
9.718000
6.299000
13.995000
7.940000
9.278000
6.033000
8.661000
9.722000
10.989000
3.023000
10.754000
8.417000
8.905000
6.477000
8.437000
1.575000
12.285000
5.682000
5.625000
6.629000
8.930000
10.947000
13.505000
10.876000
9.377000
10.053000
4.093000
5.376000
9.208000
14.143000
10.429000
9.258000
11.284000
8.561000
6.046000
12.835000
15.763000
5.990000
9.556000
11.124000
13.083000
9.587000
7.517000
15.310000
12.193000
7.128000
3.757000
8.505000
10.589000
10.865000
9.735000
4.952000
8.888000
3.191000
8.465000
11.561000
11.737000
6.154000
8.446000
6.505000
12.472000
6.140000
11.999000
15.183000
13.345000
7.648000
12.399000
9.245000
6.200000
8.509000
15.112000
7.149000
7.709000
12.142000
14.287000
11.861000
13.114000
10.498000
10.317000
6.031000
7.024000
13.484000
11.899000
9.074000
11.032000
9.845000
7.504000
11.295000
7.521000
5.795000
13.238000
6.167000
7.857000
15.579000
12.602000
9.250000
5.615000
9.954000
9.716000
7.944000
12.004000
13.873000
7.265000
8.527000
10.287000
12.323000
15.426000
11.981000
11.972000
9.897000
8.810000
10.696000
13.107000
15.026000
12.687000
13.341000
6.186000
13.285000
10.191000
11.357000
7.176000
10.513000
15.831000
6.155000
9.011000
4.907000
4.368000
10.594000
15.644000
9.876000
6.363000
7.750000
5.986000
7.078000
11.587000
8.805000
9.953000
10.638000
12.536000
8.261000
14.179000
7.262000
12.485000
12.325000
8.313000
11.575000
8.592000
10.902000
12.869000
13.087000
9.280000
7.175000
9.162000
10.235000
11.890000
3.691000
6.499000
9.950000
9.607000
11.349000
6.303000
12.302000
6.401000
18.625000
10.850000
17.564000
8.107000
13.315000
9.218000
20.334000
5.648000
6.512000
12.584000
7.647000
8.499000
10.511000
11.693000
7.013000
12.211000
10.621000
10.789000
8.310000
6.112000
15.947000
10.920000
8.582000
12.472000
9.008000
6.089000
15.806000
19.062000
7.366000
7.102000
13.180000
9.419000
12.991000
9.149000
17.116000
7.464000
8.793000
14.310000
4.952000
10.281000
15.454000
13.203000
9.010000
10.888000
16.270000
17.407000
20.188000
9.212000
13.584000
9.136000
18.650000
11.706000
19.032000
13.487000
9.676000
9.923000
11.450000
10.049000
7.097000
14.300000
4.995000
12.410000
6.243000
13.769000
4.243000
8.492000
7.584000
12.930000
16.756000
11.533000
10.695000
11.178000
25.663000
9.584000
8.147000
5.184000
4.376000
12.251000
16.822000
10.308000
10.713000
7.787000
13.044000
20.645000
12.374000
13.439000
12.141000
12.961000
7.336000
8.512000
7.500000
11.422000
16.383000
11.986000
11.487000
12.258000
11.487000
18.774000
14.736000
22.799000
16.756000
13.746000
18.509000
14.686000
8.963000
14.314000
10.164000
18.109000
17.337000
4.978000
9.992000
16.372000
15.376000
11.230000
12.005000
9.587000
13.019000
8.990000
6.785000
9.999000
2.649000
7.233000
9.512000
5.453000
7.495000
9.189000
6.901000
7.539000
7.701000
7.543000
5.143000
2.490000
7.451000
7.266000
8.695000
7.983000
4.148000
9.492000
6.087000
9.279000
6.338000
6.136000
3.320000
8.128000
7.523000
7.910000
7.037000
6.418000
5.155000
8.365000
6.737000
7.329000
8.107000
11.674000
6.497000
9.150000
4.399000
6.611000
9.415000
7.028000
8.934000
5.012000
6.260000
8.952000
9.750000
3.645000
8.467000
8.181000
9.697000
3.482000
12.848000
8.850000
4.793000
3.030000
11.944000
19.513000
7.900000
7.004000
8.444000
23.197000
3.784000
10.124000
5.367000
8.227000
5.027000
8.806000
2.371000
12.444000
13.673000
4.167000
2.750000
8.923000
9.324000
8.344000
6.408000
7.455000
7.735000
12.010000
9.860000
4.933000
19.664000
7.612000
8.414000
20.317000
7.480000
6.491000
11.684000
20.010000
4.614000
9.091000
15.266000
9.976000
19.734000
9.397000
6.033000
20.006000
16.359000
10.415000
2.573000
8.460000
14.058000
6.856000
10.385000
14.930000
4.500000
12.413000
6.396000
10.380000
15.041000
6.952000
9.623000
7.115000
9.186000
6.488000
10.968000
14.864000
10.354000
10.612000
22.402000
9.049000
18.979000
13.387000
18.388000
12.511000
4.793000
8.464000
13.198000
8.965000
16.974000
15.957000
6.617000
19.089000
10.624000
11.722000
8.443000
4.674000
8.072000
10.374000
8.862000
6.510000
10.444000
7.036000
13.726000
11.085000
11.624000
12.146000
12.294000
9.019000
11.411000
12.448000
7.180000
11.135000
7.591000
16.997000
7.072000
2.347000
10.469000
16.645000
7.403000
6.676000
8.373000
14.323000
12.964000
10.035000
10.501000
13.488000
13.698000
13.654000
15.304000
10.267000
19.102000
12.194000
12.962000
12.918000
9.944000
12.076000
11.211000
10.333000
6.869000
9.196000
9.021000
16.027000
9.233000
11.102000
10.177000
9.587000
12.339000
4.975000
11.128000
10.252000
6.739000
8.374000
11.367000
14.477000
6.409000
4.440000
5.705000
14.020000
13.167000
13.721000
9.228000
10.814000
7.429000
13.677000
10.694000
10.188000
12.358000
14.473000
13.762000
9.364000
12.279000
3.567000
12.116000
7.610000
18.584000
10.505000
11.671000
14.318000
7.696000
10.044000
8.524000
17.545000
8.809000
5.490000
12.042000
12.731000
8.680000
13.290000
8.682000
9.881000
11.362000
16.858000
6.809000
13.485000
13.952000
9.998000
11.406000
13.035000
12.588000
15.477000
12.086000
6.691000
12.192000
12.744000
4.571000
15.409000
7.888000
10.393000
5.938000
8.670000
9.351000
10.438000
16.186000
11.865000
10.083000
14.233000
8.083000
7.804000
8.537000
11.103000
9.384000
10.536000
18.311000
13.307000
14.833000
8.834000
12.509000
6.982000
13.623000
8.297000
14.651000
5.221000
15.812000
11.767000
8.089000
8.032000
10.934000
16.946000
14.075000
8.758000
9.181000
5.657000
9.402000
12.909000
10.601000
10.902000
5.946000
13.643000
13.469000
13.372000
1.708000
6.337000
14.144000
13.250000
15.024000
16.194000
13.618000
14.753000
15.446000
10.785000
9.153000
10.474000
10.897000
9.666000
12.563000
14.000000
8.828000
11.462000
16.855000
13.724000
16.500000
16.143000
9.398000
6.887000
10.879000
10.913000
17.933000
8.642000
10.412000
17.947000
14.834000
12.408000
16.154000
12.105000
11.674000
14.459000
7.472000
12.025000
13.715000
7.937000
5.865000
9.568000
11.540000
8.460000
11.969000
11.391000
8.136000
15.406000
12.316000
14.183000
9.580000
12.214000
11.545000
10.548000
6.064000
8.182000
11.645000
10.990000
9.340000
8.930000
8.256000
20.951000
10.941000
12.484000
12.259000
10.015000
10.314000
10.964000
11.367000
8.071000
9.036000
9.140000
10.392000
12.244000
10.190000
15.090000
13.493000
16.765000
6.509000
14.554000
11.463000
17.294000
9.875000
12.890000
6.790000
8.489000
7.640000
10.115000
11.010000
12.478000
7.024000
5.273000
16.053000
10.819000
9.653000
13.555000
3.109000
6.009000
7.247000
19.456000
7.819000
5.735000
10.155000
11.185000
14.058000
10.172000
9.913000
8.948000
13.085000
9.426000
11.892000
16.147000
11.976000
8.259000
12.405000
20.821000
15.473000
18.895000
13.355000
15.228000
9.039000
14.926000
16.673000
3.614000
17.231000
12.765000
21.406000
12.563000
15.223000
13.831000
13.899000
10.487000
12.025000
8.209000
9.863000
8.708000
11.771000
9.185000
9.940000
8.459000
10.250000
18.008000
14.457000
12.855000
12.100000
6.340000
12.385000
13.708000
8.066000
9.903000
20.715000
10.901000
6.574000
17.384000
14.712000
9.888000
13.494000
19.036000
6.475000
10.067000
10.873000
15.965000
7.940000
12.638000
18.350000
10.728000
6.683000
14.871000
12.244000
16.508000
4.821000
15.076000
5.773000
10.806000
4.412000
9.846000
13.542000
12.392000
16.900000
13.835000
9.012000
9.432000
15.818000
14.524000
16.964000
13.731000
5.054000
15.270000
10.861000
8.204000
12.306000
19.206000
20.002000
5.536000
16.121000
9.245000
10.291000
21.268000
12.417000
13.598000
5.393000
10.096000
15.639000
11.839000
8.272000
13.227000
17.634000
18.555000
13.380000
12.949000
13.495000
15.329000
26.185000
10.397000
13.023000
13.990000
11.177000
14.734000
16.019000
15.004000
12.179000
6.993000
11.963000
11.861000
12.360000
15.107000
14.370000
15.801000
7.301000
12.707000
15.019000
7.530000
8.202000
15.478000
18.243000
11.280000
9.934000
7.617000
4.350000
13.959000
9.381000
9.890000
13.085000
16.621000
6.820000
4.104000
6.414000
16.079000
13.169000
16.321000
13.213000
11.871000
12.536000
10.689000
11.497000
10.140000
7.298000
11.335000
20.840000
10.771000
11.402000
9.697000
13.159000
9.611000
19.788000
12.464000
11.152000
10.237000
17.190000
9.607000
22.083000
18.497000
8.963000
13.434000
16.160000
7.927000
10.466000
22.682000
12.340000
15.449000
11.227000
13.639000
15.455000
12.281000
12.923000
19.130000
19.180000
14.727000
12.053000
11.220000
14.635000
13.378000
10.958000
6.680000
12.151000
12.394000
11.702000
14.270000
8.960000
11.929000
9.647000
21.823000
14.549000
16.696000
11.892000
15.088000
10.533000
11.761000
18.314000
9.123000
8.206000
16.959000
18.567000
9.927000
8.834000
22.561000
13.708000
14.016000
14.077000
19.151000
11.015000
11.401000
12.112000
13.031000
16.391000
14.241000
5.216000
12.264000
13.921000
14.220000
10.194000
17.294000
10.133000
9.067000
10.895000
12.800000
13.699000
19.545000
12.777000
15.509000
21.157000
18.140000
13.628000
5.369000
7.960000
11.961000
4.630000
13.654000
7.975000
5.635000
8.512000
7.568000
5.657000
7.531000
16.829000
4.741000
4.306000
6.257000
4.483000
6.829000
8.681000
4.541000
6.144000
8.288000
2.537000
7.167000
4.990000
5.762000
10.906000
14.626000
12.436000
3.241000
5.721000
8.329000
9.040000
5.273000
3.891000
4.702000
5.695000
7.665000
11.146000
11.026000
4.215000
5.913000
4.811000
9.864000
12.440000
10.135000
8.686000
4.011000
12.975000
9.207000
8.121000
9.588000
7.761000
19.406000
11.237000
13.554000
15.218000
17.268000
8.051000
15.102000
19.629000
3.955000
7.549000
9.423000
9.128000
17.214000
5.787000
13.519000
12.034000
16.191000
13.975000
5.040000
18.093000
19.514000
8.233000
13.434000
4.910000
7.559000
19.454000
9.669000
10.093000
21.148000
12.802000
6.496000
11.510000
13.072000
17.554000
19.689000
10.168000
13.240000
18.193000
5.110000
4.789000
9.760000
16.014000
7.867000
12.320000
7.178000
10.509000
3.172000
18.884000
14.494000
7.104000
11.425000
14.060000
15.936000
12.219000
14.681000
6.998000
14.858000
7.713000
10.361000
17.122000
11.875000
8.754000
9.031000
7.332000
17.291000
13.272000
15.985000
13.032000
6.706000
7.628000
24.646000
5.979000
16.457000
5.773000
20.037000
14.080000
14.116000
15.525000
4.362000
18.021000
10.053000
11.186000
6.453000
14.844000
20.011000
14.500000
7.777000
6.046000
20.673000
11.884000
14.029000
8.333000
4.021000
7.507000
20.124000
6.284000
4.011000
1.557000
3.994000
1.994000
2.329000
7.022000
7.555000
1.794000
17.295000
4.426000
9.321000
11.677000
8.954000
10.332000
4.145000
3.704000
4.448000
10.830000
4.373000
0.000000
5.733000
2.985000
6.021000
8.973000
2.598000
5.705000
6.111000
0.184000
0.000000
9.300000
9.683000
10.594000
13.334000
3.932000
5.979000
4.441000
2.400000
4.585000
5.465000
4.498000
0.000000
0.607000
5.924000
3.596000
0.000000
1.197000
0.000000
0.000000
0.000000
0.000000
0.000000
0.000000
1.178000
1.668000
0.413000
4.285000
4.741000
7.757000
0.000000
6.540000
0.000000
0.223000
0.000000
3.804000
2.350000
0.000000
2.398000
0.000000
3.023000
3.336000
0.000000
0.000000
2.309000
9.757000
10.148000
8.973000
4.886000
0.000000
1.603000
0.000000
8.788000
0.000000
8.240000
9.009000
7.585000
0.000000
4.631000
0.662000
0.000000
0.000000
0.237000
0.000000
0.000000
7.058000
0.164000
0.000000
0.000000
3.297000
6.235000
8.974000
0.000000
0.000000
13.333000
0.282000
0.738000
13.708000
3.450000
7.569000
18.931000
2.400000
0.087000
0.000000
6.593000
1.989000
0.000000
1.814000
13.789000
0.000000
12.610000
0.000000
4.663000
2.293000
11.795000
0.000000
4.446000
5.978000
1.370000
11.330000
8.516000
0.000000
7.003000
5.856000
0.000000
20.276000
1.302000
9.061000
1.155000
0.000000
10.023000
0.000000
0.682000
3.009000
8.284000
0.000000
11.493000
9.385000
9.271000
0.000000
0.000000
6.425000
0.000000
3.858000
17.294000
17.897000
9.471000
0.000000
6.657000
12.030000
4.058000
18.689000
20.151000
10.674000
4.444000
0.000000
0.000000
3.864000
12.098000
3.246000
5.635000
6.464000
0.620000
0.000000
16.436000
4.225000
0.000000
12.115000
2.143000
6.471000
0.000000
0.000000
6.535000
9.200000
5.668000
0.049000
0.000000
2.430000
12.144000
11.619000
3.930000
3.071000
0.000000
8.328000
11.287000
0.544000
5.190000
0.000000
11.048000
0.000000
13.879000
5.821000
4.699000
0.000000
0.000000
3.710000
0.000000
11.788000
12.348000
6.844000
6.112000
5.145000
6.577000
11.391000
9.015000
3.054000
10.647000
5.489000
2.086000
10.774000
7.571000
7.446000
6.115000
0.000000
0.000000
7.567000
7.941000
6.823000
14.618000
10.648000
2.974000
11.348000
1.544000
9.806000
7.610000
11.570000
5.210000
4.410000
13.838000
9.408000
2.678000
0.000000
22.015000
4.959000
3.131000
9.862000
8.867000
16.793000
0.000000
12.176000
3.575000
0.506000
7.817000
11.622000
12.163000
0.000000
1.271000
1.750000
11.439000
1.119000
0.995000
3.393000
7.434000
5.457000
7.797000
2.440000
7.169000
5.606000
0.938000
7.266000
6.558000
3.721000
2.832000
4.818000
3.062000
4.410000
7.181000
12.101000
10.359000
10.341000
2.216000
4.318000
13.271000
12.550000
3.686000
7.245000
0.240000
0.000000
11.943000
15.329000
9.675000
1.780000
5.165000
1.323000
0.952000
10.767000
3.489000
0.000000
5.555000
0.000000
0.852000
7.128000
2.969000
10.325000
3.004000
5.275000
4.800000
1.862000
3.092000
5.236000
3.103000
2.054000
11.395000
9.339000
6.844000
2.732000
7.971000
13.844000
2.800000
1.635000
6.159000
3.250000
4.190000
1.920000
0.000000
6.245000
4.726000
6.840000
3.810000
8.105000
0.225000
1.728000
5.285000
4.530000
14.193000
8.941000
17.167000
0.000000
9.856000
7.404000
16.242000
16.365000
5.596000
3.939000
9.190000
0.816000
10.193000
2.261000
5.447000
0.774000
10.310000
4.702000
14.057000
3.822000
11.539000
11.510000
0.000000
21.271000
8.264000
7.547000
0.655000
1.115000
14.101000
15.636000
2.532000
4.196000
5.919000
5.018000
12.654000
8.458000
0.000000
1.122000
10.060000
9.457000
5.402000
11.734000
3.962000
2.175000
6.855000
10.507000
0.000000
2.215000
4.320000
4.348000
5.123000
3.364000
1.954000
4.195000
4.721000
3.961000
3.188000
3.278000
5.678000
7.615000
0.772000
2.098000
15.874000
2.369000
4.731000
3.285000
3.654000
8.496000
1.842000
5.860000
0.069000
4.822000
11.085000
0.570000
3.321000
2.252000
1.150000
0.884000
1.069000
7.081000
3.696000
1.944000
5.734000
8.420000
4.013000
2.760000
1.646000
4.729000
4.551000
0.000000
12.863000
2.015000
2.343000
2.305000
0.814000
4.808000
10.446000
2.201000
5.477000
4.941000
6.123000
5.214000
4.646000
12.294000
0.566000
7.663000
3.771000
10.701000
14.838000
5.469000
2.296000
5.123000
2.463000
9.207000
3.221000
3.584000
1.981000
9.019000
8.490000
18.891000
3.840000
1.077000
4.264000
17.672000
9.987000
2.305000
1.488000
4.129000
3.902000
0.386000
17.932000
2.422000
5.634000
4.773000
2.948000
6.687000
6.436000
4.151000
5.435000
8.504000
0.000000
3.069000
1.076000
2.019000
0.000000
3.573000
1.960000
2.525000
5.822000
6.543000
0.000000
0.918000
2.378000
10.124000
0.137000
1.798000
1.206000
4.196000
5.675000
1.893000
2.173000
0.000000
1.188000
1.673000
3.612000
0.000000
1.187000
3.639000
2.942000
2.944000
5.447000
3.510000
0.483000
2.126000
1.603000
0.000000
3.773000
0.813000
0.865000
3.210000
8.010000
4.861000
0.378000
1.013000
0.000000
5.534000
4.992000
2.795000
5.220000
4.283000
5.018000
0.000000
4.408000
3.271000
6.108000
2.032000
0.668000
3.874000
2.495000
0.000000
0.695000
3.499000
0.000000
1.618000
1.957000
3.347000
0.000000
1.955000
2.972000
0.000000
1.855000
0.000000
0.000000
0.000000
6.104000
0.000000
1.896000
0.000000
2.099000
1.438000
0.000000
1.370000
0.000000
0.719000
2.010000
3.972000
0.673000
3.720000
3.571000
0.122000
3.259000
1.214000
2.007000
3.353000
4.042000
0.700000
0.267000
0.000000
0.000000
0.000000
3.795000
3.679000
1.045000
0.000000
1.464000
0.000000
1.731000
0.000000
3.161000
0.000000
6.845000
0.357000
8.538000
2.101000
2.300000
0.000000
0.668000
3.443000
3.617000
0.000000
9.594000
1.477000
1.862000
13.083000
10.262000
8.562000
6.781000
7.010000
1.787000
0.933000
0.071000
11.792000
12.526000
15.248000
1.729000
0.887000
0.058000
2.958000
0.000000
0.000000
11.785000
0.000000
2.812000
0.755000
4.749000
4.075000
2.533000
0.288000
2.424000
3.282000
0.431000
2.106000
11.462000
2.532000
5.395000
4.821000
0.000000
11.704000
1.187000
0.000000
3.353000
8.610000
1.353000
12.852000
4.377000
4.983000
3.013000
7.420000
8.914000
1.641000
12.374000
3.114000
6.323000
8.416000
0.000000
11.633000
10.959000
2.873000
0.000000
0.175000
13.056000
12.210000
2.384000
2.926000
12.769000
9.243000
3.259000
11.329000
4.921000
13.890000
2.615000
10.529000
8.253000
5.287000
1.405000
4.588000
11.559000
1.386000
11.662000
0.013000
10.735000
5.594000
4.997000
0.000000
4.594000
12.230000
11.187000
2.022000
0.000000
9.907000
15.189000
12.710000
0.000000
1.733000
13.981000
0.953000
15.288000
4.840000
7.711000
4.727000
10.106000
0.000000
7.733000
4.546000
4.123000
4.828000
6.418000
1.909000
3.133000
15.216000
3.924000
1.493000
0.520000
12.512000
8.398000
2.377000
10.256000
4.347000
12.722000
1.926000
0.078000
13.692000
1.793000
7.398000
0.102000
8.673000
13.158000
4.873000
15.185000
1.805000
7.029000
1.061000
1.755000
15.683000
13.866000
5.763000
15.319000
2.918000
9.752000
5.228000
10.233000
5.625000
5.648000
5.502000
13.021000
0.430000
12.866000
8.531000
15.899000
5.922000
13.886000
2.232000
5.422000
5.650000
2.928000
8.613000
12.104000
0.000000
13.185000
4.544000
16.201000
11.791000
6.273000
13.091000
13.269000
0.931000
7.583000
16.454000
4.519000
4.082000
14.334000
0.000000
3.613000
13.317000
6.325000
13.809000
4.963000
15.235000
12.546000
15.928000
14.910000
16.111000
11.239000
0.164000
13.121000
16.008000
0.000000
6.849000
10.417000
14.191000
6.630000
5.398000
10.738000
8.610000
8.566000
12.651000
20.497000
15.027000
14.922000
14.424000
10.724000
15.246000
11.793000
9.945000
5.563000
12.114000
12.757000
3.188000
3.176000
3.207000
4.268000
13.123000
6.689000
5.436000
12.160000
9.895000
8.213000
11.862000
12.107000
11.452000
14.191000
12.462000
11.073000
0.000000
1.873000
13.478000
5.542000
7.321000
3.890000
12.531000
14.049000
9.625000
3.308000
12.600000
12.326000
5.383000
12.683000
12.956000
4.695000
16.519000
16.320000
6.279000
5.621000
5.770000
0.184000
5.765000
3.343000
16.263000
15.492000
12.943000
9.955000
12.979000
12.698000
6.386000
7.614000
17.050000
0.773000
4.687000
0.071000
14.317000
5.286000
1.902000
8.302000
10.966000
7.074000
1.951000
0.000000
12.885000
9.227000
6.612000
0.548000
9.122000
1.990000
2.288000
9.808000
11.026000
14.376000
6.889000
7.550000
7.528000
14.519000
1.806000
8.448000
7.924000
6.982000
14.905000
13.124000
16.075000
2.293000
10.320000
11.494000
7.655000
12.348000
17.084000
15.422000
9.882000
14.175000
11.647000
2.687000
9.707000
8.616000
11.163000
5.123000
0.000000
3.353000
3.897000
8.587000
13.096000
11.322000
2.144000
7.546000
13.058000
11.609000
13.655000
14.139000
11.727000
5.686000
8.232000
4.131000
10.034000
10.429000
5.167000
13.081000
5.294000
13.001000
11.424000
16.615000
11.437000
13.339000
2.709000
12.481000
10.703000
13.468000
5.469000
1.450000
4.273000
5.275000
5.993000
12.352000
16.931000
16.466000
14.260000
8.476000
3.020000
18.316000
12.993000
7.462000
0.000000
15.718000
15.120000
7.767000
7.751000
5.917000
10.183000
11.585000
10.329000
16.891000
9.744000
13.183000
10.348000
12.393000
2.156000
15.436000
3.822000
11.726000
15.864000
10.945000
11.910000
16.037000
8.564000
11.615000
14.481000
8.713000
12.854000
6.076000
12.146000
12.477000
8.237000
8.091000
11.713000
14.242000
14.440000
12.500000
9.620000
12.704000
12.883000
11.265000
16.598000
9.488000
14.479000
12.652000
12.624000
12.886000
15.200000
18.426000
9.597000
16.098000
9.050000
0.128000
9.092000
6.758000
12.735000
12.887000
12.807000
8.575000
5.621000
17.429000
14.126000
16.812000
7.996000
6.451000
11.985000
9.819000
7.020000
17.768000
12.946000
7.432000
10.047000
10.815000
15.548000
14.429000
9.875000
13.197000
12.963000
12.500000
0.053000
3.521000
8.359000
17.811000
18.576000
13.647000
10.630000
11.164000
10.146000
2.604000
6.142000
7.505000
9.677000
13.574000
9.432000
7.126000
13.727000
10.909000
9.631000
8.684000
13.243000
15.682000
13.126000
10.927000
9.846000
6.732000
8.469000
7.973000
7.801000
9.914000
6.302000
13.737000
5.966000
5.717000
11.035000
7.461000
7.971000
7.315000
9.827000
4.948000
13.945000
3.394000
8.181000
7.829000
6.030000
9.147000
5.378000
13.947000
11.092000
16.205000
4.699000
4.605000
10.945000
5.173000
8.783000
8.695000
11.049000
6.053000
12.752000
7.932000
6.342000
4.898000
9.309000
7.477000
11.237000
6.796000
8.950000
6.103000
8.100000
2.530000
9.909000
8.709000
6.121000
8.426000
12.217000
4.703000
2.338000
15.691000
10.042000
14.778000
4.535000
16.506000
1.697000
10.008000
14.576000
7.767000
14.683000
7.339000
5.454000
10.467000
7.510000
4.409000
15.149000
7.996000
9.940000
9.530000
8.233000
15.982000
13.619000
8.531000
11.140000
14.320000
8.806000
10.876000
13.564000
18.946000
10.100000
8.526000
7.441000
8.417000
12.752000
12.135000
7.628000
17.498000
5.462000
10.245000
11.094000
10.794000
12.557000
6.577000
13.275000
11.545000
10.299000
5.788000
4.193000
7.533000
9.298000
2.927000
18.115000
17.723000
12.883000
11.327000
12.269000
8.359000
8.519000
18.333000
11.774000
8.861000
8.244000
6.517000
13.551000
18.322000
14.125000
11.469000
13.703000
6.332000
14.894000
5.692000
12.161000
14.924000
12.632000
18.702000
5.305000
5.843000
14.891000
15.224000
15.341000
6.372000
13.931000
11.113000
6.021000
6.012000
11.512000
12.216000
9.043000
11.790000
15.482000
3.491000
14.780000
9.959000
5.437000
6.467000
5.852000
1.926000
4.794000
3.790000
5.714000
5.854000
1.140000
6.919000
5.143000
4.859000
6.108000
1.274000
4.017000
4.017000
1.616000
3.268000
2.406000
10.570000
4.801000
4.086000
13.531000
4.053000
9.655000
6.532000
3.019000
0.000000
13.461000
5.456000
1.556000
1.567000
4.759000
6.855000
10.093000
3.457000
11.830000
5.811000
4.813000
8.625000
0.603000
8.308000
5.893000
13.095000
3.382000
13.992000
1.453000
3.371000
0.442000
7.810000
2.275000
16.403000
4.481000
6.707000
7.982000
4.326000
5.859000
8.602000
8.760000
0.000000
9.188000
8.070000
0.967000
9.420000
8.258000
12.337000
5.444000
4.965000
13.597000
10.563000
10.812000
14.625000
4.273000
5.534000
4.441000
0.000000
0.368000
11.153000
11.097000
6.017000
11.201000
8.166000
14.086000
10.704000
8.127000
2.917000
4.580000
9.985000
12.849000
5.420000
7.005000
1.647000
4.250000
15.511000
8.142000
10.528000
13.836000
11.339000
5.100000
11.530000
10.963000
9.591000
3.300000
14.542000
12.476000
9.956000
8.310000
2.282000
2.841000
13.505000
10.955000
12.633000
5.271000
18.220000
13.865000
13.905000
6.366000
5.548000
6.100000
4.165000
14.771000
5.881000
13.167000
7.528000
3.876000
3.332000
15.582000
6.776000
11.769000
14.962000
11.879000
11.900000
3.677000
9.551000
11.710000
9.936000
13.004000
9.044000
7.263000
14.280000
7.367000
7.348000
11.587000
15.320000
3.921000
12.850000
7.355000
11.759000
2.390000
6.295000
6.874000
11.887000
9.585000
14.988000
14.119000
8.734000
2.854000
14.007000
5.022000
9.824000
8.264000
7.779000
12.000000
15.577000
18.648000
15.684000
4.532000
6.269000
10.139000
0.734000
14.130000
6.570000
10.502000
15.532000
14.626000
11.929000
9.033000
7.083000
3.833000
12.346000
15.921000
7.752000
11.411000
3.983000
10.584000
8.538000
13.182000
10.013000
10.859000
14.089000
5.278000
9.706000
15.557000
1.981000
13.012000
8.397000
15.591000
10.224000
14.147000
11.003000
12.756000
14.206000
10.790000
1.771000
7.904000
13.490000
5.207000
10.133000
11.163000
12.654000
13.081000
4.981000
9.497000
8.602000
11.687000
4.878000
8.488000
7.979000
4.652000
6.143000
10.478000
12.554000
9.593000
6.201000
11.378000
9.387000
10.262000
8.168000
7.515000
2.500000
7.749000
7.658000
6.449000
6.573000
8.149000
10.928000
13.700000
10.548000
9.221000
9.122000
4.400000
9.931000
8.736000
6.793000
6.815000
4.234000
7.621000
14.487000
7.151000
9.956000
4.561000
10.153000
10.343000
4.412000
4.532000
4.167000
9.418000
10.325000
13.193000
12.497000
5.266000
3.010000
11.496000
9.672000
2.240000
13.401000
4.837000
7.163000
11.481000
17.842000
11.494000
6.901000
11.847000
13.751000
8.561000
9.195000
18.114000
9.250000
10.299000
8.838000
9.181000
3.065000
10.642000
6.299000
5.963000
12.304000
13.098000
13.097000
9.616000
13.485000
13.978000
10.950000
14.843000
2.490000
9.567000
15.491000
8.296000
10.806000
6.713000
13.854000
9.147000
19.328000
8.572000
14.128000
7.306000
11.866000
9.041000
7.548000
11.068000
14.127000
21.160000
10.284000
8.018000
10.563000
15.394000
12.048000
9.293000
14.047000
18.885000
7.920000
13.876000
9.040000
5.420000
12.515000
9.090000
6.362000
7.237000
11.816000
11.823000
14.226000
5.287000
18.591000
9.816000
6.236000
15.049000
16.957000
15.104000
16.917000
17.025000
11.065000
13.414000
11.788000
18.633000
13.026000
15.478000
14.397000
3.955000
15.046000
11.952000
8.705000
9.627000
15.481000
15.460000
14.015000
13.960000
10.090000
11.695000
14.122000
7.521000
8.506000
6.824000
10.759000
14.269000
15.456000
16.401000
9.982000
2.938000
6.058000
9.506000
9.773000
8.420000
11.028000
8.848000
14.238000
9.150000
15.022000
8.007000
10.798000
5.786000
12.668000
11.453000
16.743000
8.850000
12.001000
9.944000
8.068000
8.041000
10.006000
16.101000
13.674000
14.021000
0.000000
14.773000
8.959000
13.740000
17.193000
11.786000
9.946000
12.635000
17.036000
10.173000
9.497000
5.292000
11.488000
9.493000
9.520000
9.028000
5.475000
10.041000
5.347000
12.676000
8.485000
19.743000
10.569000
4.887000
7.592000
12.308000
12.831000
6.239000
15.762000
6.393000
6.960000
15.066000
8.029000
13.513000
12.004000
14.565000
14.410000
12.769000
9.385000
15.483000
15.050000
9.552000
11.244000
10.635000
7.418000
5.583000
9.547000
15.977000
10.045000
4.388000
0.000000
7.399000
9.268000
4.135000
7.269000
0.570000
5.781000
0.000000
5.594000
5.759000
5.735000
6.657000
0.000000
8.335000
8.942000
8.940000
0.000000
3.427000
3.569000
2.438000
7.459000
3.366000
3.792000
4.499000
4.960000
0.000000
15.007000
3.617000
9.945000
4.518000
1.504000
9.151000
8.450000
2.385000
1.287000
5.910000
0.776000
9.557000
4.093000
3.338000
2.686000
3.594000
6.797000
4.293000
3.652000
0.643000
2.614000
0.643000
3.014000
5.300000
3.583000
4.818000
4.774000
3.433000
7.789000
5.268000
5.821000
8.439000
5.475000
2.656000
4.006000
15.222000
3.381000
6.645000
12.701000
7.013000
3.993000
3.240000
10.460000
10.182000
5.256000
3.470000
1.162000
8.517000
1.421000
4.037000
7.944000
14.317000
1.312000
12.610000
3.843000
2.253000
5.408000
12.104000
6.409000
5.080000
4.989000
2.899000
12.988000
4.011000
0.000000
6.927000
4.835000
13.528000
15.801000
3.634000
6.590000
10.057000
6.836000
0.000000
8.042000
9.544000
0.872000
3.349000
2.674000
4.273000
6.320000
5.686000
2.359000
4.713000
7.666000
11.099000
16.494000
1.936000
1.476000
11.646000
6.775000
15.088000
13.062000
3.617000
6.884000
3.870000
6.064000
3.286000
16.320000
5.496000
6.377000
10.345000
11.147000
11.557000
3.503000
14.605000
2.194000
0.545000
9.355000
9.456000
3.297000
11.701000
8.985000
5.536000
1.713000
2.689000
10.768000
6.246000
14.638000
1.005000
1.395000
3.324000
11.930000
3.637000
13.069000
2.489000
2.321000
9.472000
14.827000
3.843000
1.793000
7.219000
12.481000
9.529000
5.188000
3.400000
16.350000
4.764000
13.166000
3.987000
10.867000
8.296000
11.451000
3.906000
5.921000
2.504000
15.887000
6.414000
12.064000
15.070000
6.145000
13.952000
15.973000
16.942000
5.585000
12.610000
4.273000
5.729000
7.460000
10.768000
15.944000
16.151000
12.015000
2.347000
8.911000
7.112000
16.946000
16.033000
7.863000
15.091000
15.550000
13.752000
9.536000
8.892000
4.422000
8.634000
2.548000
12.721000
15.908000
7.563000
16.433000
14.898000
5.894000
14.259000
11.874000
2.092000
3.519000
13.252000
16.218000
5.956000
11.295000
10.173000
17.293000
8.786000
14.954000
15.819000
7.605000
17.458000
15.690000
12.970000
5.147000
18.127000
14.586000
4.520000
3.662000
11.151000
7.425000
3.346000
14.085000
4.157000
13.528000
16.227000
3.573000
11.921000
5.004000
12.857000
19.225000
13.494000
6.074000
8.072000
1.062000
16.563000
5.402000
3.885000
11.979000
6.815000
8.977000
16.991000
8.544000
19.044000
2.175000
5.293000
7.325000
11.513000
0.000000
0.160000
16.307000
7.200000
6.033000
10.000000
3.764000
8.030000
16.755000
6.233000
4.267000
8.336000
14.167000
21.200000
17.255000
13.963000
13.922000
10.468000
9.015000
14.483000
14.403000
18.135000
11.773000
21.549000
16.987000
10.127000
16.133000
9.945000
17.197000
11.988000
14.071000
8.728000
5.328000
13.257000
9.052000
14.291000
13.110000
10.821000
10.696000
7.511000
11.049000
12.682000
14.461000
11.505000
3.999000
10.897000
14.078000
10.348000
1.435000
9.992000
9.166000
13.273000
12.588000
5.909000
4.507000
13.787000
5.004000
11.592000
6.303000
14.699000
12.814000
4.585000
5.367000
10.710000
4.596000
14.087000
11.451000
15.282000
11.709000
18.769000
11.437000
16.145000
6.947000
8.750000
8.784000
12.949000
14.205000
9.729000
10.779000
12.400000
11.791000
15.967000
17.482000
1.553000
9.164000
8.345000
10.474000
18.273000
14.816000
7.867000
17.086000
18.238000
7.932000
17.714000
10.073000
9.100000
11.150000
3.244000
7.826000
7.580000
9.629000
3.525000
14.697000
7.034000
13.454000
11.846000
12.255000
7.208000
0.000000
12.149000
16.248000
10.939000
1.861000
17.561000
10.223000
14.151000
9.591000
11.958000
3.786000
16.362000
8.491000
10.009000
7.918000
1.995000
11.159000
9.995000
4.081000
5.064000
7.574000
4.562000
8.762000
10.136000
8.645000
2.829000
12.373000
8.100000
6.172000
4.044000
7.242000
7.894000
3.638000
8.821000
11.910000
1.801000
9.454000
12.813000
7.064000
6.424000
13.028000
7.575000
9.359000
12.684000
7.951000
8.418000
9.777000
5.430000
10.502000
7.353000
4.364000
9.131000
12.189000
14.344000
9.219000
3.876000
1.954000
12.170000
11.981000
5.834000
12.550000
8.135000
9.780000
3.427000
6.036000
0.000000
7.572000
3.684000
8.687000
17.918000
7.698000
8.210000
9.648000
14.648000
5.114000
10.046000
6.229000
8.028000
5.588000
4.590000
9.748000
10.748000
7.484000
5.684000
12.870000
4.393000
7.447000
7.168000
5.608000
5.917000
6.632000
8.237000
7.394000
2.794000
3.754000
9.184000
6.551000
1.735000
7.901000
9.252000
8.092000
14.981000
5.063000
5.961000
6.972000
9.652000
1.716000
7.029000
15.863000
8.780000
14.560000
7.029000
10.994000
7.219000
11.920000
5.748000
5.964000
6.337000
9.747000
3.424000
8.097000
11.275000
7.826000
4.124000
7.713000
10.194000
9.930000
9.725000
17.942000
8.191000
2.211000
7.608000
7.749000
7.139000
8.188000
12.873000
9.605000
5.518000
8.064000
10.950000
11.393000
11.289000
10.854000
7.963000
8.222000
4.049000
6.429000
6.129000
3.905000
8.647000
15.827000
14.096000
2.560000
4.203000
10.121000
3.922000
7.115000
1.981000
11.930000
9.999000
7.001000
13.364000
4.898000
2.759000
7.911000
10.646000
13.451000
14.333000
9.375000
9.473000
9.754000
7.666000
7.515000
11.566000
12.721000
4.849000
10.741000
7.183000
13.338000
11.318000
6.888000
6.792000
8.068000
9.947000
19.593000
8.950000
5.663000
7.248000
2.204000
3.700000
13.951000
16.936000
4.717000
8.365000
5.312000
9.865000
11.426000
3.025000
5.315000
10.751000
9.180000
11.840000
9.409000
11.090000
8.340000
6.792000
8.027000
4.040000
11.272000
6.278000
10.293000
8.915000
8.781000
5.111000
7.830000
9.215000
9.166000
12.164000
7.534000
6.899000
7.174000
6.155000
8.307000
3.693000
12.295000
10.192000
2.182000
13.276000
5.554000
12.025000
2.629000
7.208000
7.334000
7.711000
7.048000
10.894000
7.386000
8.539000
11.066000
12.112000
8.392000
7.442000
11.139000
3.291000
9.561000
14.068000
6.552000
14.699000
2.624000
6.991000
11.303000
13.270000
4.830000
9.811000
5.108000
10.296000
5.537000
8.048000
5.062000
7.650000
4.236000
5.664000
7.581000
6.589000
8.722000
6.162000
8.296000
9.637000
7.065000
5.945000
7.382000
3.023000
3.341000
11.031000
7.040000
9.839000
9.486000
11.792000
6.855000
7.416000
8.116000
5.886000
7.390000
5.876000
13.992000
7.125000
8.467000
7.785000
5.154000
7.114000
6.517000
8.480000
13.190000
7.659000
6.253000
11.487000
7.876000
8.083000
9.135000
8.992000
6.950000
5.594000
9.016000
5.026000
10.994000
6.343000
3.834000
8.395000
7.178000
9.413000
4.623000
7.500000
5.570000
7.603000
8.663000
8.166000
8.829000
3.214000
8.990000
10.383000
9.838000
11.871000
10.165000
12.421000
11.151000
8.247000
5.892000
7.413000
9.274000
3.541000
6.518000
5.108000
6.898000
10.393000
2.822000
6.378000
7.327000
7.862000
10.314000
4.795000
5.025000
15.998000
5.211000
4.340000
7.944000
12.697000
8.523000
5.420000
8.169000
8.916000
10.659000
7.115000
2.988000
7.663000
4.467000
9.337000
5.899000
5.682000
14.944000
5.006000
9.735000
4.215000
5.097000
1.971000
7.408000
9.600000
8.514000
5.728000
10.660000
8.748000
11.798000
5.696000
8.667000
7.601000
9.355000
6.956000
4.582000
4.082000
10.660000
12.255000
5.981000
6.736000
5.106000
10.989000
4.943000
11.368000
9.428000
6.574000
9.490000
8.032000
8.397000
11.196000
4.839000
10.243000
7.805000
5.969000
2.298000
7.883000
6.305000
13.133000
11.733000
5.336000
7.516000
7.157000
7.288000
8.910000
14.124000
5.442000
12.027000
7.358000
4.998000
9.730000
7.629000
14.122000
15.996000
6.878000
5.593000
15.271000
9.305000
8.246000
5.043000
8.838000
11.589000
6.409000
2.610000
9.119000
10.685000
14.463000
7.062000
4.822000
3.807000
8.064000
5.403000
10.360000
6.291000
11.993000
6.815000
8.806000
9.653000
10.582000
12.445000
8.816000
8.337000
5.628000
8.583000
10.599000
13.312000
14.794000
8.335000
8.881000
4.362000
6.641000
7.814000
3.014000
5.539000
8.025000
7.876000
5.899000
9.291000
2.719000
6.422000
8.437000
5.024000
10.931000
8.872000
7.307000
17.328000
5.732000
8.057000
7.891000
8.919000
6.014000
7.465000
6.100000
16.011000
6.255000
5.837000
8.756000
6.836000
4.730000
6.018000
3.430000
4.881000
13.295000
8.501000
11.091000
10.435000
6.155000
7.029000
2.932000
7.297000
9.973000
9.230000
5.577000
6.355000
8.468000
5.888000
8.711000
7.965000
5.807000
9.216000
3.787000
4.703000
13.399000
10.544000
7.721000
9.023000
7.248000
5.374000
7.112000
1.873000
7.366000
8.450000
8.863000
6.690000
7.364000
7.912000
10.616000
6.876000
10.492000
7.516000
5.906000
8.960000
4.091000
6.296000
10.905000
6.536000
8.655000
7.396000
8.101000
9.124000
7.493000
3.907000
9.629000
7.389000
8.772000
7.827000
6.778000
5.325000
8.235000
3.257000
8.453000
6.325000
4.207000
6.902000
6.502000
10.763000
7.658000
6.835000
10.793000
5.864000
10.412000
6.231000
3.299000
7.288000
10.420000
9.381000
17.811000
6.606000
7.504000
8.467000
4.469000
11.939000
8.618000
12.502000
7.704000
8.630000
12.327000
8.873000
13.481000
3.692000
6.492000
16.004000
16.224000
9.976000
4.797000
4.787000
8.252000
14.198000
0.942000
7.112000
6.596000
6.922000
9.262000
9.111000
9.191000
8.659000
6.228000
13.206000
8.401000
8.837000
10.034000
3.114000
9.461000
8.319000
9.704000
4.991000
6.114000
15.975000
6.584000
2.878000
7.830000
11.982000
10.267000
8.496000
12.300000
10.728000
8.876000
16.354000
8.707000
5.655000
2.873000
8.267000
8.155000
5.649000
4.659000
8.002000
9.154000
8.464000
12.942000
7.089000
5.845000
11.740000
10.355000
7.744000
6.868000
8.218000
18.043000
9.641000
7.413000
7.279000
4.385000
3.771000
8.642000
12.956000
7.409000
9.120000
9.911000
11.897000
9.251000
8.067000
9.390000
4.276000
11.853000
8.378000
14.575000
10.593000
3.727000
13.839000
11.559000
16.239000
9.748000
9.094000
5.483000
8.892000
14.847000
12.011000
7.317000
11.486000
13.215000
9.055000
7.997000
5.390000
10.095000
1.562000
7.700000
8.601000
8.714000
7.868000
8.914000
9.421000
9.092000
6.371000
7.912000
11.609000
9.111000
8.621000
10.603000
9.181000
5.701000
6.398000
9.140000
7.101000
12.990000
7.899000
7.591000
11.247000
12.653000
12.028000
4.880000
10.799000
6.682000
8.534000
6.130000
10.426000
9.784000
9.121000
10.790000
9.264000
7.191000
8.752000
12.674000
12.938000
17.102000
5.982000
9.657000
15.207000
7.823000
8.761000
12.112000
9.041000
9.242000
9.521000
14.066000
12.785000
6.066000
13.532000
12.350000
9.667000
4.719000
9.905000
13.894000
7.951000
8.170000
6.504000
13.450000
14.029000
2.118000
8.626000
5.506000
9.085000
11.988000
6.308000
10.301000
9.737000
2.575000
7.760000
12.392000
8.953000
10.480000
7.010000
14.048000
4.880000
7.788000
8.660000
6.411000
9.691000
8.277000
13.622000
9.270000
12.049000
10.379000
8.679000
4.487000
11.190000
5.064000
11.642000
11.703000
3.318000
8.023000
9.699000
8.980000
9.708000
9.934000
13.478000
8.682000
7.613000
10.370000
6.161000
10.021000
5.746000
10.079000
16.388000
8.033000
9.007000
9.032000
8.053000
9.749000
9.492000
14.589000
4.288000
8.842000
11.379000
21.362000
11.616000
6.895000
8.509000
5.204000
0.000000
4.958000
6.927000
10.169000
8.992000
14.936000
8.683000
5.861000
6.107000
7.211000
6.511000
10.486000
7.959000
7.791000
9.128000
11.141000
14.383000
9.054000
7.565000
9.083000
9.609000
5.708000
2.219000
11.945000
9.357000
10.453000
15.131000
10.217000
10.097000
4.430000
12.924000
1.683000
13.472000
9.763000
4.431000
16.667000
8.207000
10.287000
11.880000
9.291000
9.825000
21.518000
8.870000
12.220000
14.548000
13.443000
14.693000
8.546000
5.206000
6.063000
15.820000
8.066000
15.288000
2.618000
9.766000
13.535000
14.548000
7.972000
9.470000
10.502000
10.538000
12.156000
10.272000
12.152000
15.963000
9.126000
17.076000
12.166000
7.890000
18.187000
14.654000
10.682000
6.859000
21.340000
9.523000
11.135000
8.676000
9.189000
9.115000
8.855000
14.528000
5.179000
9.867000
16.780000
8.964000
13.088000
2.878000
8.320000
10.239000
6.283000
9.579000
7.316000
16.574000
10.919000
10.280000
11.030000
7.051000
16.736000
11.358000
10.189000
7.469000
11.054000
10.985000
7.597000
17.502000
7.385000
12.104000
8.838000
9.314000
14.750000
10.866000
8.621000
17.207000
6.792000
9.008000
7.552000
10.691000
11.716000
10.099000
8.287000
11.918000
9.572000
6.727000
15.669000
11.536000
12.162000
10.119000
16.606000
8.321000
15.094000
17.424000
5.032000
11.514000
9.980000
8.205000
5.670000
10.105000
8.882000
13.341000
13.296000
9.710000
12.505000
9.579000
9.021000
10.332000
13.492000
4.016000
6.307000
13.515000
8.540000
9.640000
8.393000
8.762000
6.538000
14.151000
11.283000
10.751000
12.305000
10.714000
8.978000
8.780000
9.145000
7.275000
10.622000
13.025000
8.754000
8.762000
9.382000
6.451000
15.158000
10.288000
7.301000
8.965000
9.021000
9.334000
13.491000
10.520000
3.168000
7.411000
9.648000
12.299000
10.676000
10.850000
11.203000
11.021000
8.077000
10.045000
12.231000
14.095000
10.052000
6.033000
11.782000
14.496000
13.041000
6.525000
13.344000
9.818000
9.430000
15.349000
7.668000
9.708000
10.099000
9.091000
10.601000
1.130000
10.947000
17.589000
9.526000
11.165000
7.730000
10.775000
9.935000
9.999000
11.456000
9.435000
4.903000
11.423000
10.945000
5.898000
10.526000
7.453000
9.908000
8.072000
12.325000
12.585000
6.047000
8.530000
1.364000
8.262000
6.527000
3.838000
10.150000
7.606000
4.778000
7.049000
9.444000
4.582000
10.176000
6.641000
11.244000
10.361000
4.482000
3.089000
9.251000
11.364000
11.571000
11.486000
6.262000
1.862000
10.124000
11.213000
9.319000
8.448000
11.041000
14.394000
8.670000
8.484000
10.020000
6.296000
11.016000
7.748000
7.959000
4.294000
9.445000
6.537000
10.960000
6.996000
9.144000
5.788000
8.030000
9.047000
7.898000
3.289000
8.887000
5.247000
7.133000
9.542000
7.861000
5.096000
3.705000
6.621000
9.403000
9.722000
10.494000
10.456000
8.391000
11.005000
8.815000
6.450000
7.334000
6.270000
5.238000
9.616000
8.325000
10.924000
6.861000
12.366000
12.187000
11.972000
14.101000
9.820000
8.517000
7.591000
6.450000
9.730000
11.833000
10.250000
16.626000
8.902000
12.924000
9.574000
11.079000
3.668000
10.811000
7.541000
10.562000
6.716000
6.910000
0.584000
16.772000
10.759000
8.724000
8.277000
13.148000
7.803000
9.472000
8.536000
10.167000
9.143000
10.758000
7.921000
10.330000
7.961000
8.527000
14.429000
10.866000
10.808000
9.813000
7.243000
6.679000
8.284000
7.749000
10.728000
21.004000
6.326000
7.126000
4.606000
7.717000
3.881000
14.491000
6.114000
11.185000
4.881000
9.740000
3.623000
11.100000
8.429000
5.013000
14.368000
14.804000
6.209000
12.450000
13.092000
9.746000
10.298000
11.477000
10.522000
7.670000
13.588000
11.528000
8.449000
10.062000
8.527000
16.353000
17.819000
9.897000
8.666000
8.829000
12.066000
10.224000
12.914000
10.179000
12.772000
13.154000
2.132000
9.164000
7.494000
12.968000
9.429000
14.504000
11.170000
6.477000
15.039000
5.275000
9.784000
15.178000
10.861000
16.064000
15.124000
10.010000
12.552000
14.559000
8.168000
15.848000
4.400000
13.620000
9.133000
11.507000
6.643000
17.026000
13.123000
9.386000
12.098000
14.046000
9.703000
8.132000
10.103000
3.414000
4.628000
4.098000
14.710000
12.752000
10.839000
10.881000
12.563000
4.276000
11.086000
17.093000
5.495000
6.621000
9.981000
13.577000
8.647000
11.341000
5.820000
11.854000
7.895000
8.702000
10.012000
6.367000
8.535000
7.447000
6.732000
3.489000
13.829000
0.000000
6.780000
8.723000
17.663000
7.348000
2.144000
6.745000
15.401000
8.149000
8.213000
10.654000
8.456000
7.714000
14.176000
5.764000
10.319000
7.900000
8.792000
5.395000
13.024000
11.002000
6.742000
9.231000
9.154000
7.067000
8.435000
12.936000
4.585000
0.000000
12.569000
6.321000
7.426000
2.627000
5.721000
3.106000
3.597000
1.550000
0.824000
6.701000
10.046000
0.510000
0.000000
2.454000
5.427000
1.486000
3.734000
3.795000
4.201000
5.596000
0.313000
3.412000
0.855000
0.895000
0.000000
6.051000
5.635000
0.000000
6.726000
2.892000
7.072000
4.148000
0.000000
11.966000
0.535000
4.144000
0.797000
4.156000
9.555000
4.335000
0.780000
5.602000
1.681000
5.947000
8.359000
2.158000
2.908000
12.632000
0.000000
7.342000
0.000000
0.000000
7.775000
5.297000
0.945000
7.339000
2.781000
2.900000
9.401000
8.424000
3.652000
9.045000
3.012000
2.778000
8.785000
0.000000
2.952000
4.999000
1.944000
2.947000
5.821000
0.000000
8.370000
8.515000
5.299000
7.996000
9.340000
2.604000
16.066000
2.917000
1.319000
4.232000
7.169000
18.026000
9.178000
9.723000
9.416000
0.000000
3.906000
7.808000
4.654000
8.034000
4.663000
14.324000
3.480000
15.523000
3.690000
7.352000
0.886000
5.885000
0.000000
0.000000
1.406000
0.692000
7.201000
7.838000
3.697000
5.357000
8.941000
17.877000
5.159000
3.468000
0.000000
5.243000
0.866000
6.960000
2.161000
5.784000
6.104000
8.699000
9.031000
9.992000
6.328000
4.018000
4.194000
8.754000
3.486000
9.887000
12.413000
1.330000
2.246000
6.480000
4.706000
7.170000
5.264000
9.419000
3.013000
4.954000
13.228000
6.110000
5.232000
5.286000
0.000000
7.307000
8.918000
0.939000
3.912000
9.092000
7.885000
7.752000
9.684000
11.908000
6.846000
4.296000
2.217000
5.454000
6.168000
12.923000
8.633000
3.113000
8.642000
9.662000
7.074000
8.654000
9.675000
7.384000
9.351000
2.044000
3.681000
1.770000
5.769000
4.862000
0.238000
7.305000
2.219000
8.450000
5.126000
3.474000
5.581000
5.629000
8.287000
5.943000
10.497000
3.061000
5.601000
10.015000
8.623000
5.554000
9.100000
7.695000
0.000000
5.249000
0.000000
12.485000
10.691000
7.348000
7.683000
6.252000
3.946000
2.936000
12.641000
7.313000
9.783000
4.195000
5.449000
10.573000
7.767000
1.171000
0.185000
2.590000
9.470000
7.272000
2.526000
1.318000
11.725000
5.386000
1.675000
1.423000
10.645000
7.266000
12.342000
10.517000
9.008000
11.234000
7.536000
11.083000
9.928000
6.964000
5.152000
7.281000
7.522000
10.975000
8.326000
14.433000
15.507000
0.370000
0.316000
6.615000
3.990000
11.365000
3.712000
9.548000
2.862000
4.999000
12.105000
12.520000
14.508000
11.105000
10.265000
12.621000
1.260000
5.141000
13.560000
5.191000
9.373000
12.594000
5.910000
13.347000
10.325000
14.136000
7.728000
11.037000
7.380000
2.014000
5.956000
9.911000
3.909000
9.108000
13.596000
3.473000
5.603000
9.152000
11.810000
2.103000
5.795000
7.380000
2.947000
9.193000
7.377000
5.108000
8.734000
11.431000
14.530000
12.098000
12.874000
11.065000
4.669000
9.122000
13.116000
4.443000
14.442000
6.209000
9.506000
8.727000
13.056000
10.445000
0.000000
13.723000
12.300000
8.507000
9.578000
3.879000
6.874000
10.661000
15.659000
11.134000
10.408000
9.559000
8.657000
10.028000
6.819000
10.902000
10.225000
17.060000
5.256000
2.101000
6.620000
9.568000
2.010000
11.219000
8.710000
7.870000
7.248000
9.497000
7.308000
9.713000
9.068000
10.721000
14.821000
8.687000
9.240000
10.523000
8.955000
9.378000
11.777000
9.157000
0.000000
5.171000
8.901000
10.298000
7.508000
8.001000
6.016000
8.136000
7.929000
9.360000
6.017000
8.806000
10.899000
8.295000
3.003000
5.333000
5.639000
3.860000
8.300000
1.661000
8.040000
6.085000
11.410000
5.285000
7.169000
1.402000
2.475000
5.856000
7.819000
7.018000
6.170000
3.557000
8.743000
4.151000
4.264000
1.746000
5.072000
5.463000
8.397000
6.629000
8.351000
5.493000
3.896000
4.336000
2.724000
2.961000
1.507000
2.617000
5.076000
2.777000
6.304000
3.306000
3.934000
3.361000
0.885000
1.654000
7.219000
9.969000
1.158000
9.807000
8.529000
8.411000
2.340000
1.984000
12.081000
9.039000
0.344000
0.000000
7.150000
7.859000
7.929000
3.750000
11.525000
5.072000
4.182000
8.900000
8.295000
5.172000
6.671000
3.008000
8.939000
5.717000
2.223000
11.290000
1.842000
11.716000
9.185000
7.005000
6.135000
7.479000
0.645000
9.824000
7.822000
13.621000
2.270000
8.149000
3.429000
9.722000
8.363000
8.441000
7.838000
8.457000
15.776000
3.091000
0.628000
1.436000
12.154000
1.922000
11.684000
2.819000
9.936000
3.355000
4.444000
6.585000
9.707000
10.784000
15.845000
10.100000
4.028000
8.025000
15.901000
7.364000
15.948000
0.000000
5.837000
1.112000
4.086000
9.708000
10.395000
4.943000
2.724000
9.202000
2.342000
5.099000
12.657000
8.127000
12.770000
9.738000
8.671000
0.625000
10.127000
13.076000
3.229000
9.860000
5.480000
15.646000
8.418000
16.035000
11.342000
5.127000
9.725000
6.001000
2.915000
10.054000
9.542000
4.784000
1.410000
0.205000
6.012000
14.050000
3.993000
13.174000
6.043000
10.627000
3.286000
9.028000
5.251000
11.590000
12.677000
2.620000
5.556000
9.941000
10.798000
4.616000
5.605000
10.339000
11.637000
7.473000
8.587000
5.469000
6.402000
2.484000
13.141000
8.070000
6.229000
10.958000
10.802000
7.554000
3.386000
8.097000
1.941000
13.304000
11.653000
11.262000
7.988000
10.149000
8.608000
6.488000
14.736000
7.701000
3.313000
7.743000
12.842000
7.103000
12.508000
4.548000
11.630000
12.100000
15.905000
13.457000
12.550000
19.760000
10.808000
15.501000
11.014000
10.302000
12.604000
8.067000
13.126000
4.896000
4.203000
8.116000
9.392000
3.155000
11.728000
9.144000
12.272000
12.298000
7.528000
4.082000
10.069000
7.377000
6.608000
1.995000
9.420000
13.120000
5.499000
14.574000
9.513000
2.625000
15.972000
14.667000
13.948000
3.984000
12.695000
7.348000
12.452000
5.312000
8.304000
5.466000
10.832000
5.102000
16.441000
11.800000
8.381000
9.684000
6.244000
4.915000
5.373000
7.549000
10.202000
13.172000
19.607000
8.842000
10.534000
10.728000
5.149000
10.372000
13.464000
15.861000
10.694000
11.964000
13.321000
6.616000
8.886000
19.906000
5.403000
9.017000
13.548000
9.862000
11.589000
5.853000
5.255000
9.060000
9.385000
7.198000
16.646000
9.786000
8.602000
2.189000
14.718000
10.378000
15.641000
9.712000
9.036000
16.277000
11.743000
10.125000
10.870000
4.656000
12.131000
7.325000
12.250000
11.964000
4.043000
9.675000
9.509000
15.782000
10.613000
16.437000
10.449000
3.375000
9.462000
1.938000
10.437000
2.225000
6.742000
11.725000
9.369000
8.658000
9.818000
5.315000
17.860000
4.818000
10.794000
8.441000
12.370000
7.153000
5.084000
6.776000
10.634000
7.350000
6.189000
9.317000
9.334000
8.090000
12.554000
4.667000
12.867000
5.418000
11.667000
9.846000
5.393000
3.184000
9.970000
8.325000
9.452000
10.709000
4.723000
15.358000
7.579000
5.664000
14.284000
10.476000
9.755000
16.049000
14.787000
7.539000
5.283000
7.904000
7.072000
13.448000
3.766000
11.989000
6.394000
0.404000
2.828000
4.070000
10.659000
9.655000
8.429000
12.149000
5.910000
0.000000
7.365000
7.144000
6.914000
6.011000
1.221000
7.138000
8.887000
7.679000
8.026000
9.327000
9.340000
6.094000
10.460000
16.547000
3.539000
12.980000
7.096000
2.020000
3.016000
10.266000
14.537000
5.792000
7.448000
9.514000
1.855000
7.182000
13.161000
10.415000
7.206000
7.841000
9.436000
9.836000
10.799000
12.491000
8.546000
14.195000
10.826000
7.419000
3.854000
7.554000
9.095000
7.035000
4.928000
0.483000
7.559000
17.162000
12.757000
14.673000
7.218000
5.657000
8.831000
12.840000
14.679000
13.231000
13.298000
11.934000
11.051000
9.208000
8.923000
12.054000
6.655000
12.305000
12.542000
10.757000
3.661000
2.684000
8.281000
12.472000
8.198000
12.060000
6.285000
12.933000
7.455000
8.790000
5.933000
4.638000
9.956000
5.148000
10.996000
9.612000
16.769000
8.407000
6.779000
17.505000
9.983000
9.803000
9.493000
14.920000
7.818000
4.922000
2.541000
8.877000
11.806000
12.637000
10.914000
8.895000
11.805000
11.479000
17.636000
11.738000
6.851000
10.165000
4.833000
1.648000
12.619000
6.763000
15.631000
9.345000
14.295000
11.424000
9.389000
10.416000
13.785000
7.140000
12.594000
9.504000
7.610000
6.475000
2.741000
8.996000
11.376000
12.878000
7.640000
15.413000
15.229000
11.198000
7.898000
11.013000
6.711000
12.153000
13.753000
7.406000
5.050000
9.902000
18.028000
1.062000
11.764000
11.498000
12.552000
9.131000
7.682000
13.793000
3.604000
14.744000
14.870000
16.417000
11.647000
18.725000
6.430000
6.653000
6.876000
8.695000
0.000000
8.253000
5.630000
7.364000
10.245000
5.302000
2.675000
6.656000
8.773000
15.173000
6.422000
8.948000
9.970000
2.689000
5.586000
4.992000
2.619000
9.751000
2.689000
5.504000
18.416000
9.896000
2.711000
7.047000
17.406000
5.926000
12.475000
6.728000
3.904000
10.063000
8.821000
5.937000
4.942000
1.953000
17.677000
4.947000
13.852000
3.994000
3.564000
12.143000
3.677000
6.358000
9.109000
0.850000
9.782000
5.987000
9.885000
3.792000
9.434000
2.129000
5.106000
8.585000
9.116000
2.514000
4.628000
12.211000
6.887000
4.808000
19.934000
7.132000
10.194000
9.459000
2.904000
2.020000
12.453000
3.902000
9.249000
9.017000
12.951000
10.737000
4.895000
4.978000
5.704000
6.572000
4.473000
4.776000
4.615000
5.310000
10.094000
6.469000
4.234000
4.250000
5.604000
2.239000
9.483000
8.137000
2.766000
4.888000
6.111000
2.623000
2.647000
4.733000
3.175000
4.173000
5.065000
10.145000
5.262000
3.663000
3.612000
0.000000
3.938000
4.994000
11.058000
3.538000
5.488000
6.246000
7.160000
3.188000
4.395000
9.238000
19.214000
1.958000
6.407000
5.215000
12.272000
6.314000
13.216000
8.907000
8.422000
1.521000
6.003000
11.750000
12.081000
4.334000
5.335000
12.018000
12.550000
9.878000
7.891000
1.859000
9.536000
5.069000
3.112000
5.252000
12.266000
5.423000
4.729000
1.968000
3.169000
2.539000
3.418000
5.108000
3.656000
1.353000
10.236000
12.646000
10.080000
3.968000
3.041000
3.552000
7.332000
4.499000
5.780000
8.294000
11.375000
7.256000
12.273000
3.401000
5.128000
5.314000
3.406000
17.749000
11.654000
5.264000
9.453000
2.132000
3.872000
6.584000
5.135000
13.140000
8.743000
4.224000
4.908000
4.836000
13.123000
5.806000
5.450000
11.604000
9.651000
8.437000
5.633000
5.107000
7.038000
12.943000
10.123000
9.060000
6.483000
4.637000
7.627000
12.817000
9.159000
1.291000
7.048000
8.883000
2.013000
2.686000
10.634000
10.788000
7.911000
4.415000
7.425000
8.615000
13.495000
6.193000
1.493000
2.160000
2.493000
9.525000
6.588000
3.122000
14.517000
7.215000
8.541000
10.414000
7.288000
9.250000
10.663000
4.618000
5.328000
4.992000
8.356000
10.820000
11.426000
9.470000
3.781000
5.537000
5.547000
5.944000
8.982000
6.934000
4.979000
9.419000
4.435000
2.829000
9.160000
6.094000
6.995000
6.304000
9.584000
7.563000
8.668000
4.114000
5.810000
2.315000
5.436000
11.456000
8.499000
5.904000
8.158000
11.627000
5.659000
6.182000
4.886000
10.509000
6.448000
5.048000
13.435000
5.880000
16.153000
13.908000
6.053000
6.689000
6.585000
6.173000
6.846000
3.787000
0.478000
4.447000
0.000000
4.506000
8.024000
5.049000
5.109000
6.305000
7.630000
3.242000
6.205000
4.223000
7.327000
9.412000
11.154000
6.470000
7.001000
9.336000
6.396000
8.121000
12.611000
5.964000
13.565000
17.015000
8.517000
8.774000
4.987000
9.134000
6.500000
6.286000
5.337000
3.674000
4.441000
5.821000
0.000000
11.216000
8.688000
1.206000
7.987000
4.969000
7.217000
8.436000
9.745000
8.436000
9.098000
8.139000
7.802000
7.684000
8.105000
8.425000
9.208000
3.720000
9.914000
9.155000
1.809000
12.287000
11.311000
5.528000
7.707000
9.256000
8.279000
4.351000
6.263000
4.225000
2.223000
7.097000
5.974000
5.199000
10.675000
5.714000
10.306000
12.132000
5.696000
4.041000
4.065000
7.642000
4.661000
4.696000
9.825000
5.618000
11.298000
4.773000
5.219000
5.200000
11.200000
8.675000
3.645000
6.332000
10.304000
7.864000
1.837000
4.222000
5.133000
4.805000
8.523000
9.113000
10.286000
8.413000
11.086000
2.903000
6.184000
4.680000
7.289000
5.276000
4.179000
5.367000
6.889000
5.441000
5.345000
0.316000
12.450000
2.982000
5.918000
10.542000
9.618000
6.481000
4.926000
6.625000
10.647000
6.955000
1.858000
5.940000
2.064000
7.665000
4.419000
3.132000
2.942000
7.804000
8.351000
5.116000
9.881000
7.458000
9.440000
3.580000
14.338000
5.989000
1.972000
6.882000
1.619000
5.011000
9.191000
3.929000
9.122000
3.783000
3.947000
3.872000
5.313000
8.811000
4.489000
4.917000
10.675000
10.046000
4.574000
14.708000
6.885000
10.092000
8.198000
3.829000
11.681000
7.007000
11.848000
11.157000
5.202000
6.299000
2.097000
3.124000
2.336000
5.940000
0.563000
7.853000
9.642000
5.684000
6.344000
8.855000
7.388000
3.088000
6.193000
5.282000
7.376000
8.856000
15.194000
11.361000
8.168000
8.608000
6.951000
11.069000
7.224000
5.675000
9.584000
8.105000
7.500000
9.469000
15.716000
12.657000
9.675000
1.876000
9.728000
6.485000
16.187000
8.374000
7.138000
8.402000
7.921000
9.344000
6.829000
6.761000
6.913000
5.379000
10.825000
3.907000
11.648000
6.859000
5.421000
13.163000
7.893000
4.530000
9.309000
7.674000
4.345000
10.345000
11.581000
4.468000
8.587000
7.937000
10.292000
9.304000
9.286000
8.253000
4.701000
3.778000
4.691000
11.031000
9.565000
7.363000
3.518000
7.455000
5.960000
10.032000
13.279000
7.443000
7.832000
6.781000
8.060000
16.029000
1.547000
10.881000
13.224000
6.319000
15.992000
6.227000
8.317000
5.513000
11.651000
10.313000
2.799000
16.799000
10.060000
7.133000
6.174000
10.866000
7.052000
5.452000
13.380000
8.981000
7.871000
6.648000
3.375000
7.967000
6.696000
9.115000
9.355000
8.003000
5.755000
5.264000
4.015000
3.444000
8.751000
9.964000
10.646000
4.937000
14.640000
4.801000
11.640000
7.702000
16.620000
6.492000
5.661000
8.981000
11.068000
13.973000
14.537000
16.891000
7.960000
9.277000
8.625000
5.706000
6.804000
9.641000
10.195000
3.377000
3.938000
7.852000
6.025000
5.859000
11.200000
8.672000
9.069000
3.768000
5.597000
16.584000
7.076000
16.076000
6.973000
4.881000
17.874000
6.604000
6.771000
8.623000
8.334000
5.498000
9.195000
11.422000
7.863000
11.951000
13.467000
8.490000
6.340000
7.669000
8.357000
7.073000
17.483000
11.626000
9.136000
7.958000
7.067000
8.535000
9.417000
15.151000
6.007000
12.123000
7.060000
9.322000
11.986000
11.049000
8.213000
5.610000
10.757000
1.353000
8.271000
13.342000
8.267000
5.803000
8.151000
6.913000
11.244000
6.971000
8.442000
9.444000
9.964000
8.873000
9.128000
10.486000
6.364000
8.782000
6.719000
9.258000
1.759000
6.555000
8.244000
8.750000
10.574000
6.537000
6.253000
6.352000
8.677000
4.234000
6.414000
8.033000
5.039000
8.321000
7.614000
8.281000
3.343000
12.069000
12.732000
0.291000
6.269000
5.857000
8.140000
3.929000
10.690000
4.273000
4.177000
10.996000
15.395000
14.670000
5.842000
8.606000
9.653000
8.442000
11.763000
6.461000
2.845000
6.188000
9.223000
4.244000
9.319000
10.746000
13.040000
10.415000
6.120000
9.661000
5.014000
9.011000
7.424000
7.240000
5.145000
7.120000
12.078000
9.245000
8.047000
8.161000
7.321000
5.836000
10.380000
9.144000
8.317000
7.284000
8.850000
3.381000
7.380000
6.465000
9.869000
10.068000
2.987000
6.088000
14.990000
10.290000
13.002000
6.631000
5.940000
11.573000
8.675000
8.868000
7.145000
3.547000
6.558000
11.946000
4.820000
4.237000
11.052000
10.890000
3.377000
5.131000
5.785000
11.343000
5.896000
6.594000
10.951000
7.563000
10.656000
5.739000
4.913000
13.564000
11.970000
8.220000
5.180000
8.063000
3.500000
8.593000
7.292000
9.347000
7.131000
6.846000
7.058000
6.937000
12.693000
5.981000
5.515000
8.155000
6.531000
7.032000
7.988000
3.645000
11.240000
8.580000
7.124000
5.543000
10.309000
9.263000
11.138000
9.152000
13.275000
6.655000
8.524000
9.389000
10.562000
13.172000
5.576000
15.424000
9.999000
8.399000
10.841000
8.199000
7.106000
6.949000
4.907000
14.776000
9.364000
8.486000
6.390000
11.477000
6.654000
8.257000
9.791000
6.903000
13.137000
5.237000
7.940000
7.142000
10.690000
9.083000
5.132000
6.425000
6.781000
5.568000
7.275000
7.558000
11.940000
4.567000
8.973000
7.177000
7.317000
9.420000
6.632000
7.580000
3.436000
11.427000
9.948000
7.813000
8.981000
8.781000
7.609000
7.067000
7.443000
6.306000
5.387000
7.598000
7.600000
6.090000
8.921000
7.376000
3.245000
8.376000
6.608000
7.110000
5.239000
3.554000
5.547000
4.211000
6.023000
7.659000
12.222000
3.557000
3.745000
6.730000
8.829000
4.353000
6.493000
9.514000
16.774000
9.543000
13.789000
7.852000
8.290000
10.911000
7.348000
7.449000
11.798000
7.901000
14.055000
7.865000
8.557000
11.672000
9.712000
10.084000
6.701000
5.521000
6.594000
10.541000
6.821000
9.655000
13.370000
8.537000
14.352000
9.675000
7.612000
8.035000
9.439000
11.712000
5.598000
11.370000
9.483000
9.805000
13.362000
7.703000
6.918000
12.111000
8.503000
12.407000
9.046000
11.705000
9.811000
4.216000
10.004000
10.273000
7.537000
0.000000
7.598000
16.117000
9.456000
10.313000
4.675000
8.377000
15.910000
13.358000
9.109000
6.731000
10.039000
5.853000
10.244000
10.278000
8.009000
12.218000
9.863000
9.617000
8.119000
10.354000
5.006000
9.649000
0.989000
17.316000
17.334000
8.442000
9.962000
7.992000
7.473000
8.275000
10.543000
10.058000
17.498000
7.776000
7.162000
3.484000
8.610000
10.071000
9.561000
9.888000
6.598000
8.471000
15.830000
15.768000
11.878000
13.459000
9.760000
4.250000
6.954000
11.336000
9.171000
8.083000
5.306000
13.552000
10.374000
11.632000
12.189000
17.734000
8.523000
9.788000
13.691000
3.264000
7.232000
3.477000
10.177000
10.142000
0.000000
9.329000
9.937000
8.704000
11.768000
4.037000
11.944000
12.716000
13.257000
12.024000
8.894000
10.378000
4.837000
8.665000
0.000000
9.709000
12.008000
9.980000
9.598000
6.774000
16.372000
8.652000
6.962000
10.407000
9.365000
4.450000
12.109000
13.541000
7.222000
9.803000
15.703000
12.442000
7.450000
7.085000
9.322000
6.259000
13.629000
6.838000
12.641000
11.179000
10.342000
11.450000
11.349000
7.092000
7.152000
11.515000
8.209000
8.569000
10.481000
9.682000
12.309000
11.518000
8.467000
11.770000
10.641000
10.489000
13.064000
18.620000
9.451000
8.822000
6.077000
9.308000
3.862000
13.186000
14.129000
8.449000
7.172000
12.470000
8.226000
12.930000
13.997000
10.506000
8.531000
8.718000
10.692000
13.195000
11.134000
11.783000
10.927000
6.706000
13.077000
13.553000
11.891000
10.636000
12.987000
12.541000
9.063000
5.182000
9.611000
6.144000
2.754000
10.520000
3.515000
10.113000
12.554000
13.647000
7.379000
12.671000
3.739000
10.054000
3.198000
13.748000
10.198000
13.112000
12.342000
8.867000
11.568000
12.318000
14.112000
9.142000
13.065000
10.895000
8.959000
7.464000
10.281000
11.425000
8.958000
7.232000
13.120000
15.342000
12.515000
11.654000
7.410000
13.973000
8.364000
16.731000
14.163000
10.091000
9.869000
11.486000
9.099000
3.079000
3.046000
9.814000
11.744000
9.512000
12.360000
13.575000
14.077000
4.185000
15.217000
10.667000
10.349000
5.290000
8.677000
8.873000
10.045000
5.491000
9.314000
9.037000
8.529000
11.099000
9.435000
14.435000
7.490000
13.337000
11.030000
12.558000
7.901000
13.899000
4.234000
10.894000
13.010000
20.205000
5.837000
10.351000
6.663000
9.546000
8.005000
3.358000
8.452000
8.560000
14.175000
7.591000
9.543000
7.608000
2.129000
9.968000
9.512000
11.132000
8.888000
12.379000
9.698000
7.913000
8.584000
9.828000
4.072000
12.187000
8.225000
9.123000
13.145000
5.247000
9.226000
5.051000
9.405000
7.804000
7.049000
9.050000
3.033000
6.765000
12.723000
11.116000
11.380000
10.383000
6.398000
6.926000
8.146000
10.073000
8.751000
11.805000
5.519000
10.159000
9.924000
9.758000
8.932000
9.330000
10.907000
12.127000
11.295000
13.058000
10.508000
11.084000
5.987000
12.512000
7.985000
13.413000
8.154000
7.146000
3.319000
8.957000
6.049000
9.681000
6.567000
4.647000
11.026000
12.554000
11.630000
8.986000
13.055000
6.293000
5.442000
10.187000
8.845000
2.155000
11.999000
4.566000
8.083000
6.437000
12.314000
4.540000
8.960000
5.531000
6.097000
5.768000
4.868000
6.137000
11.332000
9.226000
6.393000
4.742000
6.209000
5.808000
11.013000
12.845000
7.696000
9.727000
13.573000
11.117000
7.470000
5.854000
8.566000
8.304000
1.082000
9.487000
8.330000
13.422000
9.043000
7.790000
9.636000
9.584000
10.202000
9.265000
8.217000
10.637000
2.262000
11.726000
6.889000
5.434000
5.426000
4.408000
10.110000
4.674000
10.550000
11.688000
10.584000
8.971000
4.955000
3.878000
2.164000
6.007000
5.906000
6.899000
10.795000
4.116000
9.180000
4.049000
4.940000
6.347000
5.953000
4.293000
4.777000
9.125000
7.295000
5.688000
4.663000
7.568000
3.701000
7.698000
5.493000
0.321000
6.878000
7.304000
7.210000
4.857000
5.314000
8.525000
7.663000
17.593000
5.755000
5.334000
5.508000
8.227000
8.345000
5.868000
5.474000
3.695000
3.744000
4.608000
4.821000
4.518000
7.190000
4.426000
1.883000
3.606000
3.987000
6.365000
6.706000
7.004000
6.058000
7.017000
4.289000
8.727000
10.231000
9.684000
7.025000
10.044000
4.312000
6.580000
6.363000
2.242000
7.113000
8.244000
4.777000
3.527000
5.397000
10.476000
10.866000
7.149000
9.090000
5.811000
11.564000
11.381000
3.362000
6.425000
13.321000
9.431000
13.267000
4.348000
16.014000
11.247000
9.834000
18.524000
8.337000
7.119000
3.966000
6.793000
13.059000
1.050000
6.140000
6.157000
13.846000
6.681000
8.783000
2.828000
7.722000
7.278000
9.175000
6.559000
2.828000
5.804000
8.168000
7.592000
5.428000
3.241000
3.011000
9.799000
4.082000
5.757000
9.715000
3.770000
5.612000
8.829000
10.538000
2.048000
12.950000
6.800000
5.979000
8.416000
11.729000
18.826000
8.776000
10.584000
13.068000
9.789000
7.648000
7.966000
12.650000
11.727000
10.299000
5.296000
7.411000
14.029000
16.427000
10.505000
3.931000
4.963000
5.183000
11.732000
4.315000
3.191000
9.664000
7.747000
3.324000
6.720000
9.660000
8.521000
6.338000
7.248000
8.320000
20.381000
11.091000
13.979000
21.287000
13.500000
5.329000
8.735000
16.777000
7.247000
20.364000
9.351000
11.748000
6.335000
4.249000
10.762000
7.926000
10.334000
9.379000
11.155000
10.409000
2.066000
6.541000
5.170000
7.480000
9.316000
11.912000
11.359000
11.854000
9.830000
14.097000
4.538000
10.025000
6.928000
7.625000
11.369000
9.018000
11.429000
10.334000
13.297000
9.130000
14.175000
10.313000
12.428000
13.661000
10.639000
8.298000
10.300000
13.917000
4.612000
12.134000
14.327000
11.827000
13.988000
9.056000
17.331000
18.991000
22.552000
9.720000
11.341000
9.547000
14.584000
12.074000
10.118000
4.600000
13.125000
9.585000
12.393000
5.148000
13.064000
13.782000
7.491000
14.882000
10.769000
7.236000
10.316000
10.502000
10.998000
9.962000
4.671000
9.922000
6.498000
8.349000
5.843000
9.309000
9.800000
11.509000
11.480000
13.276000
8.321000
8.035000
9.807000
10.517000
17.286000
10.363000
11.946000
11.558000
10.372000
14.209000
7.164000
8.242000
9.945000
9.933000
8.455000
6.336000
17.531000
9.143000
9.075000
10.347000
7.707000
14.230000
7.006000
12.009000
9.707000
5.131000
4.007000
14.786000
11.562000
13.402000
19.355000
10.872000
9.835000
11.812000
9.097000
10.599000
14.417000
10.601000
12.441000
14.909000
11.100000
11.789000
8.524000
6.008000
9.824000
8.338000
9.097000
1.411000
1.341000
9.091000
4.296000
3.661000
10.669000
9.340000
5.776000
6.195000
7.389000
11.331000
10.759000
9.747000
5.437000
12.776000
12.939000
10.251000
7.860000
5.856000
8.354000
8.704000
6.858000
2.136000
10.777000
8.476000
9.909000
7.397000
8.334000
8.671000
4.027000
12.966000
8.524000
7.287000
6.335000
12.187000
1.848000
6.683000
0.000000
7.165000
9.259000
9.269000
13.997000
10.417000
7.020000
11.179000
13.248000
8.675000
0.000000
13.124000
12.795000
11.600000
6.622000
7.540000
3.712000
0.000000
0.000000
0.000000
14.089000
0.000000
0.000000
0.000000
0.643000
0.000000
0.000000
1.924000
0.000000
0.918000
10.439000
0.000000
0.000000
6.026000
0.000000
0.000000
1.121000
10.507000
0.000000
0.000000
0.000000
0.000000
7.328000
0.000000
3.976000
0.000000
7.003000
0.000000
0.000000
0.000000
3.720000
6.463000
0.000000
0.000000
0.000000
6.460000
0.000000
0.000000
3.795000
0.524000
6.841000
6.045000
0.035000
4.326000
0.000000
0.000000
7.764000
0.000000
0.000000
7.193000
6.661000
7.300000
0.046000
2.163000
1.864000
1.437000
0.000000
9.599000
0.000000
0.000000
8.201000
0.000000
3.999000
4.880000
0.000000
0.000000
3.754000
4.973000
4.431000
0.000000
1.006000
3.662000
1.165000
0.000000
2.552000
3.832000
0.000000
3.015000
3.662000
0.000000
0.000000
7.704000
5.774000
6.695000
0.000000
5.903000
0.000000
0.000000
6.451000
0.000000
0.000000
4.549000
0.684000
8.007000
9.650000
3.326000
8.858000
6.415000
5.817000
11.498000
5.484000
0.000000
0.219000
10.879000
12.303000
9.657000
0.000000
8.781000
11.104000
8.495000
0.000000
0.000000
0.000000
7.522000
0.000000
4.746000
1.342000
0.969000
7.923000
0.000000
11.964000
9.096000
7.272000
5.945000
3.605000
8.699000
6.718000
7.123000
8.750000
0.000000
0.000000
3.424000
11.031000
6.957000
0.000000
3.139000
9.888000
7.520000
8.505000
7.513000
15.604000
10.583000
0.000000
0.493000
2.517000
8.023000
12.314000
8.043000
12.296000
0.000000
7.546000
7.472000
9.301000
5.599000
7.981000
1.170000
10.934000
0.000000
5.723000
1.700000
10.152000
4.768000
6.616000
0.995000
6.209000
9.232000
0.000000
7.664000
6.912000
0.000000
8.167000
5.940000
4.864000
11.141000
4.606000
7.641000
1.486000
8.187000
12.378000
9.630000
4.550000
6.472000
8.237000
10.585000
7.297000
8.270000
11.368000
12.760000
8.719000
6.841000
7.289000
8.010000
10.786000
0.819000
10.640000
11.091000
0.000000
5.352000
9.526000
6.042000
5.473000
7.684000
3.915000
8.561000
0.000000
13.957000
1.789000
9.113000
0.000000
11.901000
7.448000
5.924000
2.024000
4.771000
8.360000
14.815000
4.884000
6.918000
4.692000
8.820000
1.275000
6.513000
3.143000
0.000000
5.464000
3.368000
7.616000
8.258000
1.004000
4.780000
7.877000
2.847000
8.885000
8.271000
6.617000
7.423000
3.697000
12.655000
2.847000
6.580000
7.123000
5.680000
15.742000
6.000000
9.705000
0.000000
8.439000
5.322000
6.660000
5.856000
7.960000
7.615000
0.000000
8.114000
7.418000
6.817000
12.107000
5.319000
7.548000
9.736000
7.326000
6.070000
14.215000
10.604000
8.698000
9.288000
8.571000
4.596000
13.637000
9.191000
6.125000
9.953000
6.386000
0.000000
4.128000
0.000000
6.514000
8.732000
9.508000
3.103000
7.286000
2.842000
7.546000
0.000000
0.000000
5.819000
2.354000
6.899000
11.410000
9.662000
1.576000
6.515000
0.000000
3.983000
6.044000
12.131000
11.352000
0.000000
4.973000
13.277000
6.960000
7.396000
5.929000
10.801000
8.395000
10.226000
16.990000
7.161000
2.337000
12.426000
5.341000
7.738000
7.690000
7.055000
7.617000
1.763000
8.306000
7.822000
9.413000
6.020000
3.672000
7.898000
8.516000
8.187000
6.833000
8.437000
7.484000
0.000000
1.194000
4.353000
8.843000
0.000000
13.099000
4.831000
7.554000
5.260000
9.035000
11.064000
1.782000
7.965000
2.370000
7.400000
9.658000
3.013000
6.286000
0.000000
7.134000
2.501000
5.313000
1.910000
6.617000
5.041000
3.117000
2.506000
5.981000
3.633000
11.774000
8.329000
0.000000
1.497000
6.006000
5.413000
2.352000
9.547000
1.554000
2.936000
7.105000
4.664000
4.214000
6.004000
5.875000
1.104000
4.783000
5.585000
4.506000
4.294000
5.346000
0.000000
4.362000
6.737000
8.441000
3.531000
1.691000
0.000000
9.995000
0.021000
4.337000
6.523000
6.691000
10.221000
5.942000
4.516000
2.182000
11.931000
4.794000
7.632000
5.717000
4.996000
0.000000
4.212000
7.213000
7.451000
17.853000
0.000000
7.506000
5.418000
8.285000
6.083000
13.263000
7.466000
7.412000
13.844000
7.492000
7.575000
5.895000
14.632000
8.222000
0.000000
5.008000
4.691000
2.864000
10.886000
2.657000
7.337000
7.180000
12.029000
2.736000
4.207000
0.000000
8.337000
1.456000
8.954000
7.695000
13.044000
3.620000
11.391000
6.699000
2.070000
5.442000
6.175000
9.961000
7.494000
12.541000
7.967000
7.730000
3.098000
0.164000
5.942000
2.139000
12.561000
5.722000
8.816000
5.318000
7.118000
7.426000
5.804000
6.266000
10.365000
13.075000
6.257000
6.755000
12.992000
7.440000
2.395000
4.598000
0.735000
0.921000
1.948000
1.077000
6.029000
4.438000
5.242000
8.234000
2.538000
1.765000
10.105000
2.100000
3.738000
2.811000
8.450000
1.741000
0.000000
0.000000
3.841000
5.125000
0.000000
10.401000
0.000000
0.000000
3.584000
0.000000
3.937000
2.457000
3.158000
4.155000
4.985000
8.057000
4.581000
0.000000
0.000000
3.389000
4.232000
4.727000
0.000000
0.638000
7.815000
2.699000
6.300000
3.202000
5.972000
2.030000
8.601000
1.708000
0.000000
5.281000
5.460000
0.000000
0.548000
9.072000
2.232000
6.301000
0.000000
4.736000
2.674000
3.162000
3.427000
1.898000
0.000000
0.000000
1.078000
0.000000
5.117000
0.000000
0.000000
0.000000
1.979000
6.961000
6.123000
0.000000
2.724000
0.239000
0.000000
0.000000
0.000000
0.000000
0.000000
3.085000
0.000000
2.501000
0.883000
0.000000
0.000000
0.000000
0.000000
0.000000
0.000000
0.000000
0.000000
0.000000
1.111000
0.000000
0.000000
0.000000
0.592000
0.000000
0.000000
0.000000
0.000000
1.151000
0.000000
0.852000
3.064000
3.449000
0.000000
2.965000
7.947000
0.000000
0.000000
2.364000
0.000000
0.025000
0.000000
0.000000
4.373000
0.000000
1.480000
2.411000
0.000000
0.000000
0.000000
0.000000
0.208000
4.427000
0.000000
3.967000
0.000000
4.608000
0.000000
5.583000
7.469000
1.335000
0.000000
0.000000
1.241000
0.558000
0.000000
0.000000
2.457000
0.000000
0.000000
0.000000
2.079000
0.000000
2.534000
0.403000
1.534000
0.476000
1.696000
0.000000
0.000000
2.530000
0.000000
0.000000
0.000000
0.371000
5.433000
5.260000
0.000000
0.000000
0.000000
3.374000
0.000000
7.070000
0.000000
0.000000
4.390000
0.000000
3.553000
0.000000
1.609000
0.000000
2.908000
0.879000
0.641000
0.000000
6.411000
6.288000
0.000000
5.143000
0.000000
0.000000
4.240000
4.845000
5.837000
0.000000
0.000000
3.649000
0.000000
0.000000
0.000000
4.715000
0.000000
1.424000
2.508000
0.000000
0.000000
0.713000
0.000000
7.484000
5.767000
0.000000
7.005000
0.000000
2.970000
0.000000
0.000000
2.003000
0.000000
0.000000
0.000000
3.482000
0.000000
1.007000
5.494000
4.848000
0.000000
1.411000
3.863000
0.000000
0.000000
2.595000
4.558000
4.240000
3.162000
3.842000
1.031000
4.108000
3.840000
8.347000
10.747000
0.000000
3.503000
3.345000
5.223000
2.179000
4.342000
6.579000
0.000000
0.000000
4.650000
10.000000
1.856000
0.000000
2.115000
4.917000
1.953000
3.628000
3.866000
7.757000
4.035000
2.807000
0.000000
1.102000
0.000000
0.000000
5.367000
2.405000
0.000000
14.158000
2.017000
5.578000
5.589000
2.173000
3.892000
9.623000
6.578000
0.000000
0.000000
2.126000
0.000000
7.525000
7.629000
0.000000
4.902000
3.794000
5.078000
0.000000
7.139000
0.000000
2.431000
0.000000
6.240000
4.517000
5.201000
6.771000
7.531000
0.000000
3.181000
3.374000
0.000000
7.274000
7.087000
0.000000
0.000000
8.072000
4.538000
0.000000
0.000000
7.899000
0.000000
8.556000
6.504000
4.064000
1.499000
4.076000
0.000000
0.000000
9.683000
0.000000
10.032000
0.000000
5.570000
6.341000
5.365000
1.261000
2.475000
3.433000
1.934000
6.951000
5.049000
1.726000
0.757000
2.118000
15.753000
8.269000
11.268000
0.250000
4.710000
3.567000
0.000000
10.855000
2.430000
0.000000
6.629000
1.977000
1.961000
4.588000
7.146000
0.657000
3.564000
8.207000
5.281000
3.877000
0.000000
7.970000
3.794000
11.506000
3.241000
0.598000
5.329000
2.090000
2.531000
1.959000
5.920000
7.746000
0.000000
5.947000
9.524000
6.421000
9.458000
0.000000
5.236000
0.000000
4.572000
4.668000
5.185000
2.379000
0.000000
1.696000
6.192000
0.000000
1.574000
3.391000
0.502000
3.768000
4.314000
7.380000
2.081000
5.994000
4.941000
0.000000
2.812000
3.555000
0.000000
0.000000
7.920000
0.000000
0.000000
5.119000
5.631000
0.000000
0.061000
0.000000
5.314000
5.931000
4.215000
0.000000
6.714000
0.917000
8.168000
0.000000
0.000000
8.268000
6.508000
0.000000
0.000000
2.131000
4.571000
0.000000
0.000000
0.000000
0.000000
0.000000
0.000000
0.000000
0.000000
0.000000
0.000000
0.000000
0.000000
0.000000
0.000000
0.000000
0.000000
0.000000
0.634000
0.000000
0.000000
0.000000
0.000000
0.141000
0.000000
0.000000
0.000000
0.000000
0.000000
0.000000
0.000000
0.000000
3.912000
0.000000
0.000000
0.000000
0.000000
0.000000
0.000000
0.319000
0.000000
2.552000
0.356000
0.000000
0.000000
0.000000
0.000000
0.000000
0.000000
0.000000
0.000000
0.000000
1.495000
0.000000
0.000000
0.000000
0.000000
0.000000
0.000000
3.109000
0.000000
0.667000
0.000000
0.000000
0.000000
0.000000
0.007000
0.000000
0.117000
0.000000
0.000000
0.000000
0.000000
0.000000
0.000000
0.000000
0.000000
0.000000
0.000000
0.000000
0.000000
0.000000
0.000000
0.000000
0.797000
0.000000
0.000000
0.000000
0.000000
0.000000
0.000000
0.000000
0.000000
0.000000
0.000000
0.000000
0.000000
0.612000
0.000000
0.000000
0.000000
0.443000
0.000000
0.000000
0.842000
0.000000
1.895000
0.000000
0.000000
0.000000
0.000000
0.000000
0.000000
0.000000
1.618000
0.000000
1.297000
0.000000
0.300000
2.890000
0.216000
0.000000
0.000000
0.000000
0.000000
0.000000
0.814000
2.139000
0.000000
0.000000
0.000000
0.000000
0.000000
0.000000
0.000000
0.000000
0.000000
0.000000
0.000000
2.065000
1.639000
0.040000
0.000000
0.000000
0.109000
0.000000
0.000000
1.595000
0.000000
2.862000
0.000000
1.102000
0.000000
0.000000
0.000000
0.000000
0.000000
0.000000
0.000000
0.000000
0.090000
0.000000
0.810000
0.000000
0.055000
0.078000
0.768000
0.000000
0.000000
0.000000
0.000000
0.000000
0.000000
0.000000
0.000000
0.000000
0.000000
0.000000
0.000000
0.000000
0.292000
0.000000
0.000000
0.012000
0.022000
1.762000
0.055000
0.000000
1.466000
0.000000
1.342000
0.018000
0.000000
0.579000
0.000000
0.000000
0.000000
0.197000
0.000000
0.000000
0.022000
0.000000
0.000000
2.053000
0.000000
0.013000
0.612000
2.796000
0.000000
0.000000
0.000000
1.705000
0.000000
1.589000
0.000000
0.000000
0.135000
3.160000
0.000000
0.300000
0.000000
0.028000
0.000000
0.000000
0.000000
1.545000
0.000000
0.000000
0.000000
0.000000
0.000000
0.000000
0.000000
1.523000
0.031000
0.030000
0.000000
0.000000
0.000000
0.000000
0.000000
0.031000
0.000000
0.000000
0.000000
0.000000
0.000000
0.000000
0.000000
0.000000
0.000000
0.000000
0.000000
0.000000
0.000000
0.000000
0.000000
0.000000
0.478000
0.000000
0.000000
0.000000
0.000000
0.000000
1.830000
0.000000
0.000000
0.000000
0.000000
0.000000
0.000000
0.000000
0.000000
0.000000
0.000000
0.000000
0.000000
0.000000
0.000000
0.000000
0.149000
0.000000
0.000000
0.000000
0.000000
0.000000
0.000000
0.000000
0.000000
0.000000
0.000000
0.000000
0.000000
0.000000
0.000000
0.000000
0.000000
0.000000
0.588000
0.293000
0.000000
0.006000
0.000000
0.000000
0.000000
0.000000
0.843000
0.220000
0.000000
0.000000
0.000000
0.000000
0.000000
0.000000
0.016000
0.000000
0.882000
0.000000
0.496000
1.631000
0.000000
0.000000
0.096000
0.000000
0.000000
0.000000
0.000000
0.000000
0.045000
0.000000
0.000000
0.000000
0.000000
0.000000
0.000000
0.000000
0.000000
0.000000
0.000000
0.000000
0.000000
0.000000
0.000000
0.000000
0.000000
0.753000
0.000000
0.000000
0.035000
0.000000
1.396000
0.000000
0.860000
0.000000
0.000000
0.000000
0.000000
0.000000
0.000000
0.000000
0.000000
0.000000
0.000000
0.000000
0.000000
0.000000
0.000000
0.000000
0.000000
0.000000
0.000000
0.000000
0.068000
0.000000
0.000000
0.000000
0.000000
0.000000
0.290000
0.481000
0.000000
0.000000
0.000000
0.000000
0.000000
0.000000
0.000000
0.000000
0.000000
0.000000
0.659000
0.000000
0.000000
0.000000
0.000000
0.000000
0.000000
0.000000
0.000000
0.000000
0.000000
0.000000
0.000000
0.000000
0.000000
0.000000
0.000000
0.054000
0.000000
0.000000
0.000000
0.000000
0.000000
0.000000
0.195000
0.468000
0.000000
0.000000
0.000000
0.058000
0.000000
0.271000
0.000000
0.000000
0.000000
0.000000
0.000000
0.000000
1.028000
0.000000
0.000000
0.000000
0.000000
0.000000
0.000000
0.000000
0.000000
0.303000
0.000000
0.000000
0.000000
0.127000
0.000000
0.000000
1.324000
0.005000
0.000000
0.135000
0.000000
0.096000
0.000000
0.000000
0.000000
1.323000
0.000000
0.000000
0.433000
0.000000
0.000000
0.000000
0.000000
0.031000
0.000000
0.000000
0.000000
0.000000
0.000000
0.000000
0.232000
0.000000
0.126000
0.000000
0.000000
0.000000
0.000000
0.000000
0.000000
0.334000
0.201000
0.000000
0.000000
0.000000
0.000000
0.000000
0.000000
0.000000
0.000000
0.000000
1.058000
0.000000
0.000000
0.002000
0.000000
0.000000
0.000000
0.027000
0.000000
0.019000
0.000000
0.000000
0.000000
0.000000
0.000000
0.000000
0.000000
0.000000
0.045000
0.000000
0.000000
0.000000
0.269000
0.000000
0.000000
0.000000
0.000000
0.000000
0.000000
1.244000
0.000000
0.000000
0.000000
0.000000
0.000000
0.000000
0.000000
0.000000
0.000000
0.000000
1.876000
0.000000
0.000000
0.000000
0.000000
0.000000
0.000000
0.000000
0.000000
0.000000
0.000000
0.020000
0.000000
0.000000
0.000000
0.000000
0.000000
0.000000
0.095000
0.000000
0.000000
0.000000
0.000000
0.000000
0.000000
0.000000
0.138000
0.000000
0.000000
0.000000
0.000000
0.000000
0.000000
0.000000
0.000000
0.000000
0.000000
0.000000
0.000000
0.000000
0.000000
0.000000
0.000000
0.000000
0.000000
0.000000
0.000000
0.000000
0.000000
0.000000
0.000000
0.000000
0.000000
0.000000
0.000000
0.000000
0.000000
0.082000
0.000000
0.000000
0.000000
0.000000
0.000000
0.000000
0.985000
0.000000
0.000000
0.000000
0.016000
0.265000
0.000000
0.000000
0.025000
0.087000
0.000000
0.000000
0.000000
0.567000
0.027000
0.000000
0.000000
0.000000
0.000000
0.000000
0.884000
0.928000
0.000000
0.000000
0.000000
0.000000
0.000000
0.000000
0.000000
0.023000
0.000000
0.000000
0.000000
0.000000
0.000000
0.000000
0.000000
0.000000
0.000000
0.369000
0.000000
0.000000
0.000000
0.000000
0.000000
0.000000
0.000000
0.000000
0.000000
0.000000
0.000000
0.000000
0.000000
0.000000
0.000000
0.000000
0.000000
0.000000
0.000000
0.000000
0.000000
0.000000
0.000000
0.000000
0.000000
0.000000
0.000000
0.000000
0.000000
0.000000
0.096000
0.000000
0.000000
0.000000
0.000000
0.000000
0.000000
0.000000
0.000000
0.000000
0.000000
0.000000
0.000000
0.000000
0.000000
0.000000
0.000000
0.000000
0.000000
0.000000
0.138000
0.000000
0.000000
0.000000
0.000000
0.000000
0.000000
0.000000
0.000000
0.000000
1.102000
0.013000
0.000000
0.000000
0.000000
0.012000
0.000000
0.000000
0.000000
0.000000
0.000000
0.000000
0.000000
0.000000
0.000000
0.000000
0.000000
0.000000
0.000000
0.033000
0.012000
0.000000
0.000000
0.000000
0.006000
0.000000
1.151000
0.000000
0.017000
0.047000
0.000000
0.000000
0.151000
0.000000
0.000000
0.097000
0.000000
0.000000
0.000000
0.000000
0.000000
0.000000
0.000000
0.000000
0.000000
0.000000
0.005000
0.551000
0.000000
0.000000
0.000000
0.000000
0.000000
0.000000
0.000000
0.072000
0.000000
0.000000
0.000000
0.000000
0.042000
0.000000
0.000000
0.000000
0.000000
0.000000
0.000000
0.000000
0.000000
0.000000
0.000000
0.000000
0.000000
0.000000
0.000000
0.000000
0.000000
0.000000
0.000000
0.000000
0.000000
0.000000
0.500000
0.000000
0.000000
0.000000
0.000000
0.047000
0.000000
0.000000
0.000000
1.708000
0.000000
0.030000
0.000000
0.000000
0.000000
0.000000
0.000000
0.000000
0.000000
0.000000
0.000000
0.000000
0.000000
0.000000
0.000000
0.000000
0.000000
0.000000
0.000000
0.000000
0.000000
0.000000
0.000000
0.000000
0.000000
0.000000
0.039000
0.000000
0.000000
0.106000
0.000000
0.000000
0.000000
0.000000
0.034000
0.000000
0.000000
0.000000
0.000000
0.091000
0.000000
0.000000
0.000000
0.000000
0.186000
0.000000
0.000000
0.000000
0.000000
0.000000
0.000000
0.000000
0.000000
0.000000
0.000000
0.000000
0.000000
0.000000
0.000000
0.000000
0.137000
0.000000
0.000000
0.000000
0.482000
0.000000
0.000000
0.000000
0.000000
0.000000
0.000000
0.000000
0.000000
0.000000
0.000000
0.000000
0.000000
0.000000
0.000000
0.389000
0.000000
0.000000
0.000000
0.000000
0.131000
0.000000
0.000000
0.000000
0.000000
0.000000
0.000000
0.000000
0.000000
0.000000
0.000000
0.000000
0.000000
0.000000
0.000000
0.000000
0.000000
1.117000
0.000000
0.000000
0.000000
0.000000
0.000000
0.000000
0.000000
0.000000
0.000000
0.000000
0.048000
0.000000
0.004000
0.000000
0.000000
0.000000
0.000000
0.000000
0.000000
0.000000
0.000000
0.000000
0.009000
0.000000
0.000000
0.000000
0.000000
0.000000
0.019000
0.037000
0.000000
0.000000
0.000000
0.000000
0.000000
0.000000
0.001000
0.000000
0.000000
0.000000
0.000000
0.000000
0.000000
0.000000
0.000000
0.000000
0.000000
0.000000
0.066000
0.000000
0.000000
0.000000
0.000000
0.000000
0.000000
0.000000
0.000000
0.000000
0.000000
0.000000
0.000000
0.000000
0.000000
0.000000
0.000000
0.000000
0.000000
0.000000
0.000000
0.000000
0.000000
0.000000
0.000000
0.008000
0.000000
0.000000
0.000000
0.000000
0.142000
0.000000
0.000000
0.046000
0.000000
0.047000
0.000000
0.000000
0.000000
0.000000
0.000000
0.000000
0.023000
0.046000
0.000000
0.000000
0.000000
0.000000
0.000000
0.000000
0.000000
0.000000
0.000000
0.000000
0.000000
0.000000
0.000000
0.000000
0.000000
0.000000
0.000000
0.000000
0.000000
0.000000
0.000000
0.042000
0.000000
0.000000
0.000000
0.000000
0.000000
0.000000
0.071000
0.000000
0.000000
0.000000
0.000000
0.000000
0.000000
0.000000
0.000000
0.000000
0.000000
0.000000
0.000000
0.000000
0.000000
0.000000
0.000000
0.000000
0.000000
0.000000
0.000000
0.000000
0.000000
0.000000
0.000000
0.000000
0.000000
0.005000
0.111000
0.000000
0.000000
0.000000
0.000000
0.000000
0.026000
0.000000
0.000000
0.000000
0.000000
0.000000
0.000000
0.000000
0.033000
0.000000
0.000000
0.000000
0.000000
0.000000
0.000000
0.000000
0.000000
0.000000
0.000000
0.000000
0.000000
0.000000
0.000000
0.029000
0.000000
0.000000
0.000000
0.000000
0.000000
0.000000
0.000000
0.000000
0.000000
0.000000
0.000000
0.000000
0.000000
0.000000
0.000000
0.000000
0.000000
0.000000
0.000000
0.000000
0.000000
0.000000
0.104000
0.000000
0.000000
0.000000
0.000000
0.000000
0.000000
0.000000
0.000000
0.000000
0.000000
0.067000
0.009000
0.000000
0.000000
0.000000
0.000000
0.000000
0.000000
0.000000
0.000000
0.000000
0.000000
0.000000
0.000000
0.000000
0.000000
0.000000
0.089000
0.000000
0.032000
0.000000
0.000000
0.000000
0.000000
0.000000
0.000000
0.000000
0.000000
0.000000
0.000000
0.000000
0.000000
0.000000
0.000000
0.021000
0.000000
0.000000
0.000000
0.000000
0.000000
0.000000
0.000000
0.055000
0.000000
0.000000
0.000000
0.000000
0.000000
0.000000
0.000000
0.000000
0.000000
0.000000
0.000000
0.000000
0.000000
0.000000
0.000000
0.000000
0.000000
0.000000
0.000000
0.000000
0.000000
0.000000
0.000000
0.000000
0.000000
0.000000
0.000000
0.000000
0.000000
0.000000
0.000000
0.000000
0.000000
0.000000
0.000000
0.000000
0.000000
0.000000
0.076000
0.000000
0.000000
0.000000
0.000000
0.000000
0.000000
0.000000
0.000000
0.000000
0.000000
0.000000
0.000000
0.000000
0.000000
0.000000
0.000000
0.000000
0.000000
0.000000
0.000000
0.000000
0.000000
0.000000
0.000000
0.000000
0.000000
0.000000
0.000000
0.000000
0.000000
0.000000
0.000000
0.000000
0.000000
0.000000
0.000000
0.000000
0.000000
0.000000
0.000000
0.000000
0.000000
0.000000
0.000000
0.000000
0.000000
0.000000
0.000000
0.000000
0.000000
0.000000
0.000000
0.000000
0.000000
0.000000
0.000000
0.000000
0.000000
0.000000
0.000000
0.000000
0.000000
0.000000
0.009000
0.000000
0.000000
0.000000
0.000000
0.000000
0.000000
0.000000
0.030000
0.014000
0.000000
0.000000
0.000000
0.000000
0.000000
0.000000
0.000000
0.000000
0.000000
0.000000
0.000000
0.000000
0.000000
0.000000
0.000000
0.000000
0.000000
0.000000
0.000000
0.000000
0.000000
0.000000
0.000000
0.000000
0.000000
0.000000
0.000000
0.000000
0.000000
0.032000
0.000000
0.000000
0.000000
0.000000
0.000000
0.000000
0.000000
0.000000
0.000000
0.000000
0.000000
0.000000
0.000000
0.000000
0.000000
0.048000
0.000000
0.000000
0.000000
0.000000
0.000000
0.000000
0.000000
0.000000
0.000000
0.000000
0.000000
0.000000
0.000000
0.000000
0.000000
0.000000
0.000000
0.000000
0.000000
0.000000
0.000000
0.000000
0.000000
0.000000
0.000000
0.072000
0.000000
0.000000
0.000000
0.000000
0.000000
0.000000
0.000000
0.000000
0.000000
0.000000
0.000000
0.000000
0.000000
0.000000
0.000000
0.000000
0.000000
0.000000
0.000000
0.089000
0.000000
0.000000
0.000000
0.000000
0.000000
0.000000
0.000000
0.000000
0.008000
0.141000
0.000000
0.000000
0.000000
0.000000
0.035000
0.000000
0.000000
0.000000
0.000000
0.000000
0.000000
0.000000
0.000000
0.000000
0.000000
0.000000
0.000000
0.000000
0.000000
0.000000
0.000000
0.000000
0.000000
0.000000
0.000000
0.008000
0.000000
0.000000
0.000000
0.000000
0.000000
0.000000
0.000000
0.000000
0.000000
0.000000
0.000000
0.000000
0.000000
0.000000
0.000000
0.000000
0.000000
0.000000
0.000000
0.000000
0.000000
0.000000
0.000000
0.000000
0.000000
0.000000
0.000000
0.000000
0.000000
0.000000
0.000000
0.000000
0.000000
0.000000
0.000000
0.000000
0.000000
0.027000
0.000000
0.000000
0.000000
0.000000
0.000000
0.000000
0.000000
0.000000
0.018000
0.000000
0.000000
0.000000
0.000000
0.000000
0.000000
0.000000
0.000000
0.000000
0.000000
0.000000
0.000000
0.000000
0.000000
0.000000
0.000000
0.000000
0.000000
0.000000
0.000000
0.000000
0.000000
0.000000
0.000000
0.000000
0.000000
0.000000
0.000000
0.000000
0.000000
0.000000
0.000000
0.000000
0.000000
0.000000
0.000000
0.000000
0.000000
0.081000
0.000000
0.000000
0.000000
0.000000
0.000000
0.000000
0.000000
0.000000
0.000000
0.000000
0.000000
0.000000
0.000000
0.000000
0.000000
0.000000
0.053000
0.000000
0.000000
0.000000
0.000000
0.000000
0.000000
0.000000
0.000000
0.000000
0.000000
0.000000
0.000000
0.000000
0.000000
0.000000
0.000000
0.000000
0.000000
0.000000
0.000000
0.000000
0.000000
0.000000
0.000000
0.000000
0.000000
0.000000
0.000000
0.000000
0.000000
0.000000
0.000000
0.096000
0.000000
0.000000
0.000000
0.000000
0.000000
0.000000
0.000000
0.000000
0.000000
0.000000
0.000000
0.000000
0.000000
0.000000
0.000000
0.000000
0.000000
0.000000
0.000000
0.000000
0.000000
0.000000
0.000000
0.000000
0.000000
0.000000
0.000000
0.000000
0.000000
0.000000
0.000000
0.000000
0.000000
0.000000
0.000000
0.000000
0.000000
0.000000
0.000000
0.000000
0.000000
0.000000
0.000000
0.000000
0.000000
0.000000
0.000000
0.000000
0.000000
0.000000
0.000000
0.000000
0.048000
0.000000
0.000000
0.049000
0.000000
0.000000
0.000000
0.000000
0.006000
0.000000
0.000000
0.000000
0.000000
0.000000
0.000000
0.000000
0.000000
0.000000
0.000000
0.000000
0.000000
0.000000
0.000000
0.000000
0.000000
0.000000
0.000000
0.000000
0.000000
0.000000
0.000000
0.084000
0.000000
0.076000
0.000000
0.000000
0.000000
0.000000
0.000000
0.000000
0.000000
0.000000
0.000000
0.000000
0.000000
0.000000
0.000000
0.032000
0.000000
0.000000
0.000000
0.093000
0.000000
0.000000
0.000000
0.000000
0.000000
0.000000
0.000000
0.081000
0.000000
0.012000
0.000000
0.000000
0.000000
0.000000
0.000000
0.000000
0.000000
0.000000
0.000000
0.000000
0.000000
0.000000
0.000000
0.000000
0.000000
0.000000
0.000000
0.000000
0.000000
0.000000
0.000000
0.000000
0.000000
0.000000
0.000000
0.000000
0.000000
0.000000
0.000000
0.000000
0.000000
0.000000
0.000000
0.000000
0.000000
0.000000
0.000000
0.000000
0.000000
0.000000
0.000000
0.000000
0.000000
0.000000
0.000000
0.000000
0.000000
0.000000
0.000000
0.000000
0.000000
0.000000
0.000000
0.000000
0.000000
0.000000
0.000000
0.000000
0.000000
0.000000
0.000000
0.000000
0.000000
0.000000
0.000000
0.000000
0.000000
0.000000
0.000000
0.055000
0.000000
0.000000
0.000000
0.000000
0.000000
0.000000
0.000000
0.000000
0.000000
0.000000
0.000000
0.000000
0.000000
0.000000
0.000000
0.000000
0.000000
0.000000
0.000000
0.000000
0.000000
0.000000
0.000000
0.000000
0.000000
0.000000
0.000000
0.000000
0.000000
0.000000
0.000000
0.000000
0.000000
0.000000
0.000000
0.000000
0.000000
0.000000
0.000000
0.000000
0.000000
0.000000
0.000000
0.000000
0.000000
0.000000
0.006000
0.000000
0.000000
0.000000
0.000000
0.000000
0.000000
0.000000
0.000000
0.000000
0.000000
0.000000
0.000000
0.000000
0.000000
0.000000
0.000000
0.000000
0.000000
0.005000
0.000000
0.000000
0.000000
0.000000
0.000000
0.000000
0.000000
0.000000
0.000000
0.000000
0.000000
0.000000
0.000000
0.000000
0.000000
0.051000
0.000000
0.000000
0.000000
0.000000
0.051000
0.000000
0.078000
0.017000
0.000000
0.000000
0.000000
0.000000
0.000000
0.000000
0.000000
0.000000
0.000000
0.000000
0.000000
0.000000
0.000000
0.000000
0.000000
0.000000
0.000000
0.000000
0.000000
0.000000
0.000000
0.000000
0.000000
0.000000
0.000000
0.000000
0.000000
0.000000
0.000000
0.000000
0.000000
0.000000
0.000000
0.000000
0.000000
0.000000
0.000000
0.000000
0.000000
0.000000
0.000000
0.000000
0.000000
0.000000
0.000000
0.000000
0.000000
0.000000
0.000000
0.000000
0.000000
0.000000
0.000000
0.000000
0.000000
0.000000
0.000000
0.000000
0.000000
0.000000
0.000000
0.000000
0.023000
0.000000
0.000000
0.000000
0.000000
0.000000
0.000000
0.000000
0.000000
0.000000
0.000000
0.000000
0.000000
0.000000
0.000000
0.000000
0.000000
0.000000
0.000000
0.000000
0.008000
0.022000
0.000000
0.000000
0.000000
0.000000
0.000000
0.000000
0.012000
0.000000
0.000000
0.000000
0.000000
0.000000
0.000000
0.000000
0.000000
0.000000
0.000000
0.000000
0.000000
0.046000
0.000000
0.000000
0.000000
0.000000
0.000000
0.000000
0.000000
0.000000
0.000000
0.000000
0.008000
0.000000
0.000000
0.000000
0.000000
0.000000
0.000000
0.000000
0.000000
0.000000
0.000000
0.000000
0.000000
0.000000
0.000000
0.000000
0.000000
0.000000
0.000000
0.000000
0.000000
0.000000
0.000000
0.000000
0.000000
0.000000
0.013000
0.000000
0.000000
0.000000
0.000000
0.000000
0.000000
0.000000
0.000000
0.000000
0.000000
0.000000
0.000000
0.000000
0.000000
0.000000
0.000000
0.000000
0.029000
0.000000
0.000000
0.000000
0.000000
0.000000
0.000000
0.000000
0.004000
0.000000
0.000000
0.000000
0.000000
0.000000
0.000000
0.000000
0.000000
0.000000
0.000000
0.000000
0.122000
0.000000
0.000000
0.000000
0.000000
0.000000
0.000000
0.110000
0.000000
0.000000
0.000000
0.004000
0.000000
0.000000
0.000000
0.000000
0.000000
0.081000
0.000000
0.000000
0.000000
0.000000
0.000000
0.000000
0.000000
0.000000
0.000000
0.000000
0.000000
0.000000
0.000000
0.000000
0.000000
0.000000
0.000000
0.000000
0.000000
0.000000
0.000000
0.000000
0.000000
0.000000
0.000000
0.000000
0.000000
0.000000
0.000000
0.000000
0.025000
0.000000
0.000000
0.000000
0.000000
0.000000
0.000000
0.000000
0.000000
0.000000
