10.238000
9.785000
4.915000
10.398000
9.394000
6.339000
5.964000
7.225000
11.108000
8.643000
13.918000
13.133000
10.698000
11.682000
8.613000
7.737000
10.502000
7.534000
10.083000
6.646000
12.862000
13.829000
10.743000
5.222000
14.344000
9.890000
14.545000
4.311000
12.344000
10.416000
9.384000
7.224000
5.547000
10.379000
11.343000
17.105000
9.325000
12.124000
11.454000
4.358000
9.806000
12.181000
12.398000
17.155000
10.877000
9.599000
12.405000
5.519000
7.198000
10.003000
7.553000
7.474000
6.528000
10.492000
4.928000
10.083000
8.990000
11.040000
10.380000
9.929000
7.859000
7.482000
6.924000
6.826000
10.657000
10.801000
12.217000
13.548000
5.700000
11.435000
9.890000
13.819000
9.095000
5.880000
9.958000
9.893000
10.297000
7.027000
15.499000
4.859000
11.313000
10.429000
7.758000
11.432000
4.854000
7.695000
16.093000
7.432000
2.278000
5.588000
10.552000
6.798000
8.532000
18.535000
14.888000
9.960000
7.486000
18.964000
7.800000
8.259000
13.214000
15.791000
14.426000
4.198000
11.642000
11.536000
10.456000
6.742000
10.316000
9.335000
9.966000
10.725000
11.068000
13.031000
6.998000
14.313000
10.439000
8.914000
10.423000
9.966000
9.743000
12.777000
7.698000
9.128000
8.424000
9.485000
10.555000
15.094000
9.990000
14.753000
9.178000
5.006000
12.291000
12.989000
7.029000
9.402000
11.368000
15.812000
6.691000
11.329000
4.426000
14.926000
13.770000
14.759000
6.964000
10.647000
14.311000
5.536000
11.748000
6.312000
10.619000
6.886000
5.214000
8.901000
10.653000
7.901000
9.031000
12.565000
15.634000
8.878000
10.694000
10.547000
16.138000
10.616000
10.790000
10.016000
3.481000
11.541000
12.085000
11.098000
0.000000
8.276000
1.353000
1.216000
0.000000
3.313000
4.827000
8.401000
3.985000
0.805000
16.320000
5.770000
2.424000
4.356000
10.117000
4.997000
4.490000
2.229000
1.429000
0.000000
2.101000
1.794000
2.829000
0.520000
0.000000
7.223000
9.233000
0.000000
0.000000
3.846000
11.269000
0.913000
0.000000
4.742000
13.956000
6.188000
0.993000
9.687000
4.336000
5.355000
3.926000
12.806000
0.563000
5.791000
19.134000
11.617000
1.609000
16.747000
0.718000
7.321000
14.755000
4.098000
8.236000
17.947000
4.875000
5.841000
10.400000
12.656000
8.176000
12.136000
6.307000
3.353000
6.234000
11.198000
0.000000
4.846000
6.797000
9.647000
13.382000
14.569000
14.237000
3.313000
3.885000
0.982000
8.625000
8.635000
8.290000
0.000000
2.797000
15.016000
14.435000
3.881000
7.169000
9.352000
2.897000
1.939000
9.942000
1.947000
5.596000
3.683000
6.518000
9.885000
5.886000
5.228000
4.376000
4.923000
12.310000
0.000000
9.098000
2.712000
6.026000
6.749000
4.504000
20.157000
4.841000
3.326000
2.928000
1.356000
1.559000
6.059000
5.877000
14.513000
16.534000
7.650000
1.566000
6.679000
3.336000
1.902000
1.103000
9.178000
6.178000
0.448000
2.578000
10.038000
2.700000
3.369000
3.017000
0.000000
2.463000
7.408000
0.000000
1.579000
1.949000
4.025000
3.945000
1.372000
13.305000
1.740000
4.924000
6.295000
12.990000
12.206000
3.505000
2.332000
10.397000
3.122000
9.328000
3.634000
1.454000
3.557000
0.054000
5.363000
7.292000
1.736000
2.918000
2.508000
3.667000
3.689000
3.709000
12.941000
13.899000
8.959000
0.000000
3.930000
2.294000
6.705000
1.376000
4.126000
0.744000
1.529000
0.228000
2.780000
11.338000
11.959000
5.819000
0.000000
2.288000
0.000000
12.115000
12.228000
1.928000
1.279000
11.401000
12.606000
17.223000
12.796000
10.208000
4.136000
0.000000
1.897000
4.270000
14.137000
2.472000
4.916000
0.542000
1.038000
11.577000
13.972000
15.973000
11.119000
1.672000
0.000000
3.014000
15.837000
0.660000
5.951000
4.777000
1.338000
14.545000
1.423000
2.841000
4.589000
9.979000
4.447000
0.000000
7.685000
13.616000
3.889000
11.574000
7.564000
12.868000
10.301000
10.486000
1.729000
4.576000
15.842000
8.181000
14.066000
3.307000
9.369000
15.931000
9.358000
5.461000
2.395000
0.000000
10.669000
6.716000
13.372000
1.135000
7.254000
2.073000
12.166000
12.470000
10.311000
3.219000
3.921000
16.203000
2.901000
12.424000
10.505000
6.130000
7.146000
6.047000
10.179000
7.288000
6.312000
9.080000
3.205000
10.526000
16.805000
3.963000
15.270000
19.698000
17.025000
1.985000
10.603000
12.073000
1.812000
8.051000
8.038000
10.815000
4.637000
3.609000
10.655000
10.106000
9.020000
9.025000
5.470000
12.138000
13.623000
3.257000
7.046000
12.187000
2.053000
11.775000
11.557000
7.775000
8.717000
12.900000
12.158000
0.386000
6.029000
8.977000
17.594000
13.214000
11.164000
2.488000
12.063000
5.813000
10.274000
8.117000
14.754000
0.446000
4.080000
9.808000
14.025000
8.356000
14.984000
16.505000
11.032000
15.525000
1.077000
12.745000
17.129000
14.183000
15.839000
8.735000
8.397000
11.771000
9.246000
4.921000
1.550000
12.706000
11.624000
19.309000
14.006000
11.373000
5.270000
15.860000
0.000000
19.788000
9.997000
0.000000
14.903000
14.151000
8.835000
11.660000
16.535000
14.477000
12.315000
8.785000
11.945000
13.317000
10.399000
5.848000
9.816000
13.290000
4.395000
12.391000
17.434000
2.663000
12.314000
9.920000
8.764000
7.123000
12.126000
9.499000
9.723000
12.346000
13.380000
16.500000
7.485000
15.436000
14.850000
9.797000
13.197000
7.000000
12.189000
8.701000
10.228000
10.079000
7.759000
11.674000
6.650000
0.000000
0.923000
12.000000
6.562000
6.072000
9.699000
13.049000
13.135000
14.780000
11.580000
12.113000
8.282000
6.420000
2.980000
2.113000
11.060000
12.609000
12.782000
13.233000
10.022000
9.431000
15.780000
0.955000
4.010000
3.781000
10.627000
4.222000
8.058000
19.963000
4.404000
12.188000
7.238000
8.405000
15.998000
12.447000
11.844000
12.813000
8.485000
8.388000
9.803000
11.847000
8.681000
10.020000
14.015000
2.163000
9.423000
8.146000
11.238000
8.273000
7.920000
7.406000
13.167000
11.190000
7.950000
10.350000
11.103000
4.974000
2.412000
7.084000
0.414000
11.572000
10.689000
5.879000
11.979000
6.481000
6.719000
2.753000
12.596000
1.297000
3.570000
13.156000
9.409000
13.826000
11.470000
15.146000
8.832000
18.836000
15.044000
10.082000
14.548000
13.868000
6.467000
13.105000
5.102000
9.180000
8.630000
6.612000
8.470000
13.060000
9.588000
4.800000
9.717000
12.759000
11.587000
9.831000
12.752000
5.621000
6.879000
8.248000
9.041000
9.843000
12.996000
7.936000
11.774000
12.192000
17.043000
14.592000
10.342000
11.710000
16.366000
12.941000
13.355000
7.257000
7.100000
11.242000
13.376000
18.103000
15.569000
17.259000
11.629000
5.485000
16.194000
6.631000
14.535000
10.377000
15.194000
5.484000
11.343000
11.138000
8.630000
10.296000
13.616000
0.947000
8.485000
4.867000
8.430000
8.939000
12.911000
2.940000
8.315000
10.216000
16.448000
3.484000
10.706000
6.928000
3.598000
4.076000
9.961000
6.478000
1.493000
15.376000
12.936000
1.930000
10.034000
9.143000
13.835000
10.761000
14.395000
18.303000
14.040000
7.522000
10.113000
6.986000
12.782000
13.018000
8.013000
8.997000
7.937000
12.921000
13.376000
8.860000
6.009000
7.444000
7.731000
8.939000
8.496000
9.003000
19.645000
12.415000
14.317000
8.633000
11.334000
6.823000
13.392000
17.992000
4.986000
7.929000
11.879000
8.718000
12.877000
10.574000
7.354000
18.106000
14.626000
13.673000
11.473000
15.653000
12.964000
5.333000
7.991000
12.446000
9.514000
6.966000
2.744000
9.136000
14.522000
8.401000
12.796000
10.541000
15.670000
18.869000
7.208000
10.538000
9.065000
8.592000
10.973000
7.083000
11.777000
13.646000
7.836000
6.957000
8.083000
6.167000
7.349000
13.085000
10.544000
9.818000
5.539000
17.610000
11.359000
11.381000
5.657000
10.360000
20.792000
4.354000
14.778000
17.614000
9.513000
15.276000
8.952000
13.821000
11.465000
3.362000
14.483000
10.219000
8.335000
14.316000
7.124000
16.023000
12.512000
18.868000
14.375000
14.286000
8.281000
12.977000
11.404000
11.719000
7.231000
8.271000
4.375000
11.325000
7.230000
12.550000
8.963000
7.521000
10.076000
7.888000
16.148000
10.012000
11.724000
12.209000
17.582000
14.361000
10.760000
19.956000
13.837000
12.413000
10.558000
7.895000
10.918000
7.875000
7.839000
5.943000
10.168000
9.749000
8.389000
16.083000
18.311000
14.939000
16.492000
4.349000
7.825000
20.187000
13.199000
8.060000
10.069000
18.736000
3.860000
8.314000
11.720000
10.149000
11.507000
13.675000
13.808000
13.360000
8.025000
11.976000
14.541000
14.612000
7.352000
12.151000
14.128000
10.133000
12.000000
15.269000
8.858000
12.173000
10.821000
10.402000
6.416000
13.874000
8.120000
7.460000
9.346000
11.035000
18.945000
18.173000
17.211000
13.218000
11.023000
4.630000
14.179000
15.880000
17.107000
11.261000
14.572000
9.462000
16.107000
13.044000
12.795000
17.428000
15.019000
15.115000
7.991000
9.870000
7.859000
16.103000
14.809000
14.318000
15.115000
18.749000
11.892000
15.411000
8.722000
5.598000
9.160000
13.637000
12.841000
13.689000
17.403000
11.006000
11.865000
14.496000
13.659000
11.017000
5.793000
10.982000
11.915000
12.296000
20.634000
18.189000
8.456000
13.596000
9.674000
11.930000
15.470000
6.029000
21.768000
5.415000
8.822000
17.745000
16.736000
15.919000
11.553000
6.258000
16.665000
10.078000
11.026000
9.058000
9.745000
11.925000
15.857000
17.259000
15.579000
12.318000
9.120000
11.779000
18.403000
7.937000
11.540000
15.073000
5.221000
11.925000
11.618000
7.135000
5.490000
20.821000
6.386000
11.806000
7.731000
12.013000
24.013000
8.921000
4.580000
10.063000
18.267000
6.553000
8.939000
11.568000
5.021000
10.767000
11.112000
8.318000
5.817000
11.334000
12.714000
6.787000
14.162000
7.699000
7.131000
3.218000
9.896000
9.916000
14.834000
5.345000
5.505000
10.167000
5.543000
13.301000
7.388000
17.565000
4.759000
10.713000
16.226000
6.284000
16.049000
5.118000
11.341000
15.401000
8.786000
8.264000
11.587000
10.685000
16.051000
13.604000
12.234000
14.261000
8.598000
8.188000
5.231000
7.403000
16.399000
13.950000
8.466000
7.616000
13.549000
8.780000
12.799000
8.031000
14.317000
12.137000
12.373000
8.092000
11.937000
11.865000
3.460000
15.130000
17.036000
13.949000
3.798000
17.925000
15.756000
13.354000
14.703000
14.585000
8.731000
9.117000
15.861000
6.263000
15.259000
8.716000
9.401000
17.456000
15.170000
15.960000
11.687000
7.841000
5.275000
5.438000
9.087000
14.524000
11.129000
9.414000
8.418000
4.726000
11.778000
6.104000
0.387000
14.328000
11.097000
13.925000
11.095000
7.487000
8.127000
8.608000
7.908000
8.700000
10.770000
13.215000
7.829000
8.712000
12.550000
11.957000
10.530000
10.804000
8.767000
4.245000
5.737000
4.575000
8.464000
14.164000
8.045000
14.077000
7.295000
12.404000
13.915000
8.654000
10.962000
7.738000
15.048000
9.633000
12.096000
11.318000
9.404000
11.532000
19.940000
13.195000
6.540000
12.183000
14.241000
5.856000
10.256000
10.752000
14.123000
9.672000
11.052000
9.904000
8.441000
10.794000
11.666000
13.279000
22.759000
8.589000
10.037000
14.566000
9.930000
13.238000
4.567000
7.091000
6.966000
11.419000
11.735000
7.381000
8.255000
8.576000
11.101000
8.083000
6.657000
8.775000
9.627000
12.443000
10.165000
9.054000
4.280000
9.802000
5.843000
4.563000
4.375000
9.015000
12.104000
7.178000
6.262000
10.610000
10.428000
7.791000
9.133000
9.959000
11.335000
8.937000
11.178000
6.575000
5.283000
15.138000
5.063000
9.418000
15.742000
5.066000
12.310000
6.552000
15.106000
15.255000
11.367000
10.614000
10.378000
9.890000
11.966000
12.421000
14.606000
8.935000
11.429000
15.195000
18.158000
13.469000
11.552000
15.106000
11.196000
8.071000
8.054000
6.121000
6.962000
10.677000
21.271000
6.809000
4.731000
7.872000
17.049000
6.780000
13.693000
6.390000
5.794000
6.276000
8.790000
4.816000
6.617000
14.320000
12.073000
14.289000
12.584000
22.017000
9.496000
15.218000
16.621000
9.188000
10.583000
13.709000
7.114000
8.423000
14.978000
13.428000
21.594000
12.700000
5.033000
14.740000
6.576000
5.615000
8.840000
6.642000
9.310000
10.075000
10.216000
23.394000
14.363000
16.696000
6.521000
8.343000
13.398000
15.081000
10.987000
11.947000
4.319000
10.551000
11.071000
10.897000
16.858000
10.486000
4.023000
12.830000
10.269000
8.240000
9.083000
6.331000
4.849000
12.027000
9.881000
14.967000
9.573000
13.035000
7.301000
9.651000
7.823000
4.817000
16.361000
14.042000
13.277000
10.033000
9.483000
7.601000
13.029000
10.140000
13.450000
5.793000
7.720000
9.666000
4.736000
12.112000
12.308000
9.539000
17.191000
13.956000
7.809000
7.859000
11.654000
9.118000
10.882000
6.791000
12.254000
12.703000
19.090000
8.927000
10.812000
10.727000
12.308000
13.033000
11.761000
14.668000
9.699000
13.279000
11.154000
9.382000
14.036000
9.922000
7.246000
4.898000
13.907000
8.438000
10.742000
6.803000
9.344000
13.396000
12.674000
10.091000
10.738000
6.959000
8.204000
10.877000
14.366000
11.542000
7.914000
10.094000
12.522000
15.192000
10.463000
12.421000
8.544000
6.928000
18.509000
7.999000
11.687000
11.265000
10.325000
7.286000
14.047000
11.065000
10.950000
12.744000
4.032000
10.806000
6.794000
11.929000
6.801000
8.392000
14.294000
6.014000
7.905000
9.184000
6.950000
14.789000
8.797000
8.027000
6.164000
9.287000
8.986000
11.186000
7.125000
11.621000
7.730000
7.811000
11.153000
5.183000
7.059000
8.641000
9.054000
6.854000
10.147000
9.933000
10.477000
8.776000
11.817000
9.315000
10.101000
11.298000
12.911000
11.342000
13.394000
7.237000
9.385000
10.724000
9.567000
7.173000
16.870000
10.921000
11.549000
10.509000
8.892000
10.214000
9.852000
9.614000
10.059000
10.078000
9.052000
9.458000
9.705000
5.769000
12.565000
12.059000
7.695000
14.607000
15.868000
13.657000
4.757000
11.413000
7.911000
11.071000
14.210000
3.999000
7.659000
8.282000
7.775000
8.075000
6.663000
13.422000
11.736000
17.899000
7.791000
5.972000
9.605000
10.275000
7.495000
11.077000
5.180000
11.253000
9.436000
10.133000
6.950000
14.271000
11.453000
7.748000
12.470000
6.910000
8.561000
11.008000
11.582000
6.607000
7.082000
10.266000
14.804000
9.287000
13.949000
8.772000
11.088000
13.470000
15.202000
11.099000
8.434000
9.594000
4.878000
7.341000
12.768000
4.378000
7.588000
10.045000
9.551000
12.476000
11.484000
14.126000
13.628000
0.524000
11.555000
14.143000
12.855000
11.032000
10.160000
8.517000
13.561000
11.842000
10.119000
12.891000
11.359000
8.791000
7.635000
14.734000
12.673000
12.082000
10.658000
8.170000
11.224000
8.958000
9.750000
15.146000
15.720000
3.077000
14.019000
6.590000
14.738000
12.246000
9.388000
11.889000
11.160000
4.734000
11.415000
13.203000
11.374000
6.196000
3.537000
4.364000
10.757000
11.576000
11.116000
6.569000
12.189000
12.234000
7.575000
8.648000
4.733000
9.361000
8.081000
11.479000
3.583000
7.425000
11.925000
3.100000
7.898000
8.061000
7.458000
5.471000
3.437000
8.124000
12.757000
6.571000
4.930000
4.274000
8.810000
3.847000
5.493000
8.823000
7.109000
2.517000
4.199000
9.919000
9.853000
10.711000
6.545000
6.448000
10.981000
7.249000
12.855000
10.065000
11.829000
2.299000
5.779000
6.554000
6.890000
4.185000
7.723000
11.857000
1.858000
4.802000
6.460000
3.452000
3.408000
5.640000
14.065000
3.230000
7.683000
13.047000
4.016000
4.713000
6.355000
2.582000
2.475000
9.137000
8.006000
3.842000
9.493000
10.618000
0.411000
4.699000
3.747000
2.126000
3.354000
1.464000
3.551000
2.955000
5.379000
4.976000
1.787000
3.353000
8.892000
2.972000
1.085000
6.606000
4.082000
7.431000
4.283000
3.413000
8.838000
2.987000
6.366000
9.037000
9.399000
0.000000
3.300000
4.667000
6.154000
4.373000
11.483000
12.240000
3.902000
5.437000
9.209000
4.053000
5.375000
11.205000
5.902000
10.380000
6.690000
4.372000
0.933000
11.184000
6.461000
7.568000
4.129000
2.331000
5.557000
14.560000
10.708000
3.995000
2.514000
3.967000
6.820000
7.016000
4.803000
6.601000
7.553000
5.763000
15.370000
4.401000
2.904000
6.076000
2.681000
1.585000
9.322000
4.928000
1.438000
5.863000
13.065000
7.130000
4.654000
1.187000
14.220000
3.130000
4.856000
7.643000
12.125000
2.460000
4.361000
12.489000
11.932000
3.288000
3.391000
11.823000
11.727000
5.124000
11.845000
8.193000
4.517000
5.411000
5.040000
9.840000
7.161000
13.506000
7.825000
9.437000
8.783000
8.625000
2.290000
5.144000
12.232000
6.589000
10.108000
2.701000
10.186000
3.924000
11.361000
7.451000
8.687000
9.888000
11.496000
10.985000
10.031000
3.509000
11.726000
8.573000
4.433000
3.841000
5.829000
0.000000
10.194000
4.105000
1.577000
7.520000
15.068000
12.526000
8.495000
3.492000
5.279000
11.414000
12.763000
8.854000
5.512000
9.829000
6.550000
15.088000
6.919000
7.401000
8.285000
9.314000
12.549000
13.043000
6.188000
5.138000
6.932000
6.931000
2.476000
9.256000
10.449000
11.256000
9.387000
10.460000
8.296000
3.016000
6.629000
6.337000
7.817000
3.227000
8.163000
10.254000
10.730000
7.899000
11.202000
12.784000
9.282000
8.699000
3.079000
13.542000
10.578000
5.863000
6.823000
7.853000
12.851000
11.654000
2.494000
0.000000
10.091000
7.617000
9.151000
5.680000
14.083000
5.671000
3.718000
2.992000
5.292000
4.444000
10.516000
5.510000
10.147000
12.862000
10.420000
7.112000
10.168000
11.244000
7.461000
4.793000
10.296000
7.927000
8.727000
4.095000
9.875000
5.830000
12.664000
8.385000
5.546000
10.619000
10.064000
4.410000
6.746000
8.366000
9.306000
10.685000
14.716000
12.245000
11.519000
12.437000
9.658000
10.822000
16.501000
10.536000
10.250000
8.434000
13.227000
10.216000
11.324000
15.222000
7.677000
10.164000
7.632000
4.921000
5.540000
8.547000
15.460000
5.622000
12.083000
4.705000
4.893000
10.517000
8.460000
6.862000
10.861000
8.360000
13.556000
11.020000
11.044000
12.612000
8.804000
14.449000
11.335000
14.686000
8.071000
5.956000
6.839000
11.941000
8.961000
11.903000
12.622000
17.488000
9.191000
17.719000
10.094000
14.844000
15.123000
11.221000
17.373000
10.482000
12.218000
6.899000
15.910000
4.396000
7.737000
4.822000
8.446000
3.629000
4.749000
6.058000
12.957000
8.367000
9.558000
8.328000
13.175000
6.074000
12.869000
1.117000
10.897000
16.822000
9.260000
5.113000
9.998000
11.986000
10.696000
17.624000
4.828000
7.059000
9.969000
2.505000
10.109000
9.983000
8.213000
16.550000
10.011000
10.944000
7.367000
11.484000
12.086000
10.309000
8.840000
9.587000
3.072000
7.815000
9.065000
14.512000
8.374000
10.898000
8.654000
7.024000
7.472000
12.793000
10.658000
12.251000
1.813000
4.841000
11.731000
8.169000
11.404000
8.804000
11.748000
9.505000
10.093000
9.039000
8.825000
10.487000
7.870000
15.809000
9.042000
7.581000
11.170000
10.780000
5.859000
13.381000
14.488000
7.971000
9.963000
3.872000
5.289000
9.271000
5.145000
4.553000
10.323000
4.460000
10.704000
9.954000
9.730000
6.069000
9.858000
9.882000
11.161000
0.970000
7.266000
11.105000
6.828000
8.915000
11.746000
11.301000
5.454000
9.606000
8.283000
12.686000
9.843000
11.750000
11.367000
12.142000
7.531000
5.589000
9.351000
9.352000
4.734000
11.167000
10.789000
7.205000
6.021000
6.941000
10.884000
11.697000
7.239000
5.360000
13.729000
6.227000
7.192000
12.227000
8.125000
12.734000
11.871000
11.157000
4.113000
12.332000
10.233000
12.754000
13.526000
8.798000
4.297000
10.705000
3.166000
5.682000
7.256000
8.354000
2.442000
7.589000
12.377000
9.001000
10.697000
6.331000
3.317000
8.659000
10.789000
4.378000
8.954000
9.596000
7.572000
9.056000
4.066000
11.952000
7.968000
9.150000
11.709000
6.859000
6.633000
6.752000
6.434000
6.206000
10.261000
1.966000
8.651000
9.949000
6.684000
6.620000
5.898000
6.121000
6.940000
1.575000
12.643000
8.335000
13.026000
11.293000
7.735000
4.604000
7.292000
2.322000
10.125000
8.417000
7.731000
17.268000
3.840000
10.664000
15.644000
12.488000
6.492000
13.447000
7.534000
8.980000
11.007000
8.998000
10.974000
9.127000
12.196000
11.016000
8.570000
5.601000
9.000000
6.895000
11.761000
10.239000
7.935000
10.756000
9.355000
9.200000
4.907000
16.566000
4.754000
10.699000
17.839000
4.791000
4.271000
10.689000
14.765000
9.959000
11.883000
16.828000
8.272000
11.355000
14.842000
7.189000
7.598000
24.296000
6.355000
10.479000
17.478000
6.481000
11.124000
11.110000
14.808000
13.008000
6.528000
5.929000
7.896000
11.660000
16.014000
9.081000
20.559000
10.589000
3.795000
6.760000
8.592000
13.289000
10.165000
12.212000
7.922000
9.827000
8.575000
9.455000
5.981000
11.825000
5.753000
3.944000
14.639000
11.487000
6.194000
8.140000
14.250000
8.806000
11.089000
6.297000
9.249000
13.027000
11.341000
6.422000
7.359000
11.448000
6.580000
3.658000
9.914000
7.528000
8.295000
12.656000
16.725000
11.396000
11.344000
11.341000
10.966000
5.422000
15.149000
16.398000
21.023000
15.310000
11.394000
6.000000
21.205000
12.590000
10.536000
9.629000
11.502000
6.032000
10.704000
7.733000
9.781000
5.218000
9.438000
11.327000
10.048000
14.104000
12.847000
5.329000
16.858000
12.377000
8.347000
8.404000
11.860000
11.341000
6.963000
11.490000
11.062000
9.226000
14.162000
13.732000
9.427000
10.764000
4.978000
7.292000
7.975000
7.584000
15.957000
9.077000
7.717000
9.107000
11.295000
8.263000
9.123000
8.878000
6.915000
9.205000
10.169000
13.015000
6.407000
11.572000
12.453000
10.183000
8.888000
10.755000
10.699000
12.084000
18.053000
17.439000
3.549000
10.071000
14.743000
12.864000
8.954000
13.032000
9.495000
13.099000
16.448000
11.116000
12.217000
2.785000
10.330000
12.975000
6.977000
8.815000
11.045000
9.707000
4.557000
6.158000
9.280000
7.043000
7.035000
17.165000
4.297000
6.501000
11.339000
9.483000
11.227000
15.228000
12.256000
5.222000
9.116000
11.791000
10.644000
11.374000
8.633000
14.503000
11.323000
9.266000
13.549000
4.115000
5.145000
7.287000
7.103000
11.855000
8.319000
7.150000
8.329000
10.164000
11.131000
14.805000
12.484000
8.435000
10.787000
11.723000
15.376000
12.523000
8.536000
9.190000
6.043000
10.720000
15.067000
9.432000
13.069000
16.772000
15.816000
14.772000
8.102000
10.809000
12.264000
11.558000
10.918000
13.434000
8.381000
11.546000
12.077000
8.631000
11.150000
7.109000
7.486000
7.902000
16.916000
6.798000
7.496000
9.351000
14.596000
10.488000
8.622000
11.860000
7.025000
7.548000
13.843000
10.606000
17.353000
11.886000
16.117000
10.516000
5.160000
13.181000
11.093000
10.888000
13.190000
5.597000
7.052000
4.971000
12.225000
6.168000
13.238000
9.053000
10.422000
12.265000
13.254000
6.355000
11.579000
12.259000
8.173000
8.624000
12.698000
10.778000
9.307000
8.838000
6.981000
15.266000
0.000000
9.864000
12.169000
11.033000
13.704000
0.000000
0.000000
0.000000
0.000000
0.000000
0.000000
0.000000
0.000000
10.624000
0.000000
0.000000
0.000000
0.000000
3.052000
0.000000
0.000000
7.934000
3.071000
0.000000
0.324000
2.143000
22.620000
0.000000
2.309000
0.000000
4.104000
8.779000
0.742000
0.000000
0.000000
0.000000
0.000000
0.607000
1.814000
0.000000
0.000000
0.000000
7.096000
1.377000
0.239000
0.000000
11.033000
5.590000
4.351000
5.665000
6.903000
4.886000
0.000000
10.660000
0.000000
12.505000
0.000000
8.145000
5.612000
10.826000
3.866000
0.000000
0.729000
0.000000
0.000000
3.150000
0.000000
0.000000
5.228000
3.712000
0.000000
0.000000
4.199000
0.000000
0.000000
0.000000
2.985000
1.691000
1.178000
0.000000
0.000000
6.356000
2.193000
3.359000
5.955000
0.000000
1.603000
2.337000
3.100000
2.161000
0.000000
15.100000
5.802000
7.881000
0.000000
1.780000
9.012000
0.000000
0.000000
0.000000
1.010000
4.455000
0.000000
6.264000
3.236000
0.000000
0.682000
2.808000
0.000000
1.284000
0.000000
0.000000
7.788000
0.000000
4.871000
1.708000
10.144000
2.353000
3.149000
11.487000
8.750000
8.683000
0.754000
5.816000
0.000000
0.000000
12.747000
0.000000
4.724000
5.517000
5.604000
10.194000
0.000000
2.543000
0.000000
0.000000
8.783000
0.000000
7.688000
1.215000
7.810000
10.982000
7.566000
3.297000
5.846000
2.151000
2.708000
1.364000
5.832000
2.051000
8.389000
7.178000
0.000000
3.336000
10.340000
3.350000
0.000000
3.766000
15.887000
4.657000
0.000000
2.230000
2.607000
0.164000
0.202000
4.866000
7.475000
5.987000
0.000000
9.203000
16.333000
2.997000
1.152000
0.371000
13.298000
6.891000
2.544000
0.000000
3.543000
3.033000
0.939000
9.052000
6.321000
9.259000
4.255000
3.121000
6.330000
9.970000
4.010000
7.967000
5.866000
2.737000
0.000000
8.277000
3.307000
0.000000
7.346000
0.000000
7.188000
6.301000
11.596000
10.007000
4.941000
11.182000
11.929000
12.864000
6.852000
0.000000
10.798000
0.000000
1.454000
0.000000
0.000000
5.557000
8.283000
6.954000
0.000000
0.000000
0.000000
12.562000
6.174000
7.203000
3.780000
4.592000
5.716000
0.000000
4.969000
13.417000
7.455000
3.337000
1.129000
0.000000
2.686000
10.449000
3.632000
6.615000
4.165000
7.563000
9.469000
5.713000
8.065000
6.629000
6.079000
3.491000
3.426000
12.005000
12.870000
5.024000
6.537000
1.369000
13.538000
10.103000
4.103000
0.413000
0.909000
4.739000
7.749000
10.949000
9.409000
10.040000
5.846000
4.382000
1.790000
10.147000
11.362000
6.868000
0.000000
6.231000
2.510000
5.272000
10.143000
7.999000
8.091000
2.642000
3.428000
6.054000
4.441000
11.420000
0.000000
3.688000
3.193000
4.248000
6.913000
7.094000
6.298000
11.762000
4.449000
2.927000
4.902000
8.789000
10.036000
2.540000
5.106000
0.764000
1.357000
9.293000
5.851000
2.137000
13.025000
3.904000
1.497000
7.625000
4.331000
2.219000
8.623000
5.206000
8.141000
2.525000
9.840000
4.890000
4.610000
8.346000
0.000000
16.236000
2.769000
4.534000
5.871000
3.896000
7.069000
10.570000
4.689000
2.940000
7.493000
3.387000
6.366000
2.828000
3.125000
6.532000
3.651000
7.829000
6.343000
24.412000
2.022000
0.185000
3.312000
8.054000
7.062000
0.669000
1.645000
9.506000
6.426000
14.718000
5.874000
4.776000
2.944000
8.521000
4.316000
5.667000
1.365000
7.912000
0.238000
3.948000
9.257000
3.876000
7.769000
7.880000
0.000000
5.047000
9.503000
3.727000
25.404000
3.640000
0.045000
0.426000
1.702000
0.544000
3.761000
12.037000
0.000000
7.982000
12.089000
6.234000
0.814000
4.744000
0.752000
5.682000
10.469000
1.590000
4.532000
6.153000
8.462000
1.170000
5.733000
1.287000
3.911000
5.437000
5.134000
1.543000
0.378000
6.658000
0.752000
6.284000
2.867000
0.166000
5.314000
1.386000
1.797000
2.916000
7.290000
6.746000
2.638000
4.187000
8.886000
3.340000
0.000000
5.234000
2.490000
6.176000
3.241000
3.045000
2.891000
3.019000
4.745000
2.573000
0.434000
6.707000
4.273000
6.212000
2.105000
6.406000
4.391000
3.321000
0.000000
5.761000
3.553000
4.918000
1.100000
8.827000
4.385000
7.577000
1.766000
6.412000
2.488000
4.024000
7.687000
7.827000
9.261000
1.224000
7.910000
2.781000
16.118000
7.124000
4.098000
6.017000
3.894000
3.677000
5.037000
4.075000
3.533000
4.814000
2.136000
1.153000
10.569000
3.810000
4.241000
5.453000
2.814000
0.000000
0.217000
3.831000
3.141000
2.475000
5.709000
2.012000
1.453000
6.774000
0.000000
2.559000
12.211000
0.652000
8.182000
5.983000
5.429000
5.277000
8.584000
11.646000
0.000000
6.444000
5.245000
7.034000
8.007000
6.041000
9.268000
1.378000
4.444000
7.703000
9.834000
4.506000
8.121000
3.124000
9.222000
3.459000
5.947000
7.298000
0.211000
2.832000
2.480000
6.448000
6.882000
3.493000
0.000000
11.819000
5.784000
8.425000
5.225000
4.416000
6.414000
4.159000
6.583000
9.807000
3.840000
0.000000
4.167000
6.349000
3.545000
9.259000
9.007000
9.377000
9.021000
3.081000
7.952000
8.721000
12.194000
6.493000
6.196000
4.036000
5.625000
7.172000
6.407000
4.613000
7.754000
4.659000
4.689000
4.365000
8.258000
0.967000
2.299000
8.792000
6.174000
5.586000
4.793000
2.035000
0.000000
9.212000
13.847000
6.654000
7.544000
4.936000
2.787000
1.797000
4.544000
3.480000
6.881000
4.669000
9.052000
7.767000
1.435000
6.623000
7.678000
8.100000
2.306000
9.289000
7.256000
6.478000
7.966000
5.129000
2.944000
7.666000
7.240000
4.049000
3.539000
1.298000
7.009000
3.182000
6.266000
3.200000
9.544000
9.529000
5.683000
8.531000
2.848000
7.528000
6.599000
3.142000
4.467000
9.186000
10.857000
13.491000
7.937000
3.908000
8.673000
3.612000
7.152000
10.638000
11.944000
5.846000
3.458000
8.287000
12.674000
11.194000
9.996000
2.741000
8.965000
0.767000
9.019000
9.598000
10.734000
4.946000
9.431000
0.000000
4.443000
2.438000
8.248000
2.882000
5.920000
7.083000
6.817000
8.319000
6.090000
4.164000
8.181000
4.813000
3.342000
4.426000
2.914000
3.240000
2.937000
3.724000
7.292000
6.478000
6.370000
6.381000
3.845000
5.688000
8.070000
3.019000
7.591000
9.544000
6.659000
7.224000
2.897000
8.070000
6.053000
10.198000
5.840000
9.781000
4.060000
8.831000
8.147000
6.250000
8.333000
3.311000
9.109000
2.015000
7.810000
9.216000
3.430000
2.950000
8.645000
1.842000
5.573000
7.989000
7.305000
15.452000
6.112000
6.680000
8.793000
1.865000
5.172000
6.295000
6.195000
5.407000
3.691000
10.376000
6.607000
4.455000
7.451000
11.295000
2.923000
2.749000
5.363000
5.615000
5.624000
5.336000
13.487000
10.937000
3.171000
4.522000
11.481000
5.317000
5.326000
4.348000
5.090000
8.287000
3.751000
2.728000
2.907000
4.962000
7.147000
8.164000
6.473000
11.868000
6.260000
4.490000
3.683000
5.306000
4.976000
3.053000
8.136000
6.860000
8.107000
7.295000
5.523000
8.702000
7.658000
6.851000
6.694000
5.369000
2.341000
6.228000
6.299000
6.989000
1.675000
6.428000
3.836000
3.866000
1.067000
6.531000
6.704000
9.312000
7.869000
3.116000
9.801000
5.089000
1.175000
7.920000
12.486000
4.498000
4.669000
5.430000
13.545000
3.983000
3.576000
7.750000
14.147000
11.084000
7.696000
13.568000
10.245000
8.965000
3.521000
11.999000
8.718000
2.762000
7.332000
4.278000
14.872000
4.141000
9.381000
6.640000
10.772000
6.764000
4.412000
2.699000
7.998000
9.541000
5.919000
5.405000
8.596000
5.498000
17.184000
7.290000
7.819000
12.868000
5.366000
6.787000
1.974000
7.064000
8.225000
8.111000
17.669000
8.354000
9.687000
5.194000
13.709000
17.641000
6.288000
6.049000
9.761000
6.006000
9.915000
5.083000
11.793000
8.397000
7.178000
9.666000
9.580000
5.431000
11.579000
7.876000
1.741000
9.392000
9.729000
7.855000
5.208000
10.754000
14.119000
6.730000
5.131000
7.313000
2.709000
10.646000
5.877000
6.973000
13.362000
8.959000
2.181000
12.553000
4.998000
7.995000
8.379000
11.980000
11.404000
4.207000
14.614000
14.262000
12.183000
5.737000
5.307000
15.170000
5.996000
3.701000
3.960000
3.937000
5.832000
9.659000
6.923000
5.559000
2.580000
8.651000
1.419000
1.593000
5.649000
0.329000
3.803000
5.773000
0.072000
0.549000
0.753000
0.000000
2.951000
2.292000
2.746000
2.374000
5.770000
0.988000
8.320000
5.174000
14.841000
1.984000
0.000000
0.386000
1.841000
0.000000
1.403000
2.948000
4.872000
4.792000
0.000000
1.937000
2.750000
5.030000
2.257000
1.260000
15.414000
0.000000
1.331000
0.000000
6.760000
1.267000
7.846000
3.563000
15.689000
3.957000
0.000000
3.780000
2.796000
0.000000
2.352000
2.443000
3.659000
9.663000
2.849000
10.044000
1.801000
0.409000
0.000000
5.736000
4.174000
1.999000
0.000000
15.952000
7.063000
0.000000
7.163000
13.203000
2.816000
1.977000
0.000000
1.967000
2.473000
9.068000
11.010000
4.330000
8.662000
2.613000
3.555000
16.353000
6.159000
8.092000
0.000000
1.919000
12.424000
5.121000
8.658000
4.987000
8.672000
12.456000
0.000000
9.462000
4.993000
0.000000
0.000000
3.079000
7.503000
5.287000
5.532000
0.000000
2.655000
5.145000
2.965000
1.919000
6.202000
2.416000
6.999000
4.047000
6.643000
10.821000
5.212000
14.191000
3.256000
5.820000
6.185000
3.676000
12.594000
6.270000
16.108000
4.184000
5.793000
5.746000
17.577000
7.062000
4.949000
5.095000
13.157000
2.726000
7.065000
8.070000
5.958000
5.115000
8.267000
10.817000
1.474000
9.395000
7.509000
6.850000
11.725000
10.371000
11.481000
14.851000
1.384000
9.704000
3.111000
8.382000
5.128000
9.245000
6.082000
9.091000
15.408000
8.763000
5.697000
6.171000
8.322000
3.744000
6.373000
6.574000
7.146000
0.351000
6.868000
10.492000
4.879000
0.000000
6.969000
6.981000
0.622000
8.235000
10.611000
6.469000
20.204000
0.815000
3.398000
20.637000
9.447000
7.587000
8.281000
8.892000
8.240000
7.242000
0.000000
9.205000
10.305000
11.996000
5.657000
6.945000
11.235000
11.377000
5.854000
2.410000
10.874000
12.648000
6.554000
2.988000
15.706000
7.233000
13.971000
14.847000
9.827000
7.987000
9.850000
2.972000
4.193000
8.041000
6.277000
5.553000
4.134000
9.416000
1.155000
9.517000
10.797000
4.534000
7.425000
4.641000
11.652000
2.244000
11.603000
1.343000
9.835000
5.208000
5.837000
0.716000
10.479000
9.697000
6.585000
12.172000
0.000000
3.366000
19.358000
8.207000
6.979000
10.115000
7.051000
7.097000
14.734000
9.401000
8.393000
10.276000
8.572000
7.144000
7.920000
8.053000
1.961000
8.419000
7.278000
0.255000
8.209000
1.962000
0.208000
8.840000
1.966000
7.993000
6.011000
9.734000
3.257000
4.023000
1.209000
10.874000
17.330000
8.274000
3.756000
7.159000
7.559000
10.277000
5.138000
10.280000
7.096000
15.763000
4.029000
9.852000
2.514000
3.992000
0.000000
11.368000
2.796000
5.917000
0.664000
3.983000
11.975000
0.500000
1.921000
5.702000
15.068000
5.991000
10.444000
6.429000
7.434000
12.522000
3.963000
2.822000
0.686000
4.167000
4.609000
4.715000
2.491000
1.277000
6.295000
9.410000
14.506000
10.799000
5.920000
3.979000
6.634000
6.463000
2.810000
10.631000
8.432000
5.186000
14.494000
3.764000
7.034000
5.884000
7.003000
9.886000
4.498000
7.484000
4.942000
6.431000
6.656000
6.080000
4.191000
8.258000
7.849000
0.000000
5.450000
1.084000
3.489000
9.522000
6.361000
7.636000
8.662000
5.069000
9.442000
15.206000
5.625000
10.117000
10.151000
10.626000
10.192000
5.065000
2.957000
2.971000
5.208000
2.626000
2.285000
10.022000
9.664000
2.427000
10.736000
15.282000
11.102000
8.841000
0.000000
3.877000
10.235000
11.309000
9.339000
5.215000
15.698000
9.011000
7.648000
3.237000
6.090000
8.590000
4.043000
10.334000
8.434000
7.064000
8.545000
10.037000
6.678000
5.238000
7.371000
4.772000
10.640000
9.178000
1.070000
11.051000
11.552000
7.274000
8.359000
6.356000
1.349000
8.178000
10.281000
14.579000
10.221000
7.799000
6.174000
9.550000
5.092000
11.250000
6.432000
10.477000
7.301000
9.198000
6.605000
10.916000
1.987000
9.399000
9.339000
9.670000
7.791000
8.487000
7.382000
8.121000
5.290000
5.690000
9.083000
4.374000
8.660000
8.136000
5.217000
6.919000
6.067000
6.466000
4.070000
7.074000
10.917000
8.872000
7.082000
12.499000
6.323000
9.432000
7.388000
10.622000
8.117000
7.348000
4.396000
9.631000
4.811000
9.713000
5.541000
4.676000
6.647000
10.593000
8.534000
10.682000
8.747000
8.444000
7.629000
7.264000
11.579000
6.873000
7.742000
7.302000
6.076000
13.952000
7.980000
9.848000
4.364000
5.014000
8.840000
8.034000
2.399000
2.143000
8.093000
8.957000
7.160000
8.907000
7.222000
7.625000
10.643000
6.071000
9.801000
9.729000
8.242000
4.787000
13.118000
8.496000
7.319000
14.457000
8.322000
5.638000
15.126000
9.468000
11.267000
6.202000
4.150000
5.633000
7.124000
9.114000
8.739000
5.032000
3.813000
7.185000
1.101000
8.167000
9.850000
6.898000
10.592000
6.559000
11.616000
8.595000
7.570000
7.094000
10.312000
6.134000
8.977000
10.160000
6.114000
6.096000
7.281000
7.920000
8.317000
10.274000
10.437000
13.210000
19.498000
7.269000
9.308000
8.423000
4.345000
4.976000
9.019000
6.258000
0.414000
6.122000
7.880000
2.021000
10.385000
6.943000
13.372000
4.846000
4.100000
10.402000
10.403000
7.181000
6.621000
5.601000
9.804000
10.474000
7.489000
7.599000
8.638000
8.942000
11.857000
9.966000
2.738000
3.198000
15.093000
9.754000
5.370000
10.687000
6.582000
5.701000
10.728000
8.399000
15.154000
9.671000
3.768000
7.378000
5.810000
3.162000
8.276000
7.920000
6.039000
6.451000
5.433000
10.525000
11.089000
7.255000
2.308000
4.395000
8.651000
5.138000
6.726000
4.463000
9.167000
6.176000
14.799000
3.035000
6.466000
6.461000
3.639000
6.088000
8.720000
6.229000
8.449000
7.345000
9.732000
10.645000
1.790000
8.439000
6.809000
2.411000
9.121000
9.715000
6.254000
7.737000
11.886000
1.022000
4.162000
5.075000
0.599000
11.840000
6.921000
2.739000
2.273000
5.029000
5.424000
8.885000
4.489000
5.251000
9.111000
6.008000
6.421000
5.244000
6.679000
13.958000
6.614000
11.466000
5.731000
7.093000
6.648000
14.606000
7.498000
6.279000
8.975000
9.623000
10.186000
10.453000
6.448000
4.181000
6.946000
8.616000
8.681000
11.725000
5.219000
3.226000
3.377000
11.227000
15.859000
7.237000
7.912000
5.999000
1.589000
5.422000
5.494000
7.216000
7.850000
10.490000
5.303000
7.427000
5.834000
6.647000
9.591000
7.880000
6.638000
6.567000
9.506000
7.064000
6.930000
9.385000
4.323000
12.360000
7.768000
12.631000
5.744000
6.105000
11.500000
4.787000
12.764000
8.791000
9.103000
6.977000
4.558000
10.130000
6.155000
10.886000
10.306000
4.602000
5.596000
10.854000
4.916000
11.835000
10.205000
3.843000
4.018000
11.023000
13.823000
8.471000
8.527000
6.862000
9.010000
5.769000
6.801000
6.373000
11.620000
6.888000
8.365000
4.686000
6.199000
6.348000
11.547000
7.516000
8.965000
8.973000
10.873000
7.896000
4.298000
7.586000
5.894000
5.924000
7.911000
7.069000
9.633000
1.063000
7.835000
4.603000
6.942000
9.561000
11.220000
7.722000
7.764000
12.934000
8.104000
6.710000
7.954000
5.076000
12.694000
5.684000
10.123000
5.395000
10.298000
2.632000
8.175000
6.845000
5.943000
6.141000
8.089000
11.500000
7.757000
11.896000
13.299000
9.695000
10.474000
4.194000
13.233000
9.596000
7.073000
9.798000
8.881000
10.322000
1.006000
7.345000
5.184000
7.901000
3.998000
8.860000
8.241000
10.537000
9.956000
3.008000
7.459000
6.110000
3.414000
7.939000
3.824000
10.485000
9.936000
13.089000
5.253000
8.198000
7.739000
6.420000
9.690000
6.124000
8.419000
15.037000
5.870000
6.717000
7.973000
7.137000
13.742000
9.790000
13.934000
10.568000
11.056000
14.075000
1.768000
5.823000
10.288000
7.546000
6.887000
7.137000
13.696000
8.054000
10.843000
4.599000
10.315000
4.669000
5.263000
7.607000
12.685000
10.444000
4.483000
13.902000
13.175000
5.361000
8.245000
5.249000
8.346000
10.231000
11.820000
12.119000
4.882000
8.359000
7.700000
7.061000
13.762000
10.714000
9.899000
11.030000
9.685000
11.563000
7.799000
7.535000
10.797000
4.156000
5.399000
14.094000
8.453000
8.018000
13.354000
6.467000
2.791000
8.268000
8.959000
8.087000
11.239000
3.608000
8.530000
10.492000
9.068000
9.461000
8.397000
9.703000
9.198000
3.365000
11.908000
4.657000
5.450000
8.748000
6.675000
1.894000
4.739000
2.029000
5.630000
5.845000
8.128000
10.275000
5.065000
2.505000
12.185000
8.565000
6.513000
7.520000
3.806000
9.903000
9.398000
9.020000
3.183000
4.052000
8.517000
0.834000
5.188000
8.560000
4.893000
1.559000
1.280000
4.612000
3.142000
1.046000
2.136000
0.655000
4.145000
2.249000
0.956000
4.034000
0.306000
2.453000
3.434000
4.657000
3.126000
5.287000
6.628000
1.682000
5.145000
0.000000
0.790000
7.677000
3.836000
2.827000
1.558000
2.075000
1.779000
10.259000
1.668000
6.478000
0.000000
4.388000
5.514000
4.413000
1.551000
0.747000
1.867000
2.381000
2.977000
8.539000
4.928000
3.017000
7.953000
4.343000
10.251000
6.318000
1.448000
5.413000
1.674000
0.044000
7.398000
1.268000
4.603000
11.164000
5.920000
5.820000
8.738000
8.795000
4.664000
6.261000
5.730000
4.367000
1.324000
8.667000
8.058000
5.314000
6.681000
8.686000
5.792000
8.141000
10.583000
3.371000
0.000000
0.794000
2.947000
5.158000
7.367000
4.597000
6.358000
9.134000
6.923000
10.211000
3.027000
4.000000
7.322000
0.806000
8.952000
4.862000
4.000000
7.469000
6.701000
8.174000
7.076000
2.678000
5.856000
0.000000
13.770000
7.899000
1.971000
11.320000
4.980000
8.875000
1.830000
3.310000
1.387000
10.406000
8.534000
7.533000
6.416000
3.874000
1.419000
6.296000
9.387000
9.333000
6.288000
12.506000
9.573000
6.483000
4.755000
2.013000
1.603000
13.603000
9.845000
6.696000
1.220000
9.747000
6.452000
6.326000
10.305000
1.421000
3.156000
10.408000
8.084000
2.221000
8.319000
6.650000
4.095000
5.448000
14.314000
8.493000
1.705000
5.591000
2.546000
7.374000
4.154000
4.892000
7.040000
8.954000
8.299000
9.292000
4.982000
7.244000
8.215000
10.356000
20.977000
5.847000
8.521000
7.928000
5.216000
4.381000
0.776000
7.440000
4.731000
10.813000
8.306000
8.919000
7.114000
11.229000
10.890000
6.848000
7.506000
4.957000
9.272000
2.160000
7.533000
8.335000
0.732000
5.089000
4.649000
8.505000
4.864000
8.663000
9.703000
3.955000
8.644000
0.628000
3.350000
8.301000
0.000000
2.580000
7.224000
1.323000
8.904000
2.900000
0.000000
7.105000
2.786000
1.527000
3.213000
4.364000
0.000000
2.291000
2.303000
1.549000
7.059000
4.848000
0.000000
3.024000
5.782000
3.795000
0.847000
0.000000
1.079000
7.797000
0.000000
1.759000
4.081000
2.446000
5.595000
0.728000
2.748000
5.624000
4.655000
4.687000
6.502000
7.256000
5.147000
0.000000
5.606000
4.275000
0.679000
3.229000
1.975000
0.000000
6.495000
0.062000
4.190000
0.000000
1.862000
0.499000
0.000000
2.823000
9.929000
3.114000
3.478000
1.597000
0.000000
2.385000
0.449000
4.939000
0.000000
0.776000
0.666000
7.331000
1.271000
1.042000
4.764000
0.000000
5.809000
8.101000
4.257000
2.581000
0.000000
0.112000
0.000000
3.892000
6.458000
10.036000
0.000000
0.000000
0.000000
2.455000
3.274000
3.335000
4.332000
3.339000
0.659000
0.000000
2.461000
5.108000
3.473000
9.082000
8.784000
0.000000
0.000000
0.215000
0.000000
6.895000
0.000000
3.434000
1.288000
0.000000
0.000000
2.215000
4.582000
2.267000
4.681000
5.721000
0.000000
0.307000
4.407000
5.936000
0.000000
0.000000
2.043000
2.034000
5.615000
2.362000
1.788000
0.804000
4.415000
6.812000
2.012000
0.000000
0.601000
2.531000
4.120000
4.911000
3.559000
4.926000
1.464000
8.903000
8.983000
7.286000
2.255000
1.443000
0.000000
9.773000
6.747000
6.445000
8.730000
0.000000
5.573000
0.000000
0.078000
9.853000
11.178000
3.168000
0.558000
0.572000
2.540000
3.520000
3.359000
8.381000
0.000000
6.845000
0.000000
2.020000
1.337000
16.997000
0.992000
7.733000
3.521000
4.991000
4.212000
5.735000
7.703000
2.274000
2.085000
2.529000
0.838000
0.000000
2.172000
6.408000
5.583000
0.332000
3.966000
1.002000
4.583000
2.347000
5.236000
2.072000
4.175000
3.663000
5.205000
5.169000
4.578000
1.170000
8.544000
9.937000
2.615000
7.311000
4.832000
5.451000
0.000000
10.020000
6.389000
2.453000
4.608000
6.407000
7.895000
2.903000
0.265000
6.039000
5.032000
2.759000
5.382000
1.551000
5.386000
2.223000
0.000000
0.869000
7.687000
5.426000
6.019000
10.212000
6.265000
6.849000
2.342000
12.582000
4.509000
5.285000
5.450000
0.000000
7.799000
2.899000
3.757000
0.000000
9.735000
6.297000
8.859000
8.651000
4.309000
7.001000
6.853000
1.251000
5.267000
11.841000
4.100000
0.000000
2.780000
11.860000
6.920000
0.867000
1.903000
9.980000
0.000000
5.264000
0.000000
9.550000
4.526000
6.574000
6.755000
5.911000
5.488000
6.004000
6.488000
4.143000
7.659000
3.215000
6.568000
8.645000
1.644000
7.284000
2.532000
6.937000
6.043000
0.000000
0.000000
14.535000
9.339000
7.249000
0.752000
11.626000
1.441000
3.901000
5.783000
5.731000
17.083000
4.967000
5.118000
5.580000
0.601000
9.341000
6.833000
3.284000
2.758000
2.724000
2.855000
10.468000
10.810000
2.632000
5.587000
5.032000
0.000000
1.938000
2.516000
7.927000
8.298000
7.656000
6.451000
7.392000
8.724000
6.007000
5.456000
1.029000
10.458000
1.852000
8.063000
1.519000
8.790000
1.167000
5.435000
6.928000
5.685000
4.125000
7.670000
7.534000
2.249000
8.330000
0.000000
5.699000
6.789000
11.297000
0.000000
7.833000
3.742000
4.132000
9.877000
3.881000
9.688000
4.165000
10.702000
12.193000
2.178000
4.695000
1.931000
0.000000
3.535000
3.628000
9.762000
4.431000
3.829000
4.016000
4.697000
11.979000
10.989000
5.306000
11.976000
2.866000
6.833000
4.822000
4.030000
3.148000
5.938000
7.705000
5.400000
5.183000
5.257000
12.091000
1.898000
4.766000
5.410000
2.546000
0.438000
6.351000
2.366000
8.568000
7.365000
6.573000
7.075000
3.202000
5.941000
6.523000
6.003000
10.671000
6.922000
3.758000
5.083000
3.299000
6.685000
4.321000
5.753000
6.877000
2.180000
3.515000
15.049000
1.909000
5.065000
11.515000
9.056000
5.364000
0.000000
6.661000
3.654000
9.747000
8.202000
6.200000
5.940000
5.128000
6.651000
6.019000
10.644000
9.281000
4.067000
10.797000
2.169000
6.531000
6.617000
6.108000
3.389000
2.304000
7.664000
8.753000
8.612000
5.416000
3.535000
7.407000
4.383000
4.228000
11.980000
10.184000
4.944000
9.842000
5.813000
13.612000
8.046000
8.663000
3.761000
4.694000
5.188000
4.266000
11.332000
6.277000
5.477000
11.342000
3.811000
5.579000
10.051000
11.693000
6.637000
11.016000
9.874000
6.947000
6.392000
7.789000
4.916000
8.623000
4.116000
4.110000
6.561000
6.869000
4.467000
6.980000
3.727000
3.493000
4.353000
5.211000
8.508000
8.934000
7.227000
11.778000
3.719000
6.454000
13.784000
11.862000
9.858000
7.956000
6.793000
7.417000
11.749000
7.884000
6.920000
7.136000
5.313000
1.704000
10.530000
15.506000
5.454000
13.892000
7.178000
14.554000
5.904000
8.780000
6.298000
5.991000
7.624000
7.197000
2.284000
5.601000
7.904000
2.171000
5.613000
5.912000
10.640000
3.904000
5.529000
6.777000
8.957000
7.844000
11.006000
2.296000
9.877000
4.199000
7.929000
6.308000
2.728000
10.446000
10.415000
13.657000
8.317000
8.957000
9.422000
10.315000
9.128000
3.439000
7.051000
3.539000
7.833000
8.458000
9.872000
3.735000
7.001000
6.761000
3.560000
5.752000
6.492000
5.606000
7.739000
5.022000
10.957000
6.311000
7.972000
6.112000
11.313000
8.756000
2.297000
5.145000
6.795000
6.983000
6.463000
6.246000
5.408000
4.703000
8.301000
11.333000
5.939000
9.681000
6.645000
0.000000
8.250000
4.834000
9.278000
5.130000
5.140000
4.945000
9.043000
9.983000
13.444000
5.330000
5.984000
6.042000
8.558000
2.480000
10.522000
10.594000
4.833000
7.675000
1.903000
7.674000
4.748000
6.266000
5.156000
8.168000
8.499000
2.571000
4.889000
6.486000
2.202000
11.833000
7.272000
9.166000
6.073000
8.414000
4.628000
16.673000
4.524000
6.262000
7.227000
5.678000
4.875000
8.007000
12.835000
2.652000
1.644000
13.416000
5.241000
8.351000
6.476000
8.083000
2.528000
13.779000
7.340000
7.414000
4.545000
6.982000
9.710000
9.814000
5.001000
5.218000
6.084000
5.918000
7.502000
4.952000
10.333000
4.333000
10.068000
5.440000
7.496000
5.448000
8.684000
9.190000
7.531000
4.438000
9.970000
8.364000
3.983000
8.493000
8.800000
6.763000
7.939000
6.088000
4.663000
7.320000
8.088000
9.373000
5.475000
5.294000
2.862000
8.043000
7.671000
9.584000
5.666000
5.436000
7.791000
7.225000
9.664000
6.100000
8.272000
5.606000
4.169000
5.980000
5.326000
8.764000
9.289000
9.605000
6.336000
6.275000
9.564000
5.650000
8.775000
2.632000
4.505000
7.191000
0.443000
10.846000
3.315000
8.459000
7.629000
3.218000
11.054000
7.120000
3.955000
8.010000
12.170000
5.246000
6.682000
5.731000
5.235000
5.178000
6.363000
6.084000
4.687000
5.803000
5.346000
4.100000
6.683000
2.847000
5.465000
6.067000
6.831000
5.983000
7.383000
7.286000
5.754000
8.178000
7.385000
8.730000
11.683000
3.015000
7.735000
3.259000
2.034000
5.534000
7.656000
5.654000
5.543000
10.880000
6.174000
9.687000
5.251000
6.790000
2.315000
5.920000
4.228000
7.525000
6.443000
8.095000
7.637000
3.221000
5.066000
4.883000
4.539000
4.854000
9.715000
3.695000
6.263000
8.749000
9.731000
5.652000
13.714000
5.826000
3.464000
2.858000
3.670000
11.344000
4.781000
4.914000
4.903000
6.699000
6.121000
7.273000
8.315000
7.292000
6.091000
5.687000
10.552000
8.728000
8.137000
3.028000
1.207000
9.165000
7.591000
6.142000
1.874000
12.432000
8.757000
6.663000
5.948000
6.623000
7.572000
11.286000
9.444000
11.938000
11.898000
4.183000
9.018000
10.559000
8.170000
7.204000
3.963000
10.786000
7.089000
5.204000
9.372000
5.901000
9.819000
5.877000
7.049000
5.213000
12.057000
6.127000
6.987000
4.644000
9.226000
10.422000
9.412000
10.557000
11.533000
10.335000
6.856000
5.211000
4.205000
8.937000
4.692000
2.975000
4.148000
6.937000
2.614000
6.262000
4.044000
7.763000
5.596000
5.019000
9.216000
8.037000
13.270000
10.364000
8.525000
5.722000
6.606000
9.837000
5.655000
11.671000
4.879000
8.329000
3.679000
6.131000
4.670000
8.115000
9.943000
5.940000
8.584000
9.534000
5.762000
10.446000
9.777000
6.143000
7.430000
7.888000
12.018000
6.605000
2.309000
5.998000
11.727000
13.540000
7.138000
7.554000
7.054000
7.987000
11.699000
9.943000
6.962000
13.679000
7.847000
8.546000
4.538000
10.779000
10.658000
10.587000
6.113000
11.197000
10.271000
10.861000
8.788000
5.190000
6.945000
9.674000
6.509000
5.207000
9.538000
5.289000
8.232000
5.526000
6.580000
11.094000
7.505000
11.019000
18.689000
5.190000
5.823000
7.091000
4.441000
8.316000
8.955000
11.060000
6.564000
7.858000
8.021000
11.866000
10.079000
5.972000
3.841000
8.143000
3.699000
6.461000
8.973000
3.102000
4.741000
6.855000
10.410000
8.958000
6.669000
6.484000
6.782000
3.531000
8.926000
8.682000
10.093000
16.160000
3.716000
7.692000
8.135000
4.806000
7.940000
5.467000
4.985000
7.941000
7.431000
6.846000
5.996000
9.811000
8.138000
6.616000
4.211000
10.541000
7.252000
11.415000
3.488000
11.132000
11.121000
8.428000
5.482000
2.073000
10.666000
6.009000
2.827000
11.873000
5.771000
5.735000
8.570000
10.327000
6.904000
6.339000
9.399000
5.801000
4.739000
6.594000
9.100000
9.049000
2.463000
6.978000
8.388000
9.842000
3.574000
2.969000
2.460000
11.507000
9.574000
9.582000
11.800000
7.236000
12.194000
11.009000
3.892000
6.442000
0.131000
2.497000
9.691000
11.214000
1.013000
8.764000
8.622000
7.301000
7.577000
6.733000
11.313000
3.430000
14.235000
7.538000
6.746000
9.099000
5.663000
8.121000
4.790000
5.820000
13.973000
6.833000
5.563000
3.375000
11.418000
8.171000
9.242000
10.256000
7.732000
9.592000
14.144000
8.451000
1.269000
6.682000
13.518000
4.453000
10.627000
5.906000
11.095000
2.984000
1.926000
7.333000
14.680000
7.732000
8.198000
11.982000
9.045000
9.432000
7.970000
7.534000
8.437000
8.259000
7.418000
10.256000
14.015000
10.412000
9.233000
8.242000
5.442000
10.955000
8.712000
5.511000
10.191000
8.009000
7.647000
8.336000
4.725000
11.670000
3.194000
4.099000
10.747000
7.409000
11.896000
4.548000
6.987000
10.840000
8.969000
8.518000
8.840000
4.460000
8.257000
6.010000
6.696000
5.455000
7.972000
6.547000
9.090000
4.973000
8.545000
7.674000
5.340000
8.438000
3.068000
5.092000
9.504000
12.553000
10.412000
6.519000
8.206000
10.459000
2.614000
7.168000
9.002000
6.833000
10.981000
2.813000
6.256000
1.755000
6.058000
11.182000
8.423000
6.541000
8.533000
11.827000
8.840000
8.927000
4.817000
8.900000
11.364000
13.257000
10.986000
5.054000
6.895000
9.633000
6.306000
2.415000
10.023000
8.603000
10.851000
10.428000
9.249000
11.574000
8.120000
14.359000
4.346000
7.405000
11.611000
7.331000
3.620000
5.266000
6.419000
8.893000
11.801000
9.297000
12.069000
7.130000
3.890000
5.249000
7.085000
13.187000
6.536000
4.544000
11.291000
7.478000
6.619000
12.607000
8.706000
2.565000
8.239000
5.217000
8.929000
8.770000
16.025000
10.342000
4.750000
8.755000
11.399000
6.048000
9.890000
8.198000
11.404000
2.965000
8.246000
7.497000
8.442000
10.665000
5.091000
11.468000
9.980000
7.763000
7.551000
6.208000
20.046000
10.358000
7.056000
4.038000
10.130000
3.276000
5.532000
12.081000
8.738000
8.221000
2.229000
9.291000
6.958000
12.087000
9.234000
9.220000
4.410000
9.644000
11.408000
7.484000
5.102000
10.429000
12.869000
10.849000
5.335000
9.333000
9.032000
7.268000
9.095000
9.590000
5.595000
7.200000
8.695000
10.289000
11.881000
11.063000
5.956000
10.612000
8.329000
5.162000
13.444000
6.151000
8.590000
4.941000
8.416000
8.187000
9.676000
7.509000
3.635000
10.246000
8.539000
15.752000
11.546000
12.845000
9.610000
10.084000
6.312000
11.895000
10.955000
6.987000
8.057000
10.251000
12.046000
9.609000
6.121000
5.818000
9.851000
8.215000
10.041000
8.132000
12.004000
8.378000
7.752000
13.352000
5.093000
6.037000
10.173000
8.865000
6.547000
9.231000
11.546000
8.010000
12.201000
10.259000
14.058000
6.067000
9.313000
7.740000
10.176000
6.723000
11.398000
7.687000
10.284000
10.125000
6.895000
8.248000
11.234000
10.001000
10.124000
8.137000
6.676000
7.754000
6.084000
17.037000
8.656000
9.734000
4.831000
11.485000
11.171000
9.051000
8.343000
8.962000
9.245000
10.022000
9.206000
10.992000
9.265000
5.354000
8.161000
12.401000
8.905000
14.302000
7.132000
10.356000
6.813000
12.633000
9.100000
15.506000
18.579000
6.063000
15.898000
12.512000
11.190000
10.636000
6.350000
18.039000
10.541000
13.097000
13.014000
10.233000
8.382000
13.421000
10.855000
11.099000
7.237000
7.749000
7.636000
5.476000
8.736000
9.884000
6.663000
8.786000
8.969000
8.821000
6.071000
10.355000
10.372000
10.275000
9.571000
21.342000
10.603000
11.207000
14.570000
5.010000
3.678000
6.342000
11.399000
10.967000
18.025000
5.846000
10.472000
3.572000
8.424000
11.571000
14.963000
14.082000
9.302000
10.672000
12.686000
13.130000
9.941000
8.635000
10.680000
13.149000
13.117000
7.820000
8.780000
9.319000
14.572000
7.937000
7.417000
13.313000
12.472000
11.386000
9.663000
9.498000
11.955000
10.765000
8.639000
8.858000
8.309000
10.961000
13.494000
15.112000
2.619000
3.840000
7.387000
11.752000
10.300000
9.514000
9.407000
10.605000
7.214000
13.637000
9.521000
10.750000
7.664000
14.872000
12.480000
7.302000
11.357000
6.617000
10.705000
9.157000
9.406000
11.726000
13.830000
11.900000
15.399000
10.746000
14.231000
15.268000
11.320000
10.816000
7.225000
7.583000
9.612000
13.840000
14.964000
11.098000
11.454000
11.392000
9.679000
8.616000
6.088000
11.135000
9.835000
10.438000
9.735000
6.163000
9.080000
10.103000
11.740000
8.888000
14.062000
7.433000
11.153000
8.444000
14.082000
9.307000
15.415000
12.685000
14.825000
8.026000
5.006000
6.643000
11.241000
13.481000
8.523000
8.837000
11.298000
11.413000
9.682000
9.770000
19.420000
7.379000
12.331000
10.706000
6.667000
7.422000
5.997000
8.781000
12.308000
7.733000
10.026000
12.428000
9.721000
8.605000
10.059000
20.923000
10.017000
8.975000
12.254000
6.330000
9.803000
5.701000
13.173000
13.686000
6.816000
13.708000
7.993000
7.615000
12.005000
11.416000
11.329000
15.250000
12.632000
9.902000
9.777000
9.948000
15.664000
14.634000
11.416000
11.129000
10.706000
8.134000
10.918000
5.255000
12.825000
7.567000
6.256000
11.471000
13.763000
8.492000
10.191000
14.909000
22.938000
8.069000
15.019000
11.144000
9.592000
11.251000
1.065000
7.571000
10.169000
5.878000
8.837000
10.837000
9.042000
12.393000
7.500000
9.151000
10.076000
9.477000
11.382000
3.603000
8.782000
4.784000
11.543000
1.455000
4.122000
5.193000
12.759000
3.920000
3.923000
4.676000
5.099000
9.505000
0.315000
15.142000
4.132000
0.591000
2.055000
6.571000
12.059000
5.638000
2.338000
3.497000
18.187000
4.011000
6.984000
1.774000
7.445000
4.443000
3.519000
5.903000
1.475000
2.207000
3.252000
3.220000
5.320000
2.679000
11.744000
8.924000
11.808000
3.415000
7.622000
2.886000
0.000000
2.719000
1.685000
16.030000
0.000000
2.049000
7.590000
4.010000
15.524000
14.160000
9.198000
12.218000
6.366000
6.752000
6.597000
1.647000
7.656000
2.867000
11.792000
1.589000
2.997000
3.843000
2.092000
2.950000
6.773000
4.575000
0.486000
3.188000
11.832000
1.748000
4.910000
9.329000
14.554000
1.929000
3.019000
7.319000
4.258000
11.595000
4.432000
8.310000
0.000000
10.858000
2.349000
16.630000
14.649000
6.312000
4.775000
1.099000
5.970000
4.884000
3.636000
1.193000
8.016000
7.283000
9.762000
0.000000
9.669000
8.196000
7.021000
13.848000
11.658000
0.270000
8.839000
12.285000
7.018000
9.273000
9.056000
11.450000
9.488000
12.627000
4.353000
10.349000
7.431000
16.186000
10.134000
12.492000
12.384000
8.899000
12.046000
6.883000
12.016000
12.493000
10.737000
4.179000
5.512000
11.541000
8.589000
10.304000
9.419000
2.486000
2.626000
14.778000
11.443000
13.538000
18.061000
7.847000
12.728000
7.571000
9.196000
12.498000
4.282000
9.943000
1.377000
6.933000
7.229000
12.907000
8.160000
12.476000
10.198000
8.405000
14.121000
11.827000
3.600000
2.720000
12.510000
11.450000
11.026000
5.258000
7.689000
9.501000
8.000000
3.840000
8.062000
6.212000
7.037000
14.693000
11.497000
8.938000
13.735000
6.424000
16.346000
9.916000
2.308000
4.961000
2.732000
10.564000
8.077000
11.195000
10.039000
10.227000
10.185000
15.418000
12.050000
9.513000
10.483000
6.302000
10.397000
8.672000
11.899000
1.876000
11.843000
12.201000
10.153000
15.310000
9.528000
6.918000
11.512000
7.265000
9.288000
8.092000
9.712000
16.622000
11.297000
12.028000
1.981000
9.633000
13.532000
13.190000
8.297000
7.082000
10.429000
11.172000
12.534000
7.810000
8.454000
0.000000
10.448000
12.658000
8.389000
10.956000
8.140000
7.329000
16.314000
9.049000
14.354000
10.544000
0.000000
8.565000
15.594000
12.297000
1.234000
12.438000
15.795000
2.887000
13.068000
3.345000
1.334000
11.620000
0.883000
0.000000
3.614000
2.215000
0.000000
2.936000
0.000000
1.194000
0.000000
0.000000
3.531000
6.970000
0.000000
3.321000
3.919000
0.000000
2.062000
0.811000
3.278000
2.677000
7.573000
0.633000
11.005000
11.181000
4.118000
3.669000
1.215000
0.000000
8.610000
9.927000
0.000000
0.000000
0.213000
5.403000
8.153000
0.000000
0.000000
0.000000
0.000000
2.902000
1.117000
9.655000
2.706000
11.032000
7.757000
7.748000
9.087000
2.701000
5.469000
1.169000
0.000000
0.822000
6.187000
0.000000
8.202000
4.174000
4.465000
18.093000
0.000000
0.645000
1.835000
0.000000
4.113000
5.479000
11.298000
10.094000
1.691000
2.027000
5.547000
9.011000
0.000000
0.000000
3.536000
0.000000
0.000000
1.266000
6.777000
1.194000
0.767000
10.895000
9.878000
9.599000
13.564000
11.457000
0.000000
0.201000
6.601000
0.000000
12.262000
8.278000
4.479000
5.324000
3.933000
5.214000
0.000000
0.000000
6.848000
11.374000
5.453000
8.870000
0.000000
7.764000
21.515000
0.000000
0.000000
1.011000
3.912000
4.802000
4.702000
7.679000
0.000000
8.145000
5.614000
2.533000
9.551000
6.682000
11.137000
15.508000
12.936000
0.000000
7.284000
11.527000
8.281000
2.509000
4.743000
1.181000
10.219000
10.983000
10.062000
11.545000
0.000000
13.029000
18.895000
3.738000
0.000000
11.576000
3.761000
3.924000
12.959000
6.850000
9.521000
0.000000
5.102000
0.000000
5.534000
3.160000
5.774000
0.120000
7.584000
6.827000
11.273000
6.170000
9.540000
7.038000
11.744000
0.266000
3.463000
14.410000
11.898000
3.239000
7.838000
0.000000
8.677000
11.234000
10.837000
11.424000
14.154000
9.406000
10.032000
3.300000
0.000000
10.103000
9.213000
14.123000
5.760000
8.664000
3.882000
13.773000
16.989000
10.470000
9.899000
9.724000
0.000000
3.420000
8.572000
0.000000
0.886000
5.077000
8.007000
6.972000
2.549000
5.296000
0.000000
0.000000
16.121000
3.337000
0.721000
7.062000
10.275000
18.979000
16.700000
7.771000
14.754000
18.382000
7.587000
15.898000
9.992000
0.713000
0.000000
11.218000
0.000000
0.790000
3.272000
16.493000
7.593000
7.113000
10.817000
10.332000
10.914000
5.406000
5.602000
8.987000
17.900000
0.000000
12.109000
8.017000
12.264000
13.058000
9.831000
5.960000
4.761000
10.516000
12.548000
8.548000
8.682000
10.973000
9.265000
3.457000
2.853000
1.566000
5.820000
5.020000
7.657000
10.026000
0.000000
16.579000
19.428000
9.199000
12.441000
10.002000
5.223000
10.408000
0.387000
15.870000
10.723000
5.515000
10.812000
4.892000
10.069000
6.333000
11.763000
11.329000
5.835000
11.273000
9.215000
7.132000
10.886000
6.591000
14.815000
11.720000
10.865000
11.488000
6.060000
8.935000
11.137000
7.650000
3.731000
3.447000
7.663000
7.552000
5.356000
8.556000
0.000000
3.538000
5.816000
0.332000
7.884000
0.000000
8.505000
1.763000
6.363000
5.129000
2.568000
4.383000
9.789000
6.973000
11.718000
1.669000
6.738000
5.990000
5.692000
6.776000
0.102000
10.563000
8.481000
6.869000
4.075000
13.464000
4.826000
6.787000
5.541000
8.311000
3.391000
12.090000
11.889000
0.000000
3.416000
3.852000
3.518000
6.930000
10.429000
4.384000
10.281000
7.697000
0.206000
9.129000
4.237000
13.483000
1.888000
3.164000
9.736000
5.621000
12.669000
10.914000
5.859000
6.004000
5.910000
1.728000
1.098000
4.424000
13.498000
10.115000
6.859000
7.129000
5.924000
12.547000
8.442000
12.560000
9.061000
3.633000
4.257000
4.703000
11.913000
6.384000
13.458000
7.053000
11.672000
7.127000
4.690000
6.308000
6.930000
10.783000
10.142000
0.000000
11.264000
2.883000
6.588000
0.000000
10.818000
6.945000
3.402000
0.612000
7.949000
6.237000
3.399000
9.921000
1.295000
4.243000
3.591000
0.625000
0.000000
0.000000
3.415000
1.170000
10.491000
0.000000
5.420000
0.000000
6.428000
0.000000
5.011000
0.162000
0.000000
0.808000
3.334000
2.778000
0.119000
8.877000
13.717000
1.332000
4.576000
11.695000
0.454000
9.103000
0.000000
1.782000
0.000000
0.000000
3.622000
3.495000
0.000000
0.000000
0.000000
2.900000
6.366000
1.086000
1.798000
9.325000
0.216000
0.000000
5.720000
0.000000
0.000000
2.524000
0.000000
6.912000
0.000000
9.659000
0.000000
2.459000
9.374000
0.181000
6.381000
12.606000
4.709000
9.242000
0.000000
3.105000
10.254000
6.843000
4.302000
2.739000
10.383000
4.210000
0.000000
7.467000
1.226000
7.586000
5.944000
0.818000
2.922000
0.000000
6.752000
6.883000
0.000000
0.000000
2.039000
4.608000
0.000000
5.243000
1.943000
0.960000
1.045000
7.114000
0.000000
10.726000
9.383000
8.777000
2.294000
5.823000
0.000000
9.585000
13.320000
5.453000
8.455000
3.799000
5.045000
1.010000
15.501000
1.548000
0.000000
6.100000
3.728000
5.855000
4.230000
0.000000
0.000000
0.000000
0.430000
6.001000
0.062000
7.877000
9.698000
8.276000
0.000000
5.135000
13.135000
5.008000
6.490000
5.446000
0.000000
6.927000
2.877000
4.869000
2.962000
10.318000
2.779000
1.458000
4.067000
6.260000
11.296000
7.284000
1.524000
0.000000
3.389000
5.152000
5.916000
6.496000
1.527000
3.766000
3.283000
7.437000
9.913000
3.317000
1.339000
3.031000
16.166000
7.334000
14.822000
0.000000
7.787000
2.502000
6.866000
0.873000
5.828000
3.957000
7.590000
5.198000
7.475000
5.151000
5.311000
0.859000
5.869000
5.655000
10.841000
8.441000
8.496000
2.176000
6.544000
7.538000
5.185000
6.459000
4.453000
4.666000
7.186000
10.851000
8.800000
0.031000
8.067000
0.000000
5.527000
7.447000
9.381000
8.025000
7.814000
10.886000
7.274000
6.713000
7.295000
4.782000
5.822000
14.491000
9.369000
10.010000
8.287000
6.557000
7.480000
11.033000
11.391000
6.508000
4.288000
3.000000
8.222000
8.056000
14.054000
12.760000
8.454000
12.775000
2.237000
5.223000
4.363000
7.762000
0.000000
7.907000
4.139000
2.102000
9.317000
5.378000
9.604000
0.934000
2.781000
3.741000
15.091000
5.391000
11.697000
4.459000
1.730000
6.199000
8.554000
9.971000
7.959000
8.946000
4.389000
4.039000
5.089000
2.475000
4.019000
11.077000
7.433000
6.853000
8.116000
4.843000
3.812000
7.923000
8.128000
12.615000
5.987000
5.853000
2.294000
4.913000
7.357000
5.631000
5.232000
10.302000
6.026000
7.369000
4.611000
7.887000
5.267000
8.941000
6.252000
8.069000
3.078000
5.515000
5.920000
6.396000
6.842000
5.806000
11.474000
0.741000
11.311000
8.114000
2.071000
7.788000
5.808000
5.787000
8.010000
4.649000
5.810000
5.187000
3.394000
5.677000
7.299000
9.930000
4.879000
7.097000
10.387000
6.723000
4.477000
8.271000
3.931000
0.000000
8.461000
0.887000
6.820000
5.625000
5.182000
6.607000
11.338000
6.168000
6.761000
5.152000
9.234000
4.202000
5.859000
6.287000
7.851000
8.335000
4.125000
0.000000
9.873000
9.591000
3.271000
4.776000
5.658000
9.075000
0.000000
1.999000
2.681000
3.397000
3.743000
4.168000
4.441000
2.784000
8.863000
5.754000
3.972000
4.445000
0.425000
1.363000
3.807000
1.265000
4.084000
3.540000
0.317000
3.664000
3.328000
0.000000
3.315000
0.000000
0.000000
5.480000
0.954000
2.881000
8.172000
0.000000
8.436000
7.126000
2.779000
1.555000
3.721000
6.710000
0.261000
2.276000
4.192000
3.690000
2.080000
0.000000
5.219000
5.805000
3.239000
4.539000
7.274000
3.410000
5.933000
0.030000
8.556000
0.954000
5.626000
2.358000
0.000000
3.978000
1.329000
5.045000
7.978000
0.000000
0.526000
2.085000
6.638000
2.975000
8.491000
10.770000
8.481000
3.079000
10.402000
1.271000
3.978000
7.571000
7.022000
5.369000
7.540000
2.732000
6.236000
2.583000
8.116000
6.909000
9.968000
8.367000
2.965000
8.706000
3.105000
7.103000
7.338000
6.938000
3.605000
11.956000
6.559000
9.314000
10.390000
3.912000
1.634000
3.191000
6.258000
3.804000
9.944000
7.092000
0.000000
6.135000
7.929000
3.075000
16.119000
9.179000
9.180000
6.420000
9.748000
6.779000
10.376000
4.155000
5.762000
10.570000
0.000000
7.022000
5.695000
3.923000
6.584000
8.601000
2.530000
8.379000
6.177000
5.689000
9.915000
0.130000
8.532000
5.151000
9.186000
0.166000
5.785000
6.769000
11.859000
6.928000
4.450000
4.565000
1.613000
3.309000
6.257000
10.045000
9.583000
9.580000
7.796000
6.133000
0.000000
4.012000
7.650000
7.249000
4.535000
2.515000
7.372000
7.759000
9.746000
6.896000
7.614000
8.835000
2.713000
0.019000
1.516000
2.982000
8.129000
6.280000
9.466000
5.378000
8.255000
7.225000
9.747000
3.790000
3.693000
9.520000
11.576000
4.684000
10.790000
0.772000
7.405000
11.430000
7.527000
8.106000
4.481000
6.362000
6.964000
7.772000
1.563000
10.675000
10.516000
3.191000
12.615000
6.131000
9.284000
7.696000
6.052000
1.045000
4.819000
3.650000
4.105000
10.194000
15.177000
13.694000
5.577000
7.618000
9.940000
9.535000
9.565000
11.864000
4.470000
6.994000
8.612000
7.413000
4.095000
8.624000
8.691000
2.029000
5.246000
5.219000
6.316000
5.393000
6.346000
7.472000
5.950000
10.186000
2.780000
10.611000
4.589000
14.732000
0.122000
5.873000
6.945000
11.578000
5.328000
10.063000
9.950000
2.033000
4.700000
6.299000
6.429000
14.317000
9.720000
9.037000
4.959000
5.430000
7.102000
11.654000
7.451000
7.112000
13.439000
9.344000
6.887000
8.633000
8.102000
1.305000
6.630000
10.899000
3.843000
11.150000
7.598000
5.820000
8.540000
6.318000
7.172000
7.151000
8.025000
7.145000
9.616000
8.743000
3.807000
8.246000
10.968000
6.101000
1.729000
9.565000
11.102000
3.472000
10.607000
8.315000
7.740000
3.055000
7.113000
7.321000
7.515000
5.988000
0.000000
6.208000
2.939000
9.177000
4.810000
7.326000
10.309000
8.062000
6.097000
8.482000
6.290000
10.500000
9.473000
6.476000
8.304000
12.663000
11.069000
7.068000
7.926000
9.660000
10.658000
10.275000
5.501000
9.525000
6.349000
7.097000
1.698000
7.672000
9.688000
3.363000
7.387000
7.895000
7.762000
5.559000
7.552000
5.256000
5.729000
7.587000
8.462000
10.011000
8.685000
10.303000
10.187000
9.336000
13.428000
5.752000
8.330000
10.747000
3.501000
8.931000
9.558000
9.133000
4.109000
11.554000
5.232000
9.159000
5.835000
10.496000
12.063000
10.492000
7.471000
6.637000
15.770000
7.512000
13.861000
5.341000
5.401000
5.985000
9.545000
4.630000
9.044000
8.550000
9.424000
9.193000
11.060000
6.921000
11.269000
4.788000
10.824000
9.144000
8.147000
2.262000
3.942000
7.493000
7.889000
8.133000
8.448000
14.040000
11.342000
5.331000
9.312000
9.519000
3.138000
7.673000
7.340000
4.382000
3.289000
11.176000
6.517000
4.843000
6.800000
9.781000
6.021000
9.774000
7.557000
6.231000
10.237000
6.214000
6.858000
7.765000
11.298000
10.263000
12.022000
8.076000
6.839000
9.758000
8.035000
9.997000
6.165000
9.417000
6.376000
3.977000
12.107000
10.346000
6.302000
9.506000
13.960000
6.202000
11.482000
4.770000
8.679000
5.763000
7.810000
7.306000
10.921000
8.676000
1.742000
13.889000
5.066000
6.673000
13.291000
8.705000
5.974000
9.410000
6.723000
6.518000
6.334000
9.720000
7.518000
8.327000
7.616000
3.590000
12.067000
6.590000
6.779000
12.312000
7.164000
7.656000
6.575000
8.020000
7.210000
9.525000
9.136000
2.715000
8.664000
10.875000
5.107000
12.059000
14.350000
3.511000
9.016000
9.546000
8.024000
8.872000
6.682000
6.497000
5.104000
8.339000
8.267000
9.578000
12.382000
4.455000
3.701000
6.455000
4.719000
7.479000
4.131000
8.380000
8.637000
0.786000
3.680000
6.337000
2.724000
2.833000
0.000000
2.815000
3.670000
2.596000
2.591000
1.311000
1.969000
4.577000
5.963000
5.388000
3.872000
10.246000
7.624000
0.400000
7.067000
2.792000
8.877000
8.281000
1.817000
0.645000
3.716000
4.456000
0.000000
6.218000
3.724000
3.941000
5.186000
8.566000
2.655000
5.998000
4.368000
5.420000
1.753000
1.345000
6.456000
6.387000
7.618000
3.337000
8.122000
0.271000
2.883000
0.000000
6.033000
2.599000
4.836000
12.395000
4.311000
5.986000
7.330000
1.261000
6.009000
5.223000
3.118000
6.150000
3.981000
3.048000
14.373000
13.301000
6.484000
3.570000
3.696000
4.650000
7.339000
11.504000
0.344000
6.698000
10.049000
0.570000
8.852000
9.190000
4.961000
4.212000
0.236000
3.929000
9.487000
4.296000
6.221000
8.399000
7.395000
8.008000
1.107000
12.854000
9.652000
4.424000
7.332000
2.987000
7.648000
4.329000
2.431000
3.379000
5.047000
8.789000
12.178000
3.337000
3.962000
8.678000
6.835000
1.387000
0.000000
4.110000
0.000000
6.480000
5.394000
3.582000
7.540000
3.508000
2.271000
2.292000
3.802000
6.702000
15.725000
3.467000
9.913000
9.701000
6.715000
5.245000
4.210000
9.473000
9.473000
3.015000
7.704000
3.514000
7.772000
8.537000
5.405000
4.972000
2.393000
4.111000
11.147000
10.323000
3.995000
3.320000
5.801000
7.325000
0.110000
3.504000
2.230000
10.044000
3.905000
8.438000
7.698000
5.776000
5.851000
8.022000
9.131000
5.070000
3.146000
0.422000
9.196000
6.168000
9.429000
1.736000
4.091000
6.826000
4.941000
4.941000
9.455000
0.000000
2.046000
10.826000
2.996000
10.835000
0.000000
4.129000
4.054000
3.348000
4.853000
3.939000
8.104000
9.680000
9.689000
5.206000
3.450000
10.386000
4.695000
5.710000
11.674000
4.722000
2.303000
6.500000
5.816000
6.957000
6.994000
3.795000
9.104000
9.491000
9.327000
6.545000
4.651000
11.623000
11.978000
7.468000
9.968000
6.330000
8.362000
8.946000
2.862000
11.316000
11.746000
4.579000
3.148000
8.241000
9.180000
5.103000
7.801000
5.903000
8.241000
9.365000
11.124000
9.566000
3.383000
1.413000
3.091000
8.418000
5.154000
7.625000
5.459000
9.069000
10.509000
9.183000
9.660000
1.810000
11.340000
12.898000
14.544000
8.020000
10.246000
15.647000
12.096000
1.093000
9.139000
12.296000
7.347000
3.400000
7.436000
8.964000
4.680000
8.637000
7.310000
15.080000
8.626000
10.090000
3.534000
4.975000
7.431000
4.985000
9.399000
6.941000
0.581000
10.663000
8.537000
6.588000
9.999000
12.633000
9.280000
6.658000
3.516000
5.538000
7.291000
7.337000
6.011000
9.431000
11.101000
7.852000
3.777000
8.265000
7.870000
5.649000
10.419000
2.371000
6.843000
2.226000
8.422000
1.310000
3.809000
7.241000
2.592000
6.456000
8.315000
14.545000
11.402000
7.744000
3.258000
17.886000
9.856000
9.081000
15.006000
4.406000
6.932000
3.022000
13.289000
5.327000
2.643000
10.858000
3.942000
5.702000
2.600000
7.385000
4.418000
11.785000
3.894000
3.519000
3.506000
7.698000
3.234000
5.779000
3.932000
6.988000
3.894000
1.399000
2.952000
6.753000
5.093000
13.569000
10.073000
5.082000
5.883000
2.421000
5.039000
5.950000
11.026000
5.681000
7.481000
5.432000
11.041000
5.651000
1.305000
11.830000
5.464000
6.633000
9.945000
6.778000
10.490000
5.023000
4.409000
1.763000
5.216000
4.671000
10.646000
4.674000
2.980000
4.464000
0.267000
10.682000
2.569000
5.714000
11.914000
4.853000
7.706000
1.315000
6.186000
3.963000
3.579000
4.805000
1.956000
6.565000
4.756000
5.400000
4.436000
5.121000
8.881000
9.885000
2.842000
3.753000
3.511000
5.503000
5.792000
5.646000
5.274000
3.169000
4.871000
4.375000
9.406000
13.594000
7.234000
6.415000
3.276000
9.993000
8.271000
5.241000
3.486000
8.052000
6.546000
5.380000
8.475000
5.647000
7.838000
3.829000
7.552000
5.511000
10.102000
11.720000
2.414000
6.483000
2.959000
2.531000
4.292000
3.795000
3.668000
9.804000
9.746000
4.670000
2.998000
5.180000
4.135000
9.709000
4.888000
6.131000
5.222000
6.225000
7.403000
9.919000
3.662000
10.998000
6.533000
3.478000
10.309000
8.183000
5.197000
2.344000
8.856000
8.831000
3.835000
4.836000
3.788000
6.232000
4.868000
11.329000
6.193000
14.336000
3.820000
11.871000
9.332000
0.358000
5.510000
1.333000
4.017000
7.062000
5.493000
5.377000
5.665000
6.792000
6.601000
6.303000
7.731000
7.982000
4.015000
5.765000
6.583000
0.522000
5.883000
7.348000
9.176000
3.194000
4.758000
9.516000
8.779000
14.140000
7.145000
6.313000
2.405000
7.210000
8.532000
6.388000
5.103000
6.420000
11.831000
5.467000
0.884000
4.590000
7.874000
4.581000
3.702000
7.130000
8.122000
9.766000
8.641000
5.169000
5.480000
13.846000
7.006000
15.109000
6.932000
8.766000
7.753000
14.097000
8.363000
12.438000
6.019000
13.325000
2.936000
5.458000
4.302000
10.844000
5.360000
4.945000
2.884000
0.986000
12.075000
12.756000
7.975000
9.077000
7.201000
10.749000
4.615000
8.049000
7.323000
10.358000
10.083000
0.000000
8.383000
6.235000
9.371000
10.293000
7.640000
12.023000
10.460000
12.418000
5.585000
10.895000
6.982000
9.946000
7.161000
9.139000
14.359000
8.026000
8.381000
8.105000
8.083000
2.190000
8.205000
4.847000
7.087000
9.202000
8.795000
6.588000
8.752000
6.960000
4.463000
11.414000
5.131000
0.000000
10.368000
9.014000
6.325000
11.560000
9.407000
6.587000
5.403000
6.398000
0.065000
4.489000
4.220000
10.874000
9.996000
0.161000
5.713000
6.604000
2.223000
4.570000
6.800000
5.122000
4.898000
9.236000
0.771000
7.270000
11.896000
0.000000
2.534000
0.890000
2.982000
2.133000
9.285000
3.823000
1.513000
4.261000
0.000000
0.000000
1.287000
3.946000
1.822000
4.979000
3.438000
1.079000
9.712000
1.400000
1.685000
8.453000
8.078000
2.179000
0.000000
1.311000
2.852000
0.000000
1.848000
2.601000
10.586000
0.869000
0.163000
5.181000
3.853000
5.107000
4.570000
1.770000
5.789000
5.789000
5.001000
5.386000
1.533000
1.925000
5.723000
9.263000
1.167000
5.660000
4.535000
5.290000
0.274000
0.000000
4.885000
2.895000
0.000000
8.497000
16.612000
5.893000
10.168000
0.836000
9.043000
0.000000
8.570000
3.733000
0.000000
0.000000
11.203000
5.272000
0.648000
5.545000
8.758000
5.791000
12.822000
12.565000
3.534000
6.873000
2.599000
6.632000
10.021000
4.889000
10.930000
0.000000
18.422000
3.688000
0.989000
5.959000
1.327000
7.144000
12.015000
1.892000
1.392000
6.865000
0.000000
7.678000
5.685000
0.000000
5.385000
7.015000
12.463000
0.000000
3.491000
4.709000
5.963000
2.874000
6.837000
0.000000
0.000000
7.172000
0.000000
2.953000
6.169000
0.620000
11.017000
5.031000
0.000000
0.987000
5.535000
1.048000
2.319000
3.837000
7.107000
0.000000
3.840000
2.669000
1.680000
1.806000
2.441000
4.577000
4.621000
2.812000
11.192000
3.336000
1.172000
0.529000
0.073000
4.533000
4.741000
3.417000
3.119000
3.268000
0.000000
0.000000
5.833000
1.435000
9.818000
7.161000
6.769000
1.656000
2.332000
1.407000
6.031000
0.194000
2.053000
5.343000
0.000000
5.016000
1.913000
1.284000
0.000000
8.997000
11.417000
7.280000
0.000000
2.002000
4.565000
0.000000
1.516000
7.594000
0.000000
11.029000
12.551000
0.000000
4.014000
2.001000
3.163000
3.637000
1.550000
17.706000
3.037000
1.065000
4.959000
3.093000
5.183000
7.097000
8.240000
0.000000
2.063000
0.904000
2.407000
5.255000
12.643000
0.000000
13.412000
3.146000
4.069000
5.569000
3.982000
3.090000
12.057000
9.917000
0.000000
0.000000
8.277000
2.004000
8.984000
5.886000
4.225000
4.819000
10.638000
0.000000
3.808000
7.517000
9.179000
18.689000
9.555000
1.724000
0.046000
2.508000
6.635000
0.000000
10.784000
0.904000
11.209000
0.000000
6.266000
0.134000
7.262000
0.763000
12.876000
9.496000
4.050000
2.022000
0.999000
5.677000
14.302000
6.962000
4.362000
0.259000
0.000000
6.894000
1.913000
12.222000
1.480000
9.507000
4.832000
1.433000
5.638000
1.729000
9.754000
0.000000
3.476000
10.985000
7.353000
0.000000
0.620000
1.927000
1.294000
0.241000
2.969000
0.052000
0.000000
6.276000
0.000000
6.037000
6.699000
7.039000
0.000000
6.523000
10.336000
8.177000
2.434000
0.000000
1.136000
10.170000
0.000000
0.000000
5.274000
0.000000
0.000000
0.000000
2.594000
0.000000
0.000000
0.915000
0.000000
0.000000
0.000000
2.886000
0.000000
0.000000
0.000000
0.000000
0.000000
2.078000
0.000000
0.000000
0.000000
0.000000
0.000000
1.453000
0.000000
0.000000
0.000000
0.000000
0.000000
0.000000
0.124000
0.000000
1.559000
0.000000
0.000000
0.000000
0.000000
1.067000
0.000000
0.000000
0.000000
0.000000
3.616000
0.000000
0.000000
3.783000
0.000000
0.000000
0.000000
0.000000
0.000000
0.309000
0.000000
0.000000
0.000000
0.000000
0.000000
0.000000
1.477000
0.000000
0.824000
0.000000
0.000000
0.000000
0.000000
1.579000
0.000000
0.000000
3.949000
1.343000
0.000000
0.000000
0.000000
0.000000
0.000000
0.000000
0.129000
4.134000
0.508000
1.836000
0.827000
2.229000
0.000000
0.000000
0.000000
0.000000
0.000000
0.000000
1.699000
0.000000
0.000000
0.000000
0.000000
0.000000
4.108000
0.000000
2.076000
1.172000
0.000000
0.000000
0.000000
0.000000
3.814000
0.000000
0.000000
0.000000
0.000000
0.000000
1.985000
0.000000
0.000000
2.663000
0.000000
1.821000
0.000000
1.374000
1.725000
0.406000
0.000000
0.000000
0.000000
0.000000
0.000000
0.549000
0.000000
0.000000
0.000000
0.000000
0.000000
0.000000
0.000000
0.000000
0.000000
0.000000
0.000000
0.820000
0.000000
0.000000
0.000000
0.075000
0.322000
0.000000
0.000000
0.000000
1.638000
0.000000
0.037000
0.000000
0.000000
0.000000
3.779000
2.085000
2.615000
1.005000
1.062000
0.000000
0.000000
0.000000
2.129000
1.066000
0.000000
0.000000
0.000000
0.000000
0.000000
0.000000
0.000000
0.000000
1.912000
0.000000
0.000000
1.208000
0.469000
0.000000
0.000000
3.649000
0.000000
0.000000
1.051000
0.000000
1.548000
0.000000
0.000000
0.000000
0.080000
1.239000
0.000000
0.000000
0.000000
0.000000
0.000000
1.505000
0.000000
0.000000
0.000000
0.258000
0.000000
0.000000
0.000000
0.000000
0.000000
0.000000
0.000000
0.000000
0.717000
0.000000
0.000000
0.000000
0.000000
0.000000
0.000000
1.184000
0.000000
0.334000
0.000000
0.000000
0.000000
0.000000
0.302000
0.000000
0.000000
0.000000
0.000000
0.000000
0.000000
0.000000
0.000000
0.000000
0.000000
0.073000
0.000000
0.000000
0.000000
0.349000
0.000000
0.000000
0.000000
0.000000
0.485000
0.000000
0.000000
1.408000
0.000000
0.000000
0.000000
0.000000
1.731000
0.000000
0.000000
0.000000
0.000000
0.000000
0.000000
0.000000
0.157000
0.000000
0.000000
0.000000
0.000000
0.000000
0.000000
0.000000
0.595000
0.000000
0.576000
0.000000
0.000000
0.000000
0.000000
0.000000
0.912000
0.000000
0.000000
0.000000
0.000000
0.195000
0.000000
1.403000
0.047000
0.000000
0.000000
0.208000
0.000000
0.000000
0.000000
0.000000
0.000000
0.048000
1.212000
0.000000
0.000000
0.000000
0.094000
0.000000
0.445000
0.000000
0.000000
2.171000
0.000000
0.035000
0.000000
0.000000
0.000000
0.000000
0.000000
0.000000
0.000000
0.000000
0.000000
0.000000
0.000000
0.000000
0.000000
0.000000
0.060000
0.000000
0.000000
0.000000
0.000000
0.000000
0.855000
0.000000
0.000000
0.000000
0.000000
0.000000
0.000000
1.215000
0.000000
0.000000
0.000000
0.000000
0.000000
0.000000
0.000000
0.000000
0.000000
0.000000
0.000000
0.000000
0.000000
0.000000
0.430000
0.817000
0.000000
0.000000
0.000000
0.000000
0.000000
2.328000
0.000000
0.299000
1.098000
0.000000
0.000000
0.404000
0.000000
0.000000
0.000000
0.000000
0.000000
0.000000
0.000000
1.062000
0.000000
0.000000
0.000000
0.000000
0.000000
0.000000
0.000000
0.000000
1.271000
0.000000
0.000000
0.000000
0.000000
0.000000
0.000000
0.000000
0.000000
0.000000
0.000000
0.000000
0.000000
0.000000
0.000000
0.000000
0.000000
0.000000
0.000000
0.000000
0.333000
0.000000
0.000000
0.000000
0.000000
0.000000
0.000000
0.000000
0.000000
0.000000
0.000000
0.000000
0.000000
0.000000
0.000000
0.000000
0.000000
0.000000
0.000000
0.000000
0.000000
0.252000
1.049000
0.000000
0.000000
0.000000
0.000000
0.000000
0.000000
1.880000
0.000000
0.000000
0.509000
0.000000
0.840000
0.637000
0.000000
0.000000
0.000000
0.528000
0.000000
0.000000
0.000000
0.000000
0.000000
0.000000
0.000000
0.000000
0.000000
0.976000
0.000000
0.270000
0.000000
0.000000
0.000000
0.000000
1.349000
0.000000
0.000000
0.154000
0.000000
0.000000
3.238000
0.000000
0.000000
0.000000
0.000000
0.000000
0.000000
1.477000
0.000000
0.000000
0.000000
0.000000
0.000000
0.000000
0.000000
0.491000
2.820000
0.000000
0.000000
3.216000
0.000000
0.000000
0.013000
0.000000
0.000000
0.000000
0.000000
0.000000
0.000000
0.000000
0.000000
0.000000
0.000000
0.000000
0.000000
0.000000
0.000000
0.000000
0.000000
0.093000
0.000000
0.000000
0.000000
0.000000
0.233000
0.000000
0.000000
0.000000
0.000000
0.000000
0.000000
0.000000
0.000000
0.000000
0.000000
0.000000
0.000000
0.000000
0.000000
1.106000
0.000000
0.000000
0.000000
0.000000
0.004000
0.000000
0.000000
0.683000
0.000000
0.000000
0.000000
0.000000
0.000000
0.000000
0.000000
1.519000
0.000000
0.000000
0.000000
0.000000
0.000000
0.000000
0.000000
0.000000
0.000000
0.000000
0.000000
0.000000
0.087000
0.000000
0.000000
0.000000
0.406000
0.000000
0.000000
0.000000
0.000000
0.000000
0.000000
0.000000
0.000000
0.000000
0.000000
0.000000
1.588000
0.000000
0.000000
0.000000
0.000000
0.000000
0.000000
0.000000
0.005000
0.000000
0.000000
0.000000
0.000000
0.000000
0.000000
0.000000
0.000000
0.000000
0.000000
0.000000
0.000000
0.087000
0.000000
0.000000
0.000000
0.962000
0.551000
0.000000
0.000000
0.000000
0.000000
0.000000
0.000000
0.482000
0.000000
0.000000
0.000000
0.000000
0.000000
0.000000
0.000000
0.000000
0.000000
0.000000
0.000000
0.000000
0.000000
0.000000
0.000000
0.000000
0.000000
0.000000
0.000000
0.000000
0.000000
0.000000
0.000000
0.000000
0.630000
0.000000
0.000000
0.000000
0.000000
0.000000
0.000000
0.000000
0.000000
0.000000
0.000000
0.000000
0.228000
0.000000
0.000000
0.000000
0.000000
0.000000
0.000000
0.239000
0.000000
0.000000
0.000000
0.000000
0.000000
0.000000
0.000000
0.000000
0.000000
0.000000
0.000000
0.000000
0.000000
0.000000
0.000000
0.000000
0.000000
0.306000
0.000000
0.000000
0.000000
0.000000
0.000000
0.000000
0.037000
0.000000
0.000000
0.234000
0.000000
0.000000
0.188000
0.000000
0.000000
0.000000
0.000000
0.000000
0.000000
0.000000
0.000000
0.050000
0.016000
0.000000
0.000000
0.000000
0.000000
0.000000
0.000000
0.000000
0.000000
0.000000
0.000000
0.000000
0.000000
0.138000
0.000000
0.000000
0.000000
0.000000
0.000000
0.000000
0.000000
0.000000
0.000000
0.000000
0.000000
0.000000
0.000000
0.000000
0.000000
0.000000
0.181000
0.000000
0.000000
0.000000
0.000000
0.000000
0.000000
0.000000
0.000000
0.000000
0.000000
0.000000
0.000000
0.000000
0.000000
0.015000
0.000000
0.000000
0.000000
0.000000
0.000000
0.000000
0.000000
0.000000
0.056000
0.000000
0.000000
0.000000
0.234000
0.000000
0.000000
0.000000
0.000000
0.000000
0.000000
0.000000
0.042000
0.079000
0.169000
0.007000
0.000000
0.000000
0.000000
0.000000
0.000000
0.000000
0.000000
0.000000
0.000000
0.000000
0.000000
0.000000
0.000000
0.000000
0.000000
0.000000
0.000000
0.000000
0.000000
0.000000
0.000000
0.000000
0.000000
0.066000
0.000000
0.017000
0.000000
0.000000
0.000000
0.000000
0.000000
0.000000
0.034000
0.876000
0.000000
0.013000
0.000000
0.000000
0.000000
0.631000
0.000000
0.000000
0.000000
0.000000
0.000000
0.000000
0.000000
0.000000
0.000000
0.000000
0.000000
0.000000
0.000000
0.000000
0.000000
0.000000
0.891000
0.000000
0.000000
0.000000
0.104000
0.000000
0.198000
0.000000
0.000000
0.096000
0.000000
0.000000
0.000000
0.000000
0.000000
0.000000
0.000000
0.000000
0.000000
0.000000
0.000000
0.000000
0.000000
0.000000
0.000000
0.000000
0.000000
0.000000
0.000000
0.000000
0.000000
0.000000
0.000000
0.090000
0.000000
0.000000
0.000000
0.000000
0.000000
0.000000
0.000000
0.000000
0.000000
0.000000
0.000000
0.000000
0.023000
0.000000
0.000000
0.000000
0.000000
0.000000
0.000000
0.000000
0.001000
0.000000
0.000000
0.000000
0.000000
0.000000
0.000000
0.000000
0.000000
0.000000
0.000000
0.000000
0.032000
0.000000
0.220000
0.000000
0.000000
0.000000
0.000000
0.000000
0.000000
0.000000
0.039000
0.000000
0.025000
0.000000
0.000000
0.000000
0.000000
0.000000
0.000000
0.105000
0.000000
0.000000
0.000000
0.000000
0.000000
0.000000
0.157000
0.000000
0.000000
0.000000
0.000000
0.000000
0.082000
0.000000
0.000000
0.000000
0.000000
0.006000
0.000000
0.000000
0.000000
0.000000
0.000000
0.000000
0.000000
0.000000
0.000000
0.000000
0.057000
0.000000
0.000000
0.000000
0.000000
0.000000
0.000000
0.000000
0.347000
0.000000
0.000000
0.096000
0.000000
0.000000
0.000000
0.000000
0.000000
0.030000
0.000000
0.000000
0.000000
0.000000
0.000000
0.000000
0.000000
0.000000
0.000000
0.000000
0.000000
0.000000
0.220000
0.008000
0.007000
0.000000
0.000000
0.000000
0.000000
0.000000
0.022000
0.000000
0.000000
0.000000
0.000000
0.000000
0.000000
0.000000
0.000000
0.000000
0.000000
0.000000
0.020000
0.000000
0.000000
0.000000
0.000000
0.000000
0.000000
0.108000
0.000000
0.000000
0.000000
0.000000
0.355000
0.000000
0.000000
0.000000
0.000000
0.007000
0.000000
0.000000
0.000000
0.000000
0.000000
0.000000
0.813000
0.000000
0.000000
0.000000
0.000000
0.000000
0.000000
0.000000
0.000000
0.017000
0.000000
0.003000
0.000000
0.000000
0.000000
0.000000
0.000000
0.000000
0.000000
0.000000
0.000000
0.000000
0.000000
0.000000
0.000000
0.000000
0.000000
0.000000
0.000000
0.005000
0.000000
0.000000
0.000000
0.000000
0.000000
0.000000
0.000000
0.000000
0.000000
0.000000
0.000000
0.000000
0.000000
0.000000
0.000000
0.000000
0.091000
0.014000
0.000000
0.000000
0.000000
0.000000
0.000000
0.000000
0.000000
0.000000
0.000000
0.000000
0.000000
0.000000
0.000000
0.000000
0.000000
0.000000
0.000000
0.000000
0.000000
0.000000
0.000000
0.000000
0.000000
0.000000
0.000000
0.029000
0.000000
0.004000
0.573000
0.000000
0.058000
0.000000
0.000000
0.000000
0.000000
0.000000
0.000000
0.000000
0.060000
0.000000
0.000000
0.000000
0.000000
0.006000
0.000000
0.000000
0.000000
0.000000
0.022000
0.000000
0.000000
0.000000
0.000000
0.000000
0.000000
0.000000
0.000000
0.000000
0.000000
0.000000
0.000000
0.000000
0.000000
0.000000
0.051000
0.000000
0.000000
0.000000
0.000000
0.000000
0.000000
0.000000
0.000000
0.000000
0.000000
0.000000
0.000000
0.000000
0.000000
0.000000
0.000000
0.000000
0.006000
0.000000
0.000000
0.078000
0.000000
0.000000
0.001000
0.000000
0.000000
0.000000
0.055000
0.000000
0.000000
0.073000
0.000000
0.000000
0.000000
0.000000
0.000000
0.000000
0.000000
0.000000
0.000000
0.015000
0.000000
0.000000
0.000000
0.000000
0.000000
0.000000
0.000000
0.000000
0.000000
0.000000
0.000000
0.000000
0.000000
0.000000
0.000000
0.000000
0.000000
0.000000
0.000000
0.000000
0.000000
0.000000
0.000000
0.000000
0.000000
0.000000
0.000000
0.000000
0.000000
0.000000
0.000000
0.000000
0.000000
0.054000
0.000000
0.000000
0.000000
0.000000
0.000000
0.000000
0.000000
0.000000
0.000000
0.000000
0.000000
0.000000
0.054000
0.000000
0.000000
0.000000
0.000000
0.000000
0.000000
0.000000
0.000000
0.000000
0.183000
0.000000
0.000000
0.000000
0.000000
0.000000
0.000000
0.000000
0.000000
0.000000
0.000000
0.000000
0.000000
0.000000
0.000000
0.000000
0.000000
0.000000
0.000000
0.000000
0.000000
0.000000
0.000000
0.000000
0.000000
0.000000
0.000000
0.000000
0.000000
0.000000
0.000000
0.000000
0.000000
0.000000
0.000000
0.000000
0.000000
0.000000
0.000000
0.000000
0.000000
0.000000
0.000000
0.000000
0.000000
0.048000
0.000000
0.000000
0.000000
0.000000
0.000000
0.000000
0.000000
0.000000
0.000000
0.000000
0.000000
0.000000
0.000000
0.000000
0.000000
0.000000
0.000000
0.000000
0.000000
0.000000
0.000000
0.000000
0.000000
0.000000
0.000000
0.000000
0.000000
0.000000
0.000000
0.000000
0.000000
0.000000
0.000000
0.055000
0.003000
0.000000
0.000000
0.000000
0.000000
0.000000
0.000000
0.000000
0.000000
0.000000
0.000000
0.061000
0.000000
0.000000
0.000000
0.000000
0.000000
0.000000
0.000000
0.000000
0.000000
0.000000
0.000000
0.000000
0.000000
0.000000
0.000000
0.000000
0.145000
0.000000
0.000000
0.000000
0.000000
0.000000
0.000000
0.000000
0.000000
0.075000
0.000000
0.029000
0.000000
0.000000
0.000000
0.000000
0.000000
0.000000
0.000000
0.000000
0.000000
0.000000
0.000000
0.000000
0.000000
0.000000
0.000000
0.000000
0.030000
0.000000
0.000000
0.000000
0.089000
0.000000
0.000000
0.000000
0.000000
0.000000
0.000000
0.000000
0.000000
0.000000
0.000000
0.000000
0.000000
0.000000
0.000000
0.115000
0.000000
0.000000
0.000000
0.000000
0.000000
0.000000
0.000000
0.000000
0.000000
0.000000
0.000000
0.000000
0.000000
0.000000
0.000000
0.000000
0.000000
0.000000
0.000000
0.000000
0.000000
0.000000
0.048000
0.000000
0.000000
0.000000
0.000000
0.005000
0.000000
0.000000
0.000000
0.000000
0.000000
0.000000
0.000000
0.000000
0.000000
0.000000
0.000000
0.000000
0.000000
0.000000
0.000000
0.000000
0.000000
0.000000
0.000000
0.000000
0.000000
0.000000
0.011000
0.000000
0.000000
0.000000
0.000000
0.000000
0.000000
0.000000
0.000000
0.000000
0.071000
0.000000
0.000000
0.000000
0.000000
0.000000
0.000000
0.000000
0.000000
0.000000
0.000000
0.000000
0.000000
0.000000
0.046000
0.000000
0.000000
0.038000
0.000000
0.000000
0.000000
0.000000
0.000000
0.000000
0.000000
0.000000
0.000000
0.000000
0.000000
0.000000
0.000000
0.000000
0.000000
0.000000
0.000000
0.000000
0.000000
0.000000
0.000000
0.000000
0.000000
0.030000
0.000000
0.000000
0.000000
0.000000
0.000000
0.017000
0.000000
0.000000
0.000000
0.000000
0.000000
0.000000
0.000000
0.000000
0.000000
0.000000
0.000000
0.000000
0.000000
0.000000
0.000000
0.000000
0.000000
0.000000
0.000000
0.000000
0.000000
0.000000
0.000000
0.000000
0.000000
0.000000
0.000000
0.000000
0.000000
0.000000
0.000000
0.000000
0.026000
0.000000
0.000000
0.000000
0.000000
0.000000
0.141000
0.000000
0.000000
0.000000
0.000000
0.000000
0.000000
0.000000
0.000000
0.000000
0.000000
0.019000
0.000000
0.000000
0.000000
0.000000
0.000000
0.000000
0.000000
0.000000
0.000000
0.000000
0.006000
0.000000
0.000000
0.000000
0.000000
0.000000
0.000000
0.000000
0.000000
0.000000
0.000000
0.000000
0.000000
0.032000
0.000000
0.000000
0.000000
0.000000
0.000000
0.000000
0.000000
0.000000
0.000000
0.000000
0.000000
0.000000
0.000000
0.000000
0.000000
0.000000
0.000000
0.000000
0.000000
0.000000
0.000000
0.000000
0.000000
0.000000
0.000000
0.000000
0.000000
0.000000
0.000000
0.000000
0.000000
0.000000
0.000000
0.000000
0.000000
0.000000
0.000000
0.000000
0.008000
0.000000
0.000000
0.000000
0.000000
0.000000
0.000000
0.000000
0.000000
0.000000
0.000000
0.003000
0.000000
0.000000
0.000000
0.000000
0.000000
0.000000
0.000000
0.000000
0.000000
0.000000
0.000000
0.000000
0.000000
0.000000
0.000000
0.000000
0.000000
0.000000
0.000000
0.000000
0.000000
0.000000
0.000000
0.000000
0.000000
0.000000
0.000000
0.000000
0.000000
0.000000
0.000000
0.000000
0.000000
0.000000
0.000000
0.000000
0.000000
0.000000
0.000000
0.000000
0.000000
0.000000
0.000000
0.000000
0.000000
0.000000
0.000000
0.000000
0.000000
0.000000
0.000000
0.000000
0.000000
0.000000
0.000000
0.000000
0.000000
0.000000
0.000000
0.000000
0.000000
0.000000
0.000000
0.000000
0.000000
0.000000
0.000000
0.000000
0.000000
0.000000
0.000000
0.000000
0.000000
0.000000
0.000000
0.000000
0.000000
0.000000
0.000000
0.000000
0.000000
0.000000
0.000000
0.000000
0.000000
0.000000
0.000000
0.000000
0.000000
0.000000
0.000000
0.000000
0.081000
0.000000
0.000000
0.000000
0.000000
0.000000
0.000000
0.000000
0.005000
0.000000
0.000000
0.000000
0.000000
0.000000
0.000000
0.000000
0.000000
0.000000
0.000000
0.000000
0.000000
0.000000
0.000000
0.000000
0.000000
0.000000
0.000000
0.000000
0.000000
0.000000
0.000000
0.000000
0.000000
0.000000
0.000000
0.000000
0.000000
0.000000
0.000000
0.000000
0.000000
0.000000
0.000000
0.000000
0.000000
0.000000
0.000000
0.000000
0.000000
0.000000
0.000000
0.058000
0.000000
0.000000
0.000000
0.000000
0.000000
0.000000
0.000000
0.000000
0.000000
0.000000
0.000000
0.000000
0.000000
0.042000
0.000000
0.000000
0.000000
0.000000
0.000000
0.000000
0.000000
0.000000
0.000000
0.000000
0.000000
0.000000
0.000000
0.000000
0.000000
0.000000
0.000000
0.055000
0.000000
0.000000
0.000000
0.000000
0.000000
0.000000
0.000000
0.000000
0.000000
0.000000
0.000000
0.000000
0.009000
0.000000
0.000000
0.000000
0.000000
0.000000
0.000000
0.000000
0.000000
0.000000
0.000000
0.000000
0.000000
0.000000
0.000000
0.000000
0.000000
0.000000
0.000000
0.000000
0.000000
0.000000
0.000000
0.000000
0.000000
0.000000
0.000000
0.000000
0.000000
0.000000
0.066000
0.000000
0.000000
0.000000
0.000000
0.000000
0.000000
0.000000
0.000000
0.000000
0.000000
0.000000
0.000000
0.000000
0.000000
0.000000
0.000000
0.000000
0.000000
0.036000
0.011000
0.000000
0.000000
0.000000
0.000000
0.000000
0.000000
0.000000
0.000000
0.000000
0.000000
0.000000
0.000000
0.000000
0.000000
0.000000
0.000000
0.000000
0.000000
0.000000
0.000000
0.045000
0.000000
0.000000
0.000000
0.000000
0.000000
0.000000
0.000000
0.000000
0.000000
0.000000
0.000000
0.000000
0.000000
0.000000
0.000000
0.000000
0.000000
0.023000
0.000000
0.000000
0.000000
0.000000
0.000000
0.000000
0.000000
0.000000
0.000000
0.000000
0.000000
0.000000
0.000000
0.000000
0.000000
0.000000
0.000000
0.000000
0.000000
0.000000
0.000000
0.000000
0.000000
0.000000
0.000000
0.000000
0.000000
0.000000
0.000000
0.000000
0.000000
0.000000
0.000000
0.000000
0.000000
0.000000
0.000000
0.000000
0.000000
0.000000
0.000000
0.000000
0.000000
0.000000
0.000000
0.000000
0.000000
0.000000
0.000000
0.022000
0.000000
0.000000
0.045000
0.000000
0.000000
0.000000
0.000000
0.000000
0.000000
0.000000
0.000000
0.000000
0.000000
0.000000
0.000000
0.080000
0.000000
0.000000
0.000000
0.000000
0.000000
0.000000
0.000000
0.000000
0.000000
0.000000
0.000000
0.000000
0.000000
0.000000
0.000000
0.000000
0.000000
0.000000
0.000000
0.000000
0.000000
0.023000
0.000000
0.000000
0.000000
0.000000
0.000000
0.000000
0.000000
0.000000
0.000000
0.000000
0.000000
0.000000
0.000000
0.000000
0.000000
0.000000
0.000000
0.000000
0.000000
0.000000
0.000000
0.000000
0.000000
0.000000
0.000000
0.005000
0.000000
0.019000
0.000000
0.000000
0.000000
0.000000
0.000000
0.000000
0.000000
0.000000
0.000000
0.000000
0.000000
0.000000
0.000000
0.000000
0.000000
0.000000
0.000000
0.000000
0.000000
0.000000
0.000000
0.000000
0.000000
0.000000
0.000000
0.000000
0.000000
0.000000
0.000000
0.000000
0.000000
0.000000
0.000000
0.000000
0.000000
0.000000
0.000000
0.000000
0.000000
0.000000
0.122000
0.000000
0.000000
0.110000
0.000000
0.000000
0.000000
0.000000
0.004000
0.000000
0.000000
0.000000
0.000000
0.000000
0.000000
0.000000
0.000000
0.000000
0.000000
0.000000
0.000000
0.000000
0.000000
0.000000
0.000000
0.000000
0.000000
0.000000
0.000000
0.000000
0.000000
0.000000
0.000000
0.000000
0.000000
0.000000
0.000000
0.000000
0.000000
0.000000
0.000000
0.000000
0.000000
0.000000
0.000000
0.000000
0.000000
0.000000
0.000000
0.000000
0.000000
0.000000
0.000000
0.000000
0.000000
0.000000
0.000000
