11.743000
11.769000
11.570000
10.985000
18.701000
17.672000
14.843000
17.742000
15.480000
14.767000
23.085000
19.675000
13.379000
16.283000
12.736000
17.305000
15.329000
13.502000
16.958000
15.977000
13.689000
21.082000
20.960000
14.484000
12.721000
16.214000
11.322000
20.476000
14.138000
18.852000
20.096000
15.267000
12.011000
18.505000
15.022000
15.857000
24.000000
18.057000
20.808000
20.109000
11.942000
14.506000
15.288000
17.246000
20.144000
14.607000
13.488000
19.910000
18.203000
19.836000
17.084000
19.326000
19.568000
9.803000
11.771000
17.796000
11.647000
14.429000
15.733000
13.609000
15.396000
17.447000
19.489000
9.544000
17.614000
14.545000
14.552000
11.778000
17.582000
16.725000
10.400000
11.577000
13.837000
14.939000
7.587000
8.446000
7.379000
14.435000
13.260000
21.079000
9.712000
16.500000
10.015000
7.210000
17.503000
13.317000
9.065000
15.478000
22.206000
6.416000
14.066000
14.162000
11.775000
13.399000
11.119000
13.949000
9.985000
22.500000
12.446000
12.796000
14.090000
7.101000
18.303000
15.406000
19.933000
12.522000
10.311000
11.777000
6.928000
14.730000
7.374000
9.087000
10.840000
10.798000
15.860000
15.653000
13.376000
10.541000
7.778000
4.736000
25.430000
8.356000
11.719000
8.630000
10.982000
9.246000
12.911000
11.343000
11.515000
7.354000
8.485000
7.712000
9.136000
7.443000
11.865000
9.258000
12.964000
9.143000
7.859000
8.496000
13.564000
4.424000
18.512000
19.240000
8.718000
12.000000
7.991000
14.081000
12.782000
11.023000
8.716000
14.241000
16.294000
14.179000
15.016000
21.734000
15.130000
18.719000
3.897000
8.281000
9.020000
4.867000
12.296000
10.761000
10.516000
3.362000
7.892000
7.100000
10.689000
8.060000
20.809000
9.120000
10.133000
22.134000
16.552000
19.705000
10.706000
11.465000
11.724000
8.832000
11.710000
18.329000
13.155000
9.483000
20.504000
6.276000
10.377000
14.850000
18.876000
6.901000
9.023000
13.616000
13.392000
11.184000
19.500000
11.553000
12.271000
9.514000
10.355000
13.956000
6.966000
3.781000
12.657000
15.973000
13.729000
11.879000
7.839000
8.592000
8.997000
13.354000
4.986000
8.402000
6.673000
9.890000
15.370000
3.648000
12.763000
13.217000
7.332000
3.860000
11.244000
8.083000
9.505000
9.697000
6.941000
8.684000
14.220000
9.651000
10.574000
4.076000
18.085000
13.923000
15.376000
10.482000
9.606000
21.371000
11.577000
11.157000
12.936000
7.626000
13.726000
10.685000
10.460000
15.088000
14.181000
10.273000
11.305000
10.300000
6.016000
13.205000
7.761000
14.916000
17.034000
9.251000
13.381000
11.138000
13.891000
16.294000
8.626000
5.398000
22.482000
12.436000
8.442000
14.754000
13.821000
11.355000
7.895000
15.298000
12.468000
6.829000
11.071000
16.858000
14.395000
4.585000
5.695000
14.535000
9.205000
6.540000
12.412000
10.169000
1.557000
10.775000
15.223000
11.235000
8.547000
6.986000
10.884000
9.352000
10.420000
21.524000
8.891000
14.174000
7.104000
4.910000
3.891000
9.040000
11.654000
6.189000
7.531000
14.848000
14.270000
4.306000
8.041000
8.686000
4.741000
11.007000
19.114000
11.335000
4.811000
8.121000
18.521000
5.979000
11.097000
17.360000
6.478000
8.329000
5.110000
6.706000
1.793000
17.214000
11.127000
5.913000
10.359000
12.620000
7.960000
18.288000
8.288000
11.847000
4.541000
7.975000
10.988000
6.453000
8.233000
11.146000
21.342000
9.808000
10.918000
10.767000
9.683000
9.864000
10.402000
8.727000
7.361000
8.624000
3.596000
10.173000
7.867000
5.043000
20.895000
9.707000
10.361000
8.360000
5.657000
11.974000
11.821000
15.856000
4.448000
3.955000
6.496000
11.338000
6.046000
7.559000
23.754000
5.428000
8.681000
10.976000
8.754000
2.537000
21.540000
7.927000
11.186000
6.257000
5.110000
4.789000
11.026000
12.073000
7.713000
7.239000
13.886000
12.662000
23.099000
9.669000
9.236000
14.025000
9.588000
4.702000
5.244000
5.273000
12.391000
5.787000
9.111000
6.613000
5.762000
11.303000
5.773000
11.296000
10.035000
4.973000
2.488000
6.246000
11.918000
21.319000
7.911000
7.929000
8.558000
7.549000
13.456000
8.340000
14.470000
4.426000
11.001000
17.855000
10.511000
17.196000
11.173000
13.872000
14.612000
19.907000
9.169000
11.139000
21.349000
12.314000
12.470000
13.895000
13.000000
11.756000
12.901000
7.628000
5.813000
12.283000
15.924000
15.093000
8.741000
10.280000
12.557000
9.858000
18.166000
7.354000
5.220000
9.480000
15.871000
6.432000
11.525000
7.868000
11.979000
3.889000
9.157000
0.414000
9.734000
11.853000
20.487000
17.211000
12.210000
17.419000
3.172000
10.625000
10.984000
2.901000
9.844000
13.173000
16.988000
11.717000
3.205000
11.236000
7.538000
1.949000
10.439000
14.311000
7.845000
13.763000
8.149000
10.525000
4.979000
5.877000
10.245000
11.844000
2.463000
0.000000
11.031000
6.059000
4.777000
16.343000
18.547000
5.951000
1.551000
4.126000
3.945000
16.535000
3.930000
3.369000
1.928000
14.733000
0.054000
9.499000
1.740000
4.921000
0.744000
6.295000
19.645000
2.113000
5.819000
4.916000
11.479000
6.026000
4.504000
3.122000
0.000000
12.310000
2.294000
9.325000
7.123000
5.847000
1.297000
3.017000
3.709000
0.000000
2.053000
11.329000
3.014000
17.256000
0.000000
18.725000
2.704000
15.725000
12.718000
2.472000
2.616000
7.075000
1.529000
22.147000
3.307000
3.963000
3.634000
6.998000
0.660000
1.785000
1.038000
18.500000
14.778000
1.372000
1.989000
11.098000
0.000000
3.524000
17.582000
7.169000
6.798000
0.495000
7.520000
14.751000
4.924000
15.782000
11.402000
4.198000
2.412000
15.146000
15.839000
9.885000
6.716000
9.496000
5.760000
10.654000
10.698000
2.780000
10.694000
1.566000
12.166000
11.594000
2.163000
11.435000
6.912000
3.921000
17.413000
4.576000
4.270000
4.841000
4.080000
6.705000
11.687000
10.416000
9.485000
2.529000
5.519000
5.588000
5.412000
4.136000
0.000000
9.522000
17.626000
3.326000
3.609000
8.959000
13.399000
3.219000
13.529000
15.016000
3.550000
1.579000
10.877000
14.344000
12.862000
1.279000
1.736000
10.216000
16.263000
1.672000
13.214000
12.603000
3.570000
13.175000
4.395000
6.063000
4.311000
18.262000
15.411000
18.023000
2.918000
5.539000
0.228000
13.133000
2.712000
7.224000
13.030000
14.588000
10.745000
10.538000
7.737000
3.257000
7.539000
13.423000
10.003000
8.625000
12.530000
16.570000
19.082000
17.413000
16.725000
13.918000
11.662000
1.356000
8.704000
16.139000
11.360000
17.792000
7.404000
4.025000
10.893000
3.505000
12.046000
11.682000
10.076000
3.362000
4.010000
4.531000
3.557000
11.454000
12.963000
20.424000
21.589000
11.417000
18.099000
4.928000
17.025000
7.364000
18.509000
12.925000
10.423000
7.416000
2.780000
6.077000
17.925000
7.225000
17.990000
14.626000
9.655000
5.746000
7.695000
8.635000
13.576000
8.482000
12.398000
19.993000
2.508000
5.520000
18.080000
19.940000
8.701000
12.736000
12.031000
7.817000
8.807000
5.910000
7.198000
18.013000
18.314000
21.768000
8.285000
9.966000
9.738000
10.538000
10.516000
11.320000
10.242000
11.688000
8.618000
13.665000
8.643000
7.522000
14.641000
14.683000
21.516000
11.748000
11.164000
10.669000
11.460000
10.811000
13.019000
6.120000
9.783000
13.928000
10.552000
11.040000
6.489000
12.862000
13.474000
11.108000
2.753000
10.743000
9.347000
12.321000
1.787000
8.935000
1.559000
12.579000
16.759000
12.181000
8.785000
11.683000
7.379000
9.966000
4.358000
7.472000
12.860000
15.893000
10.393000
14.545000
9.387000
11.083000
8.763000
11.727000
10.583000
15.536000
8.625000
6.846000
8.698000
9.128000
8.496000
12.769000
10.461000
15.259000
7.544000
7.406000
12.405000
9.728000
9.066000
5.219000
0.706000
11.094000
7.497000
10.327000
5.792000
10.834000
11.414000
6.612000
13.673000
7.558000
8.984000
11.428000
6.679000
4.789000
10.440000
12.974000
6.373000
4.762000
17.126000
7.682000
3.929000
14.224000
7.055000
11.679000
16.621000
10.396000
11.181000
8.729000
5.211000
7.994000
7.281000
5.007000
20.792000
6.107000
4.749000
6.751000
14.085000
11.944000
9.311000
8.964000
8.375000
14.015000
15.445000
6.598000
10.391000
5.736000
10.176000
7.731000
7.931000
5.066000
7.474000
6.983000
6.828000
11.725000
8.266000
6.694000
9.604000
7.621000
11.244000
9.645000
13.387000
7.197000
9.852000
2.811000
2.516000
10.119000
9.140000
13.451000
5.571000
12.599000
14.963000
10.211000
4.496000
12.397000
10.527000
9.536000
4.477000
12.030000
9.268000
14.062000
8.760000
7.413000
10.044000
5.210000
12.344000
10.076000
2.189000
10.433000
14.790000
5.971000
11.870000
7.995000
7.173000
12.627000
10.907000
1.828000
9.064000
13.301000
5.957000
6.510000
8.541000
6.047000
11.336000
13.199000
10.983000
14.770000
12.712000
15.725000
11.903000
3.863000
8.915000
9.744000
10.512000
6.458000
13.149000
11.645000
16.093000
6.760000
7.133000
11.181000
9.427000
13.132000
3.958000
9.549000
13.031000
10.630000
6.309000
13.504000
13.318000
5.033000
12.233000
6.879000
14.304000
13.152000
4.440000
11.464000
12.163000
11.192000
4.732000
8.760000
9.060000
9.735000
15.919000
13.004000
5.222000
15.756000
8.040000
7.699000
6.537000
11.310000
9.111000
11.237000
17.937000
9.399000
13.883000
7.503000
9.134000
15.337000
9.358000
6.141000
16.196000
6.946000
20.180000
11.891000
13.656000
10.165000
6.364000
10.242000
9.339000
8.731000
11.109000
11.615000
11.821000
17.022000
9.984000
10.810000
15.804000
10.667000
9.264000
7.662000
14.094000
15.100000
7.291000
10.751000
8.537000
9.930000
21.973000
13.501000
8.307000
8.529000
9.585000
15.902000
7.597000
9.327000
9.401000
8.838000
11.520000
10.584000
13.713000
10.863000
13.547000
12.024000
10.149000
10.165000
12.870000
15.350000
14.606000
14.276000
13.894000
3.798000
11.819000
13.662000
13.647000
12.137000
9.801000
12.373000
10.713000
11.341000
9.896000
6.958000
12.977000
11.196000
8.314000
0.930000
7.487000
10.683000
9.052000
10.167000
5.145000
6.701000
11.725000
8.441000
4.759000
7.131000
3.926000
6.104000
4.322000
11.112000
5.737000
9.418000
16.049000
10.256000
9.739000
7.932000
10.252000
5.543000
9.108000
12.115000
9.404000
5.438000
15.199000
8.786000
12.728000
12.013000
7.403000
10.412000
7.295000
8.598000
8.982000
7.616000
12.830000
17.131000
14.632000
8.031000
10.035000
7.588000
5.826000
5.345000
13.003000
11.700000
10.856000
5.912000
8.466000
14.387000
11.937000
5.037000
11.159000
13.301000
4.904000
4.313000
6.485000
6.390000
10.037000
7.829000
6.263000
9.717000
6.284000
10.455000
16.573000
11.568000
11.587000
18.154000
20.058000
12.353000
14.201000
6.530000
5.021000
8.125000
10.868000
8.780000
6.386000
13.001000
8.916000
9.188000
9.674000
3.460000
8.418000
9.901000
8.754000
9.973000
9.117000
9.959000
10.517000
7.908000
8.921000
6.575000
6.787000
11.077000
10.075000
10.081000
5.468000
14.628000
9.965000
17.920000
9.895000
5.283000
11.414000
13.545000
11.735000
16.815000
13.574000
9.414000
18.276000
12.405000
7.398000
16.370000
11.776000
3.218000
14.261000
17.850000
12.911000
9.435000
17.184000
1.376000
8.092000
10.066000
7.124000
6.570000
15.323000
13.887000
5.066000
12.627000
5.494000
12.027000
12.714000
7.791000
7.764000
4.245000
7.823000
12.807000
6.617000
14.366000
8.438000
20.690000
11.070000
14.753000
7.091000
4.731000
11.830000
7.900000
5.183000
5.817000
12.150000
13.958000
11.582000
7.859000
11.616000
11.806000
7.811000
10.728000
10.296000
14.778000
6.657000
8.937000
9.802000
9.435000
7.357000
10.033000
5.843000
9.118000
12.421000
9.384000
10.742000
16.104000
6.964000
10.111000
4.816000
10.950000
13.615000
18.676000
11.574000
7.120000
12.477000
6.806000
6.552000
17.799000
6.262000
10.551000
3.313000
8.387000
1.353000
16.030000
11.429000
11.343000
9.458000
5.470000
12.851000
7.286000
13.398000
7.999000
10.610000
9.190000
8.054000
9.015000
9.922000
10.428000
10.275000
4.729000
0.982000
12.310000
7.615000
8.083000
11.178000
8.775000
6.576000
15.255000
0.955000
6.780000
1.135000
3.481000
10.063000
6.797000
4.875000
12.043000
9.098000
9.306000
1.423000
8.648000
10.031000
1.939000
0.000000
6.164000
12.700000
0.913000
20.602000
7.178000
0.520000
7.223000
3.985000
13.907000
8.290000
1.429000
3.667000
4.580000
2.395000
6.518000
0.000000
4.846000
0.000000
3.885000
8.401000
1.103000
5.791000
1.812000
8.772000
1.897000
3.846000
6.047000
1.338000
4.997000
3.881000
2.332000
7.408000
2.288000
4.898000
7.458000
10.059000
7.146000
2.797000
1.429000
5.891000
7.972000
1.454000
8.276000
5.005000
5.833000
4.908000
6.188000
3.961000
3.353000
0.000000
4.490000
0.000000
9.225000
2.229000
2.024000
6.278000
4.624000
8.075000
0.000000
5.596000
4.849000
11.552000
3.336000
6.552000
5.596000
2.966000
2.657000
2.928000
14.469000
15.481000
0.000000
3.278000
7.677000
7.180000
5.770000
0.000000
3.689000
6.177000
0.805000
5.841000
22.490000
3.895000
4.726000
15.269000
17.749000
16.746000
14.124000
4.634000
18.503000
5.469000
3.039000
2.443000
0.947000
3.544000
0.000000
4.589000
0.000000
8.123000
5.363000
4.352000
10.291000
6.247000
0.000000
15.045000
11.334000
0.000000
8.878000
17.316000
3.525000
20.816000
7.650000
10.663000
1.216000
0.324000
8.285000
6.307000
8.935000
5.931000
5.259000
5.597000
3.508000
14.496000
9.306000
5.728000
8.797000
12.411000
2.766000
4.486000
12.674000
2.663000
8.190000
6.261000
2.829000
15.527000
14.559000
14.152000
6.733000
4.291000
4.370000
4.711000
2.758000
3.038000
5.348000
9.369000
5.281000
4.356000
1.947000
3.228000
7.496000
1.181000
2.922000
5.123000
6.540000
8.119000
10.770000
19.985000
4.336000
2.841000
12.907000
5.534000
5.729000
10.268000
9.178000
10.038000
6.632000
15.840000
6.570000
3.683000
4.250000
11.088000
7.681000
6.758000
9.233000
11.547000
14.782000
1.493000
7.461000
7.153000
17.153000
11.398000
4.827000
0.718000
11.350000
16.092000
7.420000
8.657000
4.481000
2.215000
8.613000
9.175000
6.047000
5.174000
4.645000
10.954000
7.495000
5.197000
7.281000
9.627000
4.849000
11.367000
17.814000
7.010000
2.101000
5.182000
10.491000
4.883000
14.162000
18.694000
18.699000
9.687000
6.527000
18.234000
0.617000
10.232000
1.866000
3.313000
9.041000
4.098000
12.471000
12.896000
6.625000
8.527000
6.377000
11.857000
14.330000
14.137000
10.738000
3.573000
6.553000
5.776000
4.154000
13.043000
8.909000
3.280000
9.922000
9.799000
22.808000
6.801000
12.649000
12.185000
5.634000
14.204000
5.416000
9.050000
14.185000
17.589000
14.860000
5.405000
11.263000
8.616000
0.155000
21.274000
12.806000
6.089000
10.623000
7.255000
12.036000
9.025000
1.888000
16.586000
3.952000
8.702000
5.816000
8.652000
14.799000
9.355000
13.956000
9.373000
6.791000
10.955000
11.120000
15.384000
11.625000
9.466000
6.618000
10.717000
6.224000
4.909000
10.303000
14.162000
21.701000
11.981000
5.794000
9.483000
8.872000
13.243000
7.777000
12.759000
17.819000
8.563000
7.016000
12.087000
11.322000
8.554000
10.955000
5.278000
6.526000
1.515000
5.355000
5.801000
11.422000
8.372000
7.971000
8.321000
8.756000
8.107000
4.977000
14.332000
14.052000
7.236000
2.713000
9.497000
5.875000
7.496000
13.660000
12.136000
11.845000
6.674000
13.442000
3.775000
13.593000
9.894000
14.261000
4.534000
7.503000
1.609000
4.771000
1.967000
7.604000
4.588000
14.900000
12.318000
0.743000
11.152000
7.237000
8.944000
11.279000
7.518000
8.609000
10.411000
9.429000
0.000000
20.765000
11.032000
2.700000
10.011000
0.000000
2.363000
1.911000
9.242000
13.487000
3.791000
5.145000
4.249000
0.000000
15.223000
1.419000
8.666000
7.513000
10.713000
1.610000
4.807000
6.640000
12.324000
3.497000
0.000000
2.410000
5.521000
3.963000
9.064000
6.822000
5.925000
2.491000
5.532000
5.941000
15.534000
0.548000
5.793000
4.917000
5.055000
11.583000
12.405000
4.896000
6.109000
5.810000
0.000000
14.874000
0.000000
6.134000
10.893000
5.267000
11.386000
0.622000
9.168000
16.309000
7.488000
5.551000
13.774000
9.213000
10.825000
6.432000
15.911000
10.303000
3.983000
18.643000
16.696000
10.920000
10.277000
16.339000
3.320000
13.970000
14.612000
7.756000
1.672000
2.374000
7.779000
8.546000
9.594000
2.627000
8.606000
14.033000
20.761000
3.794000
6.185000
1.934000
5.431000
8.264000
7.102000
13.987000
9.345000
1.179000
8.888000
10.781000
8.344000
13.227000
6.200000
10.176000
7.678000
0.089000
15.553000
9.619000
2.390000
8.367000
4.533000
8.238000
13.224000
5.806000
4.073000
8.107000
4.872000
17.949000
4.047000
9.250000
6.514000
10.728000
11.820000
11.952000
5.089000
7.568000
10.989000
12.584000
7.752000
4.441000
9.108000
5.891000
6.178000
9.167000
7.468000
4.286000
9.838000
16.839000
3.563000
2.416000
2.112000
8.493000
6.358000
15.210000
11.481000
4.399000
14.488000
10.689000
11.405000
7.248000
11.102000
6.578000
10.310000
11.674000
17.739000
11.706000
7.628000
7.175000
13.357000
5.148000
20.529000
5.800000
5.222000
13.920000
4.834000
9.781000
12.025000
14.893000
10.023000
8.360000
7.071000
4.857000
9.164000
4.923000
12.955000
8.700000
3.315000
2.627000
8.492000
7.841000
7.756000
5.920000
6.997000
7.696000
10.754000
13.050000
8.749000
8.369000
6.977000
2.447000
9.607000
8.816000
13.813000
6.978000
6.473000
8.840000
9.795000
7.778000
14.773000
15.183000
7.038000
9.716000
7.517000
8.092000
10.498000
6.113000
10.181000
11.222000
14.287000
11.378000
9.607000
12.374000
14.027000
4.340000
4.952000
12.065000
7.787000
7.442000
5.300000
5.275000
5.949000
8.592000
9.521000
6.006000
7.247000
11.080000
10.317000
8.136000
10.333000
10.291000
11.032000
18.426000
2.615000
11.302000
10.287000
7.024000
6.872000
10.053000
12.949000
7.944000
10.612000
7.940000
15.076000
10.429000
12.602000
4.221000
10.872000
5.716000
12.128000
1.729000
11.087000
9.521000
13.505000
9.245000
13.488000
12.330000
7.180000
12.582000
9.149000
5.393000
5.795000
7.324000
7.845000
7.487000
10.267000
11.899000
5.615000
8.465000
10.392000
20.173000
12.004000
8.595000
17.688000
7.213000
14.659000
7.176000
0.140000
6.477000
9.008000
10.947000
15.508000
5.584000
7.914000
13.345000
12.444000
10.799000
13.584000
3.373000
13.654000
8.836000
9.364000
12.444000
7.149000
5.990000
10.078000
17.553000
12.443000
5.540000
9.650000
6.200000
10.469000
19.917000
8.318000
14.300000
12.485000
7.113000
9.587000
13.209000
9.735000
4.259000
8.905000
7.139000
9.556000
13.000000
4.755000
4.376000
13.329000
12.302000
14.392000
10.157000
15.967000
1.794000
10.188000
5.413000
6.617000
17.151000
13.963000
5.621000
11.945000
13.876000
13.193000
5.505000
6.510000
7.681000
4.395000
23.535000
13.594000
7.957000
15.852000
7.632000
15.831000
13.722000
11.782000
13.718000
13.499000
10.695000
13.073000
10.351000
9.719000
15.026000
12.447000
6.499000
13.858000
12.124000
14.159000
9.458000
9.031000
22.613000
11.928000
10.808000
9.722000
13.297000
17.680000
13.353000
8.213000
15.576000
14.183000
4.100000
9.676000
10.873000
7.872000
8.532000
7.833000
14.573000
8.947000
2.729000
16.884000
7.983000
11.103000
13.266000
6.544000
8.692000
8.512000
9.506000
4.426000
16.282000
13.724000
11.759000
5.052000
11.778000
10.605000
5.006000
11.262000
9.922000
17.816000
14.835000
14.221000
9.022000
8.025000
16.772000
17.298000
11.649000
13.677000
12.325000
5.769000
12.285000
6.127000
17.685000
12.410000
12.772000
7.233000
9.574000
15.331000
16.456000
13.188000
20.366000
8.915000
8.900000
19.091000
17.519000
12.216000
4.403000
7.432000
17.915000
17.356000
16.358000
8.805000
8.429000
1.077000
7.210000
15.470000
18.003000
10.022000
13.995000
11.993000
14.236000
3.588000
11.284000
10.601000
7.366000
15.305000
12.034000
4.321000
17.759000
6.600000
8.682000
17.402000
18.806000
9.151000
8.653000
10.354000
10.701000
13.340000
14.713000
14.305000
7.500000
8.703000
8.451000
11.030000
14.613000
14.293000
16.490000
7.139000
10.885000
15.930000
14.365000
13.742000
12.768000
15.944000
11.474000
6.799000
15.425000
10.462000
19.596000
15.855000
18.749000
19.518000
10.535000
18.843000
6.226000
17.684000
11.903000
6.254000
14.591000
20.693000
4.034000
16.117000
9.890000
6.980000
12.590000
3.757000
10.353000
10.135000
12.432000
10.578000
17.511000
18.763000
9.744000
10.219000
17.745000
17.204000
20.406000
9.194000
18.257000
18.459000
10.799000
12.404000
20.046000
6.479000
6.299000
11.895000
20.757000
11.441000
9.163000
10.754000
10.902000
12.832000
4.563000
12.839000
10.484000
11.280000
4.593000
21.284000
14.592000
10.831000
9.536000
10.758000
5.725000
11.622000
0.000000
13.118000
3.272000
12.287000
9.637000
13.217000
4.742000
8.953000
14.579000
15.057000
15.420000
17.456000
17.096000
15.996000
10.714000
15.163000
6.361000
4.790000
12.631000
3.731000
22.300000
7.370000
9.394000
10.031000
9.258000
14.815000
14.871000
4.181000
10.437000
14.959000
8.853000
8.861000
10.301000
12.334000
12.847000
15.079000
7.665000
10.696000
4.011000
12.930000
10.449000
11.734000
16.562000
12.088000
16.527000
11.753000
9.079000
21.981000
6.981000
10.549000
5.047000
16.590000
3.806000
10.513000
10.632000
10.407000
9.830000
12.257000
12.278000
17.658000
10.588000
11.726000
12.342000
11.484000
3.553000
8.032000
12.502000
11.547000
9.041000
12.056000
12.840000
4.547000
19.919000
11.070000
5.270000
9.175000
18.783000
7.905000
8.738000
10.427000
12.343000
3.285000
15.121000
18.024000
19.991000
23.403000
5.360000
8.428000
13.203000
11.489000
5.793000
16.735000
5.663000
9.068000
18.922000
6.960000
5.648000
11.690000
18.884000
2.578000
16.119000
14.791000
16.660000
10.996000
5.431000
19.740000
14.030000
15.742000
14.221000
14.002000
11.688000
11.579000
6.471000
12.092000
11.234000
8.812000
12.862000
7.692000
12.811000
5.278000
10.498000
16.121000
9.162000
9.343000
15.503000
20.559000
11.440000
17.308000
10.027000
16.780000
14.941000
7.639000
2.025000
0.993000
20.628000
19.413000
15.088000
6.460000
10.377000
7.020000
5.356000
19.680000
9.273000
1.210000
9.173000
6.732000
11.978000
9.967000
15.156000
19.798000
16.879000
0.000000
11.940000
18.473000
10.060000
4.933000
7.534000
11.026000
8.965000
13.773000
7.364000
13.461000
8.259000
6.271000
12.328000
6.597000
19.882000
5.922000
12.346000
14.471000
15.980000
8.039000
9.239000
19.637000
13.232000
6.516000
9.394000
6.255000
16.114000
9.851000
9.178000
7.934000
11.167000
10.383000
15.667000
7.564000
12.480000
10.000000
12.588000
21.522000
10.228000
15.300000
14.390000
11.632000
8.565000
10.101000
21.158000
11.563000
11.134000
13.338000
10.960000
14.302000
17.449000
9.418000
7.833000
13.554000
20.244000
8.086000
7.695000
9.570000
16.685000
10.878000
11.156000
10.354000
18.306000
10.944000
7.705000
12.832000
6.814000
9.050000
12.354000
8.199000
16.822000
10.531000
11.212000
14.350000
8.584000
4.797000
13.788000
12.065000
10.490000
10.515000
7.059000
8.499000
15.706000
13.766000
17.840000
18.708000
9.463000
14.414000
12.348000
4.946000
7.921000
2.997000
8.065000
7.457000
13.554000
11.651000
8.049000
12.656000
10.176000
20.329000
15.728000
9.203000
6.489000
23.270000
17.314000
6.775000
3.241000
11.639000
16.520000
13.451000
12.152000
16.415000
8.230000
13.244000
12.268000
9.639000
10.583000
9.997000
11.093000
8.283000
7.169000
9.705000
14.126000
16.732000
16.203000
10.460000
13.932000
11.008000
10.658000
18.316000
12.142000
9.567000
12.310000
11.551000
9.123000
7.635000
17.053000
21.629000
21.065000
12.705000
19.001000
13.495000
7.829000
12.673000
13.299000
16.870000
12.188000
5.526000
6.615000
11.055000
4.230000
12.332000
9.801000
8.275000
18.940000
10.554000
4.932000
5.141000
12.444000
13.506000
12.784000
9.433000
10.535000
5.925000
19.029000
13.412000
11.555000
11.817000
7.293000
6.820000
14.614000
10.708000
11.757000
14.882000
11.499000
12.330000
13.027000
12.218000
14.058000
16.315000
12.139000
7.659000
10.147000
24.296000
10.754000
8.641000
15.052000
15.720000
10.186000
17.256000
20.324000
9.411000
6.899000
7.748000
16.383000
17.337000
16.578000
10.147000
16.054000
10.958000
13.514000
7.167000
6.920000
6.607000
4.734000
0.524000
2.812000
11.518000
14.585000
6.753000
8.719000
19.047000
8.776000
12.059000
5.180000
6.569000
13.854000
7.161000
10.400000
4.803000
11.018000
18.356000
9.605000
9.558000
10.160000
9.052000
8.495000
6.152000
4.105000
11.623000
18.768000
11.662000
11.916000
9.015000
5.972000
4.324000
6.577000
8.999000
10.010000
4.844000
12.246000
11.708000
8.431000
11.706000
8.039000
16.165000
19.667000
11.160000
7.525000
7.082000
6.854000
15.904000
11.158000
12.308000
10.244000
11.298000
10.121000
12.565000
13.358000
13.419000
10.881000
8.193000
21.801000
12.678000
14.804000
9.512000
20.110000
17.253000
13.631000
8.791000
12.082000
9.928000
16.689000
14.198000
9.375000
7.775000
8.332000
4.095000
0.448000
14.237000
3.623000
23.281000
9.321000
12.202000
10.905000
2.291000
11.773000
11.150000
1.577000
15.357000
17.616000
11.943000
6.076000
12.501000
16.086000
4.733000
14.156000
5.511000
2.987000
5.517000
0.459000
19.081000
13.918000
9.862000
17.054000
16.404000
10.857000
10.771000
11.164000
14.305000
13.447000
8.517000
5.279000
16.188000
10.718000
12.549000
5.721000
8.728000
16.238000
7.822000
5.124000
3.492000
14.607000
2.701000
5.375000
0.056000
1.438000
12.089000
4.928000
12.812000
4.802000
4.053000
16.912000
6.550000
4.000000
14.703000
15.583000
8.385000
11.453000
4.976000
9.551000
9.037000
14.560000
15.368000
2.126000
14.210000
4.713000
3.227000
7.165000
1.374000
12.109000
14.855000
3.413000
11.279000
1.853000
5.113000
3.288000
15.095000
15.715000
1.603000
0.000000
8.027000
3.551000
5.557000
9.602000
5.678000
4.749000
11.310000
10.168000
6.606000
2.476000
12.898000
3.747000
3.967000
4.517000
2.904000
2.972000
8.271000
8.213000
2.290000
2.582000
5.379000
14.354000
0.000000
12.180000
3.408000
3.842000
17.769000
6.154000
23.390000
3.902000
17.229000
3.391000
2.299000
16.500000
4.921000
19.514000
5.289000
9.039000
18.491000
7.431000
19.550000
9.156000
9.364000
10.955000
13.595000
14.307000
7.284000
6.366000
4.185000
3.629000
4.129000
4.793000
4.667000
14.236000
13.394000
15.220000
12.577000
3.841000
13.711000
8.554000
10.045000
0.000000
5.081000
19.231000
0.000000
5.956000
4.066000
10.727000
6.545000
6.902000
12.828000
22.088000
6.974000
18.975000
5.792000
4.699000
13.417000
13.704000
12.172000
5.640000
17.574000
3.576000
13.624000
14.639000
6.928000
8.963000
3.452000
3.995000
9.416000
16.811000
11.142000
2.514000
15.094000
11.861000
21.005000
7.464000
9.419000
2.681000
8.493000
1.858000
4.280000
9.781000
5.508000
3.924000
4.401000
6.942000
9.934000
9.897000
13.036000
9.495000
13.698000
2.309000
8.930000
9.230000
4.373000
11.966000
15.982000
5.512000
6.673000
7.581000
2.460000
10.442000
9.138000
4.669000
10.638000
14.191000
13.143000
10.641000
6.940000
10.308000
17.584000
11.032000
9.208000
5.863000
5.989000
0.411000
14.656000
11.414000
10.109000
7.920000
3.664000
15.681000
12.005000
5.841000
4.080000
12.018000
14.907000
2.964000
7.155000
11.034000
19.652000
12.141000
0.970000
8.531000
11.347000
10.876000
15.294000
20.104000
5.481000
6.126000
6.589000
11.665000
8.682000
8.832000
10.755000
8.313000
10.023000
0.184000
14.712000
13.198000
9.115000
10.968000
12.207000
7.255000
8.670000
9.347000
10.048000
7.683000
10.115000
10.449000
10.842000
12.973000
1.085000
15.422000
3.380000
12.048000
4.995000
10.401000
9.431000
5.625000
7.959000
13.079000
7.519000
10.813000
15.190000
13.044000
21.420000
3.016000
14.363000
5.943000
8.041000
10.594000
14.941000
6.144000
15.815000
22.237000
19.698000
16.089000
12.228000
7.648000
23.565000
15.980000
9.306000
11.944000
10.190000
15.624000
5.431000
9.865000
15.446000
16.794000
21.349000
10.793000
5.144000
4.016000
12.299000
5.829000
11.393000
21.274000
12.568000
8.556000
12.819000
14.880000
8.561000
5.402000
12.189000
10.111000
17.223000
16.988000
8.751000
11.475000
7.568000
14.016000
7.974000
5.274000
7.228000
7.919000
16.191000
8.018000
11.850000
11.443000
11.295000
20.765000
4.082000
8.855000
12.321000
17.072000
8.430000
2.733000
0.000000
11.463000
7.528000
7.912000
9.921000
14.613000
14.476000
16.337000
2.136000
15.501000
1.117000
13.302000
7.019000
13.026000
27.303000
11.366000
7.398000
13.987000
10.229000
8.973000
4.377000
11.237000
10.332000
12.115000
13.928000
0.086000
19.963000
10.253000
7.604000
7.621000
4.373000
5.829000
3.424000
8.061000
9.296000
17.407000
7.899000
18.268000
12.206000
10.546000
11.580000
13.353000
5.437000
8.441000
12.328000
5.705000
5.589000
2.866000
12.046000
15.831000
4.145000
13.154000
10.463000
6.111000
5.856000
6.521000
16.758000
11.781000
10.842000
5.333000
2.955000
4.603000
13.949000
15.473000
0.000000
17.556000
23.934000
6.378000
18.510000
4.537000
14.134000
4.247000
16.689000
13.354000
10.768000
7.286000
6.988000
3.704000
19.689000
21.157000
8.207000
10.386000
14.035000
5.991000
17.928000
8.759000
12.497000
10.727000
8.062000
9.300000
2.405000
10.484000
8.954000
6.875000
12.769000
7.777000
10.364000
13.603000
0.933000
1.220000
7.555000
14.265000
4.405000
3.994000
4.201000
12.784000
6.998000
3.874000
4.021000
13.698000
0.613000
5.371000
13.469000
7.094000
9.573000
8.068000
13.482000
20.934000
2.810000
5.392000
12.884000
7.507000
26.395000
7.404000
1.324000
11.201000
3.444000
19.107000
13.439000
14.181000
10.594000
11.836000
18.562000
11.887000
1.323000
8.625000
7.362000
14.037000
16.114000
0.714000
9.132000
17.478000
14.585000
15.583000
15.907000
4.495000
8.389000
16.790000
15.397000
14.517000
16.120000
18.254000
16.118000
4.009000
14.500000
18.548000
4.741000
14.908000
7.097000
5.359000
10.861000
9.429000
16.762000
16.107000
13.474000
14.600000
13.124000
16.682000
14.277000
9.267000
11.017000
10.839000
9.345000
8.567000
12.644000
2.985000
11.480000
11.085000
15.753000
17.745000
4.733000
4.368000
19.132000
10.867000
16.859000
11.972000
17.713000
10.830000
18.442000
15.532000
17.535000
17.663000
13.754000
26.753000
0.044000
14.076000
6.284000
14.674000
5.748000
11.434000
4.188000
10.603000
15.781000
15.785000
11.110000
6.919000
10.556000
14.973000
9.487000
16.008000
14.170000
12.946000
10.286000
24.755000
14.754000
19.024000
17.281000
19.782000
14.439000
15.371000
21.089000
14.040000
7.022000
2.400000
12.406000
15.987000
10.561000
14.845000
10.790000
11.013000
16.831000
3.930000
4.866000
16.693000
8.264000
15.395000
17.561000
17.177000
7.462000
14.739000
14.317000
17.594000
0.000000
11.488000
13.440000
15.689000
16.023000
20.061000
16.579000
11.333000
15.433000
14.135000
14.366000
6.216000
0.000000
17.254000
19.017000
19.667000
14.383000
5.979000
2.453000
15.808000
18.775000
14.998000
15.154000
15.701000
16.519000
20.803000
21.306000
18.023000
15.768000
10.878000
15.976000
17.566000
13.164000
11.977000
9.894000
18.538000
18.328000
5.040000
17.937000
6.817000
13.519000
16.983000
21.165000
13.302000
19.602000
12.571000
20.951000
15.911000
17.739000
8.934000
19.327000
2.760000
8.028000
13.304000
17.606000
14.058000
13.578000
19.711000
8.977000
6.635000
11.251000
14.063000
21.163000
21.152000
18.468000
20.527000
5.922000
13.508000
14.657000
12.975000
16.689000
15.851000
3.700000
20.903000
12.364000
15.685000
9.905000
17.367000
17.898000
7.630000
15.214000
8.954000
9.179000
24.158000
10.768000
15.626000
9.553000
18.689000
22.218000
16.963000
11.772000
16.075000
7.503000
9.556000
15.430000
2.795000
12.881000
17.360000
16.677000
11.611000
12.901000
22.377000
19.773000
18.738000
14.626000
13.023000
13.753000
11.448000
14.466000
13.475000
14.656000
10.937000
18.555000
16.056000
10.011000
20.842000
8.496000
6.914000
14.536000
11.731000
9.456000
19.804000
16.219000
14.088000
9.207000
12.478000
12.622000
11.817000
18.027000
13.334000
11.264000
15.518000
8.880000
20.689000
10.979000
17.698000
12.687000
12.291000
13.317000
16.155000
2.331000
5.484000
12.119000
12.207000
10.445000
19.523000
10.864000
17.964000
24.643000
16.396000
15.690000
11.512000
13.233000
8.815000
14.973000
7.507000
11.489000
20.806000
16.490000
17.066000
12.230000
11.091000
10.923000
15.208000
24.233000
6.160000
17.422000
13.177000
14.284000
19.833000
14.686000
19.134000
15.902000
16.916000
11.487000
12.673000
8.733000
11.023000
6.158000
12.813000
20.263000
8.840000
6.915000
11.482000
14.836000
18.909000
10.330000
15.644000
7.735000
13.548000
6.106000
9.427000
14.241000
16.539000
18.324000
12.832000
21.931000
10.089000
14.011000
9.191000
11.744000
9.039000
19.658000
13.305000
5.841000
10.764000
12.251000
10.888000
7.617000
9.271000
16.103000
4.971000
10.140000
8.888000
11.579000
15.866000
10.789000
19.060000
10.720000
8.279000
13.537000
14.966000
19.013000
7.873000
9.937000
14.565000
11.374000
15.310000
10.164000
14.844000
6.079000
16.078000
7.975000
9.954000
18.269000
14.808000
11.546000
8.293000
11.708000
11.569000
14.162000
14.103000
4.297000
10.644000
12.437000
13.549000
14.028000
7.150000
19.881000
9.998000
12.077000
10.778000
15.376000
11.324000
6.400000
13.099000
7.717000
12.217000
9.230000
13.118000
14.233000
9.495000
12.536000
12.523000
10.183000
5.411000
13.254000
9.571000
24.328000
10.696000
18.812000
8.643000
11.256000
12.864000
6.168000
12.482000
11.369000
10.160000
19.657000
10.897000
19.649000
7.566000
8.913000
11.827000
13.899000
11.845000
11.956000
6.501000
14.638000
10.422000
21.274000
9.809000
14.824000
11.566000
12.264000
11.909000
12.799000
9.890000
13.136000
13.159000
16.558000
13.273000
11.529000
19.555000
14.549000
14.503000
2.785000
11.986000
13.839000
13.032000
8.478000
7.584000
10.125000
11.378000
10.589000
12.723000
14.064000
14.606000
13.026000
13.487000
12.377000
7.926000
10.819000
6.043000
16.382000
8.328000
1.668000
13.010000
13.953000
9.107000
9.159000
14.570000
21.635000
12.066000
9.061000
10.948000
10.301000
10.621000
6.996000
5.145000
14.127000
17.782000
3.932000
27.189000
13.025000
7.859000
15.124000
15.492000
19.126000
8.446000
9.266000
17.213000
14.944000
16.049000
15.659000
12.323000
26.530000
19.956000
8.460000
6.963000
19.460000
8.432000
11.062000
6.852000
18.868000
13.848000
4.907000
11.978000
10.208000
13.311000
11.401000
12.256000
11.839000
8.682000
12.594000
9.605000
10.772000
8.686000
15.092000
11.720000
15.310000
7.506000
4.207000
6.942000
8.391000
15.357000
5.601000
18.053000
12.571000
13.289000
9.438000
8.583000
10.990000
13.855000
17.480000
11.629000
10.784000
7.737000
6.552000
10.517000
15.100000
17.207000
14.639000
11.295000
14.743000
3.791000
16.828000
22.455000
13.732000
10.071000
13.243000
11.323000
13.331000
10.164000
13.309000
11.722000
9.923000
7.995000
12.399000
8.826000
15.170000
14.978000
9.178000
11.461000
16.014000
11.966000
10.941000
13.949000
10.390000
12.975000
13.536000
7.405000
15.670000
18.687000
10.624000
6.845000
11.530000
13.480000
10.559000
10.664000
3.454000
2.642000
7.486000
12.142000
9.200000
8.725000
18.752000
13.352000
16.448000
7.306000
12.639000
5.233000
13.175000
6.009000
17.165000
4.331000
8.066000
8.374000
18.875000
10.696000
11.892000
12.586000
23.394000
12.292000
9.685000
12.400000
8.091000
11.522000
14.459000
17.890000
8.420000
12.918000
8.241000
11.336000
8.173000
9.230000
5.273000
11.214000
14.141000
11.643000
17.251000
11.636000
11.985000
12.651000
10.578000
19.089000
19.971000
15.569000
5.243000
10.760000
12.219000
9.012000
16.665000
12.040000
19.026000
10.964000
8.464000
8.509000
8.489000
27.198000
8.758000
11.981000
11.961000
10.958000
16.559000
13.632000
16.989000
19.795000
9.739000
18.964000
6.629000
6.330000
11.227000
5.514000
6.063000
7.640000
7.927000
8.435000
9.915000
9.453000
3.762000
4.104000
14.553000
0.528000
10.172000
9.580000
9.036000
10.096000
16.162000
11.060000
10.901000
13.105000
8.182000
8.204000
9.053000
5.536000
6.072000
10.806000
9.185000
13.836000
10.879000
9.243000
5.157000
13.620000
14.036000
7.530000
7.247000
10.155000
7.445000
2.901000
17.119000
7.469000
9.875000
12.870000
10.641000
17.499000
12.827000
14.457000
12.112000
12.464000
11.545000
8.930000
12.989000
16.148000
15.228000
16.896000
16.321000
18.463000
6.574000
7.940000
12.765000
12.478000
5.054000
17.036000
16.934000
15.778000
18.535000
4.371000
11.298000
9.541000
15.880000
11.693000
12.868000
10.548000
9.829000
14.781000
11.945000
8.282000
7.868000
9.940000
11.654000
12.874000
9.207000
9.584000
17.094000
9.101000
2.476000
11.237000
13.296000
13.298000
6.489000
10.340000
6.739000
11.224000
5.006000
17.296000
17.650000
12.183000
12.288000
7.819000
15.093000
13.224000
8.154000
8.181000
16.623000
15.837000
12.524000
8.282000
2.683000
8.754000
14.734000
11.269000
15.195000
10.251000
8.405000
3.999000
7.065000
10.607000
10.486000
14.426000
12.187000
9.328000
5.200000
14.755000
8.384000
10.314000
10.012000
12.638000
15.826000
5.865000
13.874000
13.060000
18.945000
11.318000
12.424000
15.449000
11.839000
3.960000
8.431000
14.030000
5.848000
16.714000
14.909000
14.346000
9.340000
16.890000
8.938000
8.608000
12.777000
14.332000
10.533000
13.144000
9.426000
8.948000
5.369000
11.680000
12.063000
16.009000
15.857000
12.678000
16.079000
11.678000
13.085000
1.721000
12.098000
12.094000
7.594000
11.402000
11.379000
5.045000
7.305000
14.936000
11.356000
7.798000
15.931000
16.186000
17.155000
8.033000
6.647000
11.128000
15.637000
8.027000
12.806000
9.870000
12.782000
20.327000
20.157000
18.584000
7.831000
9.065000
13.628000
10.036000
10.416000
17.105000
15.911000
9.513000
12.157000
16.083000
2.683000
9.067000
10.914000
15.960000
9.666000
15.499000
11.896000
14.798000
9.531000
6.475000
8.633000
9.397000
0.563000
8.002000
8.965000
7.189000
8.325000
12.565000
11.905000
12.136000
12.526000
10.246000
16.586000
17.938000
7.321000
5.770000
13.762000
11.348000
13.596000
11.948000
9.409000
7.179000
15.086000
12.000000
14.361000
5.485000
8.752000
15.675000
7.233000
15.037000
2.398000
5.177000
11.576000
9.078000
4.350000
13.943000
15.395000
14.313000
7.230000
8.622000
21.803000
0.000000
12.453000
14.201000
11.743000
8.248000
12.217000
14.270000
12.112000
7.407000
1.013000
15.115000
11.006000
5.733000
10.831000
25.781000
11.890000
17.430000
15.151000
8.117000
8.819000
3.842000
10.374000
5.027000
12.396000
11.198000
14.083000
7.587000
7.049000
2.858000
14.741000
11.673000
16.492000
7.483000
11.467000
4.491000
3.735000
14.700000
11.725000
3.072000
6.199000
12.266000
15.178000
7.565000
9.699000
6.306000
13.313000
1.849000
2.549000
5.893000
2.258000
19.612000
11.677000
19.701000
12.477000
8.240000
9.976000
7.550000
10.247000
16.351000
0.000000
11.694000
5.329000
8.862000
17.064000
8.147000
4.319000
11.511000
3.440000
7.034000
7.258000
5.727000
9.183000
9.339000
10.130000
1.328000
4.190000
14.448000
5.495000
8.136000
10.396000
0.000000
4.121000
8.810000
16.915000
13.553000
3.841000
2.483000
2.394000
14.367000
12.707000
0.000000
12.057000
7.848000
10.349000
12.100000
15.126000
8.365000
1.152000
10.854000
10.222000
10.515000
8.823000
1.954000
1.044000
11.391000
0.000000
15.943000
14.625000
10.668000
6.414000
1.926000
16.974000
6.843000
4.117000
7.410000
5.238000
15.913000
10.267000
5.685000
5.821000
11.181000
5.477000
10.889000
3.547000
1.256000
7.394000
5.925000
0.000000
12.495000
15.729000
9.860000
12.596000
18.180000
17.046000
5.934000
16.915000
5.300000
2.342000
7.308000
1.772000
12.419000
15.983000
7.694000
9.402000
4.192000
0.283000
12.906000
14.384000
9.607000
1.717000
11.921000
6.845000
7.563000
7.797000
3.645000
2.436000
11.104000
9.150000
6.370000
6.234000
8.467000
7.480000
11.211000
8.235000
9.657000
16.465000
14.772000
4.091000
3.517000
6.835000
6.134000
8.923000
6.360000
8.850000
5.606000
2.586000
6.565000
12.782000
7.037000
5.155000
7.014000
3.118000
11.010000
10.618000
6.404000
1.723000
19.414000
9.893000
8.414000
8.990000
7.027000
5.453000
1.007000
19.824000
16.272000
8.695000
1.708000
9.091000
15.912000
8.682000
11.821000
8.675000
4.500000
5.872000
15.370000
5.576000
5.305000
9.233000
4.472000
8.072000
4.819000
12.962000
6.396000
3.521000
9.618000
14.584000
6.869000
3.482000
8.562000
3.784000
2.573000
13.092000
7.329000
7.444000
11.131000
7.266000
3.007000
3.718000
2.700000
9.726000
11.467000
10.211000
5.012000
8.952000
6.855000
5.946000
10.425000
2.586000
4.933000
9.283000
10.385000
16.964000
8.806000
4.148000
7.028000
3.788000
3.795000
5.143000
4.975000
7.543000
9.049000
17.165000
13.783000
7.612000
9.351000
7.495000
0.456000
2.625000
9.058000
10.563000
7.555000
8.444000
6.232000
10.571000
6.412000
4.060000
6.611000
12.451000
4.760000
9.279000
9.483000
7.004000
7.151000
15.861000
1.494000
14.323000
4.204000
6.945000
8.348000
4.674000
0.000000
9.904000
14.226000
9.421000
3.871000
8.227000
4.475000
15.646000
7.701000
2.490000
6.856000
5.276000
5.783000
6.612000
13.506000
11.886000
11.684000
15.532000
14.005000
6.338000
7.115000
4.495000
11.855000
7.622000
4.167000
13.000000
15.280000
4.739000
8.947000
11.642000
13.778000
7.072000
18.747000
16.348000
9.174000
7.910000
6.488000
4.707000
11.116000
6.901000
7.287000
1.833000
12.450000
7.135000
6.136000
12.752000
15.355000
10.124000
7.610000
7.523000
15.041000
5.765000
7.620000
12.688000
11.099000
2.124000
11.771000
16.350000
10.582000
3.488000
8.558000
4.460000
12.644000
9.697000
9.492000
24.219000
6.749000
16.262000
19.309000
4.441000
12.877000
0.000000
13.639000
12.302000
11.804000
6.033000
17.979000
15.017000
7.058000
12.698000
14.906000
6.758000
17.021000
9.857000
16.266000
8.183000
14.584000
19.238000
19.629000
16.150000
16.366000
11.246000
11.749000
6.890000
10.582000
14.818000
10.486000
9.861000
13.264000
6.418000
8.373000
19.335000
4.584000
11.192000
10.894000
16.375000
3.922000
13.080000
13.852000
13.675000
17.711000
19.151000
9.462000
13.868000
12.188000
14.483000
9.189000
9.705000
10.603000
18.493000
10.394000
18.008000
15.225000
17.277000
7.880000
13.494000
12.147000
5.672000
7.711000
8.787000
5.933000
10.270000
8.283000
17.623000
13.192000
16.900000
7.172000
15.219000
13.702000
14.554000
11.727000
16.728000
11.026000
12.160000
2.969000
11.034000
12.392000
3.707000
13.948000
14.264000
13.959000
13.110000
9.442000
17.212000
14.668000
17.087000
10.653000
18.549000
12.011000
7.548000
14.612000
12.891000
8.287000
12.444000
6.752000
10.398000
14.060000
11.202000
20.002000
3.330000
9.705000
4.687000
11.951000
12.244000
8.385000
9.825000
11.154000
13.081000
17.108000
13.494000
12.281000
10.284000
6.941000
11.860000
12.723000
9.088000
14.286000
13.126000
6.968000
12.911000
21.539000
12.721000
11.781000
15.276000
12.569000
7.288000
5.608000
10.812000
14.392000
12.929000
8.166000
9.680000
11.623000
15.549000
11.710000
18.106000
16.696000
14.038000
12.173000
14.176000
13.142000
17.856000
14.900000
7.420000
8.170000
5.016000
15.146000
9.587000
5.783000
10.419000
10.079000
5.621000
8.128000
7.809000
15.868000
11.140000
11.394000
9.633000
11.325000
7.217000
8.778000
8.577000
5.180000
9.069000
6.952000
7.465000
9.882000
2.494000
9.827000
14.427000
7.551000
11.473000
12.227000
10.236000
3.847000
8.988000
15.147000
10.410000
5.335000
10.516000
9.992000
15.503000
8.680000
17.434000
7.682000
10.606000
5.156000
2.419000
17.167000
3.987000
12.110000
9.711000
21.811000
7.418000
17.455000
17.148000
19.676000
3.692000
9.691000
6.358000
7.845000
7.120000
16.226000
9.664000
5.616000
13.615000
10.679000
8.273000
9.720000
13.282000
5.677000
7.430000
26.153000
12.839000
11.707000
13.168000
15.335000
17.634000
12.138000
7.843000
6.029000
8.281000
14.755000
11.629000
15.747000
7.945000
17.927000
9.812000
13.620000
4.624000
8.033000
14.659000
9.909000
13.353000
19.769000
7.719000
7.083000
9.512000
7.505000
9.596000
8.174000
16.579000
23.719000
16.122000
6.012000
14.021000
12.784000
6.401000
12.941000
11.044000
9.925000
11.503000
12.943000
13.620000
17.259000
13.709000
9.807000
9.471000
15.791000
13.257000
20.267000
5.536000
14.036000
8.729000
9.965000
11.145000
15.411000
13.659000
13.046000
12.664000
10.083000
17.995000
7.935000
10.250000
16.309000
20.663000
11.461000
5.700000
13.834000
16.667000
6.049000
8.470000
12.786000
18.423000
15.340000
3.807000
8.533000
9.884000
8.162000
8.319000
13.156000
3.821000
12.409000
7.327000
2.575000
14.147000
13.299000
8.271000
16.974000
6.924000
11.410000
8.056000
8.383000
12.192000
4.291000
11.361000
13.955000
12.703000
6.570000
15.965000
7.173000
9.180000
10.634000
5.492000
20.291000
15.459000
7.046000
20.817000
6.742000
12.366000
6.958000
19.090000
11.195000
13.964000
9.320000
16.232000
11.748000
17.899000
8.173000
16.237000
11.026000
10.760000
10.170000
19.134000
15.073000
11.186000
17.985000
7.521000
14.040000
5.729000
8.617000
10.397000
13.376000
6.886000
12.278000
8.828000
13.988000
6.084000
18.228000
9.990000
5.041000
5.574000
9.842000
23.831000
4.848000
10.852000
8.510000
6.939000
15.168000
11.174000
21.826000
11.536000
9.394000
8.236000
11.068000
5.415000
8.023000
9.960000
7.401000
9.920000
13.668000
8.060000
20.787000
17.015000
8.901000
6.056000
7.564000
8.933000
12.672000
13.290000
5.682000
16.747000
6.646000
18.748000
18.112000
8.914000
13.040000
8.790000
13.233000
17.397000
7.637000
2.545000
12.172000
12.489000
8.877000
11.185000
7.553000
9.582000
11.966000
11.899000
15.126000
22.732000
3.670000
6.219000
7.804000
9.904000
10.985000
4.903000
8.287000
10.380000
7.318000
9.717000
9.604000
16.501000
1.113000
8.992000
7.696000
13.630000
14.956000
9.743000
15.885000
10.238000
8.699000
14.888000
5.783000
10.547000
17.767000
11.587000
11.343000
11.540000
9.890000
15.455000
7.758000
7.775000
7.254000
12.768000
19.895000
11.313000
8.098000
12.907000
2.897000
10.379000
2.133000
8.956000
10.082000
13.617000
10.380000
11.093000
12.471000
6.528000
8.720000
11.211000
12.796000
9.095000
13.057000
12.801000
13.887000
10.436000
15.869000
10.413000
10.297000
10.350000
16.895000
8.666000
10.250000
10.536000
18.221000
12.748000
16.416000
12.085000
10.456000
10.657000
13.949000
14.211000
8.457000
10.544000
14.554000
6.339000
6.491000
6.312000
10.655000
11.413000
24.959000
11.426000
10.098000
14.980000
9.863000
14.091000
9.352000
12.227000
10.516000
13.631000
14.905000
11.368000
11.542000
9.991000
16.003000
10.526000
13.861000
12.399000
14.727000
8.038000
13.770000
20.401000
13.470000
12.885000
18.259000
10.532000
13.223000
15.057000
10.117000
15.754000
11.723000
8.315000
17.602000
14.998000
13.983000
16.828000
11.330000
10.211000
18.173000
10.449000
15.645000
8.036000
10.616000
12.563000
13.306000
14.673000
10.133000
9.382000
11.344000
12.489000
13.063000
13.917000
9.666000
8.766000
12.316000
17.717000
8.009000
5.955000
10.083000
6.959000
15.408000
10.655000
20.715000
12.919000
14.486000
14.858000
6.552000
11.071000
10.727000
11.010000
14.600000
19.768000
10.555000
6.557000
13.891000
5.383000
11.744000
14.294000
6.950000
9.777000
10.670000
10.247000
8.784000
8.277000
6.009000
13.311000
9.979000
4.595000
6.626000
12.339000
10.397000
17.858000
16.448000
10.699000
15.918000
17.546000
14.241000
14.434000
16.872000
11.771000
8.401000
10.801000
17.835000
24.634000
21.086000
3.377000
25.072000
10.770000
17.594000
10.101000
3.718000
9.647000
11.792000
14.347000
12.700000
13.181000
14.982000
16.550000
16.713000
11.124000
17.938000
11.660000
12.346000
13.896000
8.760000
11.674000
11.161000
8.701000
11.032000
7.950000
12.484000
7.355000
13.218000
9.599000
6.650000
13.086000
9.372000
10.788000
8.858000
7.857000
6.228000
15.285000
13.721000
9.699000
9.546000
14.722000
10.240000
15.227000
13.783000
13.287000
12.838000
16.805000
13.659000
12.722000
5.886000
14.085000
7.780000
11.624000
8.034000
12.921000
12.609000
19.150000
11.376000
13.135000
18.243000
12.271000
15.036000
16.747000
7.809000
12.968000
9.053000
18.555000
12.315000
11.572000
11.839000
14.889000
8.326000
14.271000
13.033000
8.282000
10.275000
17.088000
16.561000
15.456000
13.865000
9.656000
4.056000
12.126000
11.941000
11.359000
8.045000
9.384000
17.504000
14.496000
9.843000
17.554000
11.693000
17.239000
12.728000
10.517000
13.244000
16.696000
12.911000
4.859000
8.681000
4.800000
13.335000
10.113000
15.477000
11.253000
16.138000
5.102000
13.380000
7.000000
13.049000
20.107000
10.725000
7.940000
15.953000
15.106000
12.000000
11.925000
6.719000
7.937000
14.948000
16.760000
6.037000
13.542000
5.254000
5.684000
10.153000
7.406000
13.496000
10.563000
18.521000
15.481000
15.091000
12.314000
20.675000
11.844000
5.615000
9.431000
13.553000
9.583000
7.731000
9.944000
12.512000
13.216000
7.124000
12.113000
14.592000
4.904000
19.717000
9.116000
7.314000
9.054000
17.294000
12.272000
21.472000
10.228000
15.970000
15.842000
8.146000
7.920000
8.764000
11.929000
8.172000
7.000000
13.269000
10.274000
8.186000
14.645000
13.627000
16.263000
12.447000
12.986000
11.238000
9.588000
9.763000
10.266000
11.035000
15.752000
17.097000
7.875000
10.632000
13.087000
13.311000
11.472000
10.342000
15.018000
7.117000
21.841000
14.148000
16.619000
22.137000
10.216000
14.149000
7.262000
9.431000
9.672000
10.465000
18.431000
18.288000
12.377000
14.375000
10.035000
15.120000
17.162000
12.265000
12.516000
11.344000
20.779000
7.257000
21.170000
18.799000
20.948000
12.624000
19.961000
7.292000
8.249000
8.702000
16.211000
7.989000
12.596000
16.144000
11.820000
10.702000
2.744000
11.651000
16.701000
11.264000
10.611000
7.733000
19.195000
16.505000
18.165000
9.959000
6.516000
11.625000
10.204000
9.840000
14.932000
19.053000
8.200000
9.052000
9.723000
6.348000
7.991000
12.434000
10.517000
4.349000
8.955000
13.214000
13.432000
4.627000
13.213000
9.909000
14.300000
14.272000
16.732000
7.954000
22.221000
9.638000
10.957000
10.746000
12.491000
15.791000
16.022000
4.404000
11.633000
9.344000
12.209000
13.018000
11.576000
16.930000
9.452000
17.129000
21.836000
15.504000
12.318000
20.002000
15.973000
11.702000
8.175000
15.296000
8.621000
7.475000
9.578000
15.939000
14.492000
10.558000
5.229000
20.633000
16.073000
15.763000
8.248000
12.318000
13.929000
17.957000
18.296000
13.660000
10.756000
9.280000
12.541000
14.170000
10.919000
14.436000
9.170000
11.242000
16.138000
9.853000
7.283000
5.532000
7.478000
10.550000
15.589000
14.268000
11.976000
10.973000
10.428000
12.703000
5.818000
13.438000
11.032000
12.007000
10.867000
13.391000
11.763000
8.360000
16.731000
5.984000
13.434000
12.417000
21.369000
11.190000
7.352000
9.806000
23.827000
8.563000
4.647000
13.971000
13.181000
7.868000
5.271000
9.031000
8.815000
5.673000
13.716000
22.688000
3.256000
14.312000
6.353000
3.811000
2.710000
9.493000
12.285000
5.583000
10.714000
12.596000
11.781000
7.053000
7.920000
7.069000
10.825000
14.246000
13.210000
12.514000
14.096000
14.046000
12.308000
10.399000
14.262000
11.837000
16.554000
5.502000
8.693000
10.856000
8.836000
18.865000
19.031000
13.226000
6.771000
9.253000
8.896000
16.624000
7.479000
6.451000
19.645000
22.413000
10.047000
7.290000
16.130000
6.670000
9.781000
7.365000
8.392000
10.983000
6.348000
9.797000
6.092000
19.318000
6.458000
18.233000
3.441000
2.046000
10.179000
3.740000
18.538000
12.000000
15.152000
13.320000
10.505000
7.534000
7.191000
6.353000
3.891000
5.437000
10.429000
9.799000
16.182000
2.385000
14.334000
5.255000
3.784000
17.531000
15.795000
11.404000
8.840000
8.943000
5.485000
18.009000
14.424000
21.568000
12.744000
6.955000
4.060000
7.447000
5.068000
14.522000
11.627000
2.787000
11.541000
8.770000
9.620000
11.930000
7.238000
13.689000
6.691000
3.354000
10.140000
7.376000
4.902000
6.977000
6.209000
9.329000
8.009000
15.409000
13.466000
13.333000
14.311000
7.190000
13.267000
11.474000
4.759000
11.197000
11.178000
18.109000
11.703000
5.040000
9.417000
13.545000
1.852000
2.194000
8.305000
11.667000
7.825000
6.886000
13.952000
13.604000
12.308000
15.447000
21.009000
9.699000
10.358000
8.071000
14.006000
5.386000
6.647000
16.805000
5.501000
9.372000
12.996000
12.135000
22.112000
10.664000
17.009000
9.473000
8.285000
5.246000
8.248000
11.661000
8.789000
9.651000
6.407000
8.714000
8.146000
7.059000
10.548000
14.337000
10.752000
13.586000
11.989000
6.871000
17.232000
12.169000
8.627000
7.331000
9.597000
9.083000
6.420000
11.010000
8.595000
4.447000
8.457000
12.813000
18.663000
7.604000
13.189000
13.431000
7.602000
14.064000
10.029000
18.349000
12.740000
4.663000
7.036000
13.169000
13.530000
13.035000
9.280000
19.674000
6.979000
14.318000
8.901000
7.713000
7.013000
11.502000
15.513000
13.348000
8.212000
15.812000
8.214000
4.878000
13.899000
10.638000
6.888000
5.190000
8.653000
13.915000
15.850000
13.972000
10.078000
14.686000
6.312000
8.306000
14.927000
16.320000
12.460000
7.472000
17.203000
16.111000
3.286000
14.855000
8.894000
9.058000
7.383000
11.568000
14.499000
14.930000
8.732000
16.534000
8.193000
12.837000
7.674000
8.345000
12.341000
12.703000
21.182000
14.957000
6.357000
12.422000
9.729000
6.451000
7.352000
10.690000
11.563000
12.977000
22.821000
13.826000
0.000000
8.058000
19.401000
8.205000
14.248000
7.085000
10.020000
10.306000
8.102000
12.413000
19.733000
15.528000
7.691000
8.051000
5.604000
11.580000
9.014000
13.628000
15.734000
11.419000
16.418000
9.942000
12.834000
22.759000
5.647000
10.295000
14.651000
14.984000
17.103000
9.665000
10.049000
15.547000
9.217000
7.026000
8.940000
7.933000
19.032000
16.822000
3.652000
13.031000
14.513000
17.190000
19.830000
10.175000
19.334000
12.258000
14.049000
15.958000
10.226000
12.820000
10.787000
6.785000
14.179000
15.337000
14.443000
6.193000
7.972000
9.809000
14.272000
11.664000
4.822000
7.647000
5.672000
8.007000
13.616000
4.632000
12.855000
6.108000
11.617000
5.357000
10.444000
21.882000
14.908000
6.676000
17.077000
13.906000
10.664000
12.415000
8.862000
13.091000
11.464000
16.668000
16.147000
3.785000
13.302000
10.806000
23.336000
4.123000
7.512000
24.234000
6.089000
6.420000
12.189000
14.300000
15.868000
13.371000
7.066000
16.756000
8.176000
8.240000
14.314000
14.309000
8.800000
11.286000
11.963000
3.109000
11.031000
20.028000
8.680000
17.246000
12.042000
10.083000
17.674000
9.967000
10.440000
12.964000
9.406000
10.130000
8.317000
12.076000
13.583000
15.092000
5.091000
11.693000
15.136000
14.860000
7.827000
11.462000
19.343000
6.454000
9.992000
5.650000
11.569000
9.966000
16.285000
18.234000
22.938000
7.837000
13.769000
12.930000
9.155000
11.532000
11.077000
16.551000
18.156000
13.016000
6.030000
7.278000
10.694000
24.274000
8.151000
8.957000
4.952000
18.889000
18.815000
16.252000
15.806000
10.233000
12.991000
20.006000
6.104000
17.373000
14.569000
16.765000
12.294000
7.336000
7.523000
12.794000
4.431000
11.614000
19.054000
8.846000
9.288000
5.891000
7.038000
12.777000
11.540000
3.829000
10.811000
4.593000
16.038000
11.856000
15.585000
20.124000
14.186000
13.107000
11.760000
13.169000
15.345000
16.997000
1.597000
11.264000
15.454000
12.562000
12.962000
16.647000
8.356000
8.727000
5.684000
14.231000
7.638000
12.248000
2.750000
17.138000
12.371000
11.307000
6.477000
15.124000
16.359000
15.181000
10.981000
9.783000
5.639000
11.406000
10.441000
16.361000
14.378000
7.431000
12.563000
13.426000
16.606000
15.110000
9.080000
10.760000
11.976000
8.491000
6.381000
12.606000
17.630000
8.741000
16.892000
16.758000
12.408000
12.162000
5.310000
17.009000
13.474000
12.747000
11.341000
10.312000
9.605000
8.382000
10.434000
9.280000
8.536000
14.329000
10.583000
16.639000
17.714000
12.299000
13.355000
12.622000
5.648000
11.552000
22.463000
9.986000
13.483000
13.537000
18.046000
3.802000
8.706000
13.199000
15.965000
11.220000
10.191000
11.863000
13.456000
16.121000
13.124000
12.649000
14.080000
5.518000
14.353000
7.102000
9.178000
10.488000
13.721000
10.656000
16.950000
10.252000
13.045000
17.587000
11.533000
11.790000
14.888000
11.177000
4.452000
13.136000
11.634000
9.781000
14.128000
10.727000
12.630000
14.299000
13.503000
11.597000
11.573000
14.900000
16.203000
6.123000
19.025000
15.809000
11.788000
9.479000
15.790000
17.947000
11.918000
9.941000
12.905000
15.146000
11.558000
6.337000
13.566000
7.731000
17.660000
9.054000
8.605000
14.180000
11.809000
12.340000
19.094000
17.519000
11.103000
17.045000
13.215000
7.435000
14.259000
13.556000
10.792000
10.554000
6.683000
6.256000
4.720000
9.973000
9.391000
18.977000
11.547000
13.932000
20.070000
12.193000
15.436000
12.010000
10.237000
15.345000
14.989000
4.038000
9.789000
17.405000
15.687000
12.245000
13.835000
8.313000
18.783000
5.991000
15.666000
17.141000
6.809000
9.065000
17.142000
17.624000
17.734000
15.841000
15.110000
12.227000
7.449000
12.599000
15.679000
2.728000
6.836000
9.423000
10.753000
11.134000
9.118000
8.982000
12.000000
11.617000
15.130000
10.703000
18.050000
20.582000
20.166000
19.031000
14.635000
7.064000
18.650000
16.657000
10.331000
18.403000
13.047000
8.140000
16.847000
5.356000
13.623000
12.335000
13.044000
8.454000
13.439000
17.426000
11.704000
5.408000
9.377000
19.634000
10.392000
7.579000
13.692000
12.937000
12.847000
13.904000
12.391000
8.977000
15.716000
16.398000
10.743000
9.876000
14.080000
15.220000
6.143000
13.951000
8.352000
12.536000
24.906000
12.192000
3.963000
8.707000
7.679000
11.164000
3.956000
4.853000
19.444000
5.488000
5.252000
10.440000
12.282000
9.743000
11.515000
12.255000
10.100000
7.318000
2.586000
10.763000
10.615000
6.265000
2.858000
8.104000
5.977000
9.051000
10.600000
16.858000
15.843000
12.053000
12.423000
12.216000
8.499000
7.247000
6.219000
14.753000
18.468000
10.553000
4.827000
13.737000
0.000000
8.624000
11.568000
14.144000
7.370000
5.442000
7.205000
7.230000
11.232000
6.941000
7.003000
8.558000
0.816000
7.985000
14.749000
2.621000
8.082000
9.245000
8.860000
9.846000
6.815000
10.239000
8.372000
7.240000
5.394000
6.598000
14.342000
7.070000
6.258000
10.726000
3.951000
8.986000
3.959000
9.724000
14.763000
17.214000
12.949000
20.078000
6.531000
4.167000
13.680000
11.274000
15.004000
3.868000
12.663000
8.663000
21.594000
12.302000
11.152000
17.469000
13.626000
12.379000
9.025000
10.438000
10.913000
12.021000
11.020000
4.674000
11.753000
5.219000
8.863000
8.745000
8.666000
10.737000
11.592000
9.666000
11.034000
11.171000
6.569000
16.916000
11.045000
4.464000
16.111000
5.130000
4.015000
9.231000
10.895000
14.864000
19.456000
17.264000
16.275000
10.906000
6.623000
9.398000
7.223000
15.456000
13.094000
11.173000
10.178000
9.393000
9.804000
13.454000
7.287000
19.050000
14.606000
12.556000
13.493000
12.881000
5.363000
6.135000
4.449000
13.488000
15.763000
6.731000
3.764000
4.353000
6.790000
17.527000
15.521000
15.395000
16.888000
16.645000
6.909000
13.379000
9.059000
10.474000
17.952000
19.224000
8.685000
21.148000
15.834000
6.331000
13.198000
17.394000
8.936000
4.925000
11.724000
17.543000
9.461000
12.981000
14.257000
23.721000
24.144000
15.045000
14.044000
7.298000
9.123000
20.949000
15.946000
5.478000
5.803000
8.963000
10.080000
18.311000
11.647000
19.062000
4.600000
11.363000
7.363000
10.331000
11.453000
11.932000
9.323000
19.541000
14.571000
7.540000
9.033000
8.817000
13.014000
14.604000
9.287000
5.415000
6.910000
8.699000
10.652000
23.366000
11.673000
21.823000
9.591000
9.064000
12.138000
12.869000
9.852000
7.474000
9.236000
4.991000
10.272000
17.450000
13.913000
14.303000
9.947000
13.476000
16.050000
9.840000
11.732000
15.782000
10.601000
11.177000
13.831000
22.405000
7.192000
6.683000
16.922000
10.792000
9.358000
10.906000
11.023000
17.164000
21.452000
16.596000
10.880000
20.000000
18.471000
15.455000
15.622000
12.536000
12.868000
19.591000
8.939000
17.491000
11.232000
11.413000
13.086000
6.000000
10.510000
14.671000
8.656000
15.189000
12.518000
8.736000
12.988000
19.668000
7.943000
8.492000
15.371000
14.000000
12.112000
4.640000
7.067000
13.767000
12.777000
10.921000
13.710000
12.678000
9.104000
20.010000
19.557000
11.637000
9.493000
9.127000
15.620000
9.533000
24.069000
20.405000
8.776000
12.172000
12.093000
16.822000
18.786000
7.785000
12.165000
11.160000
18.774000
2.891000
11.263000
12.682000
15.192000
19.670000
11.686000
10.195000
7.282000
13.296000
8.027000
10.807000
13.644000
12.846000
8.031000
16.348000
8.512000
16.096000
16.073000
10.078000
13.598000
19.209000
16.696000
12.706000
21.630000
10.364000
12.234000
13.858000
17.212000
15.047000
8.284000
11.727000
8.354000
11.761000
11.660000
9.788000
12.421000
12.013000
16.821000
18.125000
10.188000
8.335000
13.442000
11.438000
7.817000
11.375000
16.154000
13.657000
15.993000
11.261000
9.352000
4.304000
11.674000
9.858000
12.862000
12.245000
6.139000
12.147000
12.909000
12.658000
5.430000
15.826000
11.030000
10.067000
11.949000
11.824000
20.124000
14.834000
8.752000
10.908000
12.100000
12.025000
6.331000
10.866000
12.249000
10.787000
19.693000
12.320000
10.406000
13.038000
10.809000
19.234000
12.802000
9.090000
14.803000
8.032000
7.730000
21.723000
9.933000
11.248000
6.663000
13.372000
5.115000
14.143000
10.934000
10.266000
14.734000
11.099000
9.184000
13.047000
8.958000
23.342000
9.334000
14.332000
9.527000
14.549000
9.065000
10.806000
12.244000
13.197000
12.890000
16.566000
19.209000
9.594000
13.304000
7.817000
8.524000
12.420000
7.214000
6.948000
10.941000
7.693000
8.810000
14.477000
9.852000
14.765000
17.144000
7.562000
7.791000
22.109000
10.654000
8.892000
7.431000
7.853000
13.445000
7.490000
11.836000
11.205000
10.689000
8.998000
13.005000
9.792000
12.555000
10.412000
8.961000
13.279000
13.561000
22.799000
14.571000
8.854000
4.893000
13.583000
9.005000
12.083000
14.065000
21.474000
7.379000
9.963000
4.132000
11.941000
18.595000
7.742000
16.621000
8.806000
9.741000
12.900000
9.106000
9.385000
11.231000
13.625000
9.392000
8.561000
9.315000
16.019000
8.199000
9.239000
9.614000
11.783000
6.931000
21.672000
11.088000
10.546000
13.227000
12.656000
12.643000
16.212000
17.420000
14.328000
7.572000
9.452000
12.143000
23.613000
10.216000
18.713000
11.736000
12.506000
15.982000
11.105000
14.930000
3.335000
6.824000
9.840000
15.097000
8.366000
10.233000
13.555000
7.429000
16.238000
16.948000
13.164000
7.846000
13.663000
12.232000
9.458000
20.635000
9.956000
7.595000
11.479000
8.736000
9.358000
11.946000
6.550000
13.595000
11.322000
11.965000
11.221000
6.887000
14.692000
11.748000
11.705000
13.292000
16.853000
10.699000
9.442000
7.496000
9.439000
21.402000
6.823000
17.398000
11.628000
9.361000
12.855000
14.058000
11.265000
12.478000
11.412000
10.941000
11.746000
6.963000
9.983000
13.394000
10.107000
14.417000
9.338000
10.272000
6.532000
10.572000
8.879000
16.783000
11.484000
18.648000
14.047000
8.329000
8.077000
21.880000
11.873000
10.693000
11.952000
11.359000
12.558000
8.927000
11.932000
15.174000
16.289000
9.226000
11.046000
8.082000
9.686000
10.091000
6.981000
11.402000
8.999000
8.687000
7.968000
14.196000
16.412000
12.629000
9.006000
6.232000
13.396000
15.332000
6.803000
11.863000
14.488000
5.196000
11.924000
9.236000
11.865000
9.537000
3.539000
6.489000
7.130000
8.479000
12.346000
11.621000
12.320000
6.254000
7.205000
15.202000
12.365000
4.940000
14.977000
13.434000
11.877000
9.387000
14.583000
7.225000
14.165000
21.797000
18.836000
12.262000
11.569000
5.334000
12.874000
16.243000
14.064000
13.422000
11.235000
7.657000
3.077000
11.137000
7.936000
8.869000
15.289000
17.093000
10.518000
10.763000
10.973000
12.232000
10.511000
12.010000
13.922000
11.341000
8.756000
8.907000
12.734000
21.741000
15.044000
3.410000
15.273000
8.654000
14.179000
20.821000
11.549000
14.993000
15.704000
17.175000
9.580000
12.711000
4.861000
12.045000
6.962000
9.824000
10.645000
11.892000
7.466000
14.974000
21.494000
8.362000
15.783000
11.173000
7.590000
10.914000
9.282000
8.434000
17.810000
13.285000
12.385000
11.579000
7.249000
13.371000
8.068000
26.747000
11.731000
14.132000
10.081000
13.138000
10.188000
16.831000
14.734000
6.332000
10.485000
7.289000
11.746000
0.000000
8.271000
9.135000
15.299000
9.454000
15.073000
11.654000
9.646000
3.987000
11.740000
16.566000
0.450000
10.173000
16.267000
10.066000
14.449000
7.982000
9.537000
17.862000
10.996000
8.854000
9.434000
4.932000
12.829000
11.043000
4.033000
10.883000
8.849000
10.778000
10.570000
14.736000
10.125000
7.534000
12.632000
5.977000
8.654000
8.377000
6.307000
10.823000
8.374000
5.749000
4.765000
9.545000
6.862000
9.843000
6.260000
7.333000
15.025000
5.053000
13.376000
11.587000
8.567000
6.534000
8.501000
5.837000
11.542000
6.477000
14.267000
11.450000
5.055000
10.536000
8.322000
6.017000
11.723000
4.861000
15.785000
6.499000
6.348000
11.616000
16.233000
13.304000
4.859000
6.269000
10.713000
9.733000
8.412000
13.585000
9.963000
5.827000
9.039000
11.045000
10.704000
1.059000
4.166000
12.868000
4.726000
4.367000
8.947000
11.697000
10.359000
18.643000
0.000000
4.292000
12.197000
13.043000
0.574000
9.001000
11.474000
11.113000
11.170000
17.805000
12.908000
12.495000
10.020000
6.102000
12.011000
11.501000
12.146000
16.157000
1.025000
11.191000
2.634000
9.436000
12.040000
11.520000
9.077000
7.088000
14.941000
9.042000
12.254000
15.119000
4.625000
12.004000
7.384000
1.785000
20.850000
7.967000
19.210000
15.675000
10.949000
13.047000
6.194000
7.574000
3.508000
8.624000
11.344000
5.949000
6.069000
8.310000
10.375000
4.444000
4.821000
7.823000
2.835000
9.875000
17.399000
5.859000
13.275000
9.317000
9.785000
6.056000
7.568000
10.124000
15.876000
7.841000
9.596000
7.477000
10.226000
14.626000
27.680000
8.081000
1.290000
11.633000
4.794000
4.734000
7.528000
8.867000
18.314000
12.717000
7.030000
6.715000
15.914000
8.858000
3.100000
12.332000
5.546000
10.705000
22.822000
10.374000
12.943000
7.942000
6.196000
11.860000
16.528000
10.296000
9.322000
5.493000
13.353000
1.938000
5.863000
11.420000
8.673000
10.841000
15.816000
6.188000
10.154000
11.857000
14.320000
12.754000
4.434000
4.410000
3.700000
3.214000
4.678000
7.125000
5.461000
2.668000
8.547000
2.696000
5.671000
12.876000
11.829000
7.889000
2.728000
11.925000
6.448000
6.590000
3.079000
3.861000
1.804000
19.776000
11.088000
9.355000
9.352000
4.930000
3.583000
10.981000
14.289000
6.571000
8.980000
10.729000
4.467000
7.458000
11.991000
6.000000
14.512000
7.935000
8.825000
8.804000
4.274000
3.445000
6.355000
6.828000
8.798000
9.959000
9.314000
11.731000
13.526000
6.594000
7.456000
5.040000
15.801000
7.815000
12.153000
6.746000
13.562000
11.743000
8.195000
2.927000
4.517000
21.938000
7.288000
3.437000
9.671000
9.249000
11.531000
8.954000
13.008000
8.838000
1.813000
8.129000
6.359000
1.600000
4.378000
7.294000
12.793000
8.310000
7.341000
9.001000
11.943000
7.731000
8.295000
5.720000
9.557000
7.488000
10.235000
7.723000
13.995000
9.953000
11.016000
16.979000
13.836000
7.401000
11.318000
8.297000
2.636000
3.847000
12.957000
12.295000
3.439000
11.404000
4.553000
11.527000
8.283000
11.301000
5.902000
6.760000
5.138000
4.245000
8.349000
3.354000
10.704000
14.196000
10.511000
12.377000
15.359000
13.936000
7.490000
10.974000
8.605000
14.480000
11.666000
17.781000
3.072000
7.750000
15.022000
7.825000
3.166000
3.130000
10.436000
10.704000
8.659000
5.872000
7.043000
10.697000
7.653000
4.364000
11.089000
9.150000
7.618000
8.823000
9.949000
8.709000
15.303000
8.633000
12.917000
9.000000
9.845000
7.052000
9.623000
7.534000
4.978000
8.298000
8.915000
6.434000
5.516000
3.509000
7.109000
0.000000
4.460000
15.078000
16.715000
7.367000
7.655000
10.239000
10.325000
10.711000
9.248000
22.489000
12.154000
6.442000
12.030000
7.024000
4.978000
12.947000
8.536000
9.209000
5.680000
4.485000
11.709000
20.064000
12.212000
1.575000
4.433000
15.579000
12.343000
7.860000
9.098000
7.256000
8.592000
3.658000
6.227000
4.908000
15.837000
10.846000
12.211000
10.091000
7.314000
5.961000
13.160000
8.060000
6.016000
6.940000
1.646000
16.372000
15.910000
6.752000
7.823000
9.863000
5.922000
7.359000
4.199000
6.593000
6.849000
7.025000
14.736000
4.158000
3.317000
11.450000
3.840000
10.410000
7.598000
6.620000
11.335000
7.676000
7.627000
7.922000
8.575000
6.600000
8.379000
6.206000
19.478000
7.366000
9.539000
10.048000
7.531000
10.044000
11.627000
9.227000
2.900000
17.765000
11.995000
8.651000
9.137000
8.778000
4.271000
6.528000
12.196000
6.782000
11.572000
12.225000
6.422000
6.481000
7.002000
8.538000
15.191000
3.973000
5.222000
1.445000
5.471000
11.319000
4.324000
7.237000
12.059000
14.766000
5.160000
4.297000
11.110000
10.789000
9.629000
10.521000
13.112000
8.615000
7.213000
10.104000
7.957000
2.705000
5.518000
5.204000
5.422000
6.839000
6.932000
6.058000
7.233000
2.798000
13.067000
14.793000
6.297000
2.632000
2.172000
7.771000
10.541000
6.726000
7.292000
7.951000
16.515000
16.948000
12.377000
1.341000
3.738000
5.607000
9.151000
7.266000
9.096000
6.684000
7.916000
11.954000
9.845000
15.836000
7.982000
10.487000
7.670000
7.580000
10.261000
4.420000
6.966000
2.997000
5.779000
11.776000
1.966000
7.629000
7.630000
4.604000
5.308000
17.751000
5.401000
2.555000
5.646000
9.791000
6.956000
5.282000
8.960000
7.745000
10.664000
8.026000
5.698000
13.699000
6.322000
7.619000
8.570000
6.799000
10.739000
8.419000
10.127000
15.957000
8.265000
17.303000
2.742000
15.643000
15.426000
14.863000
11.750000
9.677000
7.734000
13.238000
4.919000
5.998000
14.978000
16.534000
16.191000
6.069000
9.141000
10.139000
13.774000
17.404000
11.085000
6.691000
6.312000
6.043000
8.120000
7.452000
11.263000
6.580000
5.453000
9.007000
11.178000
14.789000
11.040000
7.164000
15.106000
6.022000
13.479000
8.062000
16.521000
15.259000
9.054000
7.922000
5.720000
6.363000
13.737000
10.494000
7.520000
14.111000
5.623000
17.611000
3.874000
8.438000
20.184000
16.286000
6.668000
15.249000
6.637000
5.373000
14.692000
7.429000
8.551000
19.364000
12.256000
7.104000
9.196000
9.976000
11.043000
6.505000
14.500000
8.983000
10.153000
8.295000
10.526000
4.791000
4.252000
9.273000
19.156000
10.889000
13.290000
15.241000
6.606000
14.058000
7.564000
7.478000
6.401000
16.842000
8.190000
5.529000
7.192000
9.690000
11.056000
16.617000
5.929000
12.956000
5.547000
6.868000
1.288000
7.738000
8.823000
0.000000
11.086000
12.935000
5.927000
8.060000
11.228000
18.625000
8.475000
7.589000
17.775000
7.301000
8.190000
6.196000
7.077000
15.518000
15.160000
10.254000
11.028000
0.911000
20.317000
11.293000
6.329000
8.712000
7.330000
8.195000
6.191000
3.071000
8.537000
12.410000
5.756000
7.269000
12.194000
0.000000
4.567000
11.539000
8.604000
4.630000
4.549000
10.770000
15.742000
11.952000
12.522000
9.876000
3.921000
9.665000
5.632000
12.786000
16.160000
2.118000
9.881000
14.886000
18.787000
11.779000
5.350000
15.807000
6.756000
9.256000
9.457000
20.739000
10.109000
4.114000
0.000000
8.834000
0.000000
6.962000
4.912000
12.711000
0.000000
0.000000
13.912000
12.348000
9.919000
8.795000
14.414000
7.727000
14.452000
11.943000
9.603000
6.142000
0.000000
10.377000
9.255000
9.260000
4.708000
10.850000
7.947000
1.178000
12.314000
5.145000
11.341000
9.867000
5.022000
6.080000
3.307000
0.000000
11.602000
13.484000
11.825000
12.897000
4.557000
13.925000
6.553000
10.756000
1.642000
13.875000
4.811000
12.624000
7.223000
21.476000
12.164000
15.520000
5.835000
7.751000
8.417000
0.000000
10.452000
11.961000
0.000000
10.541000
9.924000
14.313000
8.423000
0.000000
0.000000
9.796000
9.801000
7.461000
15.329000
0.000000
1.744000
10.144000
0.682000
0.000000
11.186000
8.259000
6.475000
12.622000
10.730000
12.158000
16.357000
17.564000
9.200000
0.000000
5.878000
0.000000
5.374000
11.101000
0.000000
0.000000
0.000000
0.000000
0.000000
1.543000
0.000000
5.868000
0.000000
5.868000
0.000000
7.320000
1.326000
0.000000
9.737000
5.869000
0.000000
7.575000
4.754000
0.000000
0.000000
0.000000
11.274000
0.000000
0.000000
0.595000
3.354000
0.000000
0.000000
0.000000
2.143000
0.598000
0.000000
0.000000
0.000000
8.348000
0.000000
10.616000
1.645000
0.000000
0.000000
0.000000
11.385000
3.329000
0.000000
11.104000
0.000000
5.435000
0.000000
13.125000
0.000000
7.187000
10.374000
1.801000
3.745000
0.000000
7.600000
9.879000
2.735000
0.000000
7.192000
7.890000
0.000000
0.000000
5.409000
5.023000
0.138000
18.979000
5.420000
0.000000
15.541000
13.476000
7.052000
13.440000
17.603000
0.000000
11.994000
0.000000
14.652000
17.395000
0.000000
6.396000
7.311000
0.000000
0.000000
9.927000
0.000000
8.851000
0.000000
7.314000
0.000000
7.550000
7.388000
16.737000
0.000000
7.799000
6.391000
11.877000
7.319000
8.652000
10.967000
3.405000
12.467000
3.926000
0.000000
12.053000
14.286000
6.024000
5.017000
16.988000
0.000000
5.820000
8.195000
12.506000
0.000000
7.283000
0.742000
6.112000
12.230000
5.034000
0.000000
0.000000
5.340000
6.104000
14.154000
3.957000
0.000000
9.265000
10.387000
0.000000
0.000000
4.543000
9.001000
9.585000
0.000000
2.110000
5.814000
1.516000
4.179000
0.000000
0.000000
4.706000
7.740000
13.417000
12.089000
5.537000
9.365000
0.000000
5.822000
15.112000
8.513000
13.821000
13.155000
6.984000
12.877000
0.000000
0.000000
15.234000
15.032000
12.922000
8.450000
8.927000
10.701000
7.829000
10.310000
5.398000
10.957000
9.242000
6.927000
0.000000
11.833000
7.281000
0.306000
7.551000
7.575000
0.000000
11.671000
0.000000
6.064000
11.680000
0.000000
5.062000
0.000000
2.579000
10.005000
0.000000
3.848000
7.854000
5.601000
4.396000
6.460000
11.047000
9.468000
6.306000
4.221000
12.579000
0.000000
9.522000
3.216000
0.000000
11.663000
16.398000
3.589000
0.000000
11.801000
6.676000
0.000000
6.364000
0.729000
3.262000
9.083000
6.911000
11.416000
5.755000
6.977000
14.191000
5.370000
12.009000
5.615000
0.000000
8.696000
0.000000
11.612000
5.406000
9.860000
0.890000
11.753000
8.860000
9.850000
5.802000
7.337000
6.141000
11.517000
1.447000
1.347000
3.962000
0.000000
5.199000
0.000000
11.946000
0.000000
0.000000
0.000000
6.508000
2.362000
0.000000
0.000000
13.368000
4.854000
7.286000
17.306000
15.208000
7.155000
11.265000
0.000000
0.000000
16.211000
1.814000
5.104000
3.597000
0.000000
3.722000
3.641000
10.105000
11.273000
7.315000
10.275000
2.340000
4.242000
6.016000
5.407000
9.489000
4.165000
13.829000
0.000000
0.000000
8.672000
0.000000
7.513000
17.527000
2.728000
8.308000
0.623000
0.000000
13.491000
0.000000
1.359000
4.600000
5.357000
12.074000
2.888000
4.862000
7.165000
0.000000
0.000000
0.000000
0.000000
7.859000
10.259000
2.346000
0.404000
8.204000
20.697000
10.931000
11.021000
11.164000
1.724000
7.348000
9.050000
10.554000
6.916000
1.281000
10.217000
7.620000
9.653000
4.264000
11.009000
2.554000
8.285000
7.281000
7.420000
8.967000
5.508000
4.024000
6.854000
11.688000
7.073000
4.396000
1.501000
2.200000
4.982000
6.771000
2.076000
7.160000
4.879000
2.569000
3.645000
16.749000
9.293000
7.696000
7.987000
12.388000
0.962000
3.614000
11.929000
11.374000
2.742000
4.375000
2.540000
6.343000
5.592000
13.708000
19.082000
8.107000
13.457000
8.851000
1.051000
1.780000
12.633000
12.163000
1.192000
0.000000
4.801000
3.093000
8.385000
6.641000
7.213000
7.412000
10.544000
9.650000
12.915000
6.558000
6.151000
6.736000
16.143000
12.324000
1.660000
3.984000
13.059000
0.000000
0.000000
0.986000
4.843000
6.868000
9.392000
1.396000
6.709000
8.812000
5.471000
14.626000
8.571000
3.821000
10.120000
5.021000
8.747000
0.000000
12.807000
4.760000
3.458000
5.695000
6.589000
13.572000
12.757000
3.928000
8.989000
7.594000
5.643000
11.137000
6.187000
6.106000
2.995000
2.242000
7.066000
0.956000
9.355000
5.034000
6.482000
3.968000
3.207000
10.506000
9.652000
0.000000
8.013000
18.999000
5.759000
9.185000
8.703000
6.180000
14.467000
5.388000
13.092000
3.529000
4.799000
6.845000
11.494000
10.033000
9.383000
12.118000
5.947000
5.969000
11.457000
7.741000
2.301000
3.407000
7.648000
10.339000
14.651000
2.270000
8.161000
7.445000
9.304000
2.281000
8.451000
10.358000
6.777000
11.700000
3.692000
7.314000
10.180000
9.708000
5.415000
2.956000
3.279000
1.860000
2.677000
5.062000
12.142000
2.030000
12.185000
9.721000
4.817000
10.819000
13.696000
0.600000
8.236000
11.626000
4.227000
9.117000
4.695000
9.912000
10.360000
8.616000
11.933000
9.225000
11.838000
4.929000
17.529000
10.144000
5.996000
0.643000
6.714000
0.707000
10.610000
7.174000
10.654000
6.094000
8.904000
3.757000
7.478000
7.667000
2.832000
11.813000
5.222000
1.531000
3.947000
0.000000
8.819000
1.185000
5.872000
5.732000
13.384000
3.137000
9.433000
10.801000
11.523000
12.130000
4.508000
6.156000
5.050000
10.790000
10.173000
0.000000
8.393000
5.145000
3.549000
8.036000
9.869000
5.685000
5.299000
5.235000
5.576000
15.166000
10.275000
10.205000
0.000000
8.743000
10.005000
8.202000
8.195000
5.367000
4.664000
0.000000
0.000000
10.649000
4.566000
12.314000
0.000000
10.925000
9.135000
11.595000
8.508000
6.259000
6.601000
14.910000
13.626000
10.591000
0.799000
3.473000
11.756000
0.000000
11.375000
9.289000
8.561000
12.057000
0.000000
4.747000
1.199000
8.062000
6.981000
5.329000
1.981000
8.119000
5.612000
4.372000
1.982000
4.541000
9.764000
5.477000
6.475000
0.000000
19.661000
8.927000
0.614000
11.005000
2.812000
7.219000
0.000000
10.529000
3.565000
9.663000
8.726000
6.803000
0.000000
3.270000
10.453000
6.109000
4.821000
5.899000
11.974000
8.957000
11.228000
10.900000
0.544000
0.000000
7.952000
7.014000
9.103000
4.079000
11.258000
4.783000
6.373000
0.176000
1.013000
0.000000
0.000000
3.773000
0.426000
9.446000
0.000000
1.146000
0.000000
7.710000
0.000000
0.607000
0.000000
1.019000
6.764000
7.762000
0.000000
10.807000
0.000000
7.857000
2.811000
8.916000
0.985000
8.628000
0.000000
16.247000
3.375000
1.137000
0.000000
4.331000
0.000000
1.358000
9.327000
5.526000
4.185000
5.363000
4.880000
4.107000
3.303000
0.160000
1.504000
1.096000
6.408000
3.119000
2.247000
2.352000
0.000000
0.808000
4.690000
0.432000
4.038000
5.287000
5.774000
8.041000
8.951000
0.000000
1.215000
3.640000
0.000000
8.656000
11.165000
3.239000
0.317000
0.000000
0.661000
2.230000
8.158000
0.000000
0.378000
0.000000
10.068000
11.514000
10.757000
4.894000
0.000000
0.000000
8.979000
12.806000
9.577000
0.424000
0.000000
13.009000
8.876000
0.696000
10.299000
0.277000
0.727000
0.531000
0.000000
4.942000
3.531000
1.793000
1.123000
1.272000
0.587000
5.364000
14.643000
1.007000
7.055000
1.082000
13.053000
2.543000
0.962000
8.440000
0.000000
2.318000
6.082000
0.000000
0.000000
0.000000
0.019000
14.110000
0.000000
11.481000
14.380000
5.518000
0.000000
1.147000
2.940000
1.820000
0.000000
0.000000
3.456000
1.234000
0.000000
0.051000
0.734000
0.000000
0.318000
0.155000
0.000000
0.000000
7.886000
9.785000
0.000000
0.000000
2.844000
0.000000
2.452000
12.233000
3.140000
0.000000
0.471000
9.880000
0.000000
7.216000
0.000000
9.517000
5.220000
12.192000
9.829000
1.692000
0.000000
5.492000
2.073000
1.832000
6.572000
0.000000
1.244000
1.421000
0.000000
5.259000
7.752000
13.561000
0.000000
11.807000
2.148000
0.000000
0.000000
0.000000
2.180000
3.323000
0.000000
8.656000
0.000000
3.699000
0.000000
0.000000
0.000000
0.000000
0.000000
4.191000
8.904000
0.881000
3.715000
0.367000
2.317000
3.046000
1.081000
3.910000
0.000000
0.000000
0.000000
0.108000
0.840000
0.000000
0.000000
1.074000
0.000000
1.625000
0.000000
8.673000
0.000000
4.242000
6.634000
4.470000
0.000000
0.000000
0.000000
7.754000
0.000000
0.239000
0.550000
1.578000
0.000000
0.000000
2.931000
5.794000
0.000000
0.000000
0.000000
10.724000
0.000000
0.824000
0.000000
0.000000
7.999000
0.000000
9.393000
0.651000
0.000000
4.630000
0.000000
9.045000
0.000000
1.663000
7.172000
2.886000
0.000000
0.000000
0.000000
10.798000
0.320000
0.438000
6.450000
1.489000
0.000000
0.000000
3.448000
0.000000
0.003000
0.000000
17.638000
5.397000
12.149000
0.000000
1.542000
0.000000
2.604000
0.000000
0.000000
0.000000
0.000000
0.415000
9.742000
1.513000
3.301000
2.245000
0.000000
0.000000
0.000000
0.000000
0.000000
2.689000
7.087000
5.512000
0.000000
0.000000
0.000000
4.141000
1.042000
3.555000
1.379000
0.000000
13.024000
6.889000
9.685000
3.930000
0.000000
0.000000
13.202000
0.000000
8.638000
8.379000
0.000000
0.000000
0.000000
4.485000
4.821000
0.000000
0.000000
0.000000
0.000000
5.105000
3.657000
1.165000
2.833000
5.210000
1.903000
0.000000
1.027000
0.000000
9.167000
6.824000
0.890000
2.740000
7.604000
2.995000
3.634000
1.288000
0.412000
6.148000
2.975000
3.371000
7.263000
11.823000
0.000000
0.000000
5.736000
0.000000
0.184000
0.000000
9.579000
0.000000
0.000000
0.000000
0.000000
0.000000
0.000000
0.000000
0.609000
0.000000
1.953000
1.702000
0.000000
0.000000
8.135000
7.633000
2.446000
0.000000
0.436000
6.871000
1.726000
0.000000
0.000000
6.283000
6.723000
0.000000
0.000000
0.000000
1.659000
8.556000
3.538000
0.000000
0.000000
0.000000
0.000000
0.000000
2.585000
0.000000
0.000000
0.000000
0.000000
10.467000
12.469000
3.492000
2.900000
0.000000
3.178000
6.514000
2.138000
0.000000
2.723000
5.843000
0.000000
10.281000
0.000000
8.764000
8.100000
3.765000
0.000000
1.753000
3.000000
0.000000
3.790000
0.858000
0.000000
4.365000
0.000000
3.805000
2.383000
0.000000
4.178000
5.534000
1.145000
0.000000
3.638000
0.000000
4.580000
4.097000
2.345000
7.048000
3.651000
0.000000
0.000000
0.000000
9.599000
2.406000
0.000000
2.119000
0.000000
0.000000
3.271000
0.000000
8.670000
10.320000
0.000000
7.243000
1.464000
4.152000
4.632000
0.000000
0.000000
0.000000
0.000000
3.446000
0.159000
0.959000
6.661000
8.070000
0.000000
6.243000
0.000000
0.749000
2.563000
3.596000
6.668000
12.054000
0.000000
5.395000
0.000000
0.373000
0.000000
0.000000
3.857000
3.540000
0.000000
2.258000
1.451000
4.686000
0.747000
0.000000
0.360000
5.820000
3.436000
4.360000
0.602000
11.569000
14.456000
0.000000
0.727000
10.619000
0.000000
0.000000
0.000000
3.398000
0.000000
0.116000
5.814000
9.876000
3.660000
4.492000
0.000000
0.000000
6.026000
1.053000
5.503000
0.000000
5.011000
4.620000
1.590000
10.150000
0.000000
0.703000
5.098000
0.000000
4.784000
4.834000
0.410000
0.000000
0.000000
0.000000
11.973000
0.000000
0.000000
1.145000
5.970000
0.000000
1.355000
0.000000
0.154000
6.318000
3.020000
0.386000
4.370000
0.150000
5.621000
0.000000
5.816000
0.993000
2.066000
8.760000
7.531000
2.852000
0.000000
1.079000
5.678000
3.158000
5.996000
6.083000
3.183000
2.382000
10.019000
8.060000
1.511000
4.444000
0.000000
2.593000
2.476000
1.690000
0.000000
0.625000
0.878000
3.878000
3.533000
2.521000
5.329000
3.664000
2.585000
3.981000
10.047000
0.885000
5.205000
4.798000
5.228000
0.000000
7.269000
0.000000
7.594000
2.958000
0.000000
0.000000
4.606000
6.414000
2.969000
0.000000
0.000000
0.142000
8.750000
7.351000
3.812000
0.000000
0.000000
6.236000
6.613000
4.213000
0.000000
5.360000
2.989000
4.993000
7.147000
6.125000
0.595000
0.000000
0.000000
8.854000
3.691000
0.000000
4.236000
10.176000
0.000000
5.177000
2.027000
0.000000
0.000000
0.810000
8.178000
0.000000
0.073000
7.739000
7.487000
5.721000
3.644000
6.935000
3.880000
0.000000
0.967000
3.514000
9.575000
2.062000
2.448000
2.245000
2.830000
8.792000
7.393000
5.387000
3.230000
5.521000
7.111000
2.804000
3.809000
0.000000
1.010000
7.657000
5.175000
0.264000
0.000000
1.508000
7.262000
6.792000
1.084000
0.758000
5.152000
10.392000
9.631000
0.000000
0.000000
3.860000
1.122000
0.000000
0.000000
0.000000
0.847000
1.061000
0.000000
1.755000
5.717000
3.310000
1.988000
0.000000
8.408000
3.576000
4.933000
3.343000
4.627000
1.351000
0.000000
0.000000
0.000000
7.099000
0.000000
0.000000
1.595000
9.293000
2.144000
0.000000
2.026000
3.984000
0.000000
3.217000
0.527000
0.000000
0.000000
4.192000
10.477000
3.091000
6.425000
1.969000
2.541000
2.552000
5.819000
0.000000
2.568000
0.000000
0.000000
2.763000
0.000000
0.000000
0.000000
10.003000
12.615000
0.207000
8.234000
1.225000
2.391000
1.564000
1.220000
6.868000
5.430000
0.000000
3.090000
0.000000
1.545000
1.041000
6.931000
5.070000
7.112000
0.248000
0.000000
5.848000
4.875000
1.138000
5.626000
0.000000
2.849000
0.000000
0.539000
6.939000
4.575000
0.000000
3.478000
0.000000
2.316000
4.871000
0.000000
0.866000
2.841000
3.516000
0.000000
1.592000
0.990000
9.409000
4.564000
0.000000
0.630000
0.015000
1.485000
0.000000
1.080000
2.353000
0.000000
0.000000
2.181000
4.323000
2.724000
5.463000
3.664000
6.624000
1.825000
0.000000
0.000000
2.070000
4.393000
3.097000
2.340000
7.938000
10.290000
4.928000
1.498000
0.000000
0.000000
8.850000
3.380000
3.006000
0.017000
0.301000
1.521000
0.000000
0.594000
3.576000
0.000000
5.281000
0.000000
0.000000
1.012000
3.604000
4.072000
9.304000
7.215000
5.587000
6.400000
0.000000
4.689000
5.481000
0.000000
2.089000
10.756000
0.000000
0.000000
6.126000
0.000000
2.945000
4.654000
0.000000
6.269000
1.799000
0.000000
2.912000
1.210000
8.401000
0.000000
0.000000
5.229000
2.578000
0.000000
5.444000
4.989000
1.032000
0.000000
0.000000
0.000000
3.396000
0.000000
5.218000
12.422000
4.399000
2.081000
5.667000
8.461000
2.257000
0.000000
0.000000
2.089000
5.369000
17.472000
0.000000
11.255000
7.624000
-1.998000
8.383000
0.000000
0.000000
4.248000
9.676000
5.313000
0.000000
7.650000
3.539000
6.368000
2.295000
4.142000
0.000000
6.501000
2.175000
0.000000
6.022000
0.000000
4.942000
0.000000
0.000000
0.077000
9.249000
0.000000
6.450000
1.100000
2.695000
2.066000
3.019000
0.000000
7.994000
10.653000
0.000000
6.432000
3.625000
0.000000
4.860000
11.588000
2.502000
10.790000
6.639000
0.000000
9.087000
10.199000
0.097000
0.000000
7.416000
0.000000
1.371000
1.998000
0.000000
0.000000
4.849000
9.912000
0.000000
0.000000
0.000000
8.150000
0.000000
5.754000
0.822000
0.000000
2.765000
0.000000
2.237000
2.182000
4.075000
0.000000
0.902000
4.751000
7.430000
1.639000
1.456000
0.000000
0.741000
0.000000
3.851000
1.700000
0.000000
3.241000
4.240000
8.627000
4.436000
4.987000
0.000000
0.000000
0.000000
6.519000
1.871000
0.000000
3.837000
1.569000
0.000000
1.636000
0.744000
4.302000
2.449000
0.598000
1.306000
1.186000
5.491000
0.000000
1.113000
3.418000
1.598000
0.000000
5.718000
0.751000
10.396000
1.836000
8.388000
1.871000
0.000000
0.000000
8.635000
5.388000
3.461000
0.000000
-5.887000
2.627000
1.345000
1.173000
7.540000
5.939000
6.203000
4.189000
4.513000
1.489000
0.000000
8.071000
5.009000
0.000000
2.487000
0.000000
0.000000
5.672000
0.000000
10.961000
0.000000
0.000000
9.227000
3.809000
0.000000
0.114000
0.000000
6.865000
5.505000
2.151000
0.284000
0.000000
0.000000
0.000000
4.216000
2.697000
5.039000
10.466000
3.743000
0.000000
5.228000
4.432000
1.852000
1.814000
0.000000
10.842000
0.420000
5.273000
0.608000
5.711000
5.390000
0.000000
3.931000
2.754000
0.000000
2.947000
0.596000
5.717000
5.546000
0.000000
1.795000
0.000000
8.017000
3.929000
1.680000
0.000000
0.000000
1.767000
7.686000
1.075000
0.000000
0.000000
8.240000
10.822000
0.000000
0.000000
9.254000
1.738000
6.331000
3.739000
1.627000
0.000000
0.724000
0.184000
0.000000
0.000000
0.000000
9.274000
11.393000
3.903000
3.698000
5.445000
8.607000
6.412000
7.323000
0.000000
3.960000
0.000000
4.838000
0.000000
8.173000
4.472000
4.652000
0.000000
2.948000
2.091000
4.243000
2.406000
0.033000
0.000000
2.214000
7.740000
0.000000
0.000000
2.999000
1.826000
10.542000
7.393000
5.104000
0.000000
2.904000
2.389000
0.368000
5.934000
2.011000
0.000000
8.868000
1.992000
0.000000
1.267000
5.573000
0.000000
0.313000
0.909000
3.397000
3.219000
1.803000
0.000000
2.965000
0.000000
1.840000
0.136000
3.896000
0.000000
3.830000
2.321000
6.191000
0.000000
0.000000
2.391000
0.000000
7.450000
5.635000
5.733000
11.062000
0.000000
7.332000
6.000000
0.778000
3.150000
7.698000
8.929000
2.580000
0.552000
3.057000
2.883000
0.000000
1.498000
0.000000
0.000000
0.000000
1.990000
0.148000
0.000000
5.763000
0.000000
4.020000
4.502000
2.749000
2.437000
0.055000
8.591000
3.570000
4.222000
0.067000
0.104000
7.867000
2.385000
6.098000
6.134000
5.405000
8.499000
0.000000
4.580000
8.414000
4.193000
4.709000
1.770000
6.698000
0.000000
3.600000
4.104000
0.000000
1.480000
0.000000
4.567000
2.122000
0.000000
5.036000
0.000000
6.056000
1.682000
10.685000
3.129000
0.000000
0.000000
3.000000
3.180000
3.854000
6.972000
4.745000
1.153000
0.000000
3.144000
0.000000
4.264000
0.673000
4.997000
2.761000
3.330000
0.846000
0.285000
0.000000
0.000000
9.121000
3.192000
0.000000
2.247000
5.150000
4.156000
11.512000
1.027000
0.963000
3.454000
6.556000
3.595000
8.678000
0.000000
0.000000
2.572000
2.928000
0.727000
2.028000
0.000000
1.238000
5.057000
6.906000
3.383000
10.761000
13.971000
4.393000
4.546000
9.783000
0.000000
11.765000
0.529000
8.421000
0.249000
0.000000
6.999000
4.491000
0.000000
0.000000
5.491000
0.000000
4.311000
1.501000
0.000000
0.000000
0.000000
0.369000
0.000000
10.066000
2.281000
4.206000
3.709000
8.437000
0.000000
0.099000
4.268000
1.635000
4.396000
4.304000
0.000000
1.993000
3.706000
0.000000
14.485000
2.136000
7.575000
0.281000
0.800000
1.588000
3.564000
6.469000
5.048000
0.786000
5.399000
5.920000
2.617000
2.493000
3.191000
0.025000
0.000000
2.936000
0.000000
0.000000
0.000000
4.630000
0.000000
0.000000
7.301000
0.000000
0.000000
0.000000
0.000000
7.896000
2.353000
4.359000
4.857000
1.027000
6.993000
0.607000
1.292000
0.000000
2.281000
1.284000
0.000000
0.000000
8.146000
0.000000
9.750000
3.554000
9.053000
6.368000
6.026000
2.502000
3.473000
0.927000
1.950000
2.579000
9.464000
0.457000
0.000000
4.038000
3.706000
0.094000
0.000000
2.619000
3.135000
0.000000
4.185000
0.000000
0.000000
0.000000
2.320000
0.911000
4.442000
0.000000
8.839000
0.000000
4.467000
7.473000
0.000000
4.344000
4.669000
0.000000
0.000000
7.506000
0.984000
5.034000
12.424000
1.843000
0.798000
0.000000
9.046000
0.000000
12.078000
0.000000
4.415000
0.000000
7.179000
4.161000
7.901000
6.149000
5.281000
1.506000
9.662000
2.415000
0.000000
2.505000
4.304000
0.234000
3.203000
6.049000
0.000000
1.693000
1.375000
0.000000
0.000000
9.594000
0.000000
7.133000
0.000000
4.846000
0.184000
2.833000
0.000000
6.164000
0.000000
0.000000
0.660000
6.992000
0.000000
3.122000
3.075000
5.701000
10.341000
0.000000
0.000000
1.362000
7.215000
0.000000
5.565000
1.599000
0.000000
2.619000
0.000000
0.000000
3.265000
0.934000
5.106000
2.207000
0.000000
6.512000
7.652000
1.019000
1.086000
0.000000
0.567000
0.000000
0.000000
2.705000
1.611000
0.000000
0.000000
2.991000
0.546000
1.245000
2.624000
5.062000
6.307000
4.220000
7.051000
0.000000
0.000000
4.489000
0.000000
1.789000
8.612000
3.993000
8.311000
0.000000
4.272000
0.158000
0.853000
0.545000
8.641000
4.183000
1.137000
0.345000
6.221000
4.720000
0.000000
6.956000
5.907000
0.000000
6.119000
10.875000
4.520000
1.517000
0.000000
0.000000
0.000000
2.987000
0.757000
1.391000
0.000000
5.804000
0.000000
0.000000
0.000000
4.257000
6.135000
6.826000
1.513000
0.000000
2.746000
9.314000
2.627000
0.000000
14.650000
5.233000
7.592000
0.200000
1.964000
0.000000
3.896000
7.907000
1.178000
7.420000
3.917000
2.990000
12.575000
0.000000
9.188000
0.000000
0.000000
2.931000
7.035000
0.000000
0.000000
0.000000
7.342000
4.510000
0.233000
4.056000
0.000000
12.304000
0.000000
0.000000
3.684000
0.323000
3.084000
0.267000
3.148000
2.387000
0.000000
9.053000
7.699000
0.224000
0.059000
2.628000
7.336000
1.360000
0.649000
0.000000
10.640000
12.220000
6.569000
1.904000
5.305000
0.000000
2.645000
5.273000
6.251000
4.217000
6.668000
2.981000
0.157000
0.000000
0.000000
0.000000
5.734000
7.618000
3.511000
2.446000
0.000000
0.000000
3.364000
0.000000
0.000000
0.000000
1.523000
5.093000
0.000000
0.000000
0.368000
0.000000
3.738000
9.807000
0.958000
12.406000
0.000000
0.000000
0.000000
8.892000
0.000000
0.000000
0.000000
0.000000
3.425000
0.000000
0.000000
0.075000
0.000000
2.648000
7.292000
6.631000
3.872000
6.046000
3.506000
0.000000
0.000000
0.000000
7.093000
3.167000
2.298000
0.527000
0.333000
0.000000
1.429000
0.927000
6.033000
1.059000
9.081000
0.000000
1.535000
0.902000
0.000000
6.235000
0.000000
0.000000
3.365000
1.757000
4.460000
0.000000
3.767000
2.933000
9.535000
0.000000
1.764000
10.644000
4.596000
12.290000
2.462000
0.331000
1.296000
6.250000
2.004000
0.000000
5.814000
0.000000
6.099000
0.000000
6.024000
3.897000
0.007000
1.328000
0.000000
1.327000
0.000000
1.769000
2.671000
5.800000
10.409000
0.000000
5.510000
8.212000
1.281000
0.532000
4.770000
1.274000
0.000000
0.000000
0.000000
0.000000
0.000000
0.000000
0.000000
0.282000
6.668000
9.073000
2.374000
6.206000
2.115000
9.048000
0.000000
10.139000
1.934000
3.328000
0.000000
3.970000
0.000000
1.617000
6.710000
0.000000
0.000000
0.000000
5.770000
4.650000
2.396000
0.000000
3.751000
5.181000
0.000000
6.587000
9.852000
6.660000
0.000000
3.706000
5.710000
0.000000
0.000000
6.627000
6.776000
3.013000
1.030000
0.000000
0.000000
0.000000
7.131000
0.673000
0.622000
1.639000
3.447000
7.623000
0.000000
0.000000
1.063000
3.938000
2.324000
3.828000
7.361000
1.240000
3.339000
9.545000
0.000000
3.122000
0.000000
0.000000
0.000000
0.000000
0.168000
0.000000
5.226000
0.000000
2.374000
0.000000
0.000000
0.000000
4.379000
0.000000
4.301000
6.815000
0.000000
2.261000
4.265000
0.000000
1.663000
0.000000
4.864000
5.160000
7.479000
6.867000
0.000000
0.000000
0.000000
5.905000
0.000000
0.000000
0.000000
9.360000
3.407000
0.000000
1.793000
2.782000
1.973000
0.000000
8.344000
9.003000
0.000000
2.842000
0.000000
1.471000
1.826000
4.526000
0.000000
6.061000
2.030000
0.000000
3.997000
0.000000
1.678000
0.000000
0.490000
2.069000
0.000000
0.263000
6.650000
0.000000
0.000000
2.046000
5.565000
0.000000
0.000000
0.000000
3.188000
0.000000
1.766000
0.000000
0.000000
2.873000
4.621000
7.872000
1.812000
5.329000
0.000000
0.000000
0.000000
6.423000
4.299000
2.065000
9.317000
2.745000
6.839000
0.000000
2.401000
0.906000
2.963000
3.787000
0.000000
1.935000
4.268000
3.782000
0.000000
7.882000
0.000000
0.000000
2.078000
2.486000
0.000000
10.863000
3.943000
0.000000
9.223000
0.457000
2.257000
0.000000
2.152000
3.766000
5.984000
9.899000
0.000000
2.632000
0.000000
9.790000
0.000000
6.174000
4.683000
7.333000
0.000000
0.000000
8.000000
0.000000
0.309000
3.586000
5.564000
0.157000
2.612000
6.970000
6.734000
3.261000
0.000000
9.252000
0.201000
6.873000
4.180000
5.038000
0.000000
0.000000
2.921000
2.639000
0.000000
0.000000
0.000000
5.760000
0.000000
3.587000
8.392000
2.771000
0.490000
2.584000
0.000000
0.000000
2.645000
0.000000
0.000000
0.000000
3.340000
0.000000
0.793000
2.908000
0.000000
3.710000
3.762000
0.000000
0.656000
0.354000
7.272000
1.800000
0.000000
0.000000
0.000000
4.090000
0.000000
2.737000
3.012000
0.000000
6.743000
3.257000
3.785000
5.751000
0.000000
0.000000
0.000000
6.028000
0.000000
1.123000
2.172000
0.000000
0.000000
0.000000
1.273000
2.948000
7.199000
1.127000
0.000000
3.430000
0.000000
0.000000
9.457000
0.000000
3.353000
0.000000
0.000000
6.178000
0.000000
5.013000
0.000000
6.914000
9.138000
1.517000
0.000000
0.000000
0.000000
2.332000
12.983000
0.000000
0.294000
3.438000
0.000000
1.280000
0.000000
0.000000
3.934000
0.000000
0.000000
0.000000
0.000000
6.207000
4.306000
0.000000
0.000000
0.000000
5.766000
0.000000
0.802000
0.000000
0.000000
8.637000
6.162000
0.922000
3.485000
0.000000
6.037000
0.701000
0.000000
0.000000
0.000000
0.000000
3.340000
4.094000
0.000000
8.658000
3.417000
3.324000
1.066000
1.689000
3.276000
5.283000
2.857000
4.821000
2.255000
0.000000
3.372000
0.791000
0.000000
0.000000
0.000000
0.000000
5.025000
0.610000
0.000000
0.000000
0.218000
2.081000
0.000000
0.000000
3.867000
4.990000
0.000000
0.000000
2.068000
0.000000
0.000000
0.000000
0.000000
0.559000
0.000000
9.538000
0.000000
0.000000
0.000000
0.717000
0.000000
0.000000
5.666000
7.037000
1.220000
7.004000
2.275000
0.052000
4.730000
3.680000
0.000000
0.726000
0.000000
8.074000
6.710000
1.884000
0.000000
5.555000
6.937000
2.297000
0.000000
0.000000
0.000000
2.572000
1.056000
1.975000
9.371000
7.791000
0.000000
0.000000
9.352000
6.321000
0.000000
0.000000
0.000000
2.839000
1.256000
4.085000
0.554000
0.000000
0.369000
4.324000
4.925000
5.015000
0.606000
5.327000
1.566000
0.000000
0.829000
0.000000
2.093000
4.912000
0.000000
0.000000
2.549000
3.354000
0.000000
7.142000
0.000000
1.985000
0.000000
6.700000
11.381000
0.859000
4.919000
2.629000
7.221000
0.000000
0.000000
1.262000
5.566000
12.832000
8.451000
10.949000
2.308000
0.000000
3.058000
7.712000
0.000000
2.553000
0.000000
6.051000
0.169000
1.906000
2.631000
5.516000
6.848000
2.016000
6.301000
0.000000
0.000000
4.984000
0.000000
0.000000
11.490000
4.558000
3.095000
10.177000
5.482000
7.097000
2.918000
11.755000
2.779000
10.049000
11.803000
8.862000
10.522000
6.677000
7.463000
8.086000
0.000000
1.748000
9.083000
5.218000
1.164000
6.719000
4.475000
0.000000
5.275000
3.539000
4.243000
6.023000
0.000000
5.458000
0.000000
0.000000
0.000000
