11.886000
17.299000
9.351000
14.090000
13.506000
11.648000
11.338000
13.457000
14.700000
11.844000
14.612000
13.203000
12.782000
15.016000
10.211000
9.092000
11.722000
9.618000
10.052000
11.694000
10.006000
15.913000
11.131000
10.161000
13.729000
10.015000
13.832000
14.313000
11.232000
14.448000
13.573000
12.197000
14.192000
13.568000
8.322000
15.963000
11.974000
9.995000
13.783000
14.772000
17.307000
10.789000
11.623000
14.548000
17.165000
17.212000
13.956000
12.904000
10.571000
11.778000
9.523000
12.253000
11.034000
12.470000
12.084000
17.009000
10.982000
15.154000
13.126000
18.303000
11.777000
7.548000
12.032000
13.949000
12.049000
20.267000
14.545000
7.587000
9.023000
8.947000
17.582000
10.574000
13.899000
7.135000
10.225000
8.630000
13.317000
15.345000
14.137000
18.749000
10.419000
13.305000
14.916000
7.859000
8.328000
14.778000
13.190000
11.119000
17.958000
15.653000
15.973000
10.393000
15.041000
11.719000
18.562000
18.838000
12.073000
10.309000
7.735000
11.745000
12.057000
7.101000
15.912000
7.410000
13.025000
14.803000
10.453000
11.367000
12.707000
24.179000
14.241000
8.834000
10.689000
12.446000
11.203000
12.522000
17.799000
12.228000
14.075000
11.522000
17.614000
6.031000
21.558000
15.584000
17.437000
7.287000
17.211000
15.527000
9.808000
8.965000
14.579000
12.206000
13.026000
12.536000
16.375000
15.943000
12.796000
12.013000
12.869000
13.399000
11.896000
8.356000
12.343000
9.087000
11.847000
14.234000
13.260000
4.736000
9.462000
14.754000
11.116000
15.931000
15.225000
12.697000
18.254000
19.645000
17.456000
8.374000
13.317000
13.159000
9.020000
11.487000
7.778000
14.850000
12.698000
11.202000
8.460000
11.981000
11.979000
7.617000
7.584000
8.459000
11.546000
4.907000
10.380000
15.527000
16.898000
6.673000
10.624000
20.934000
6.879000
11.525000
15.644000
7.566000
9.278000
10.254000
12.142000
14.808000
14.905000
6.635000
8.241000
9.587000
6.629000
14.323000
19.413000
10.011000
7.737000
17.749000
16.685000
14.882000
9.582000
12.399000
11.577000
11.791000
13.542000
15.280000
18.526000
9.246000
9.998000
11.775000
9.923000
14.596000
9.512000
12.251000
19.676000
9.821000
9.039000
9.944000
14.143000
9.954000
15.624000
10.810000
13.118000
11.830000
10.696000
13.773000
10.407000
19.134000
16.725000
10.742000
11.771000
10.250000
14.639000
12.265000
16.416000
8.446000
12.109000
19.343000
12.323000
17.403000
19.031000
15.146000
7.379000
12.813000
3.781000
10.550000
10.764000
13.195000
15.770000
11.373000
14.233000
8.361000
13.032000
10.685000
16.114000
17.814000
12.482000
17.616000
15.481000
15.222000
10.897000
18.503000
19.680000
14.005000
12.828000
16.505000
14.939000
15.755000
9.418000
11.703000
7.210000
8.432000
17.688000
9.803000
18.876000
11.339000
9.674000
17.810000
16.355000
15.706000
7.712000
15.885000
17.449000
8.809000
14.152000
13.494000
12.688000
17.277000
17.428000
17.259000
12.264000
15.310000
11.855000
14.241000
13.637000
17.009000
16.858000
10.911000
8.880000
11.860000
23.403000
13.217000
14.473000
16.104000
19.557000
20.816000
19.824000
7.214000
11.961000
16.051000
16.340000
15.209000
15.576000
17.771000
15.680000
13.698000
10.664000
10.966000
12.903000
10.125000
10.400000
10.840000
16.977000
19.353000
20.366000
17.558000
15.747000
18.982000
15.073000
9.959000
11.821000
10.770000
8.661000
14.578000
11.626000
15.406000
13.170000
14.320000
13.142000
13.069000
16.883000
18.669000
12.394000
13.549000
8.822000
8.546000
12.484000
11.221000
15.307000
13.244000
12.961000
7.451000
12.390000
11.671000
13.504000
11.462000
8.700000
15.478000
14.933000
15.632000
15.597000
14.221000
13.223000
15.138000
11.724000
14.743000
10.031000
12.726000
14.104000
11.026000
16.583000
8.995000
15.268000
14.549000
15.460000
18.243000
13.157000
8.834000
12.230000
15.880000
11.740000
14.066000
15.830000
11.786000
10.748000
27.303000
8.854000
12.624000
14.275000
9.797000
16.014000
11.330000
9.455000
12.421000
17.107000
14.842000
10.897000
13.707000
9.271000
14.042000
11.893000
7.374000
14.722000
11.052000
8.959000
18.749000
10.861000
13.615000
12.216000
14.900000
13.044000
13.240000
14.572000
14.402000
12.470000
15.919000
8.083000
9.180000
10.769000
18.077000
13.864000
11.380000
17.384000
14.116000
12.448000
8.775000
14.941000
14.967000
14.522000
10.400000
11.532000
10.378000
13.622000
4.563000
15.420000
12.700000
17.844000
15.124000
8.438000
20.715000
10.503000
10.311000
11.367000
10.551000
10.463000
6.657000
5.794000
15.813000
10.888000
9.600000
9.118000
7.396000
5.066000
10.066000
4.731000
7.178000
9.869000
16.747000
10.059000
10.214000
7.711000
9.881000
10.185000
6.806000
10.950000
5.183000
7.872000
12.027000
10.578000
10.296000
11.086000
16.954000
14.589000
13.907000
12.674000
10.738000
10.960000
8.054000
5.086000
13.112000
12.146000
14.805000
9.922000
11.552000
13.398000
6.780000
9.435000
10.108000
12.707000
14.124000
9.133000
7.859000
18.193000
13.145000
17.199000
11.219000
7.914000
15.067000
7.900000
14.585000
14.481000
9.924000
14.300000
15.146000
10.069000
17.611000
6.552000
9.306000
14.683000
7.372000
15.210000
6.164000
15.152000
10.044000
9.315000
7.993000
9.867000
14.493000
17.108000
16.689000
3.888000
11.633000
6.801000
10.677000
6.262000
11.616000
16.038000
11.411000
12.759000
12.310000
5.910000
5.682000
9.030000
10.526000
10.081000
10.814000
11.961000
14.060000
14.844000
7.286000
15.911000
12.104000
4.816000
11.414000
11.056000
13.660000
15.255000
13.298000
8.468000
8.157000
12.690000
10.176000
12.843000
14.508000
10.742000
9.384000
19.102000
15.425000
11.776000
23.039000
7.811000
8.871000
11.291000
9.440000
15.742000
8.797000
20.765000
13.554000
14.197000
13.029000
16.252000
9.388000
6.576000
12.011000
14.753000
9.255000
10.275000
10.664000
14.835000
17.554000
10.144000
9.801000
10.610000
9.457000
15.704000
9.181000
11.582000
8.935000
12.112000
9.548000
12.073000
11.178000
15.967000
8.882000
17.067000
8.937000
10.993000
14.560000
12.862000
8.107000
16.563000
11.877000
8.218000
11.429000
11.164000
11.549000
15.860000
11.508000
10.589000
18.023000
8.321000
14.686000
13.927000
13.227000
15.223000
13.639000
15.419000
13.087000
7.910000
13.793000
13.762000
15.180000
13.342000
10.691000
7.016000
9.930000
18.496000
7.534000
7.692000
18.126000
11.489000
10.581000
10.033000
7.891000
9.861000
9.802000
10.607000
7.564000
10.520000
10.693000
9.015000
13.072000
10.165000
15.377000
8.065000
9.480000
10.696000
9.687000
12.513000
10.452000
7.539000
11.320000
15.252000
13.628000
15.376000
9.432000
11.839000
13.209000
12.080000
17.196000
20.619000
15.273000
14.365000
12.218000
15.102000
10.280000
10.955000
13.886000
12.053000
13.949000
14.435000
16.489000
5.769000
13.666000
14.313000
9.236000
14.058000
9.049000
12.257000
10.428000
12.283000
18.256000
16.660000
14.959000
15.801000
14.860000
11.401000
5.843000
11.237000
13.357000
10.112000
8.032000
13.950000
11.587000
17.405000
11.173000
11.875000
15.240000
11.740000
20.487000
16.590000
7.015000
12.294000
20.757000
15.421000
8.823000
13.726000
17.739000
7.977000
12.065000
10.164000
16.515000
11.820000
13.598000
7.830000
4.329000
13.434000
11.097000
13.593000
9.865000
24.747000
13.290000
15.016000
17.770000
12.936000
17.626000
15.126000
12.562000
10.984000
13.456000
11.717000
10.374000
19.798000
16.305000
16.696000
14.154000
13.244000
11.460000
9.111000
14.456000
7.999000
13.050000
13.872000
6.136000
21.931000
6.613000
9.844000
7.354000
12.918000
13.975000
15.822000
7.480000
15.993000
12.100000
7.823000
14.446000
12.090000
8.558000
9.761000
14.122000
7.491000
16.547000
17.625000
11.525000
12.530000
12.722000
7.868000
17.367000
10.766000
9.522000
8.675000
11.360000
13.083000
10.538000
6.798000
10.650000
11.001000
16.574000
15.782000
13.895000
19.845000
16.343000
12.105000
7.538000
8.149000
5.483000
12.557000
12.689000
12.718000
9.096000
11.128000
13.000000
9.157000
11.010000
9.169000
11.417000
16.138000
10.173000
11.402000
17.855000
11.779000
7.845000
12.194000
12.314000
13.810000
11.926000
16.948000
14.286000
12.901000
7.495000
10.893000
19.514000
10.438000
14.469000
7.650000
11.662000
11.821000
12.860000
15.193000
11.031000
7.931000
6.432000
10.625000
17.461000
8.807000
15.156000
12.339000
9.762000
9.734000
7.751000
17.545000
7.857000
5.220000
8.961000
10.558000
10.654000
8.697000
10.127000
15.831000
8.741000
11.303000
11.302000
9.136000
11.705000
12.003000
16.974000
12.509000
13.763000
14.346000
10.272000
9.341000
10.245000
8.810000
15.843000
13.075000
8.606000
7.072000
13.721000
14.626000
14.659000
12.768000
9.976000
12.037000
8.537000
12.862000
12.687000
9.060000
11.972000
13.124000
2.780000
18.026000
6.611000
11.347000
6.683000
7.543000
14.573000
9.913000
10.613000
9.085000
6.401000
11.085000
4.793000
10.461000
10.850000
11.362000
6.912000
6.869000
15.761000
7.366000
10.525000
6.140000
6.488000
18.560000
9.845000
12.410000
9.953000
13.315000
7.610000
15.957000
13.737000
14.287000
7.455000
6.246000
13.175000
4.975000
12.210000
14.311000
6.856000
11.335000
7.701000
8.923000
19.091000
7.115000
10.548000
23.322000
24.755000
8.695000
6.418000
5.367000
17.190000
10.124000
9.091000
9.750000
11.001000
9.233000
16.348000
2.649000
12.840000
6.737000
7.523000
3.320000
20.173000
7.266000
6.338000
6.033000
2.490000
5.779000
8.952000
14.162000
6.409000
6.982000
8.107000
9.697000
4.399000
3.030000
15.266000
6.408000
2.371000
9.397000
8.990000
20.896000
16.500000
16.650000
15.867000
7.028000
23.681000
8.072000
13.990000
8.850000
13.167000
18.922000
8.854000
5.155000
7.521000
8.444000
9.718000
13.238000
2.573000
8.825000
9.150000
9.186000
7.940000
6.497000
7.004000
13.329000
6.690000
5.012000
13.176000
5.216000
9.587000
18.423000
9.049000
7.329000
8.128000
10.982000
2.347000
14.808000
5.027000
14.002000
7.451000
13.699000
9.399000
6.820000
8.147000
5.143000
15.675000
4.933000
10.096000
8.414000
3.482000
7.429000
9.324000
3.645000
11.479000
10.065000
11.395000
6.491000
1.708000
6.416000
7.900000
6.087000
11.420000
4.148000
13.097000
19.292000
8.120000
6.461000
7.612000
6.683000
4.674000
9.196000
7.037000
6.780000
6.505000
13.180000
6.434000
9.492000
14.414000
6.177000
16.243000
16.715000
7.539000
16.079000
6.243000
12.876000
6.746000
16.372000
17.728000
2.750000
8.806000
11.425000
8.125000
4.705000
14.101000
8.373000
7.018000
8.352000
9.862000
15.613000
8.136000
11.890000
11.629000
14.160000
14.058000
4.614000
4.199000
6.355000
8.582000
9.383000
15.967000
21.522000
5.902000
9.860000
6.862000
15.066000
12.259000
13.043000
6.260000
6.952000
6.396000
10.091000
10.385000
9.189000
12.240000
16.387000
8.181000
7.520000
12.478000
15.577000
3.354000
5.946000
20.366000
6.671000
7.145000
15.910000
8.573000
6.890000
8.372000
11.925000
9.137000
7.545000
16.948000
6.953000
6.058000
10.711000
12.176000
5.591000
16.559000
9.021000
11.829000
20.124000
6.839000
5.791000
3.437000
5.546000
4.361000
15.292000
8.823000
6.901000
8.960000
8.365000
10.517000
9.940000
19.089000
5.664000
15.128000
8.467000
9.415000
8.798000
5.773000
15.218000
6.571000
8.310000
16.238000
6.099000
8.245000
9.322000
6.554000
4.203000
7.249000
3.100000
5.428000
4.288000
20.548000
8.595000
9.623000
3.784000
12.485000
8.124000
10.177000
4.500000
16.853000
7.109000
20.635000
8.297000
4.742000
3.691000
9.314000
4.433000
4.167000
11.929000
14.459000
7.723000
14.179000
5.763000
10.501000
9.279000
2.505000
11.627000
5.493000
5.093000
7.568000
12.906000
4.410000
14.936000
11.236000
3.939000
12.754000
13.847000
9.863000
12.320000
9.245000
5.453000
10.008000
3.079000
8.227000
12.219000
4.104000
9.568000
9.119000
7.401000
11.723000
14.384000
4.274000
4.734000
7.640000
9.607000
15.520000
8.256000
8.066000
19.769000
9.207000
15.329000
9.453000
12.638000
19.150000
13.769000
4.364000
15.228000
11.398000
7.677000
9.757000
11.767000
9.888000
11.411000
12.088000
4.444000
3.985000
4.930000
8.097000
7.097000
4.082000
6.739000
10.808000
7.233000
8.512000
11.857000
18.028000
11.853000
14.875000
6.188000
9.067000
10.964000
9.493000
12.765000
8.460000
8.209000
4.440000
1.338000
7.917000
11.237000
10.941000
0.913000
7.825000
12.662000
6.178000
11.279000
9.875000
3.847000
13.928000
13.912000
4.350000
11.999000
9.607000
10.901000
11.295000
4.412000
3.509000
7.898000
8.202000
0.000000
10.044000
11.185000
8.163000
5.138000
9.384000
11.391000
6.509000
6.680000
6.932000
12.874000
12.112000
0.982000
10.484000
17.840000
12.306000
9.381000
7.927000
9.098000
11.181000
5.770000
7.425000
17.231000
8.489000
15.178000
10.172000
13.620000
5.841000
9.903000
8.642000
4.997000
0.993000
14.592000
6.307000
1.493000
10.630000
12.094000
6.340000
10.581000
16.191000
6.518000
10.038000
10.981000
0.000000
14.457000
6.797000
6.047000
8.930000
1.947000
0.000000
11.402000
7.650000
0.000000
4.875000
0.668000
9.980000
0.448000
3.689000
1.216000
2.232000
1.454000
1.429000
3.667000
12.786000
3.683000
0.718000
14.780000
4.846000
7.594000
4.356000
0.000000
2.229000
14.607000
0.000000
9.233000
11.525000
15.910000
4.589000
13.233000
1.939000
7.247000
1.103000
4.336000
2.101000
9.053000
15.743000
5.355000
7.146000
4.399000
13.320000
9.178000
0.947000
2.332000
9.426000
11.319000
16.889000
15.783000
8.204000
5.228000
17.151000
10.879000
11.943000
10.423000
17.028000
2.841000
0.000000
8.206000
6.612000
8.784000
14.031000
10.772000
17.505000
1.755000
0.000000
5.536000
14.803000
0.955000
15.606000
1.353000
3.336000
10.819000
2.288000
0.000000
5.986000
9.064000
9.613000
2.424000
12.511000
14.815000
5.055000
7.408000
6.475000
2.829000
6.414000
3.313000
12.536000
13.173000
1.729000
13.160000
14.025000
13.774000
4.490000
6.188000
9.580000
3.846000
12.391000
3.881000
16.570000
13.815000
5.363000
14.736000
3.885000
5.596000
11.531000
13.114000
5.865000
15.426000
0.520000
10.155000
10.958000
5.680000
4.917000
7.975000
3.313000
11.374000
0.000000
2.797000
11.870000
8.682000
7.138000
3.347000
11.529000
0.805000
12.832000
7.403000
12.453000
2.928000
15.810000
9.168000
13.708000
4.278000
9.809000
4.973000
6.963000
7.715000
12.936000
9.666000
4.827000
6.694000
4.165000
8.248000
11.684000
0.000000
12.217000
13.529000
4.376000
7.223000
3.926000
14.734000
3.481000
8.815000
6.691000
7.445000
9.741000
5.369000
14.891000
11.401000
10.078000
8.276000
8.622000
1.934000
10.752000
10.804000
15.357000
15.901000
14.638000
12.495000
6.578000
11.129000
12.417000
10.563000
14.463000
16.985000
14.124000
1.812000
11.583000
14.944000
4.331000
8.686000
13.353000
16.831000
8.151000
5.273000
18.053000
11.227000
7.058000
1.609000
6.332000
15.384000
4.098000
14.503000
0.622000
14.141000
8.915000
13.023000
14.317000
0.000000
10.053000
5.891000
11.654000
10.422000
11.374000
7.150000
11.651000
9.200000
5.925000
10.239000
9.036000
10.390000
12.385000
6.674000
11.318000
14.565000
12.031000
13.549000
9.108000
1.419000
2.713000
0.000000
9.122000
8.290000
9.876000
4.249000
8.092000
0.000000
12.864000
7.819000
5.329000
3.497000
3.794000
1.610000
10.031000
5.941000
2.363000
10.184000
10.806000
4.923000
6.640000
15.536000
1.179000
9.340000
6.134000
9.594000
9.781000
2.374000
4.172000
11.743000
1.515000
7.798000
5.148000
0.000000
6.822000
16.162000
11.845000
3.597000
5.040000
3.983000
9.164000
10.036000
3.353000
4.588000
4.340000
5.922000
9.167000
11.164000
7.971000
15.138000
8.123000
13.988000
0.548000
13.232000
4.296000
7.237000
4.807000
9.876000
0.000000
4.329000
4.232000
3.652000
16.448000
7.513000
6.109000
1.967000
7.247000
12.977000
7.110000
5.470000
6.514000
10.781000
5.596000
1.897000
15.151000
5.920000
13.275000
2.578000
13.718000
15.449000
5.145000
13.215000
7.189000
7.486000
5.801000
12.157000
13.487000
12.310000
11.848000
13.341000
13.099000
10.755000
13.663000
5.650000
11.580000
12.040000
7.228000
3.791000
11.435000
6.185000
9.495000
13.670000
8.401000
6.565000
10.550000
12.266000
10.603000
6.200000
7.102000
11.356000
0.000000
6.051000
3.563000
10.148000
7.510000
12.651000
5.532000
9.065000
6.852000
9.429000
12.723000
10.737000
11.827000
0.000000
7.049000
0.000000
0.743000
3.320000
3.337000
12.011000
8.348000
7.873000
12.720000
7.583000
5.810000
10.945000
13.080000
7.971000
14.064000
16.029000
6.637000
0.140000
7.717000
8.562000
13.164000
4.547000
1.794000
8.713000
11.348000
0.000000
9.242000
8.182000
11.958000
15.637000
4.971000
8.838000
6.501000
5.521000
11.694000
12.868000
9.485000
15.395000
6.941000
12.949000
7.752000
9.497000
11.010000
6.866000
0.692000
10.502000
10.164000
10.188000
11.910000
7.530000
5.547000
12.066000
1.013000
14.424000
8.868000
10.886000
12.207000
10.531000
13.434000
8.486000
8.625000
8.606000
11.951000
16.013000
13.484000
8.223000
8.558000
11.178000
8.752000
11.844000
7.123000
11.545000
4.534000
6.879000
10.071000
3.257000
9.325000
5.222000
5.145000
18.373000
5.233000
10.392000
11.921000
3.847000
13.474000
15.146000
13.192000
14.741000
11.503000
11.682000
10.552000
4.426000
11.924000
10.375000
9.836000
7.432000
4.460000
11.161000
10.746000
11.574000
8.293000
9.352000
8.025000
14.545000
14.132000
14.809000
11.892000
17.395000
8.397000
11.454000
13.376000
10.208000
7.901000
4.974000
12.335000
14.470000
11.105000
7.711000
13.136000
5.733000
1.721000
10.877000
6.232000
6.666000
9.521000
13.010000
15.223000
9.687000
8.285000
13.737000
9.499000
12.495000
8.507000
7.522000
6.199000
10.066000
7.695000
4.403000
8.032000
9.922000
12.808000
9.726000
7.713000
7.459000
11.725000
11.637000
8.888000
8.435000
15.395000
5.551000
9.571000
11.108000
7.698000
12.550000
16.550000
3.614000
13.480000
7.620000
4.358000
11.040000
4.010000
10.477000
9.185000
14.311000
12.321000
10.076000
2.627000
11.515000
15.335000
9.427000
15.620000
9.135000
8.532000
10.314000
10.790000
2.390000
10.941000
11.032000
3.454000
11.379000
12.925000
14.089000
7.650000
10.374000
10.893000
8.965000
16.855000
9.966000
9.966000
10.713000
9.393000
7.534000
9.080000
8.605000
4.198000
5.690000
5.519000
2.410000
8.102000
11.098000
10.647000
5.875000
14.014000
5.806000
9.862000
6.855000
10.698000
2.447000
10.883000
7.474000
9.041000
10.416000
17.046000
8.722000
7.653000
12.405000
11.322000
16.197000
6.105000
0.000000
12.011000
13.364000
16.232000
7.523000
0.000000
10.720000
10.275000
11.682000
13.342000
6.994000
13.918000
10.831000
12.947000
0.000000
10.416000
15.331000
7.534000
10.146000
14.316000
8.033000
8.785000
13.732000
8.849000
10.941000
9.078000
10.785000
9.858000
11.678000
8.613000
12.523000
6.998000
16.121000
9.358000
15.455000
8.259000
13.975000
9.369000
11.502000
8.977000
8.712000
9.852000
0.000000
10.061000
13.677000
14.984000
11.826000
17.043000
4.311000
9.384000
6.957000
8.027000
15.704000
10.902000
13.214000
13.709000
10.003000
6.665000
12.937000
9.280000
15.666000
4.438000
18.463000
17.856000
8.352000
7.219000
9.446000
8.193000
13.214000
9.852000
12.829000
11.873000
7.132000
5.411000
9.025000
8.877000
7.523000
8.001000
10.394000
13.028000
14.929000
11.725000
8.954000
13.785000
12.832000
11.173000
16.943000
14.745000
13.384000
12.634000
10.732000
7.505000
11.693000
11.965000
5.712000
9.476000
5.586000
8.546000
4.928000
16.320000
12.990000
6.683000
7.407000
15.119000
7.205000
10.615000
7.936000
8.635000
12.223000
6.180000
10.183000
14.151000
15.526000
3.810000
9.885000
14.612000
7.587000
9.160000
6.168000
3.486000
8.002000
6.312000
10.531000
9.942000
16.210000
7.679000
12.862000
15.447000
15.842000
0.000000
6.895000
11.568000
11.986000
7.363000
12.302000
11.532000
11.034000
14.506000
8.685000
10.726000
14.273000
13.567000
6.143000
0.000000
13.452000
8.173000
10.429000
7.981000
10.179000
10.022000
10.151000
14.821000
5.069000
10.451000
7.739000
8.478000
14.128000
13.951000
12.034000
5.219000
4.827000
13.468000
8.704000
5.503000
4.674000
7.225000
7.352000
0.000000
13.769000
7.753000
8.592000
6.258000
8.948000
9.157000
6.043000
8.707000
16.138000
13.044000
10.250000
13.454000
2.621000
0.000000
0.000000
0.161000
9.743000
0.000000
0.000000
9.422000
11.404000
2.416000
7.029000
3.336000
8.654000
7.980000
5.442000
5.991000
0.000000
3.764000
9.025000
0.000000
2.737000
0.506000
8.745000
11.232000
2.517000
2.143000
0.000000
0.761000
0.000000
0.000000
3.071000
0.000000
0.000000
10.247000
4.124000
1.544000
0.742000
0.000000
0.000000
7.443000
1.155000
0.000000
0.000000
2.891000
1.215000
7.870000
13.596000
15.548000
0.000000
0.952000
4.886000
0.000000
0.000000
0.000000
14.891000
0.000000
0.000000
5.978000
0.000000
0.000000
3.052000
4.628000
0.000000
0.000000
3.538000
8.432000
7.951000
11.054000
2.309000
0.990000
13.127000
10.691000
0.000000
0.000000
4.978000
7.314000
0.000000
0.000000
0.000000
10.825000
7.489000
10.881000
9.650000
9.060000
9.606000
1.197000
0.000000
2.947000
13.176000
9.698000
11.525000
0.607000
5.668000
5.630000
0.000000
1.780000
11.975000
10.015000
9.685000
7.682000
6.003000
2.705000
17.605000
0.000000
5.065000
0.000000
1.814000
8.857000
15.024000
5.704000
0.000000
0.000000
9.630000
5.302000
0.598000
0.282000
0.000000
9.868000
0.508000
0.000000
8.237000
8.842000
16.438000
7.305000
0.000000
19.065000
8.950000
0.000000
0.000000
9.611000
10.231000
11.123000
13.409000
3.789000
0.000000
7.153000
3.905000
7.003000
6.498000
7.473000
13.010000
11.782000
8.529000
0.682000
0.620000
20.111000
3.012000
10.631000
10.927000
7.250000
0.000000
14.175000
0.000000
11.293000
5.590000
2.011000
9.906000
6.620000
2.626000
0.000000
4.961000
4.761000
14.682000
6.306000
10.755000
10.899000
10.994000
9.885000
2.429000
10.329000
0.000000
7.001000
12.804000
0.223000
7.608000
8.934000
7.542000
9.360000
8.394000
8.063000
0.000000
12.179000
10.998000
8.539000
9.696000
2.178000
12.511000
10.579000
0.000000
8.164000
13.427000
10.245000
10.330000
9.760000
11.137000
10.727000
12.790000
10.047000
10.666000
9.907000
11.206000
5.468000
14.006000
0.000000
10.092000
13.321000
11.600000
21.525000
5.106000
11.463000
0.000000
5.574000
0.000000
9.316000
9.999000
4.040000
0.000000
6.776000
20.952000
3.909000
9.426000
7.431000
2.285000
6.888000
6.085000
13.635000
13.527000
7.122000
10.256000
11.738000
5.041000
8.425000
11.658000
0.000000
5.202000
7.191000
8.995000
11.127000
5.735000
0.780000
0.000000
8.491000
19.199000
9.337000
1.101000
6.877000
0.000000
4.167000
2.862000
8.507000
5.092000
12.143000
0.000000
7.334000
7.163000
10.233000
4.269000
11.976000
15.121000
14.744000
0.000000
0.304000
0.000000
9.777000
2.675000
2.904000
11.958000
7.434000
12.585000
10.534000
8.040000
0.000000
16.371000
12.291000
6.461000
12.445000
14.615000
8.687000
5.004000
0.000000
8.855000
10.054000
18.320000
12.346000
9.998000
16.585000
9.725000
8.174000
0.000000
1.178000
10.950000
10.633000
10.303000
12.348000
8.560000
19.493000
10.020000
10.360000
3.570000
5.186000
6.741000
4.593000
11.477000
8.312000
13.454000
9.675000
4.896000
16.383000
0.000000
9.459000
6.012000
10.479000
10.316000
9.031000
15.357000
3.286000
0.000000
13.603000
8.541000
4.464000
16.878000
9.970000
7.557000
11.212000
14.516000
13.821000
7.357000
6.785000
10.572000
7.349000
17.973000
11.798000
12.100000
7.600000
21.337000
9.122000
12.434000
16.072000
3.779000
16.256000
4.431000
8.145000
13.886000
8.555000
7.292000
7.245000
2.829000
8.687000
5.538000
10.832000
9.458000
7.644000
10.052000
9.748000
4.038000
12.694000
11.993000
11.929000
10.777000
12.770000
19.072000
10.727000
7.822000
14.717000
10.173000
10.854000
7.268000
9.907000
12.926000
6.355000
7.564000
7.713000
4.849000
7.785000
9.830000
3.787000
9.419000
11.824000
10.992000
11.982000
5.790000
6.829000
14.886000
18.225000
6.402000
12.546000
7.664000
11.643000
11.736000
11.662000
16.800000
5.097000
7.395000
19.568000
8.763000
8.145000
14.953000
11.932000
7.208000
10.391000
19.919000
10.023000
9.374000
8.694000
0.535000
6.337000
10.194000
9.252000
12.624000
6.004000
12.711000
5.625000
10.280000
16.687000
6.017000
10.474000
12.524000
11.726000
7.307000
10.313000
3.902000
13.433000
5.672000
14.131000
7.984000
13.319000
10.144000
9.836000
12.776000
7.534000
16.207000
14.071000
7.484000
9.387000
15.454000
8.998000
11.289000
11.224000
12.507000
9.845000
7.431000
7.488000
8.407000
9.243000
10.299000
10.609000
14.071000
14.242000
9.461000
9.528000
11.015000
10.859000
10.072000
6.229000
9.676000
5.961000
11.652000
13.010000
10.376000
7.765000
6.288000
13.703000
9.875000
12.727000
16.891000
6.047000
8.268000
3.638000
11.041000
10.164000
11.479000
10.679000
11.462000
6.043000
8.127000
5.376000
9.113000
11.151000
9.092000
12.582000
4.578000
7.176000
17.529000
9.542000
6.887000
5.927000
10.142000
11.236000
8.012000
6.065000
17.938000
7.861000
12.137000
12.353000
11.816000
11.498000
2.759000
8.177000
11.538000
11.275000
9.471000
8.021000
13.594000
14.525000
11.667000
10.422000
7.145000
13.839000
12.170000
2.794000
6.574000
5.252000
9.824000
8.961000
5.127000
4.181000
4.927000
10.784000
10.055000
8.179000
10.186000
8.907000
10.627000
8.149000
4.288000
10.018000
12.892000
9.408000
7.815000
10.517000
7.664000
9.046000
12.044000
7.821000
6.728000
10.490000
20.997000
7.487000
10.017000
15.856000
13.525000
7.751000
6.033000
9.232000
7.682000
8.503000
7.833000
12.527000
8.205000
8.262000
7.550000
7.740000
10.818000
4.321000
10.025000
4.892000
6.968000
7.572000
5.634000
7.614000
9.364000
12.107000
3.567000
11.980000
8.097000
4.158000
17.316000
10.991000
11.474000
9.735000
7.598000
8.934000
2.398000
7.956000
9.101000
6.330000
6.306000
12.374000
10.891000
9.691000
7.432000
9.239000
21.103000
10.009000
9.008000
6.200000
5.823000
10.267000
9.242000
10.267000
13.813000
11.884000
5.021000
15.198000
6.402000
18.904000
11.499000
10.354000
16.325000
18.061000
7.139000
12.680000
11.205000
7.607000
10.026000
7.465000
23.881000
16.373000
5.469000
5.494000
6.597000
15.962000
3.184000
6.363000
4.654000
12.851000
18.353000
16.855000
9.742000
8.613000
9.727000
9.309000
5.780000
7.375000
8.436000
18.577000
5.615000
7.867000
6.937000
7.526000
8.317000
17.981000
7.095000
11.527000
3.468000
11.673000
16.963000
0.000000
13.020000
8.279000
4.976000
12.530000
13.892000
12.815000
6.465000
4.616000
4.978000
7.181000
12.393000
8.321000
7.988000
6.071000
3.582000
5.213000
5.820000
10.281000
5.917000
7.289000
8.345000
7.395000
16.172000
11.939000
6.341000
7.551000
5.638000
7.216000
7.709000
6.582000
12.535000
8.772000
7.262000
15.224000
10.477000
16.486000
12.923000
3.010000
8.329000
9.306000
4.368000
3.944000
12.031000
5.336000
17.415000
12.550000
5.766000
10.613000
12.299000
8.337000
8.304000
6.899000
7.297000
7.511000
11.683000
19.410000
4.205000
7.011000
10.368000
10.896000
7.695000
11.979000
10.546000
2.202000
5.024000
12.109000
10.328000
8.658000
8.707000
9.351000
5.716000
12.187000
4.952000
6.651000
8.742000
8.318000
8.941000
8.900000
10.718000
10.866000
11.477000
8.213000
8.558000
13.403000
6.451000
16.961000
7.636000
11.789000
9.011000
2.915000
5.507000
7.294000
6.409000
9.260000
4.575000
9.560000
5.588000
6.293000
5.738000
8.090000
17.583000
11.615000
14.048000
13.467000
9.725000
8.639000
6.966000
5.774000
8.751000
11.481000
11.777000
12.341000
11.474000
7.172000
17.394000
9.133000
10.762000
6.407000
8.623000
10.584000
12.278000
7.439000
14.002000
8.034000
6.300000
6.651000
4.431000
8.976000
11.443000
7.128000
5.437000
9.200000
4.581000
10.885000
6.174000
13.573000
14.089000
8.642000
9.969000
10.544000
6.364000
9.075000
7.688000
2.399000
11.842000
10.020000
9.790000
1.596000
8.253000
11.688000
8.320000
16.024000
9.116000
9.858000
4.268000
3.841000
12.035000
5.526000
8.671000
1.370000
11.332000
4.726000
6.503000
7.285000
10.584000
8.180000
5.294000
5.172000
6.965000
5.118000
10.342000
3.301000
5.454000
8.176000
6.168000
11.564000
14.261000
5.788000
1.330000
3.092000
6.684000
4.941000
19.955000
6.819000
7.332000
4.759000
9.402000
6.483000
8.101000
9.869000
12.814000
5.387000
15.852000
8.457000
3.623000
5.826000
7.533000
11.348000
3.946000
1.628000
4.862000
11.041000
11.948000
8.699000
12.300000
6.425000
9.416000
7.161000
20.709000
6.620000
17.205000
5.449000
13.845000
4.440000
8.086000
5.683000
7.743000
5.629000
16.584000
16.178000
5.885000
2.033000
7.486000
12.331000
8.163000
3.438000
7.380000
5.152000
12.205000
3.877000
11.651000
9.268000
6.252000
17.148000
2.010000
12.978000
9.440000
8.613000
1.271000
9.442000
7.377000
9.602000
12.611000
13.301000
8.439000
5.333000
12.360000
5.251000
9.653000
18.348000
6.945000
16.821000
8.743000
4.843000
13.438000
13.121000
9.152000
9.605000
9.108000
6.790000
11.013000
1.949000
6.016000
6.340000
3.468000
8.991000
14.305000
12.754000
16.117000
15.859000
10.433000
7.987000
10.097000
6.261000
5.330000
9.470000
6.284000
4.534000
8.918000
8.235000
14.125000
9.636000
7.572000
0.000000
7.440000
10.564000
3.795000
12.357000
3.460000
11.970000
6.608000
9.583000
8.947000
2.216000
11.998000
9.492000
13.692000
9.933000
5.531000
11.779000
3.471000
11.099000
8.398000
2.369000
6.360000
6.845000
4.702000
10.935000
8.610000
0.000000
25.876000
2.769000
2.571000
21.293000
4.375000
6.206000
6.844000
11.013000
0.117000
11.557000
4.706000
11.381000
5.232000
8.195000
1.313000
6.104000
1.542000
4.655000
17.716000
2.019000
3.757000
14.936000
11.827000
5.285000
2.217000
11.370000
19.805000
7.169000
0.938000
7.105000
0.000000
2.007000
12.439000
0.000000
2.161000
0.000000
12.445000
5.606000
7.547000
4.551000
0.886000
8.679000
9.987000
11.547000
5.917000
12.631000
0.000000
0.603000
4.773000
13.486000
2.758000
8.105000
3.313000
7.996000
0.000000
13.738000
5.604000
5.165000
11.190000
1.307000
9.609000
10.955000
5.734000
3.575000
5.671000
7.266000
15.967000
5.140000
10.933000
8.616000
10.776000
8.566000
5.603000
6.245000
6.066000
9.212000
1.007000
2.237000
8.334000
5.922000
8.318000
7.536000
3.103000
13.597000
3.721000
4.486000
0.000000
8.397000
0.816000
0.995000
8.660000
9.835000
4.687000
4.742000
5.305000
3.521000
12.071000
5.477000
0.000000
9.945000
8.873000
12.954000
0.189000
10.859000
0.272000
17.145000
2.832000
5.086000
13.871000
12.350000
0.269000
0.000000
13.649000
2.361000
5.888000
7.044000
4.818000
9.028000
6.539000
9.825000
11.012000
9.430000
12.199000
7.332000
0.655000
13.185000
13.785000
14.649000
17.945000
7.208000
4.032000
1.115000
5.235000
11.439000
4.062000
12.296000
12.670000
8.710000
10.523000
10.453000
0.000000
7.965000
7.849000
10.790000
9.128000
5.663000
7.912000
7.921000
6.480000
6.564000
9.888000
11.100000
7.838000
11.415000
9.708000
6.800000
7.128000
7.797000
6.790000
13.634000
7.210000
2.440000
2.642000
5.208000
0.000000
10.887000
2.531000
5.518000
11.003000
7.693000
13.286000
7.434000
3.399000
7.645000
11.026000
2.800000
2.458000
11.105000
4.622000
7.105000
4.967000
5.243000
3.636000
8.053000
7.747000
9.114000
5.457000
4.490000
5.463000
3.464000
10.873000
8.040000
6.791000
10.265000
15.671000
3.026000
11.626000
6.694000
10.799000
8.614000
8.458000
10.028000
4.883000
9.251000
15.315000
4.308000
7.911000
6.033000
1.833000
8.623000
6.016000
12.393000
5.627000
4.949000
8.991000
5.066000
10.486000
4.441000
10.239000
5.804000
5.263000
6.927000
9.188000
5.210000
7.970000
2.120000
9.109000
4.320000
4.295000
4.005000
12.842000
7.070000
0.577000
10.287000
3.642000
15.265000
1.992000
8.598000
3.776000
7.757000
5.845000
7.413000
6.467000
16.613000
8.029000
10.190000
7.937000
2.142000
7.571000
5.906000
10.359000
5.959000
4.090000
24.093000
8.073000
10.761000
5.022000
11.188000
6.527000
10.074000
4.051000
2.521000
4.240000
8.516000
7.943000
3.002000
5.201000
8.862000
8.854000
8.337000
5.964000
2.544000
7.613000
4.789000
8.399000
6.137000
5.006000
7.097000
11.425000
5.919000
8.837000
8.676000
12.568000
5.018000
5.602000
14.050000
16.024000
2.684000
6.458000
8.714000
6.126000
11.091000
3.430000
16.372000
7.115000
8.535000
17.544000
5.803000
7.250000
8.914000
13.897000
5.275000
5.011000
5.994000
9.801000
5.785000
8.139000
8.397000
7.104000
4.759000
4.263000
4.196000
10.850000
13.012000
2.897000
11.305000
8.794000
7.526000
8.626000
4.179000
3.337000
0.274000
13.028000
10.379000
5.744000
11.733000
9.191000
3.054000
3.374000
7.349000
9.690000
10.616000
15.358000
8.776000
5.392000
5.936000
11.897000
2.133000
8.007000
16.549000
4.384000
10.426000
9.164000
6.993000
3.285000
13.575000
7.255000
8.756000
6.972000
8.294000
6.850000
11.982000
18.400000
8.434000
12.933000
13.024000
13.445000
11.378000
14.679000
7.829000
12.502000
11.810000
3.702000
5.736000
6.440000
6.540000
16.491000
10.834000
15.621000
14.403000
7.126000
7.526000
8.601000
5.668000
12.165000
16.242000
6.250000
7.912000
13.357000
16.075000
7.133000
15.970000
6.707000
9.573000
16.930000
8.319000
7.321000
4.427000
14.140000
6.446000
11.341000
13.120000
7.283000
9.475000
15.046000
4.190000
7.628000
5.905000
7.248000
13.722000
4.990000
2.795000
6.708000
9.123000
6.472000
0.238000
4.599000
12.034000
9.161000
9.804000
17.662000
13.975000
7.004000
9.432000
5.300000
0.264000
15.996000
6.009000
11.681000
8.964000
8.393000
7.537000
8.416000
14.094000
8.420000
6.251000
6.895000
14.673000
12.469000
7.164000
12.075000
9.262000
6.778000
6.308000
4.461000
6.511000
13.020000
4.631000
14.310000
11.229000
3.350000
2.866000
12.657000
13.116000
7.550000
14.220000
7.890000
9.090000
9.289000
13.963000
2.254000
14.699000
9.836000
6.018000
6.892000
8.761000
3.254000
8.385000
13.412000
14.059000
6.630000
1.793000
6.107000
14.544000
2.900000
5.963000
13.232000
0.929000
5.936000
2.421000
12.312000
2.355000
17.149000
7.178000
6.572000
5.625000
2.940000
1.110000
13.504000
10.967000
4.881000
3.172000
7.701000
15.269000
5.453000
6.544000
2.645000
7.209000
12.489000
8.656000
7.228000
3.396000
7.973000
15.938000
14.537000
6.727000
8.753000
3.380000
4.717000
2.349000
5.165000
2.007000
4.033000
14.608000
18.664000
21.257000
0.000000
7.960000
13.054000
17.246000
8.450000
11.879000
8.057000
8.314000
19.842000
9.121000
3.051000
14.695000
3.948000
2.913000
6.575000
2.368000
13.752000
5.236000
8.386000
13.387000
13.492000
5.836000
3.551000
8.779000
17.224000
2.479000
2.357000
7.384000
15.334000
13.564000
7.013000
9.286000
7.877000
4.058000
16.585000
9.302000
8.296000
15.383000
8.329000
1.918000
7.135000
7.668000
9.588000
12.723000
12.231000
3.241000
2.598000
3.027000
9.207000
9.487000
0.010000
17.197000
3.246000
6.301000
13.085000
4.682000
9.181000
9.043000
11.235000
9.309000
2.956000
13.541000
2.983000
15.315000
2.494000
7.665000
7.344000
8.960000
9.829000
16.720000
13.519000
7.628000
4.218000
0.032000
18.839000
1.721000
10.669000
11.626000
2.208000
11.240000
5.695000
18.491000
11.651000
5.273000
7.063000
14.167000
9.287000
8.143000
6.281000
5.581000
5.190000
15.101000
4.811000
11.079000
12.884000
16.235000
13.321000
5.740000
17.182000
15.625000
11.186000
16.939000
11.622000
8.653000
13.061000
2.771000
19.406000
11.190000
7.645000
6.144000
5.973000
5.457000
16.983000
6.905000
8.441000
10.045000
11.141000
2.263000
12.933000
8.232000
12.955000
15.424000
13.077000
10.763000
19.876000
15.092000
2.997000
9.860000
7.875000
4.537000
13.685000
4.372000
5.179000
16.120000
8.500000
6.165000
15.181000
5.650000
13.808000
13.312000
9.378000
1.508000
9.594000
12.924000
11.157000
14.442000
14.394000
10.297000
15.435000
9.520000
7.716000
11.099000
18.049000
8.391000
12.401000
7.130000
14.979000
17.819000
11.310000
10.268000
2.149000
5.845000
10.770000
9.002000
4.861000
9.667000
12.004000
5.746000
6.816000
14.891000
8.926000
14.239000
6.815000
9.052000
8.315000
7.424000
20.519000
4.504000
14.589000
9.749000
3.232000
10.015000
12.078000
7.860000
6.030000
15.480000
18.258000
11.111000
5.206000
9.006000
3.804000
6.398000
6.284000
12.272000
12.336000
10.415000
8.346000
1.172000
15.532000
11.726000
10.293000
12.234000
16.987000
7.625000
19.214000
10.245000
13.228000
20.756000
11.429000
13.031000
0.000000
8.013000
8.033000
11.760000
12.463000
7.720000
5.475000
6.902000
11.146000
10.928000
12.211000
14.574000
11.437000
11.205000
10.648000
12.257000
12.348000
8.658000
16.156000
5.668000
12.432000
12.937000
13.370000
14.533000
6.732000
12.154000
4.210000
3.029000
12.990000
5.314000
5.965000
4.324000
8.077000
15.488000
9.867000
14.840000
14.317000
14.946000
9.041000
13.565000
9.547000
13.696000
10.245000
9.992000
9.829000
2.836000
9.287000
14.606000
12.668000
7.595000
8.118000
12.554000
10.182000
8.434000
16.667000
5.175000
11.358000
9.830000
13.873000
4.735000
10.041000
12.220000
14.078000
10.375000
8.420000
9.382000
7.348000
11.093000
10.748000
6.232000
15.186000
9.928000
14.155000
12.699000
10.026000
10.171000
12.773000
7.816000
12.327000
6.834000
14.347000
18.795000
11.866000
7.966000
12.127000
6.544000
1.815000
14.981000
8.667000
10.301000
1.505000
10.996000
10.173000
4.074000
9.593000
12.941000
7.876000
5.861000
9.741000
11.816000
9.708000
7.315000
6.239000
7.597000
7.151000
9.398000
14.077000
10.505000
13.440000
9.098000
8.544000
12.155000
9.007000
11.929000
11.343000
11.745000
9.580000
11.847000
11.096000
9.685000
16.794000
10.474000
16.883000
18.291000
4.887000
11.684000
7.920000
10.168000
13.069000
5.925000
15.417000
4.835000
11.045000
5.299000
12.924000
9.195000
12.305000
7.418000
0.000000
11.007000
0.000000
6.362000
5.356000
5.939000
10.329000
9.280000
10.119000
9.566000
10.153000
9.672000
13.273000
2.785000
6.058000
11.068000
6.734000
7.540000
15.925000
0.000000
11.683000
6.201000
6.416000
15.091000
4.335000
2.186000
13.465000
3.303000
9.737000
10.867000
17.962000
13.020000
14.483000
17.005000
6.399000
8.946000
5.287000
10.870000
13.751000
10.305000
5.877000
7.634000
13.876000
10.939000
6.724000
8.517000
8.029000
9.387000
10.247000
13.285000
14.816000
13.626000
10.550000
13.727000
8.885000
12.325000
8.892000
8.957000
4.459000
9.307000
13.896000
9.793000
10.806000
10.839000
4.479000
12.069000
8.853000
15.762000
8.561000
9.234000
12.938000
9.956000
12.866000
8.850000
16.179000
13.227000
14.909000
16.064000
11.768000
9.934000
7.988000
14.848000
15.100000
12.115000
11.692000
5.310000
10.797000
6.654000
5.809000
13.803000
11.642000
0.000000
10.107000
6.353000
3.285000
4.118000
17.084000
9.614000
9.286000
10.563000
11.615000
8.713000
8.267000
11.510000
11.364000
8.296000
10.925000
13.769000
3.014000
10.642000
10.262000
8.063000
10.714000
15.400000
0.882000
1.536000
9.645000
11.144000
12.352000
9.616000
14.625000
9.819000
9.181000
6.738000
11.709000
9.905000
6.619000
12.517000
4.982000
8.547000
16.036000
0.000000
2.712000
5.184000
15.550000
10.130000
10.738000
6.036000
9.790000
6.785000
15.550000
0.000000
15.394000
10.325000
14.082000
4.223000
3.518000
7.515000
7.306000
16.490000
8.587000
0.081000
5.694000
6.307000
10.993000
0.888000
9.776000
9.262000
8.751000
11.498000
12.261000
3.089000
0.000000
5.260000
5.635000
9.403000
0.000000
1.519000
0.000000
10.522000
10.802000
3.646000
0.000000
4.952000
0.000000
8.304000
7.895000
11.695000
5.004000
2.184000
12.423000
0.962000
4.382000
13.265000
0.000000
9.636000
4.828000
6.383000
6.705000
0.000000
0.000000
2.786000
2.163000
0.000000
4.513000
1.928000
16.097000
3.866000
0.000000
0.257000
0.000000
0.819000
0.000000
0.000000
2.412000
0.000000
0.000000
4.274000
0.000000
0.000000
0.000000
0.000000
0.476000
13.167000
1.660000
2.019000
3.367000
0.000000
2.363000
8.192000
0.000000
7.169000
7.973000
0.000000
5.866000
0.000000
1.694000
6.679000
1.550000
0.710000
10.292000
2.053000
0.450000
0.689000
0.000000
7.773000
2.591000
0.385000
0.915000
9.688000
2.483000
7.580000
1.437000
4.974000
5.905000
3.318000
7.281000
8.296000
10.281000
0.324000
4.159000
0.000000
0.000000
0.000000
2.764000
2.607000
1.010000
7.475000
0.000000
3.491000
4.613000
11.439000
14.083000
15.091000
0.000000
13.182000
0.019000
10.360000
6.890000
5.640000
2.760000
4.911000
1.501000
4.190000
14.799000
0.923000
2.490000
4.620000
9.066000
3.920000
6.264000
3.628000
4.344000
10.863000
1.058000
16.334000
0.000000
2.137000
1.312000
11.409000
11.300000
3.173000
1.372000
0.000000
2.925000
0.000000
1.360000
0.000000
0.000000
0.000000
3.382000
7.175000
1.673000
4.194000
3.279000
0.000000
4.724000
5.514000
0.000000
0.000000
8.015000
13.024000
2.310000
1.672000
11.274000
13.748000
5.244000
14.973000
10.187000
4.995000
9.628000
1.120000
12.100000
0.462000
7.798000
2.343000
5.912000
7.802000
0.000000
1.369000
0.000000
7.877000
1.284000
6.920000
3.193000
0.000000
3.597000
13.435000
12.412000
7.038000
3.248000
4.079000
7.799000
6.237000
0.000000
3.483000
0.979000
2.386000
10.373000
0.000000
8.491000
7.723000
0.000000
1.497000
14.034000
1.285000
6.407000
0.000000
2.193000
7.735000
0.000000
10.909000
3.873000
15.219000
9.721000
14.427000
14.111000
6.311000
3.347000
0.589000
4.219000
11.508000
4.871000
3.449000
9.269000
9.386000
8.530000
0.943000
0.000000
12.338000
14.161000
2.591000
10.966000
8.684000
1.225000
0.927000
3.669000
6.196000
14.104000
6.151000
3.661000
9.215000
13.037000
10.117000
11.056000
0.000000
0.629000
7.103000
9.130000
4.097000
7.936000
16.183000
3.904000
9.412000
10.060000
10.212000
5.381000
10.094000
4.049000
6.039000
0.000000
11.093000
8.562000
1.335000
9.871000
13.536000
5.418000
8.659000
9.797000
9.729000
8.671000
12.950000
9.056000
7.721000
8.367000
11.241000
11.005000
11.109000
12.157000
9.329000
8.159000
0.000000
11.488000
5.431000
5.774000
5.799000
9.414000
11.691000
2.000000
14.231000
12.923000
1.516000
10.723000
11.576000
2.908000
0.000000
14.237000
0.000000
9.851000
11.533000
10.743000
5.757000
11.292000
14.579000
3.712000
2.580000
7.427000
10.995000
11.559000
10.745000
9.501000
0.000000
5.831000
6.585000
0.729000
6.784000
0.000000
9.223000
13.300000
7.216000
5.333000
9.272000
11.520000
11.868000
13.640000
11.677000
15.884000
0.000000
4.317000
4.942000
12.158000
5.821000
3.248000
10.334000
11.993000
7.791000
13.574000
11.967000
12.259000
4.769000
10.924000
0.179000
3.998000
9.257000
1.152000
7.920000
2.206000
17.594000
5.289000
4.916000
9.583000
8.513000
4.479000
6.548000
8.897000
13.125000
7.960000
7.757000
10.562000
16.034000
5.949000
4.346000
0.000000
1.636000
10.922000
1.226000
10.706000
4.558000
0.000000
3.145000
1.787000
3.246000
6.682000
9.278000
10.106000
9.292000
4.603000
10.298000
9.596000
12.332000
8.499000
4.403000
14.314000
2.686000
0.000000
0.000000
12.026000
7.638000
8.483000
7.956000
1.426000
17.169000
3.268000
4.534000
5.503000
8.202000
5.231000
9.419000
3.258000
12.358000
6.845000
0.000000
6.464000
7.340000
0.000000
9.165000
0.000000
0.000000
9.386000
0.000000
5.707000
6.957000
0.000000
0.659000
0.000000
3.822000
0.000000
11.401000
2.875000
6.754000
0.000000
5.661000
0.313000
5.612000
0.000000
0.211000
0.963000
0.000000
5.989000
2.356000
10.477000
4.793000
6.593000
3.045000
7.429000
0.000000
10.028000
0.000000
26.242000
1.228000
13.014000
1.951000
0.000000
10.685000
4.129000
6.333000
0.000000
1.125000
0.055000
0.000000
0.135000
4.744000
0.071000
4.749000
0.000000
3.162000
0.000000
0.459000
14.057000
4.795000
5.823000
4.483000
7.791000
3.035000
8.736000
0.970000
0.000000
4.499000
0.000000
4.002000
0.000000
0.000000
0.000000
14.965000
9.469000
3.768000
0.000000
8.728000
1.403000
12.847000
2.582000
9.239000
8.508000
0.000000
11.227000
9.983000
7.863000
10.412000
8.415000
10.876000
2.475000
2.237000
10.970000
2.660000
12.022000
9.192000
5.964000
0.000000
0.000000
9.150000
4.082000
17.925000
5.997000
0.000000
3.929000
0.000000
9.046000
13.313000
7.188000
11.820000
11.591000
6.777000
8.880000
7.930000
7.910000
8.167000
8.725000
1.483000
9.538000
9.451000
5.844000
8.381000
2.181000
7.840000
0.403000
10.538000
7.145000
7.616000
11.190000
4.139000
5.190000
14.527000
17.440000
0.589000
5.565000
16.383000
5.913000
9.761000
0.984000
1.755000
0.000000
0.000000
2.669000
3.638000
1.158000
11.481000
12.669000
14.765000
6.780000
9.789000
2.676000
10.826000
5.228000
11.348000
0.000000
8.644000
0.000000
10.701000
4.081000
7.074000
13.809000
10.534000
3.623000
1.722000
3.239000
6.803000
0.331000
7.098000
10.388000
6.055000
4.921000
5.366000
12.376000
5.253000
7.999000
13.050000
7.617000
6.499000
1.335000
6.110000
10.073000
3.521000
5.214000
8.416000
14.246000
18.496000
5.306000
18.077000
4.463000
8.863000
12.404000
7.255000
2.308000
10.895000
0.405000
5.916000
13.365000
5.218000
13.958000
8.425000
11.271000
14.880000
17.660000
11.239000
6.408000
0.933000
11.671000
5.498000
11.725000
12.723000
5.685000
13.286000
8.885000
8.970000
12.278000
8.814000
12.898000
7.478000
12.425000
6.975000
11.467000
7.664000
9.432000
9.808000
0.000000
5.877000
0.000000
8.211000
8.634000
0.000000
8.651000
11.058000
10.622000
5.227000
3.359000
13.384000
5.074000
5.484000
8.561000
8.347000
13.018000
0.878000
8.998000
5.367000
11.957000
8.085000
4.508000
9.632000
5.744000
10.483000
2.985000
11.313000
10.090000
13.934000
14.651000
11.838000
7.880000
0.151000
9.517000
9.290000
12.289000
11.709000
2.091000
11.931000
7.591000
5.081000
13.973000
9.320000
7.429000
9.779000
7.966000
9.753000
6.858000
11.404000
9.403000
16.620000
14.441000
6.889000
9.856000
6.778000
5.565000
12.608000
3.857000
2.965000
10.734000
10.134000
11.653000
13.003000
9.216000
10.210000
9.798000
0.000000
3.256000
6.868000
3.583000
7.981000
6.274000
3.208000
5.813000
13.643000
8.112000
11.486000
9.286000
6.845000
6.985000
14.294000
8.546000
12.640000
7.333000
1.167000
7.472000
14.511000
5.761000
9.793000
6.254000
6.775000
11.208000
5.530000
10.444000
14.513000
17.138000
10.714000
13.545000
14.600000
7.815000
14.250000
6.995000
9.928000
16.643000
7.819000
12.773000
6.451000
7.236000
11.481000
7.261000
12.492000
1.443000
14.691000
7.509000
16.108000
6.605000
4.269000
4.831000
9.956000
6.508000
9.010000
4.403000
5.958000
6.730000
3.803000
17.995000
7.852000
13.539000
5.201000
18.143000
6.495000
7.065000
10.874000
10.383000
5.573000
13.968000
3.945000
7.313000
8.615000
16.261000
6.126000
10.203000
10.542000
4.333000
12.795000
8.910000
8.839000
12.860000
14.632000
6.011000
16.046000
10.965000
8.505000
8.798000
0.291000
7.316000
5.960000
11.670000
7.295000
4.134000
3.319000
8.859000
13.340000
11.197000
14.507000
5.216000
1.605000
4.714000
23.175000
2.810000
11.661000
13.452000
6.755000
8.781000
4.250000
5.837000
12.127000
5.175000
7.508000
5.493000
12.877000
10.769000
5.697000
2.707000
11.253000
15.848000
11.656000
9.574000
13.945000
4.273000
6.294000
8.703000
11.879000
9.493000
5.439000
0.803000
3.850000
10.267000
9.667000
17.332000
9.471000
10.287000
5.808000
7.097000
11.017000
8.907000
11.194000
9.856000
5.884000
5.303000
15.437000
5.809000
6.598000
5.363000
4.813000
12.259000
4.279000
5.335000
2.264000
3.069000
4.736000
15.065000
10.541000
6.601000
10.799000
15.296000
5.851000
10.076000
8.275000
13.133000
9.213000
10.754000
8.178000
10.745000
5.290000
4.812000
9.080000
0.406000
2.352000
6.112000
7.635000
6.659000
5.245000
6.789000
12.480000
10.801000
3.954000
3.665000
7.695000
5.854000
13.477000
3.575000
11.295000
4.879000
6.197000
9.280000
5.922000
8.107000
8.379000
6.959000
7.506000
5.365000
4.171000
9.452000
10.294000
7.844000
8.245000
6.431000
8.411000
2.290000
5.235000
2.423000
12.847000
4.825000
10.147000
9.845000
2.787000
10.616000
4.723000
3.342000
11.490000
10.057000
14.912000
8.174000
6.679000
1.331000
4.681000
12.408000
13.885000
5.683000
3.421000
2.405000
6.287000
4.567000
4.141000
1.963000
9.023000
2.510000
6.264000
2.116000
14.978000
6.038000
10.729000
5.128000
12.095000
5.644000
8.014000
6.543000
5.706000
7.099000
5.809000
5.553000
6.954000
10.539000
7.947000
2.580000
5.083000
8.227000
2.739000
6.850000
6.918000
3.080000
4.442000
9.864000
7.373000
5.300000
7.264000
4.344000
3.019000
5.141000
14.237000
7.754000
1.734000
4.814000
9.122000
8.158000
3.592000
3.434000
12.061000
6.469000
11.978000
5.596000
4.047000
4.433000
5.351000
12.209000
6.946000
7.559000
6.090000
6.787000
7.960000
6.851000
1.912000
8.561000
6.498000
7.544000
3.352000
2.674000
4.976000
15.899000
0.467000
7.570000
2.627000
3.606000
2.972000
8.207000
6.531000
2.132000
4.422000
10.638000
7.328000
6.882000
1.951000
4.544000
10.983000
9.034000
5.625000
6.663000
7.183000
7.937000
8.075000
1.865000
4.954000
15.004000
7.237000
15.076000
5.400000
11.603000
8.654000
0.000000
9.061000
13.896000
12.048000
2.065000
12.745000
11.923000
7.666000
2.846000
13.669000
9.458000
9.980000
16.588000
2.425000
9.471000
2.306000
4.996000
9.983000
7.850000
8.914000
3.101000
1.380000
5.731000
8.242000
8.932000
8.847000
3.995000
4.585000
8.102000
7.625000
10.344000
13.125000
10.738000
12.262000
8.810000
4.738000
8.747000
7.669000
17.968000
19.631000
3.433000
15.553000
10.696000
5.122000
7.178000
4.597000
6.586000
5.487000
3.966000
6.801000
2.902000
4.152000
4.625000
3.182000
12.152000
7.068000
5.008000
5.630000
6.670000
6.408000
5.443000
14.730000
7.669000
7.723000
9.431000
7.546000
4.841000
4.595000
4.897000
7.551000
6.277000
4.955000
5.775000
11.996000
0.153000
5.156000
9.243000
2.050000
9.931000
11.621000
15.183000
3.321000
6.730000
18.312000
8.033000
9.881000
9.335000
2.834000
11.492000
14.059000
6.292000
10.141000
8.146000
10.880000
3.458000
4.984000
6.218000
7.122000
9.971000
13.457000
13.949000
4.060000
12.194000
11.056000
6.567000
18.635000
6.670000
3.881000
7.201000
6.090000
2.952000
5.837000
3.904000
5.797000
9.004000
5.834000
1.229000
15.667000
10.449000
5.430000
7.268000
8.739000
7.457000
9.960000
7.179000
2.419000
2.480000
8.719000
6.147000
7.224000
8.531000
7.696000
7.616000
1.235000
4.657000
0.523000
11.743000
9.637000
4.210000
10.505000
7.206000
8.227000
3.313000
7.996000
10.971000
8.633000
13.833000
6.421000
5.131000
4.658000
5.369000
6.680000
3.287000
7.093000
6.377000
17.577000
4.065000
5.874000
4.741000
6.268000
11.101000
8.016000
14.183000
15.124000
9.117000
10.134000
5.286000
0.621000
0.000000
6.969000
9.917000
11.334000
9.818000
8.834000
6.121000
7.468000
5.358000
5.307000
3.223000
10.992000
8.973000
13.111000
4.554000
5.035000
12.178000
11.482000
11.044000
9.125000
7.678000
4.872000
6.607000
10.016000
6.628000
6.689000
7.900000
8.333000
8.840000
11.906000
5.132000
12.576000
5.996000
12.604000
11.115000
6.656000
14.540000
10.291000
8.235000
4.234000
12.097000
8.051000
7.795000
12.348000
10.962000
10.827000
10.163000
13.416000
11.170000
15.446000
13.696000
9.189000
7.268000
9.513000
6.384000
7.177000
10.560000
3.344000
7.558000
6.232000
15.415000
6.643000
7.632000
12.120000
2.484000
8.101000
7.445000
6.406000
11.363000
6.237000
6.151000
3.933000
11.762000
10.668000
7.840000
9.956000
8.802000
6.388000
6.348000
4.812000
1.267000
11.727000
9.169000
10.245000
7.979000
14.850000
10.534000
6.181000
9.736000
7.334000
8.531000
3.632000
5.684000
15.022000
8.788000
11.056000
4.715000
6.509000
7.483000
11.106000
12.657000
11.520000
3.454000
9.316000
4.823000
12.686000
11.602000
4.926000
7.926000
7.981000
11.333000
4.170000
8.182000
10.303000
13.224000
10.801000
8.027000
7.819000
2.535000
4.652000
3.233000
13.330000
4.518000
0.685000
4.842000
10.594000
2.780000
2.763000
8.388000
4.545000
8.683000
3.318000
12.454000
9.561000
12.440000
8.036000
0.301000
4.979000
7.019000
3.302000
4.443000
6.599000
8.858000
2.417000
5.547000
6.104000
14.130000
11.618000
9.297000
10.704000
5.563000
4.889000
7.339000
7.178000
12.152000
6.029000
7.889000
1.714000
8.406000
8.539000
16.775000
7.367000
0.558000
8.419000
14.179000
4.331000
4.269000
0.728000
6.469000
4.075000
16.912000
4.737000
0.368000
2.043000
2.910000
8.912000
7.531000
11.769000
5.198000
7.216000
3.959000
11.130000
5.114000
13.540000
13.735000
7.233000
9.174000
4.952000
12.163000
1.777000
7.764000
5.917000
1.105000
3.261000
15.198000
6.458000
8.712000
4.427000
4.031000
15.477000
10.165000
15.112000
10.991000
2.612000
2.864000
7.147000
15.260000
4.358000
9.217000
6.806000
7.388000
5.462000
12.184000
4.431000
5.166000
4.775000
4.355000
0.000000
9.173000
9.827000
8.178000
9.095000
0.000000
8.051000
9.872000
4.832000
8.990000
11.178000
5.204000
6.168000
5.740000
7.764000
4.588000
9.513000
9.401000
10.506000
5.911000
0.000000
7.533000
7.447000
10.619000
9.083000
9.029000
2.133000
5.267000
0.732000
6.571000
2.816000
3.215000
3.478000
1.625000
8.366000
4.140000
10.230000
7.087000
7.643000
1.400000
3.668000
0.303000
3.806000
13.312000
8.207000
4.854000
5.812000
6.887000
7.224000
4.405000
5.415000
10.742000
5.264000
1.651000
9.482000
4.841000
10.171000
5.365000
5.511000
6.055000
7.331000
5.261000
6.153000
0.009000
14.814000
4.848000
8.028000
2.355000
3.229000
10.871000
2.480000
4.806000
4.407000
1.443000
8.824000
7.476000
12.164000
1.696000
9.899000
2.824000
18.705000
6.265000
14.313000
0.000000
19.358000
4.353000
5.112000
4.062000
4.658000
3.758000
8.929000
6.523000
9.907000
7.077000
2.249000
4.949000
4.665000
15.251000
15.194000
7.286000
0.000000
2.385000
0.601000
3.473000
13.336000
3.462000
9.963000
2.012000
12.132000
2.823000
9.960000
1.764000
10.537000
12.920000
6.303000
3.466000
8.327000
5.471000
6.367000
15.200000
7.419000
8.961000
3.876000
5.358000
0.188000
0.730000
1.193000
8.392000
5.477000
8.368000
14.363000
7.845000
2.144000
8.670000
9.889000
0.000000
8.685000
1.707000
9.373000
6.831000
0.800000
4.583000
2.528000
0.000000
1.980000
5.144000
8.911000
3.811000
13.765000
7.778000
0.000000
2.570000
9.065000
15.460000
11.109000
8.381000
3.191000
4.764000
3.825000
4.506000
4.212000
2.267000
0.000000
5.371000
5.898000
6.355000
9.097000
13.477000
13.588000
3.439000
6.013000
15.014000
4.955000
8.753000
4.481000
6.812000
8.992000
7.978000
7.044000
6.025000
6.612000
0.000000
6.308000
1.551000
3.765000
5.435000
8.255000
8.701000
8.848000
14.622000
3.263000
3.877000
14.405000
6.761000
5.222000
3.211000
20.637000
6.950000
3.193000
8.140000
10.587000
11.980000
8.835000
7.008000
10.740000
3.883000
2.225000
11.533000
8.175000
0.838000
3.807000
5.823000
4.219000
10.942000
12.531000
0.000000
6.547000
7.460000
15.090000
6.475000
4.480000
3.835000
2.620000
12.585000
7.833000
6.736000
5.583000
7.374000
3.583000
0.997000
8.471000
7.289000
8.417000
9.393000
5.786000
6.099000
9.082000
11.892000
4.540000
7.685000
12.580000
5.646000
13.299000
9.444000
8.220000
12.189000
8.593000
6.004000
11.136000
11.023000
12.179000
14.494000
3.731000
8.506000
6.120000
8.344000
11.920000
13.250000
2.169000
8.571000
4.929000
7.117000
7.260000
11.120000
14.007000
4.326000
8.315000
3.473000
12.291000
9.482000
11.192000
10.541000
21.334000
12.922000
13.163000
4.669000
13.679000
10.574000
9.565000
12.736000
5.811000
3.965000
9.346000
9.977000
2.461000
5.490000
8.240000
6.015000
6.724000
7.152000
4.971000
12.706000
11.981000
15.249000
8.877000
5.833000
7.778000
11.753000
7.676000
5.817000
14.169000
13.992000
10.179000
9.960000
7.829000
15.550000
0.000000
4.129000
10.073000
9.991000
5.220000
6.484000
4.615000
10.546000
6.066000
8.992000
4.163000
2.927000
5.469000
3.603000
7.332000
5.686000
6.355000
8.468000
6.235000
3.735000
8.761000
4.962000
11.590000
5.615000
8.241000
4.012000
0.000000
6.540000
7.730000
8.178000
6.304000
6.659000
9.782000
2.792000
5.817000
8.567000
16.463000
12.593000
6.680000
3.856000
14.325000
7.000000
6.335000
6.034000
7.269000
0.790000
11.947000
4.884000
3.512000
13.243000
13.156000
20.204000
6.021000
5.553000
6.244000
12.393000
14.094000
10.078000
12.462000
2.373000
8.012000
18.266000
7.776000
16.067000
17.532000
7.821000
6.416000
6.755000
13.130000
4.572000
1.873000
14.888000
9.355000
6.699000
8.273000
1.283000
5.985000
8.496000
8.178000
12.426000
1.193000
7.187000
8.375000
12.439000
13.123000
7.911000
8.995000
4.504000
18.958000
9.344000
2.563000
9.366000
7.910000
7.815000
3.704000
8.668000
2.051000
8.484000
12.404000
3.204000
7.312000
3.014000
5.778000
5.174000
2.486000
9.671000
4.516000
9.420000
5.482000
6.076000
7.600000
8.251000
4.916000
14.465000
11.897000
1.670000
2.631000
10.684000
6.065000
2.394000
17.472000
2.574000
13.004000
3.191000
6.046000
5.154000
4.953000
1.793000
6.513000
2.265000
0.000000
6.121000
0.000000
12.028000
7.293000
8.081000
14.319000
3.537000
8.177000
9.477000
17.148000
14.795000
9.015000
5.287000
8.715000
10.772000
2.696000
3.183000
7.170000
7.840000
14.423000
3.331000
13.157000
11.908000
10.675000
11.016000
2.835000
10.794000
0.000000
16.138000
4.252000
0.980000
1.902000
4.793000
6.897000
13.406000
10.764000
4.494000
14.152000
8.990000
1.061000
11.499000
12.162000
3.382000
13.908000
9.732000
12.740000
6.683000
6.566000
3.180000
3.798000
5.658000
2.270000
5.443000
0.000000
0.346000
12.127000
3.303000
13.250000
12.686000
6.495000
11.320000
8.152000
11.563000
9.211000
1.040000
15.493000
8.437000
8.166000
13.580000
2.780000
9.948000
5.134000
8.115000
1.836000
1.906000
7.847000
4.702000
1.732000
1.797000
13.540000
10.275000
8.998000
12.226000
14.191000
0.000000
8.221000
2.554000
5.902000
4.859000
4.524000
7.404000
6.915000
8.853000
6.431000
8.038000
11.725000
12.015000
0.000000
4.656000
8.308000
5.863000
4.658000
8.583000
13.567000
18.689000
7.388000
0.295000
4.181000
13.340000
8.516000
5.547000
13.173000
16.118000
9.458000
4.515000
1.465000
6.330000
10.176000
3.667000
2.956000
4.860000
0.842000
2.215000
5.765000
4.779000
6.193000
1.812000
9.559000
3.793000
7.947000
6.199000
11.412000
11.399000
11.508000
9.348000
9.236000
13.813000
6.461000
9.852000
7.204000
4.863000
8.062000
7.493000
8.804000
8.807000
6.978000
6.008000
2.718000
3.923000
10.165000
7.678000
6.920000
0.749000
11.793000
3.624000
4.104000
10.015000
6.047000
4.722000
8.705000
10.841000
3.097000
6.338000
5.923000
9.762000
12.450000
0.000000
11.567000
6.669000
10.569000
6.112000
10.636000
6.238000
14.185000
4.030000
8.840000
6.942000
7.798000
3.424000
3.956000
9.177000
6.223000
8.043000
5.075000
1.224000
9.061000
10.869000
0.000000
14.585000
0.000000
5.141000
8.738000
10.082000
2.349000
2.645000
11.761000
6.141000
3.849000
14.038000
7.053000
7.077000
7.922000
13.882000
12.343000
12.867000
15.804000
8.303000
4.531000
2.887000
6.550000
5.382000
6.833000
9.640000
3.791000
4.395000
11.014000
5.669000
5.303000
5.530000
2.626000
5.242000
4.158000
9.372000
7.732000
11.934000
8.029000
4.290000
2.987000
2.207000
7.445000
1.542000
2.472000
1.503000
0.000000
1.848000
7.285000
2.145000
10.627000
5.512000
3.415000
4.443000
3.198000
3.840000
6.187000
1.334000
2.887000
6.389000
9.522000
9.037000
9.151000
3.043000
5.042000
2.490000
0.000000
1.765000
5.344000
4.960000
7.882000
5.031000
13.125000
4.951000
15.368000
11.832000
7.018000
3.920000
7.723000
5.638000
7.788000
8.310000
2.191000
6.984000
7.869000
6.570000
10.035000
4.856000
5.894000
0.315000
3.738000
6.279000
3.574000
2.338000
0.000000
8.550000
6.381000
3.843000
4.467000
0.000000
1.065000
6.280000
7.319000
3.538000
12.967000
4.353000
9.076000
10.123000
6.314000
5.781000
6.187000
4.910000
0.327000
6.349000
3.503000
9.103000
2.350000
2.399000
11.163000
10.955000
0.000000
12.179000
2.746000
4.232000
1.786000
0.883000
7.888000
0.000000
3.785000
4.978000
2.092000
4.976000
4.176000
7.318000
8.298000
5.338000
0.000000
16.905000
4.431000
6.208000
7.990000
0.000000
0.000000
4.722000
8.934000
11.003000
7.163000
13.511000
8.142000
2.049000
1.377000
5.885000
2.812000
4.700000
3.879000
1.774000
6.563000
5.141000
1.016000
10.385000
5.666000
5.618000
3.019000
11.234000
7.338000
7.902000
6.314000
8.924000
4.633000
4.282000
3.509000
5.478000
3.791000
2.923000
1.893000
3.980000
0.539000
7.829000
8.089000
1.006000
7.586000
1.493000
6.262000
1.198000
9.898000
0.000000
2.505000
2.358000
2.860000
2.996000
15.382000
2.195000
9.178000
5.654000
3.156000
4.629000
1.250000
2.787000
4.960000
8.449000
6.801000
0.907000
3.500000
4.775000
2.862000
3.622000
5.448000
2.822000
8.141000
7.151000
2.715000
3.737000
2.051000
6.302000
10.286000
12.117000
5.002000
6.930000
4.131000
3.071000
0.000000
5.776000
9.840000
12.472000
5.610000
2.679000
12.040000
15.298000
0.000000
0.000000
5.873000
12.385000
0.645000
9.405000
5.522000
2.831000
4.139000
11.281000
11.156000
0.544000
5.469000
3.820000
0.314000
13.883000
0.000000
7.516000
0.000000
0.943000
3.642000
7.802000
7.298000
3.959000
2.215000
5.044000
0.000000
3.092000
1.835000
0.000000
5.498000
0.000000
1.355000
5.970000
9.744000
2.801000
0.000000
3.607000
1.261000
4.711000
10.042000
6.152000
4.755000
1.215000
8.530000
0.000000
6.242000
2.480000
1.472000
13.063000
10.325000
5.299000
11.237000
5.392000
2.719000
2.604000
3.219000
7.656000
12.171000
4.996000
4.465000
1.870000
7.704000
0.000000
6.300000
2.198000
0.000000
5.322000
4.006000
0.214000
5.229000
2.657000
10.181000
0.000000
1.219000
12.889000
0.004000
0.000000
7.431000
0.000000
0.000000
0.000000
1.120000
12.059000
4.118000
0.000000
0.000000
0.521000
0.000000
2.574000
8.496000
5.340000
0.000000
4.898000
8.738000
9.838000
9.866000
0.000000
4.415000
0.000000
13.361000
0.000000
0.000000
1.431000
0.000000
0.000000
3.674000
9.022000
11.819000
17.204000
0.631000
6.946000
0.000000
11.042000
5.517000
12.967000
10.270000
6.679000
11.579000
3.549000
6.164000
0.494000
1.023000
0.099000
12.409000
9.717000
18.680000
4.119000
0.209000
12.743000
5.147000
3.457000
4.377000
8.010000
0.000000
13.617000
6.693000
3.488000
3.329000
10.886000
0.070000
8.062000
9.328000
1.377000
6.777000
0.000000
7.955000
8.384000
0.223000
2.348000
13.428000
11.014000
7.462000
9.569000
0.362000
9.133000
7.133000
6.968000
8.843000
5.405000
5.530000
5.206000
8.640000
0.000000
14.884000
0.000000
1.828000
13.349000
2.371000
11.225000
3.365000
7.129000
11.300000
13.563000
13.514000
3.604000
0.000000
10.740000
5.914000
4.060000
1.366000
14.085000
6.901000
8.852000
0.000000
10.602000
5.706000
5.421000
4.985000
3.278000
0.000000
15.319000
8.588000
3.122000
6.422000
3.621000
7.813000
0.000000
2.109000
3.614000
1.169000
10.368000
10.701000
0.465000
3.578000
1.425000
6.420000
5.042000
24.916000
13.309000
14.910000
0.000000
8.638000
2.223000
6.125000
13.032000
11.428000
1.831000
5.298000
11.880000
8.047000
12.843000
10.590000
4.217000
10.497000
7.410000
9.893000
4.354000
10.364000
6.279000
10.904000
7.575000
3.640000
13.158000
2.797000
1.427000
5.490000
10.204000
4.390000
8.199000
7.940000
0.000000
11.133000
0.659000
4.814000
5.205000
5.003000
9.712000
18.518000
9.766000
11.587000
3.758000
6.116000
5.244000
3.907000
0.000000
10.514000
0.000000
5.154000
13.736000
10.653000
5.692000
11.910000
0.000000
9.339000
10.023000
10.498000
7.332000
8.549000
4.700000
3.650000
0.945000
10.781000
9.803000
9.832000
12.277000
10.153000
10.916000
6.380000
4.909000
0.000000
8.055000
7.719000
0.000000
7.124000
5.377000
4.174000
4.363000
9.505000
6.518000
7.935000
0.000000
11.151000
6.157000
5.251000
0.000000
5.460000
8.285000
5.680000
9.592000
12.000000
3.912000
0.438000
4.573000
2.813000
2.946000
2.361000
8.756000
7.982000
1.790000
6.514000
3.651000
9.111000
3.483000
1.008000
0.570000
2.246000
2.258000
0.756000
8.530000
3.948000
8.153000
0.000000
0.000000
0.000000
3.529000
5.229000
0.735000
5.243000
6.059000
9.537000
7.603000
2.078000
0.000000
5.656000
8.282000
3.539000
6.290000
0.000000
5.687000
0.000000
5.656000
0.000000
0.000000
11.374000
3.351000
1.905000
0.000000
0.838000
1.015000
0.000000
1.322000
7.528000
0.000000
0.000000
6.388000
10.634000
2.731000
10.228000
12.559000
2.691000
0.000000
0.000000
14.134000
7.855000
3.665000
1.284000
2.833000
0.000000
5.277000
7.425000
0.555000
5.657000
2.696000
10.674000
4.396000
9.978000
0.000000
3.526000
9.072000
7.814000
6.424000
0.484000
0.000000
7.727000
0.000000
10.131000
1.466000
11.390000
2.212000
10.277000
3.128000
0.908000
3.937000
3.448000
10.043000
0.000000
0.000000
2.657000
0.000000
1.454000
6.144000
12.565000
5.385000
0.569000
4.539000
2.337000
1.359000
2.294000
5.270000
0.000000
3.845000
0.129000
0.060000
2.267000
0.181000
4.458000
0.246000
1.002000
6.636000
3.102000
6.532000
0.000000
1.161000
0.000000
5.760000
1.879000
10.198000
9.451000
11.150000
0.000000
4.963000
0.000000
0.648000
2.935000
2.456000
2.705000
2.219000
0.000000
1.074000
4.314000
10.747000
2.411000
2.419000
0.000000
0.000000
11.557000
0.000000
0.000000
11.672000
1.981000
3.626000
1.554000
15.831000
0.000000
1.710000
0.434000
0.000000
3.353000
2.430000
0.640000
4.476000
0.517000
11.160000
5.436000
12.417000
1.198000
1.486000
2.292000
1.631000
6.613000
1.171000
4.187000
7.215000
0.000000
0.594000
9.390000
1.788000
2.984000
12.045000
5.832000
0.267000
7.364000
5.648000
2.119000
6.017000
9.944000
12.888000
3.159000
7.815000
6.425000
8.927000
6.403000
0.257000
0.000000
1.140000
0.213000
1.688000
1.411000
0.999000
2.412000
0.181000
2.140000
0.000000
13.715000
8.203000
0.000000
5.810000
5.730000
9.460000
8.258000
7.656000
3.411000
4.049000
0.000000
0.000000
2.243000
3.105000
2.075000
5.919000
2.344000
0.000000
2.943000
9.877000
5.515000
12.765000
6.270000
8.181000
0.743000
4.835000
0.000000
3.179000
2.147000
2.181000
6.851000
10.680000
6.665000
7.537000
4.176000
7.361000
0.257000
0.000000
1.262000
7.556000
8.748000
5.410000
0.000000
10.800000
6.003000
0.000000
5.530000
4.288000
9.372000
2.195000
1.353000
8.879000
0.000000
7.764000
8.304000
7.486000
1.980000
4.513000
3.800000
0.283000
4.518000
0.000000
10.687000
9.970000
0.000000
6.438000
0.000000
6.588000
0.000000
11.365000
10.272000
3.743000
3.761000
9.193000
18.781000
2.208000
0.000000
1.159000
6.644000
3.674000
4.443000
0.815000
0.816000
7.177000
2.436000
3.481000
2.084000
2.253000
5.609000
0.442000
0.000000
6.973000
6.116000
4.098000
0.000000
4.912000
2.818000
2.943000
4.847000
1.625000
0.000000
0.000000
2.248000
4.690000
0.000000
6.645000
2.157000
0.498000
1.449000
5.937000
0.000000
8.598000
4.739000
5.425000
1.392000
0.840000
0.889000
0.000000
2.174000
1.582000
3.079000
1.475000
6.633000
8.822000
4.495000
4.505000
0.000000
3.227000
12.063000
1.905000
2.327000
11.263000
6.599000
0.000000
12.144000
5.383000
3.600000
5.697000
2.623000
2.581000
7.590000
2.195000
8.146000
4.862000
7.778000
0.000000
3.723000
2.604000
2.626000
3.601000
0.970000
0.000000
2.104000
5.521000
2.741000
1.925000
0.736000
3.010000
0.000000
0.000000
2.360000
6.687000
0.000000
0.000000
9.236000
0.000000
5.912000
7.054000
2.421000
2.103000
0.000000
2.180000
3.114000
8.519000
4.462000
6.103000
0.000000
3.781000
3.181000
0.837000
6.845000
0.490000
4.691000
4.395000
0.789000
0.781000
0.000000
2.087000
1.631000
6.745000
0.000000
3.790000
0.000000
9.491000
3.551000
1.239000
0.398000
4.327000
0.000000
5.541000
0.000000
2.052000
4.808000
1.147000
3.403000
0.000000
5.003000
0.000000
0.000000
0.615000
1.087000
3.820000
8.805000
0.825000
0.000000
0.775000
2.307000
7.070000
0.000000
0.467000
1.081000
0.000000
0.000000
5.523000
2.889000
0.435000
0.000000
2.077000
0.000000
4.939000
8.676000
0.000000
0.000000
0.179000
3.952000
1.102000
0.563000
1.144000
0.000000
5.414000
7.063000
10.706000
3.695000
7.050000
1.272000
6.184000
4.901000
0.000000
8.089000
0.032000
4.758000
0.000000
3.161000
0.000000
14.420000
9.557000
1.105000
9.286000
1.483000
2.149000
4.800000
4.778000
4.396000
0.000000
8.274000
0.837000
8.589000
0.186000
6.253000
3.469000
5.490000
0.000000
0.018000
1.150000
2.475000
0.413000
0.000000
0.000000
2.353000
9.032000
0.000000
2.871000
0.000000
7.666000
0.000000
11.415000
5.756000
0.000000
5.935000
6.519000
3.834000
10.305000
8.869000
0.000000
0.709000
12.511000
0.383000
7.490000
3.560000
0.000000
0.000000
7.194000
0.000000
6.778000
0.000000
0.000000
8.525000
1.646000
0.000000
0.175000
4.086000
0.000000
2.791000
2.151000
4.110000
14.514000
3.542000
2.468000
6.696000
6.119000
10.021000
6.168000
6.627000
7.187000
5.962000
6.131000
0.000000
0.000000
10.278000
2.620000
8.390000
8.331000
0.959000
9.535000
0.755000
3.011000
4.548000
4.014000
4.738000
4.887000
6.114000
0.000000
2.194000
2.028000
6.816000
0.528000
1.057000
8.573000
0.000000
2.433000
4.650000
0.000000
8.578000
7.944000
2.838000
1.725000
1.081000
9.178000
0.214000
6.633000
0.000000
1.812000
0.000000
0.143000
2.333000
7.895000
1.090000
5.521000
0.000000
0.000000
7.678000
3.258000
0.886000
8.323000
3.781000
1.947000
7.630000
2.442000
4.402000
7.259000
2.357000
7.671000
4.184000
5.269000
10.469000
4.356000
6.141000
3.781000
6.199000
5.055000
5.449000
0.000000
8.209000
6.164000
9.133000
11.068000
0.000000
7.211000
3.981000
6.991000
2.160000
3.147000
0.000000
0.829000
7.564000
4.154000
0.000000
2.971000
7.592000
9.561000
4.908000
6.828000
5.188000
2.299000
3.836000
2.973000
6.944000
5.651000
3.517000
1.569000
10.516000
5.706000
4.065000
4.615000
13.197000
0.000000
9.406000
5.371000
1.683000
6.508000
5.136000
3.231000
8.167000
0.502000
2.251000
14.089000
3.452000
7.735000
2.401000
6.918000
6.260000
0.000000
1.678000
5.553000
2.214000
3.473000
0.024000
6.789000
6.954000
0.000000
10.469000
4.965000
1.781000
10.380000
7.627000
5.271000
1.304000
11.126000
6.201000
6.567000
10.113000
7.062000
10.130000
0.000000
6.386000
1.874000
6.263000
8.582000
11.901000
10.488000
7.651000
5.742000
10.204000
10.270000
12.272000
7.160000
0.967000
9.463000
4.234000
5.572000
2.455000
5.910000
8.121000
9.823000
3.512000
2.447000
0.797000
2.238000
5.419000
0.000000
0.000000
1.437000
12.003000
7.084000
5.125000
6.526000
3.948000
12.425000
0.000000
0.886000
2.849000
4.351000
0.000000
5.057000
3.895000
4.028000
4.213000
9.401000
3.252000
1.818000
3.028000
2.437000
0.000000
3.604000
0.176000
10.206000
5.147000
7.083000
0.000000
2.125000
5.283000
3.252000
10.223000
2.999000
1.960000
5.784000
7.020000
4.775000
4.143000
5.138000
5.973000
0.000000
1.007000
0.460000
0.000000
3.453000
5.695000
7.765000
5.881000
5.847000
6.026000
0.000000
4.269000
0.000000
2.268000
6.548000
9.331000
7.354000
6.613000
2.079000
2.747000
9.378000
2.170000
2.113000
1.935000
2.989000
3.536000
6.397000
8.943000
3.036000
3.704000
5.974000
0.000000
7.163000
5.836000
6.398000
2.885000
8.046000
3.658000
2.315000
2.614000
1.447000
8.578000
3.642000
2.218000
5.041000
3.283000
3.636000
4.396000
0.000000
4.706000
7.674000
1.520000
6.506000
0.000000
6.463000
6.650000
8.973000
1.579000
4.451000
4.379000
1.396000
4.490000
5.717000
4.608000
11.049000
5.651000
0.000000
2.344000
0.000000
4.234000
1.333000
4.121000
0.544000
3.674000
5.251000
2.442000
4.844000
1.847000
4.178000
0.000000
11.397000
4.236000
0.428000
0.039000
10.287000
10.419000
7.908000
0.000000
5.865000
10.832000
5.733000
4.606000
7.060000
5.348000
7.441000
12.235000
1.875000
3.994000
2.705000
1.918000
3.362000
4.768000
0.456000
0.000000
5.467000
0.000000
0.000000
3.522000
1.808000
4.637000
4.967000
0.000000
2.339000
1.064000
0.000000
0.000000
6.010000
0.000000
6.019000
5.741000
6.145000
5.685000
5.060000
0.578000
1.780000
3.895000
5.281000
1.227000
3.276000
4.783000
2.327000
3.469000
1.705000
0.569000
4.347000
4.652000
10.997000
1.441000
4.496000
4.936000
0.000000
5.844000
12.795000
6.853000
6.431000
11.086000
0.000000
0.000000
3.839000
4.975000
1.210000
6.604000
3.949000
7.216000
0.574000
3.696000
3.000000
2.354000
8.153000
6.138000
4.591000
4.593000
0.099000
5.430000
4.722000
2.152000
0.000000
0.573000
5.378000
0.000000
0.524000
5.729000
7.159000
0.000000
3.827000
0.000000
3.023000
0.000000
5.294000
4.023000
5.333000
0.150000
0.483000
3.619000
0.150000
0.000000
0.000000
1.925000
2.647000
2.790000
2.332000
0.000000
0.000000
7.473000
5.586000
2.032000
2.467000
3.230000
0.000000
5.328000
2.941000
6.019000
4.319000
7.613000
3.702000
3.910000
0.000000
1.253000
4.961000
0.892000
5.224000
1.451000
0.971000
2.638000
0.000000
0.865000
0.000000
2.103000
0.000000
6.959000
0.000000
9.683000
4.558000
7.353000
5.133000
0.000000
1.980000
0.000000
3.209000
6.882000
2.973000
2.021000
0.000000
0.000000
2.338000
4.642000
3.051000
2.809000
2.351000
2.672000
0.000000
3.507000
7.072000
8.225000
2.458000
0.000000
1.023000
5.437000
1.782000
7.149000
4.578000
6.520000
8.415000
0.096000
3.093000
3.647000
0.931000
10.280000
0.000000
0.339000
0.000000
0.000000
6.087000
0.000000
0.000000
0.000000
1.909000
0.000000
0.000000
1.009000
0.000000
0.000000
1.373000
1.811000
2.128000
0.000000
4.744000
0.000000
1.309000
1.692000
0.000000
1.236000
0.000000
4.228000
1.978000
3.892000
0.000000
4.431000
0.000000
2.361000
4.874000
0.000000
0.000000
0.000000
0.000000
1.315000
2.435000
0.000000
0.000000
0.660000
4.382000
1.338000
2.089000
0.000000
0.000000
0.000000
2.757000
0.000000
0.000000
0.241000
5.173000
3.825000
10.080000
0.000000
6.975000
3.099000
0.000000
8.501000
3.778000
0.512000
1.263000
0.000000
1.357000
0.000000
5.260000
0.182000
0.000000
3.027000
0.000000
1.491000
1.683000
0.472000
6.619000
1.436000
4.321000
2.029000
0.000000
1.161000
3.576000
7.284000
1.097000
1.694000
2.014000
0.000000
0.000000
0.000000
0.000000
0.000000
1.051000
0.000000
0.000000
1.084000
0.000000
0.000000
0.000000
0.000000
2.786000
3.837000
0.000000
2.676000
8.109000
0.000000
2.919000
0.000000
0.000000
0.000000
4.008000
0.000000
0.000000
2.588000
3.887000
3.858000
2.367000
0.000000
2.851000
3.434000
0.499000
0.000000
2.554000
3.598000
0.000000
0.000000
0.727000
4.450000
0.408000
0.000000
1.721000
0.000000
0.405000
0.294000
0.000000
5.393000
0.000000
0.180000
2.605000
0.000000
4.251000
4.827000
1.271000
0.000000
5.992000
0.000000
0.000000
2.166000
1.741000
0.000000
1.030000
0.000000
1.583000
6.540000
2.016000
1.911000
0.093000
0.023000
0.000000
2.322000
0.712000
0.000000
8.268000
0.462000
1.771000
0.000000
0.000000
0.000000
9.422000
3.879000
0.642000
4.382000
0.000000
0.000000
2.443000
0.000000
1.924000
2.842000
5.850000
2.686000
0.000000
4.079000
0.000000
0.099000
0.000000
1.775000
1.462000
1.489000
4.911000
4.481000
1.610000
1.336000
1.530000
5.827000
8.672000
2.582000
0.000000
0.000000
0.809000
3.235000
9.068000
0.000000
4.385000
3.342000
1.617000
5.974000
0.000000
0.138000
6.100000
6.245000
8.861000
1.738000
0.417000
2.793000
3.742000
4.598000
0.000000
0.000000
0.000000
0.000000
1.274000
3.538000
4.028000
5.484000
5.489000
0.000000
0.420000
0.000000
0.000000
7.203000
4.711000
0.160000
3.107000
3.149000
9.374000
10.333000
0.000000
0.000000
0.000000
2.742000
0.521000
3.263000
1.405000
3.588000
0.571000
5.285000
6.630000
3.327000
2.661000
2.411000
5.599000
5.054000
0.000000
0.000000
1.198000
3.711000
5.593000
2.791000
2.855000
5.453000
0.000000
5.697000
4.276000
0.000000
0.265000
5.211000
3.568000
0.000000
2.686000
2.936000
4.912000
2.830000
0.000000
2.060000
0.574000
5.699000
9.127000
0.000000
2.060000
0.000000
4.969000
1.178000
1.313000
4.300000
4.646000
1.280000
3.568000
1.174000
7.432000
0.000000
2.899000
0.830000
0.319000
3.622000
2.683000
5.281000
0.000000
5.969000
7.080000
6.681000
5.519000
4.270000
0.000000
5.458000
0.000000
3.139000
0.237000
4.789000
0.000000
1.394000
4.254000
0.000000
0.000000
3.287000
0.945000
0.000000
9.291000
9.603000
2.161000
2.314000
0.655000
2.162000
5.685000
8.191000
2.677000
2.444000
1.260000
1.521000
0.000000
10.847000
0.000000
2.339000
6.167000
1.712000
1.875000
2.416000
8.031000
2.947000
6.516000
0.000000
8.700000
1.228000
3.998000
0.000000
6.362000
3.169000
2.195000
3.527000
0.000000
0.661000
0.807000
0.000000
0.000000
4.239000
5.745000
0.000000
0.000000
0.000000
5.851000
6.761000
0.000000
0.000000
0.000000
3.255000
5.091000
0.000000
0.000000
0.000000
2.761000
1.151000
6.570000
4.320000
0.969000
4.498000
9.040000
11.359000
0.000000
6.685000
0.000000
3.508000
5.963000
0.000000
0.312000
4.658000
4.957000
3.551000
4.286000
11.792000
9.384000
3.177000
2.376000
2.669000
10.524000
0.841000
0.000000
8.048000
7.052000
0.000000
2.001000
3.554000
0.967000
0.939000
4.160000
6.918000
2.815000
0.000000
3.514000
8.022000
0.000000
0.000000
2.982000
8.060000
1.703000
2.473000
8.200000
3.981000
3.023000
1.679000
1.446000
6.130000
2.606000
8.365000
0.000000
11.605000
1.425000
8.213000
1.440000
4.566000
6.242000
5.234000
0.000000
1.960000
0.000000
8.763000
0.586000
1.249000
9.180000
5.700000
5.857000
2.298000
2.694000
0.000000
5.088000
3.399000
2.110000
8.968000
4.387000
0.000000
0.261000
1.839000
3.193000
7.069000
2.524000
2.141000
7.080000
0.000000
5.626000
8.093000
0.117000
3.809000
5.867000
5.368000
0.000000
0.000000
5.721000
0.608000
4.846000
0.412000
4.348000
1.996000
8.052000
2.165000
8.077000
5.880000
0.000000
5.774000
0.000000
3.450000
0.000000
1.400000
0.000000
10.922000
6.281000
9.249000
2.468000
9.514000
9.973000
0.000000
0.000000
0.126000
0.000000
4.907000
2.160000
0.000000
4.483000
5.773000
6.690000
3.112000
1.653000
6.178000
6.819000
2.214000
3.911000
2.970000
3.597000
4.055000
6.507000
1.034000
2.597000
2.304000
6.348000
5.121000
0.000000
0.000000
9.228000
0.000000
0.000000
2.257000
0.000000
7.184000
3.293000
0.000000
2.911000
2.788000
3.361000
1.041000
6.356000
1.286000
0.000000
10.789000
0.153000
2.879000
8.232000
5.464000
4.174000
0.000000
0.000000
6.971000
4.753000
0.000000
1.220000
4.014000
2.466000
9.081000
4.826000
0.000000
0.000000
5.475000
0.000000
0.189000
5.787000
3.896000
7.606000
4.512000
1.556000
0.000000
4.798000
4.007000
8.230000
4.454000
8.151000
2.327000
0.000000
6.186000
6.084000
2.716000
0.777000
1.567000
5.175000
9.044000
2.715000
2.667000
2.664000
8.235000
2.811000
0.000000
0.460000
1.521000
0.241000
6.543000
5.216000
0.549000
6.531000
3.412000
0.000000
0.000000
0.150000
0.000000
6.169000
0.347000
0.943000
1.183000
0.000000
0.179000
11.865000
5.373000
0.000000
3.576000
2.462000
6.348000
4.885000
1.704000
2.855000
2.636000
0.000000
1.184000
3.123000
1.337000
2.827000
1.731000
8.308000
0.000000
0.000000
2.518000
5.691000
1.960000
1.630000
6.568000
4.636000
2.634000
3.105000
0.000000
1.618000
4.963000
5.351000
2.873000
2.303000
4.910000
0.991000
6.206000
0.000000
0.000000
3.366000
0.000000
2.937000
7.304000
0.151000
1.416000
2.397000
3.645000
8.072000
4.499000
3.077000
0.000000
1.594000
0.000000
2.962000
2.828000
1.450000
0.000000
1.445000
5.096000
0.000000
0.613000
0.000000
3.329000
6.328000
2.593000
0.000000
2.129000
6.938000
1.414000
0.000000
0.000000
0.000000
3.138000
1.392000
5.152000
0.000000
5.608000
1.222000
5.402000
5.727000
0.000000
3.538000
1.879000
2.694000
6.812000
6.196000
0.000000
4.365000
0.000000
6.709000
0.000000
7.403000
0.000000
0.000000
2.673000
4.023000
2.551000
2.644000
0.000000
0.000000
1.137000
5.222000
5.074000
5.485000
2.808000
0.000000
0.000000
0.538000
0.435000
0.000000
2.880000
0.000000
0.797000
4.352000
0.000000
0.000000
0.000000
1.731000
5.388000
0.000000
0.795000
4.805000
0.000000
0.000000
0.057000
0.000000
3.550000
0.632000
1.242000
0.000000
1.915000
0.000000
0.256000
0.177000
1.299000
0.000000
4.027000
0.000000
0.785000
0.184000
0.000000
0.949000
0.000000
4.872000
0.000000
0.362000
0.000000
3.902000
0.000000
0.000000
0.317000
0.000000
1.717000
1.653000
0.000000
1.522000
4.391000
0.852000
8.074000
0.000000
0.000000
0.000000
1.876000
1.929000
0.000000
0.000000
1.315000
2.916000
0.000000
0.000000
0.000000
0.806000
0.256000
0.000000
2.585000
0.000000
0.000000
0.000000
2.979000
2.156000
1.421000
0.144000
0.576000
1.431000
2.254000
0.000000
2.533000
0.000000
0.841000
0.000000
0.000000
0.000000
0.000000
0.000000
0.000000
2.380000
0.000000
0.000000
1.402000
3.016000
3.336000
0.000000
3.410000
1.936000
4.479000
0.000000
0.000000
0.000000
0.018000
1.347000
0.000000
1.960000
0.000000
2.212000
0.000000
2.322000
1.626000
1.925000
0.000000
0.000000
0.000000
0.000000
0.000000
0.000000
0.000000
0.000000
1.762000
0.000000
0.000000
0.000000
2.478000
1.358000
2.203000
0.000000
0.000000
0.000000
0.000000
0.000000
0.000000
1.086000
0.000000
0.813000
1.105000
3.170000
0.000000
5.820000
3.704000
0.964000
0.000000
0.000000
1.878000
0.000000
0.000000
2.360000
2.272000
1.911000
0.946000
0.000000
0.000000
0.000000
0.000000
0.000000
0.000000
2.154000
0.000000
0.505000
0.000000
0.108000
2.545000
0.000000
0.000000
1.838000
0.000000
1.353000
2.111000
3.493000
0.000000
0.000000
0.000000
0.000000
0.000000
1.371000
2.477000
1.296000
8.208000
0.000000
0.000000
1.346000
2.927000
0.000000
0.000000
0.000000
3.589000
0.000000
0.000000
1.165000
3.593000
2.777000
0.000000
4.769000
1.140000
2.874000
0.000000
2.297000
0.000000
3.044000
0.000000
0.000000
3.231000
3.677000
0.000000
0.000000
0.584000
5.411000
0.000000
0.000000
2.207000
0.379000
3.641000
0.000000
1.079000
3.387000
1.073000
2.869000
1.020000
0.000000
1.347000
2.864000
0.000000
1.409000
0.000000
5.199000
3.345000
0.000000
8.781000
0.000000
0.000000
1.479000
0.000000
1.702000
2.912000
0.000000
0.000000
2.455000
0.000000
3.026000
0.000000
1.431000
1.959000
4.199000
0.533000
0.000000
0.000000
0.000000
0.000000
1.335000
0.000000
0.000000
0.000000
0.000000
0.339000
3.313000
1.613000
0.000000
0.476000
1.559000
0.000000
0.000000
0.101000
0.231000
0.000000
0.000000
2.396000
3.512000
0.859000
0.256000
0.000000
2.533000
0.000000
2.173000
0.000000
0.000000
0.000000
0.000000
1.827000
4.417000
0.849000
0.000000
1.940000
0.000000
3.456000
2.891000
1.836000
0.000000
0.000000
0.000000
0.000000
0.000000
0.000000
1.176000
0.296000
2.218000
3.139000
4.160000
3.775000
0.000000
0.000000
3.740000
0.000000
0.000000
1.467000
3.039000
0.000000
0.000000
0.232000
0.042000
0.000000
2.956000
0.000000
0.000000
0.000000
3.116000
2.646000
1.431000
0.941000
0.000000
0.271000
0.000000
0.000000
3.419000
0.000000
0.000000
0.000000
4.865000
0.000000
0.133000
1.643000
0.000000
0.000000
2.961000
0.000000
0.106000
1.519000
0.000000
1.311000
0.000000
2.949000
0.000000
0.041000
2.086000
1.797000
0.000000
0.000000
0.000000
2.940000
0.000000
0.000000
1.503000
0.000000
0.063000
1.353000
0.000000
2.862000
2.073000
0.000000
2.286000
0.320000
1.921000
0.478000
0.650000
0.124000
0.000000
0.000000
0.217000
0.229000
2.731000
2.772000
2.233000
2.411000
0.506000
0.000000
2.765000
0.000000
0.000000
4.968000
2.035000
1.913000
0.000000
0.000000
2.159000
1.968000
0.000000
1.295000
1.823000
0.000000
2.429000
0.000000
4.837000
0.000000
0.000000
0.935000
0.000000
5.620000
0.559000
4.017000
0.000000
1.080000
0.106000
1.159000
1.397000
0.000000
0.038000
0.000000
0.850000
0.997000
0.000000
0.000000
0.227000
1.305000
3.195000
0.000000
4.787000
1.705000
0.000000
2.049000
0.000000
0.000000
0.000000
0.000000
0.000000
3.969000
0.196000
2.217000
0.000000
0.000000
0.000000
0.000000
3.738000
0.000000
0.595000
3.766000
0.607000
0.929000
0.636000
0.000000
2.659000
2.363000
0.000000
0.000000
2.580000
0.000000
0.000000
0.000000
0.000000
0.000000
0.000000
0.000000
3.416000
0.911000
0.000000
4.727000
2.009000
3.502000
0.410000
6.631000
0.045000
1.200000
1.080000
0.000000
0.000000
0.000000
0.000000
0.000000
0.000000
0.000000
2.427000
2.536000
0.000000
0.774000
3.341000
0.979000
0.037000
1.224000
3.838000
0.000000
0.917000
0.000000
0.000000
9.640000
1.310000
0.692000
0.000000
0.000000
1.797000
1.090000
1.039000
0.000000
0.000000
0.000000
0.000000
2.581000
0.399000
2.361000
0.000000
1.374000
0.000000
2.088000
0.000000
0.000000
8.559000
0.000000
0.000000
0.000000
0.000000
0.000000
0.000000
0.000000
0.014000
1.139000
4.368000
4.073000
4.741000
0.689000
0.816000
0.544000
0.000000
2.613000
0.000000
1.432000
2.488000
0.033000
0.000000
0.767000
0.000000
0.000000
0.209000
0.000000
0.000000
0.028000
0.000000
0.000000
1.269000
0.000000
3.369000
0.000000
2.250000
0.000000
0.000000
0.000000
4.416000
7.000000
3.250000
1.378000
0.178000
0.000000
0.602000
3.024000
0.000000
0.638000
0.000000
0.000000
0.000000
0.000000
0.125000
0.895000
0.856000
0.616000
0.000000
0.512000
1.808000
0.468000
1.335000
2.898000
0.000000
0.000000
4.134000
0.000000
1.925000
2.783000
0.000000
0.644000
0.484000
0.000000
1.585000
0.300000
0.628000
0.000000
2.292000
0.000000
0.000000
0.660000
1.103000
3.530000
2.552000
0.456000
0.669000
0.978000
0.000000
1.332000
1.536000
0.000000
0.000000
0.000000
0.000000
0.080000
3.959000
2.299000
4.790000
0.000000
0.709000
2.047000
2.314000
2.268000
0.000000
2.636000
1.641000
0.000000
1.376000
0.902000
1.720000
0.000000
0.000000
0.074000
0.306000
0.131000
2.298000
2.032000
0.000000
0.962000
0.475000
0.819000
0.360000
2.916000
0.000000
2.219000
0.952000
0.241000
0.522000
1.701000
1.326000
1.853000
2.004000
5.989000
0.000000
4.928000
5.273000
0.242000
0.546000
0.376000
0.000000
1.139000
0.000000
3.992000
0.000000
0.000000
0.467000
1.686000
5.847000
0.741000
0.824000
0.000000
0.000000
1.452000
0.000000
0.000000
0.000000
0.000000
0.000000
1.376000
0.000000
0.743000
0.184000
0.000000
0.798000
0.000000
0.887000
0.000000
4.344000
0.322000
2.263000
0.000000
0.142000
2.363000
3.451000
1.158000
0.185000
0.000000
3.823000
0.000000
0.000000
0.000000
1.170000
2.507000
0.000000
0.000000
0.000000
0.781000
0.898000
0.492000
0.000000
0.000000
1.176000
0.263000
0.000000
0.000000
0.959000
0.000000
0.000000
0.000000
0.000000
0.000000
0.000000
0.000000
0.082000
4.435000
0.000000
0.224000
0.000000
0.493000
0.000000
0.000000
0.000000
1.142000
0.510000
3.502000
5.985000
0.000000
1.280000
2.876000
0.549000
1.259000
0.581000
0.000000
0.000000
1.341000
0.000000
0.479000
0.095000
0.000000
0.179000
2.112000
2.944000
0.000000
2.494000
2.019000
1.180000
0.000000
0.660000
0.000000
0.000000
0.000000
0.189000
0.890000
4.350000
1.458000
0.112000
0.087000
0.000000
0.000000
0.034000
0.000000
0.000000
1.432000
0.596000
0.000000
1.065000
0.000000
0.237000
0.491000
0.000000
0.000000
0.000000
0.000000
1.248000
0.000000
4.249000
0.064000
0.882000
2.719000
0.000000
0.000000
2.837000
1.227000
0.000000
0.060000
0.000000
2.620000
0.000000
0.264000
0.144000
0.259000
0.134000
0.618000
0.000000
0.000000
0.000000
0.000000
1.284000
0.000000
0.616000
0.000000
1.221000
0.828000
0.000000
0.000000
0.000000
0.000000
0.000000
0.000000
0.000000
1.553000
0.000000
0.181000
0.000000
0.000000
0.000000
1.150000
0.815000
0.392000
1.226000
2.731000
1.414000
1.733000
0.000000
1.702000
0.000000
0.399000
0.256000
0.168000
0.000000
0.758000
0.000000
2.163000
2.498000
0.715000
0.485000
2.037000
1.985000
0.436000
0.000000
0.364000
0.045000
0.000000
0.000000
2.428000
0.000000
4.836000
0.000000
0.139000
0.000000
0.278000
0.091000
2.715000
0.000000
0.000000
0.365000
1.405000
0.000000
0.000000
0.132000
0.635000
0.000000
0.000000
0.000000
0.401000
0.000000
0.000000
0.000000
0.000000
0.000000
0.000000
0.441000
1.117000
0.637000
0.000000
0.303000
0.000000
1.448000
3.418000
0.613000
0.000000
0.113000
0.217000
0.583000
0.000000
0.000000
0.000000
1.636000
0.000000
0.383000
0.000000
0.659000
0.000000
0.000000
4.559000
2.590000
0.283000
3.524000
0.000000
0.011000
0.000000
0.000000
0.374000
0.295000
0.854000
0.049000
0.000000
2.786000
0.000000
2.014000
0.019000
0.000000
1.727000
0.000000
0.000000
1.002000
0.000000
4.045000
0.824000
0.997000
3.438000
0.231000
0.000000
0.000000
0.000000
2.018000
1.366000
0.142000
0.000000
0.000000
0.000000
0.318000
0.000000
1.195000
1.477000
1.393000
0.000000
0.800000
0.000000
0.000000
0.577000
0.168000
2.137000
0.000000
0.000000
0.000000
1.143000
0.000000
0.000000
0.000000
0.325000
1.139000
2.016000
2.798000
0.147000
0.000000
0.807000
1.281000
1.591000
0.000000
0.000000
1.620000
0.000000
0.571000
0.000000
1.671000
0.000000
0.135000
0.132000
0.720000
0.203000
0.390000
0.967000
0.000000
0.000000
0.000000
0.000000
0.393000
0.000000
0.355000
0.000000
0.051000
0.835000
0.000000
1.278000
0.377000
0.982000
0.051000
1.790000
0.773000
0.253000
0.000000
0.000000
1.850000
0.000000
1.621000
0.000000
0.923000
0.000000
1.357000
0.000000
0.000000
0.008000
0.000000
1.173000
0.000000
0.300000
1.372000
1.058000
0.421000
0.000000
0.356000
0.000000
0.000000
0.517000
1.959000
0.000000
0.000000
0.772000
0.000000
0.000000
0.305000
0.000000
0.000000
1.647000
0.847000
0.000000
0.684000
0.000000
0.000000
0.000000
1.186000
0.000000
0.000000
0.000000
0.000000
1.502000
1.618000
2.103000
0.000000
1.841000
0.000000
0.000000
0.056000
0.495000
0.000000
0.057000
1.397000
3.565000
1.567000
0.000000
1.200000
1.528000
0.000000
1.244000
0.053000
1.994000
0.990000
0.000000
0.000000
0.000000
0.000000
4.113000
0.762000
0.000000
0.178000
0.000000
0.000000
0.000000
0.724000
0.659000
1.313000
0.000000
0.000000
3.787000
0.414000
0.000000
1.648000
0.000000
0.000000
0.000000
0.606000
0.000000
1.754000
0.000000
0.000000
0.000000
0.000000
0.000000
0.000000
0.000000
0.158000
0.000000
0.000000
0.945000
0.000000
2.085000
0.460000
0.505000
0.000000
0.000000
0.000000
0.189000
0.000000
1.275000
0.637000
0.000000
1.259000
0.202000
1.035000
0.000000
0.000000
0.000000
0.000000
0.487000
0.000000
2.093000
1.245000
1.238000
0.000000
3.087000
0.000000
3.421000
0.780000
1.610000
0.275000
0.000000
5.059000
0.000000
0.168000
0.000000
0.000000
0.981000
0.000000
1.580000
0.135000
1.265000
0.000000
0.000000
0.000000
1.259000
0.000000
0.204000
0.000000
0.783000
0.177000
0.043000
0.000000
1.723000
1.221000
0.350000
1.672000
2.848000
0.000000
0.000000
0.000000
0.444000
2.908000
1.026000
0.973000
0.171000
0.000000
1.374000
1.806000
0.348000
0.186000
0.549000
0.000000
0.000000
0.000000
2.004000
0.000000
0.000000
0.331000
1.096000
0.401000
0.830000
0.000000
0.000000
0.012000
2.934000
0.759000
1.606000
0.000000
0.000000
0.000000
0.000000
0.000000
0.000000
1.127000
0.000000
0.471000
0.000000
2.945000
2.530000
1.065000
0.000000
0.628000
0.893000
1.819000
0.624000
1.591000
0.000000
2.698000
0.000000
1.433000
0.293000
1.371000
0.609000
0.000000
0.000000
0.000000
0.000000
0.000000
0.568000
3.065000
1.208000
0.000000
2.015000
0.000000
2.288000
0.000000
0.000000
0.000000
0.261000
0.621000
1.211000
0.000000
0.000000
0.000000
0.580000
0.000000
0.305000
0.881000
0.154000
0.414000
0.135000
0.647000
0.959000
0.220000
0.000000
1.085000
0.471000
0.000000
0.957000
2.393000
0.000000
1.220000
4.170000
0.783000
0.000000
0.000000
0.000000
0.155000
1.632000
0.294000
0.000000
0.000000
0.583000
0.000000
1.099000
0.000000
0.745000
0.000000
0.829000
0.000000
0.000000
2.406000
0.000000
0.000000
0.000000
1.717000
3.000000
0.000000
0.000000
0.000000
0.375000
0.399000
1.037000
0.000000
0.982000
0.181000
1.565000
0.000000
2.838000
0.000000
0.000000
0.162000
0.000000
1.243000
0.000000
0.000000
3.866000
3.172000
0.090000
0.000000
0.000000
0.000000
0.000000
1.019000
3.431000
0.431000
0.000000
1.114000
3.064000
1.280000
2.672000
0.000000
0.000000
0.000000
0.000000
0.680000
1.062000
3.256000
0.138000
0.707000
0.000000
0.000000
0.000000
1.775000
0.286000
0.414000
1.541000
0.067000
0.000000
0.000000
0.363000
0.000000
0.000000
0.000000
1.106000
0.000000
0.466000
0.575000
0.000000
0.000000
1.797000
2.957000
0.000000
0.000000
1.012000
0.000000
0.000000
0.697000
0.000000
0.000000
2.027000
1.638000
0.000000
0.000000
0.000000
0.000000
0.000000
0.000000
0.335000
0.419000
1.518000
0.000000
2.153000
0.295000
0.000000
0.000000
1.072000
0.000000
0.387000
0.538000
0.000000
0.000000
0.552000
0.000000
0.000000
0.265000
0.000000
0.129000
1.541000
0.000000
0.390000
0.000000
0.000000
0.000000
2.134000
0.230000
0.939000
0.000000
2.290000
2.108000
0.000000
0.000000
0.000000
0.000000
0.000000
0.000000
0.000000
0.000000
0.000000
0.000000
0.000000
0.369000
1.598000
0.275000
0.035000
0.000000
0.000000
0.000000
1.051000
0.022000
0.000000
0.000000
0.000000
0.000000
0.000000
0.000000
0.000000
0.000000
0.000000
1.102000
0.000000
0.000000
0.000000
0.704000
0.000000
0.268000
0.824000
0.000000
0.916000
0.000000
0.000000
0.000000
1.178000
0.000000
1.232000
0.000000
0.000000
0.000000
0.000000
1.160000
0.000000
0.973000
0.000000
0.000000
0.000000
0.647000
0.570000
0.218000
0.610000
0.000000
0.369000
0.000000
0.438000
0.097000
0.000000
2.234000
0.000000
2.013000
0.000000
0.000000
0.000000
0.648000
0.129000
1.773000
0.000000
1.797000
0.144000
0.219000
0.000000
0.000000
0.000000
0.000000
0.566000
0.000000
1.647000
3.330000
0.369000
0.000000
1.170000
0.460000
0.510000
1.204000
0.744000
0.475000
1.639000
0.898000
0.000000
0.000000
0.000000
1.854000
0.000000
0.000000
0.000000
2.158000
0.000000
0.000000
0.452000
0.000000
1.939000
0.000000
1.183000
0.000000
0.000000
1.027000
1.396000
0.000000
0.117000
2.626000
0.000000
0.000000
0.000000
0.000000
0.000000
0.000000
0.000000
0.000000
0.000000
2.133000
0.000000
0.000000
0.000000
0.413000
0.000000
2.157000
0.000000
0.000000
0.000000
0.335000
0.567000
0.000000
0.000000
1.906000
2.806000
0.514000
0.000000
0.884000
1.417000
0.156000
0.000000
0.534000
0.000000
0.000000
0.000000
0.740000
2.548000
0.000000
1.184000
0.645000
0.000000
0.000000
0.000000
0.876000
0.000000
0.000000
0.003000
0.000000
1.138000
0.000000
2.521000
0.207000
1.622000
0.569000
0.000000
1.835000
0.000000
0.690000
0.000000
0.000000
1.087000
0.000000
1.919000
0.000000
0.000000
0.000000
0.000000
0.000000
0.143000
0.000000
0.000000
0.000000
0.000000
0.000000
0.000000
0.000000
0.000000
0.000000
3.174000
0.000000
0.000000
0.000000
1.015000
2.665000
0.000000
3.196000
0.000000
0.000000
0.785000
0.000000
0.000000
3.178000
0.000000
0.000000
0.000000
0.000000
0.000000
0.000000
0.000000
0.000000
1.562000
2.209000
0.299000
2.494000
0.414000
0.075000
0.000000
0.000000
0.000000
0.020000
1.697000
0.055000
0.000000
0.000000
0.619000
0.000000
0.241000
0.000000
0.558000
0.000000
0.453000
0.000000
0.256000
0.000000
0.000000
0.252000
0.000000
0.000000
0.000000
1.484000
0.684000
0.000000
0.878000
0.000000
0.000000
0.000000
0.000000
0.000000
0.000000
0.000000
0.764000
0.023000
0.000000
0.770000
1.454000
1.203000
0.217000
1.633000
0.000000
0.512000
1.917000
0.000000
0.190000
0.000000
2.475000
3.058000
0.000000
0.000000
1.035000
2.490000
0.368000
0.926000
0.000000
0.000000
0.000000
0.000000
0.000000
1.208000
0.251000
0.239000
0.357000
2.390000
0.000000
1.584000
1.615000
2.706000
3.028000
0.444000
0.000000
0.234000
0.319000
0.000000
0.000000
0.000000
0.000000
0.000000
1.527000
0.000000
0.000000
1.735000
2.277000
0.000000
0.000000
0.000000
0.000000
0.122000
0.829000
2.286000
1.803000
0.148000
0.000000
1.597000
1.021000
0.433000
0.000000
0.953000
1.822000
2.725000
0.000000
0.000000
2.827000
2.233000
0.000000
0.600000
0.000000
0.000000
0.287000
2.106000
1.829000
0.000000
0.000000
0.000000
0.721000
0.000000
1.349000
0.000000
0.622000
0.250000
0.309000
0.000000
0.174000
0.000000
0.000000
0.000000
0.004000
0.058000
0.000000
0.000000
0.000000
0.000000
0.000000
0.103000
0.000000
0.000000
0.000000
0.000000
0.191000
0.646000
0.073000
0.900000
0.000000
0.000000
0.000000
0.415000
0.000000
0.074000
0.000000
0.502000
0.345000
1.534000
1.313000
0.000000
0.000000
0.040000
0.048000
0.000000
0.580000
0.000000
0.000000
