18.732000
12.034000
16.014000
15.753000
17.122000
17.488000
21.274000
17.577000
16.219000
9.556000
13.065000
23.773000
18.468000
19.689000
17.268000
19.257000
14.494000
12.975000
13.519000
20.773000
24.646000
17.053000
18.030000
18.214000
16.507000
14.615000
17.541000
6.845000
20.082000
15.798000
13.764000
15.042000
22.585000
18.884000
22.155000
21.649000
18.023000
8.733000
16.086000
14.574000
18.991000
20.761000
12.642000
16.790000
13.005000
7.120000
18.975000
14.368000
16.471000
14.191000
12.740000
15.808000
17.338000
16.254000
21.981000
19.798000
14.596000
11.192000
20.136000
14.579000
18.050000
19.496000
15.980000
10.556000
13.475000
17.478000
18.736000
10.867000
13.154000
19.518000
13.876000
16.650000
19.091000
20.817000
16.165000
22.237000
18.843000
16.078000
18.098000
23.394000
11.497000
18.763000
17.945000
22.088000
21.663000
20.326000
14.170000
16.780000
8.496000
15.170000
18.752000
20.757000
4.377000
13.188000
14.356000
16.117000
12.872000
15.985000
18.922000
15.115000
14.023000
20.046000
19.917000
16.148000
12.050000
16.988000
20.693000
13.432000
14.273000
17.262000
18.459000
15.857000
19.652000
17.840000
6.657000
14.112000
11.734000
16.118000
20.061000
19.126000
20.551000
15.670000
17.590000
14.628000
19.919000
17.036000
12.164000
18.180000
21.420000
11.357000
12.875000
13.848000
18.091000
16.606000
17.328000
15.620000
18.868000
14.258000
9.786000
16.586000
19.740000
21.701000
19.971000
16.023000
10.812000
16.623000
13.514000
15.756000
14.654000
16.884000
12.413000
9.483000
12.183000
8.772000
20.327000
14.317000
10.955000
15.778000
13.352000
7.825000
21.629000
15.195000
13.836000
19.956000
6.433000
14.656000
15.743000
9.663000
10.333000
15.826000
11.807000
9.572000
16.736000
14.036000
14.778000
13.001000
11.966000
17.834000
16.014000
14.361000
12.489000
10.678000
15.492000
9.862000
20.136000
9.749000
6.435000
14.757000
17.251000
11.985000
16.562000
16.286000
12.637000
8.068000
13.949000
19.667000
8.485000
5.920000
17.519000
10.252000
13.175000
8.018000
11.643000
12.087000
19.026000
17.501000
17.890000
15.911000
15.492000
11.289000
13.547000
15.078000
13.615000
14.350000
11.463000
18.426000
17.762000
19.118000
11.152000
11.918000
6.577000
17.915000
14.893000
16.934000
9.741000
17.094000
17.811000
17.093000
11.037000
12.330000
14.236000
20.673000
15.076000
12.288000
20.690000
17.119000
18.875000
16.238000
19.795000
13.602000
15.323000
13.545000
8.333000
17.920000
16.879000
5.872000
11.113000
16.030000
16.735000
12.392000
13.017000
10.515000
13.360000
16.831000
17.862000
10.808000
11.398000
0.000000
13.357000
17.511000
15.840000
15.855000
15.636000
6.570000
15.880000
11.991000
13.428000
4.403000
12.728000
7.357000
17.685000
11.731000
15.337000
13.160000
15.914000
13.495000
10.771000
14.736000
12.342000
9.895000
10.811000
17.066000
20.426000
22.490000
8.448000
14.424000
12.631000
11.798000
18.276000
6.332000
16.948000
11.298000
10.809000
15.199000
12.232000
16.515000
14.793000
18.003000
16.746000
9.137000
13.482000
18.595000
17.131000
12.377000
17.610000
8.271000
12.911000
22.300000
5.625000
10.401000
13.574000
12.177000
9.808000
14.135000
16.815000
7.917000
6.531000
18.189000
14.221000
11.034000
11.224000
12.346000
10.616000
12.443000
13.224000
17.482000
15.783000
9.744000
12.485000
12.477000
13.776000
15.289000
12.405000
13.339000
18.257000
10.876000
7.647000
13.917000
9.122000
13.711000
14.904000
13.026000
12.005000
13.149000
7.155000
6.051000
5.621000
13.987000
13.630000
9.208000
10.364000
11.032000
17.165000
8.611000
13.117000
15.508000
4.547000
19.292000
16.083000
16.133000
11.627000
9.419000
12.180000
17.775000
8.930000
13.044000
11.836000
18.806000
6.072000
9.416000
8.554000
20.058000
11.592000
9.212000
15.446000
20.602000
7.568000
13.198000
13.097000
9.015000
8.670000
7.588000
10.594000
14.016000
7.286000
20.124000
9.732000
8.862000
13.412000
10.638000
14.020000
10.968000
10.781000
14.267000
6.640000
8.941000
14.880000
7.078000
17.469000
4.159000
2.447000
7.847000
7.533000
7.519000
0.743000
7.464000
13.079000
14.134000
12.649000
11.295000
4.669000
9.897000
20.635000
12.141000
6.822000
2.627000
12.018000
0.000000
16.270000
10.115000
13.920000
15.417000
9.168000
9.594000
0.622000
13.302000
13.987000
10.701000
11.322000
5.925000
9.164000
13.624000
4.995000
5.145000
12.809000
10.048000
7.478000
9.521000
11.129000
6.017000
7.591000
2.363000
15.218000
4.861000
6.185000
13.469000
16.212000
0.000000
8.313000
6.200000
18.611000
8.828000
0.000000
2.416000
10.641000
4.259000
6.134000
7.513000
4.940000
10.768000
0.543000
15.022000
6.109000
8.025000
16.289000
16.173000
12.807000
6.189000
6.550000
18.676000
9.153000
10.031000
3.563000
11.845000
5.875000
8.092000
4.340000
7.648000
14.608000
13.858000
3.794000
18.496000
5.806000
7.298000
12.731000
5.148000
0.140000
3.486000
2.713000
13.554000
1.934000
13.439000
2.874000
5.308000
3.652000
4.296000
14.247000
9.322000
9.108000
19.364000
12.112000
14.397000
4.249000
5.941000
7.830000
14.871000
13.681000
0.299000
5.532000
17.584000
15.223000
13.275000
10.683000
14.221000
9.242000
5.801000
10.451000
2.390000
13.085000
12.113000
18.505000
16.383000
14.305000
11.915000
17.407000
7.237000
7.692000
2.410000
10.866000
5.810000
17.505000
5.055000
9.497000
14.659000
9.431000
5.521000
7.971000
12.257000
18.867000
13.522000
14.959000
11.931000
2.537000
12.832000
8.531000
11.861000
11.526000
10.941000
11.042000
11.348000
15.292000
15.331000
10.934000
5.735000
3.983000
9.167000
11.628000
2.729000
11.302000
15.831000
4.807000
12.840000
8.123000
10.578000
4.216000
6.578000
16.783000
9.429000
9.064000
6.674000
17.739000
7.739000
12.334000
7.731000
13.626000
14.613000
9.865000
15.024000
14.293000
17.253000
7.228000
13.227000
16.309000
20.529000
7.247000
8.836000
11.880000
5.741000
13.698000
15.128000
7.752000
15.395000
10.463000
6.940000
12.841000
20.951000
14.183000
12.868000
10.728000
8.606000
3.791000
11.032000
7.232000
11.853000
17.214000
17.420000
12.003000
14.364000
12.752000
6.673000
11.393000
8.684000
15.675000
4.588000
4.571000
14.179000
8.089000
10.165000
13.493000
11.583000
14.755000
14.132000
24.296000
11.705000
16.154000
9.934000
15.967000
15.826000
13.244000
14.900000
3.484000
16.590000
10.906000
17.933000
13.031000
1.210000
17.155000
9.019000
15.210000
17.151000
5.792000
1.419000
6.514000
14.573000
13.060000
18.234000
13.904000
13.168000
6.637000
1.515000
10.211000
16.855000
9.512000
9.383000
8.282000
4.312000
21.823000
13.085000
3.597000
13.595000
11.164000
9.181000
16.348000
6.749000
9.438000
12.629000
0.548000
11.128000
4.399000
9.420000
4.038000
8.988000
10.412000
8.352000
13.073000
11.026000
8.420000
10.308000
8.277000
3.474000
13.936000
10.902000
19.701000
16.853000
10.880000
9.341000
15.704000
14.860000
13.085000
6.159000
11.576000
14.313000
17.751000
13.810000
12.683000
7.551000
8.608000
7.550000
13.874000
11.979000
1.911000
10.771000
21.148000
13.593000
17.394000
9.088000
5.880000
10.893000
11.177000
19.456000
12.065000
8.107000
5.627000
10.449000
7.102000
9.705000
8.828000
5.835000
9.691000
5.802000
4.595000
16.351000
10.941000
12.020000
12.125000
14.091000
12.459000
12.055000
1.179000
10.236000
12.314000
8.281000
12.432000
15.086000
2.611000
9.156000
8.606000
5.759000
13.299000
7.384000
10.516000
10.425000
10.910000
6.580000
10.955000
13.394000
9.965000
9.171000
5.228000
9.115000
8.457000
9.846000
12.110000
10.410000
11.842000
6.958000
9.730000
9.413000
10.079000
9.840000
16.665000
11.674000
20.157000
16.137000
7.151000
12.909000
5.522000
10.634000
11.645000
12.207000
6.084000
15.993000
12.271000
8.033000
18.964000
8.283000
8.383000
14.330000
7.217000
8.034000
9.471000
12.982000
7.900000
11.897000
8.128000
7.420000
7.809000
9.920000
7.880000
5.596000
17.261000
7.418000
7.481000
11.890000
6.181000
19.309000
14.068000
9.788000
6.802000
11.185000
9.442000
11.235000
5.514000
5.608000
9.680000
9.505000
6.939000
8.162000
7.809000
6.752000
12.876000
5.054000
6.394000
10.616000
9.900000
12.379000
3.821000
2.419000
7.534000
4.715000
10.528000
8.510000
3.987000
5.761000
7.046000
8.331000
8.626000
11.021000
7.131000
3.847000
4.337000
8.664000
4.200000
11.489000
4.978000
5.237000
6.506000
6.335000
12.703000
12.244000
8.129000
11.651000
6.380000
7.248000
14.392000
7.698000
7.571000
11.659000
2.193000
13.396000
6.499000
13.008000
10.852000
7.935000
13.297000
13.949000
8.162000
6.981000
14.619000
6.822000
6.949000
8.832000
7.358000
7.733000
17.491000
4.141000
11.333000
9.653000
6.012000
8.346000
5.497000
9.579000
10.233000
3.558000
7.888000
19.555000
10.760000
4.655000
4.977000
12.424000
13.677000
9.069000
7.747000
15.478000
7.845000
3.514000
1.369000
2.101000
0.000000
9.813000
15.455000
11.179000
7.056000
2.397000
4.223000
8.963000
5.154000
12.565000
15.960000
3.920000
17.543000
8.479000
4.754000
1.010000
8.318000
11.945000
4.788000
7.063000
6.054000
11.305000
5.270000
8.987000
8.442000
11.034000
12.811000
12.753000
4.363000
17.034000
7.778000
12.030000
6.998000
6.215000
11.783000
7.388000
14.848000
7.178000
3.235000
13.105000
9.606000
13.019000
4.545000
13.052000
7.616000
9.788000
4.482000
8.657000
2.278000
9.733000
3.493000
7.419000
11.625000
4.969000
5.626000
21.179000
8.048000
11.651000
5.499000
5.898000
2.308000
5.859000
0.563000
8.583000
13.224000
15.836000
8.965000
8.703000
2.547000
9.870000
6.119000
9.040000
16.566000
0.729000
11.481000
13.774000
12.234000
10.648000
11.710000
14.695000
12.582000
16.086000
2.943000
9.875000
18.535000
1.610000
15.425000
8.877000
9.164000
9.387000
11.341000
16.226000
11.060000
4.372000
12.412000
8.183000
9.251000
9.697000
14.065000
12.443000
7.949000
9.829000
12.350000
6.219000
12.541000
10.679000
4.845000
14.449000
8.687000
9.090000
7.911000
12.868000
3.683000
5.040000
9.571000
12.063000
10.378000
4.908000
7.430000
10.679000
6.234000
8.604000
11.892000
15.092000
3.527000
10.778000
16.772000
5.729000
16.092000
15.509000
8.684000
11.761000
12.763000
11.013000
8.033000
4.113000
9.287000
13.043000
9.361000
6.437000
7.435000
3.193000
15.370000
14.650000
12.549000
9.963000
5.587000
9.697000
8.561000
9.317000
4.726000
12.777000
15.831000
10.214000
21.412000
16.961000
7.461000
1.475000
15.861000
16.528000
13.357000
9.983000
15.198000
11.335000
5.464000
13.826000
8.755000
11.088000
13.280000
9.712000
10.729000
10.608000
8.899000
11.744000
11.564000
5.939000
7.884000
9.750000
9.349000
6.264000
11.874000
12.855000
13.561000
10.176000
11.281000
9.792000
7.245000
16.948000
11.941000
13.296000
12.468000
10.268000
16.696000
11.903000
8.139000
9.123000
17.624000
11.104000
10.083000
5.006000
7.120000
8.434000
15.496000
13.304000
15.735000
14.763000
10.190000
12.716000
11.334000
11.863000
11.198000
8.181000
3.573000
6.826000
12.558000
13.529000
9.827000
20.516000
15.202000
3.000000
6.626000
16.448000
9.893000
17.406000
9.573000
12.245000
1.888000
10.623000
5.458000
7.681000
16.241000
15.093000
14.089000
8.405000
6.557000
11.006000
11.484000
18.435000
12.832000
9.081000
10.411000
15.859000
15.163000
14.855000
17.148000
6.346000
4.459000
10.442000
11.374000
9.175000
10.008000
9.914000
8.872000
7.411000
14.908000
12.185000
14.174000
12.396000
13.047000
9.373000
12.705000
6.450000
11.157000
5.360000
9.799000
13.751000
12.615000
14.426000
12.806000
6.440000
13.037000
13.243000
5.540000
13.289000
9.037000
14.560000
17.316000
9.061000
7.800000
10.439000
16.842000
13.925000
9.922000
7.486000
11.386000
14.365000
6.618000
1.225000
10.675000
8.372000
11.475000
8.654000
8.767000
9.352000
8.041000
11.660000
12.482000
7.503000
13.284000
15.499000
21.933000
14.181000
11.644000
8.680000
12.957000
14.604000
10.512000
8.391000
12.657000
7.777000
12.234000
11.095000
11.861000
17.035000
9.992000
10.460000
10.653000
8.624000
13.442000
6.823000
6.254000
11.415000
13.268000
11.829000
12.694000
8.556000
22.308000
11.748000
17.360000
16.277000
11.120000
15.809000
14.162000
13.833000
12.602000
8.329000
7.239000
12.291000
11.205000
14.485000
17.992000
12.784000
12.420000
16.990000
12.663000
10.775000
10.176000
16.096000
14.874000
13.359000
5.050000
12.550000
13.970000
11.982000
15.534000
20.003000
15.519000
10.535000
15.231000
8.891000
12.232000
8.915000
15.658000
6.377000
8.563000
14.659000
4.485000
16.492000
5.885000
7.632000
14.835000
9.192000
10.240000
11.287000
7.833000
10.242000
9.328000
5.138000
5.783000
13.266000
16.391000
11.154000
5.063000
12.088000
3.801000
15.037000
10.581000
17.764000
3.556000
5.455000
11.150000
4.203000
4.378000
7.135000
7.927000
8.385000
13.440000
9.685000
8.240000
6.099000
7.301000
10.619000
9.236000
10.023000
14.164000
15.503000
6.790000
6.874000
8.319000
9.658000
11.998000
9.994000
11.152000
14.261000
5.428000
4.368000
6.966000
9.314000
17.167000
8.652000
7.685000
3.437000
8.625000
14.128000
10.303000
11.691000
13.277000
8.448000
7.575000
6.477000
15.417000
8.691000
16.805000
6.121000
8.766000
10.482000
7.145000
3.079000
7.523000
18.080000
8.240000
10.409000
5.816000
14.907000
15.424000
10.035000
10.196000
1.836000
8.343000
10.618000
20.949000
1.374000
10.583000
16.396000
11.486000
8.616000
7.521000
7.738000
8.554000
17.434000
7.035000
14.220000
6.461000
12.158000
15.106000
12.043000
7.604000
5.664000
7.027000
13.466000
7.425000
7.109000
13.813000
15.088000
8.823000
10.954000
4.930000
17.938000
16.922000
14.332000
11.114000
12.321000
4.822000
15.259000
3.847000
14.513000
5.036000
7.018000
8.097000
8.798000
11.394000
14.204000
11.184000
8.573000
6.188000
8.854000
6.798000
8.058000
11.212000
10.804000
5.591000
13.511000
11.723000
8.825000
6.571000
15.519000
6.690000
7.677000
7.906000
19.180000
7.568000
14.566000
11.674000
6.539000
6.023000
17.519000
10.109000
22.682000
11.746000
11.932000
11.420000
15.910000
6.058000
14.692000
4.410000
13.835000
6.671000
9.493000
13.354000
11.925000
4.082000
9.888000
6.746000
6.312000
13.043000
5.093000
10.711000
3.354000
7.545000
6.862000
11.031000
10.065000
6.177000
8.806000
11.857000
12.714000
10.581000
6.554000
17.167000
11.947000
15.081000
4.199000
8.372000
6.887000
4.288000
15.123000
11.281000
14.147000
10.839000
4.361000
6.839000
11.244000
4.584000
10.530000
12.360000
2.517000
12.754000
5.856000
10.300000
14.137000
6.780000
8.245000
9.137000
15.276000
9.997000
7.249000
5.680000
13.031000
6.962000
10.745000
12.989000
15.548000
14.759000
16.019000
16.320000
6.479000
7.905000
6.932000
9.083000
8.666000
21.589000
18.106000
5.546000
8.547000
9.980000
5.779000
7.723000
10.486000
11.629000
11.015000
15.460000
10.284000
9.035000
12.891000
8.013000
10.474000
10.962000
5.156000
3.700000
13.868000
12.317000
16.651000
18.884000
9.947000
14.984000
11.761000
7.825000
11.587000
9.607000
14.040000
11.963000
6.355000
15.666000
13.474000
10.023000
11.420000
12.884000
24.028000
5.398000
14.289000
9.123000
14.773000
7.401000
14.027000
14.006000
5.493000
12.870000
11.774000
11.420000
17.486000
4.364000
16.294000
12.420000
6.012000
9.127000
14.506000
10.981000
11.654000
4.734000
12.990000
11.594000
11.929000
9.160000
15.776000
9.256000
11.580000
11.577000
4.447000
7.520000
11.532000
8.944000
4.401000
17.214000
9.573000
15.048000
14.316000
5.763000
8.125000
4.274000
15.249000
11.101000
4.433000
14.626000
11.627000
6.599000
10.179000
3.977000
19.963000
14.328000
2.505000
11.666000
19.940000
6.420000
14.144000
12.217000
15.720000
9.927000
2.972000
3.100000
11.341000
3.509000
12.444000
6.953000
12.136000
10.316000
16.695000
8.931000
12.890000
16.747000
9.625000
13.762000
17.826000
10.691000
5.526000
20.765000
12.115000
8.601000
16.404000
8.255000
13.816000
4.878000
19.043000
16.263000
8.727000
11.007000
12.782000
15.980000
15.272000
10.396000
8.998000
10.240000
14.412000
13.201000
17.899000
9.280000
12.588000
6.434000
13.692000
17.190000
9.272000
12.786000
14.196000
16.758000
4.517000
14.522000
1.860000
8.977000
11.017000
6.331000
15.294000
17.043000
7.898000
2.476000
5.571000
10.906000
11.909000
4.928000
0.000000
14.821000
9.969000
5.520000
12.046000
9.080000
5.377000
12.343000
13.971000
21.768000
13.923000
14.710000
10.015000
2.681000
3.375000
6.521000
6.510000
15.842000
6.076000
5.577000
8.163000
9.122000
11.134000
11.413000
4.129000
10.091000
6.366000
13.340000
3.313000
5.018000
9.522000
5.512000
2.987000
6.368000
5.616000
0.970000
10.351000
6.595000
2.904000
13.579000
5.640000
5.557000
18.449000
5.124000
4.082000
7.059000
5.437000
9.555000
10.714000
3.629000
3.773000
5.829000
7.431000
2.299000
3.902000
3.452000
15.276000
5.589000
13.199000
16.847000
6.919000
5.422000
3.391000
1.085000
17.298000
4.921000
5.030000
7.581000
1.858000
14.668000
9.973000
3.995000
20.381000
7.833000
9.901000
8.387000
9.536000
0.459000
4.016000
3.516000
14.311000
4.185000
4.053000
5.066000
2.495000
6.196000
12.021000
14.224000
3.841000
7.564000
1.483000
4.976000
5.822000
16.350000
15.190000
8.394000
10.799000
11.579000
4.373000
3.492000
1.577000
7.433000
8.795000
12.930000
3.176000
6.436000
14.085000
2.290000
3.842000
9.205000
13.961000
0.000000
3.271000
3.522000
4.105000
6.589000
8.589000
3.468000
17.184000
9.322000
5.144000
12.340000
11.374000
0.933000
4.496000
7.161000
23.535000
13.030000
1.117000
27.565000
11.792000
14.528000
0.000000
12.468000
10.331000
20.366000
9.442000
10.770000
13.177000
7.683000
18.925000
5.395000
1.438000
13.451000
0.000000
5.863000
16.916000
15.925000
2.955000
14.963000
5.289000
8.321000
16.821000
9.174000
6.791000
10.614000
12.240000
1.429000
10.734000
1.486000
13.066000
9.080000
12.799000
2.582000
6.047000
2.797000
23.161000
13.376000
4.408000
3.016000
4.095000
5.510000
14.058000
13.301000
8.436000
13.154000
7.124000
0.411000
5.663000
0.000000
6.899000
6.360000
12.353000
6.545000
9.140000
3.924000
3.408000
6.701000
2.795000
11.181000
12.059000
9.729000
5.375000
10.561000
4.593000
6.407000
0.520000
6.451000
12.209000
10.484000
18.516000
6.460000
11.366000
11.944000
3.227000
10.718000
0.000000
2.288000
0.947000
1.216000
10.353000
11.748000
7.146000
4.589000
10.038000
15.088000
4.578000
3.747000
0.000000
5.470000
8.524000
9.178000
4.567000
10.516000
1.086000
3.967000
3.645000
0.000000
16.060000
12.172000
10.983000
20.170000
12.553000
3.347000
14.062000
4.875000
0.000000
0.000000
0.000000
3.184000
13.831000
4.923000
16.725000
5.502000
13.799000
0.000000
4.713000
8.961000
3.885000
3.336000
12.768000
0.668000
1.609000
4.356000
19.050000
4.376000
8.290000
0.000000
2.145000
0.993000
2.232000
9.233000
4.490000
10.679000
8.401000
8.214000
5.228000
6.307000
8.273000
10.730000
3.313000
6.188000
9.163000
13.209000
1.812000
4.336000
10.460000
2.424000
5.770000
1.338000
0.609000
1.939000
14.460000
11.981000
4.699000
12.977000
5.596000
22.918000
6.154000
9.922000
5.468000
7.957000
4.742000
7.408000
14.038000
11.140000
16.278000
14.656000
17.239000
16.888000
5.201000
3.985000
9.717000
12.397000
0.718000
12.440000
5.901000
18.173000
13.050000
3.846000
0.000000
3.683000
6.606000
11.044000
3.926000
10.275000
12.590000
9.410000
6.518000
1.755000
12.413000
7.133000
5.363000
12.320000
9.830000
9.306000
8.423000
5.684000
14.570000
4.098000
12.000000
9.064000
7.650000
9.392000
11.186000
0.000000
7.223000
9.281000
11.325000
15.006000
15.742000
0.448000
6.178000
5.210000
9.925000
2.229000
10.583000
8.276000
16.456000
3.881000
9.364000
1.353000
5.902000
7.149000
9.174000
0.955000
11.480000
11.335000
11.547000
8.007000
14.162000
0.000000
16.747000
12.004000
2.578000
1.897000
11.679000
11.221000
2.348000
9.058000
6.222000
13.631000
1.441000
5.826000
12.949000
4.657000
12.955000
11.413000
4.762000
0.805000
2.332000
11.279000
10.338000
12.627000
2.829000
16.465000
6.776000
14.569000
12.506000
15.715000
5.791000
17.377000
11.600000
14.162000
9.098000
3.667000
2.928000
7.197000
3.481000
1.454000
6.373000
5.007000
11.978000
0.000000
8.964000
7.845000
8.248000
8.614000
10.273000
10.176000
10.834000
15.893000
9.273000
13.929000
13.086000
7.497000
7.406000
12.851000
5.956000
9.956000
13.156000
4.827000
14.941000
8.176000
11.094000
15.867000
8.116000
7.447000
0.000000
4.846000
9.493000
9.760000
3.956000
10.440000
5.416000
11.916000
8.073000
8.763000
4.759000
11.759000
11.957000
15.149000
12.584000
9.619000
6.615000
7.379000
6.972000
7.636000
18.013000
15.445000
8.749000
0.982000
8.294000
10.396000
7.227000
9.645000
7.044000
10.614000
9.435000
8.129000
6.598000
12.572000
11.244000
13.364000
9.865000
6.135000
4.080000
15.481000
9.852000
5.355000
6.526000
4.167000
6.467000
6.489000
15.564000
10.076000
10.985000
3.934000
15.478000
8.783000
1.103000
6.978000
17.025000
2.460000
5.823000
7.002000
13.485000
11.746000
10.714000
13.778000
10.759000
7.544000
4.789000
4.917000
11.220000
6.983000
11.727000
8.698000
7.610000
14.074000
9.909000
14.242000
14.175000
8.482000
5.437000
5.711000
12.000000
11.083000
6.154000
8.915000
9.268000
11.569000
7.352000
16.182000
5.736000
5.744000
8.788000
10.044000
10.078000
4.440000
3.482000
8.999000
7.985000
2.347000
4.060000
14.286000
2.586000
2.649000
9.066000
5.453000
9.116000
16.073000
13.915000
8.760000
12.056000
1.708000
13.224000
7.526000
10.385000
8.806000
5.276000
9.164000
3.030000
9.942000
8.952000
8.625000
15.589000
9.783000
12.007000
10.746000
12.514000
6.612000
10.242000
10.983000
7.622000
8.621000
7.823000
3.840000
9.279000
7.495000
11.428000
9.152000
8.365000
5.143000
6.488000
6.611000
4.712000
9.021000
14.751000
9.492000
8.373000
11.479000
6.499000
8.414000
9.189000
8.227000
11.781000
9.068000
11.781000
3.141000
7.028000
11.378000
1.881000
9.217000
12.194000
8.360000
9.150000
8.990000
5.431000
9.233000
15.763000
15.575000
9.452000
15.183000
7.701000
6.952000
7.563000
16.337000
7.910000
14.096000
5.012000
19.132000
21.247000
6.200000
6.901000
9.049000
8.444000
7.115000
7.523000
14.852000
3.992000
6.929000
12.703000
20.490000
16.119000
7.621000
12.285000
10.124000
3.320000
9.091000
13.948000
17.678000
20.060000
7.352000
4.933000
11.886000
13.454000
17.739000
20.645000
14.704000
7.004000
4.500000
16.214000
17.602000
6.396000
10.699000
8.901000
6.797000
14.932000
9.578000
0.000000
9.088000
7.954000
0.000000
2.841000
10.385000
10.103000
5.625000
14.932000
6.404000
5.789000
7.189000
6.136000
7.612000
13.604000
9.744000
8.695000
12.508000
8.288000
9.500000
16.689000
8.467000
6.418000
4.399000
3.567000
8.815000
13.899000
11.394000
7.173000
6.412000
14.246000
17.142000
5.809000
5.841000
8.136000
18.401000
8.266000
12.551000
7.266000
6.338000
10.053000
10.756000
6.760000
10.937000
14.681000
16.025000
12.409000
7.543000
6.033000
5.725000
3.538000
4.181000
2.490000
6.694000
13.521000
17.688000
10.867000
10.270000
5.376000
12.837000
5.776000
9.025000
14.279000
10.067000
8.385000
7.292000
9.697000
8.072000
8.366000
9.186000
10.872000
8.595000
7.329000
14.185000
11.519000
19.675000
10.517000
21.158000
8.850000
6.451000
7.072000
12.596000
13.124000
6.299000
12.444000
6.751000
13.505000
5.155000
7.558000
7.464000
21.082000
18.024000
12.712000
16.448000
15.852000
13.899000
11.355000
6.333000
7.487000
5.783000
9.722000
10.317000
11.899000
6.033000
5.445000
10.569000
4.475000
5.069000
12.437000
14.312000
11.324000
10.453000
5.990000
8.707000
4.368000
9.397000
6.193000
14.749000
2.021000
4.148000
15.973000
13.217000
11.214000
21.152000
12.285000
10.428000
13.654000
12.768000
6.872000
10.606000
11.942000
14.170000
16.777000
8.541000
11.227000
4.674000
8.905000
10.250000
7.176000
18.367000
9.860000
12.877000
19.821000
20.798000
9.245000
7.787000
10.280000
10.327000
5.615000
7.024000
9.735000
15.782000
11.824000
17.054000
8.712000
9.790000
7.517000
11.928000
7.434000
5.442000
16.969000
17.129000
8.181000
6.869000
13.488000
16.948000
13.345000
6.171000
14.001000
8.465000
11.782000
3.788000
10.713000
15.026000
8.082000
20.011000
7.180000
21.582000
8.907000
16.505000
4.309000
4.674000
13.584000
6.092000
9.170000
6.880000
16.414000
4.609000
9.364000
11.473000
10.469000
7.318000
9.556000
2.736000
19.373000
6.477000
11.350000
2.621000
3.959000
14.354000
11.422000
7.816000
23.932000
9.258000
9.959000
12.374000
8.512000
11.674000
12.302000
8.745000
7.003000
10.726000
7.679000
4.628000
5.795000
6.941000
11.237000
14.606000
21.522000
13.737000
14.011000
8.491000
4.739000
10.354000
15.785000
6.258000
10.125000
9.852000
4.925000
8.375000
10.151000
10.432000
8.923000
7.480000
7.518000
5.590000
3.764000
13.238000
11.592000
10.600000
13.951000
17.196000
7.980000
10.792000
7.205000
6.683000
12.302000
11.146000
6.574000
10.392000
5.415000
12.721000
5.065000
6.425000
17.685000
7.070000
14.483000
8.948000
13.692000
15.760000
16.472000
12.109000
11.376000
8.685000
12.209000
7.262000
8.360000
7.037000
13.452000
10.204000
4.975000
4.627000
12.254000
20.951000
11.771000
8.805000
10.615000
4.982000
9.743000
15.930000
11.127000
14.686000
7.119000
4.015000
3.238000
14.146000
10.994000
16.009000
14.490000
14.977000
10.549000
18.234000
12.004000
13.872000
7.139000
10.449000
12.325000
11.763000
2.371000
7.981000
4.827000
6.143000
13.973000
14.000000
9.963000
11.284000
13.731000
10.291000
8.863000
9.052000
10.695000
11.568000
8.941000
9.828000
15.411000
4.321000
10.664000
17.636000
18.099000
16.977000
11.576000
5.803000
12.620000
13.044000
5.949000
5.356000
9.876000
9.607000
13.972000
8.459000
5.483000
4.853000
1.101000
8.663000
18.549000
18.940000
17.816000
12.256000
9.256000
10.513000
10.056000
14.272000
20.960000
14.824000
13.381000
17.594000
6.856000
11.689000
13.384000
8.176000
16.203000
7.202000
14.686000
16.056000
18.325000
7.983000
2.573000
8.752000
7.364000
13.175000
15.480000
11.472000
10.679000
12.348000
12.377000
5.027000
8.465000
8.102000
13.742000
8.151000
14.077000
9.391000
8.817000
7.940000
11.706000
10.612000
20.070000
5.478000
11.541000
7.363000
9.719000
3.963000
10.631000
18.713000
15.305000
13.488000
11.232000
15.223000
11.975000
8.432000
3.007000
2.891000
10.947000
6.265000
7.500000
7.697000
11.056000
17.105000
11.311000
9.743000
9.764000
17.254000
14.165000
15.094000
7.383000
11.404000
20.034000
15.095000
9.478000
15.791000
18.500000
18.701000
11.034000
12.937000
12.658000
9.266000
7.092000
12.521000
10.239000
8.647000
5.494000
9.716000
14.880000
13.988000
18.268000
17.259000
11.857000
14.277000
6.031000
11.513000
12.119000
12.905000
6.601000
9.439000
16.238000
4.735000
9.596000
14.064000
11.781000
16.714000
10.897000
11.961000
21.369000
12.323000
10.873000
9.461000
8.104000
11.402000
7.617000
8.374000
13.354000
6.246000
8.592000
10.589000
16.387000
11.398000
8.352000
6.510000
13.118000
12.230000
12.248000
10.164000
4.907000
8.331000
10.011000
10.825000
4.167000
12.100000
9.149000
3.757000
23.274000
15.644000
14.268000
8.241000
14.770000
10.250000
15.156000
10.702000
13.895000
19.881000
12.925000
2.399000
8.060000
6.106000
10.380000
10.754000
11.956000
15.099000
14.553000
12.142000
5.991000
13.839000
12.935000
10.696000
16.950000
7.247000
13.887000
8.117000
12.318000
11.261000
8.091000
10.287000
15.022000
16.138000
13.499000
9.358000
19.113000
5.555000
11.547000
15.310000
10.578000
11.853000
12.172000
9.844000
8.213000
13.710000
13.731000
5.586000
11.195000
5.219000
11.080000
7.132000
14.808000
7.208000
13.109000
14.233000
15.376000
15.733000
15.868000
12.484000
7.733000
10.896000
12.391000
15.787000
4.330000
8.834000
9.995000
9.469000
11.031000
12.114000
11.365000
17.769000
14.311000
10.650000
11.981000
12.806000
14.639000
9.271000
11.731000
7.584000
7.366000
4.978000
17.492000
11.546000
12.711000
8.631000
10.595000
10.861000
7.604000
10.764000
5.220000
15.016000
9.471000
16.657000
10.429000
14.299000
15.818000
10.778000
16.141000
17.413000
14.451000
15.267000
10.316000
21.157000
9.986000
13.159000
10.955000
10.139000
13.886000
9.228000
9.858000
12.812000
14.075000
12.901000
10.538000
14.844000
4.875000
5.957000
15.837000
13.620000
6.882000
8.456000
7.327000
9.191000
7.944000
7.737000
10.511000
7.868000
8.558000
9.446000
11.202000
14.329000
13.958000
10.312000
9.580000
11.280000
8.675000
13.997000
13.025000
14.493000
21.765000
11.979000
16.715000
17.156000
9.512000
10.913000
12.264000
10.806000
16.573000
9.587000
7.354000
26.123000
5.982000
15.473000
7.758000
14.323000
9.923000
15.357000
12.482000
10.888000
16.988000
6.613000
16.350000
6.629000
12.662000
17.626000
11.785000
6.683000
11.032000
10.770000
15.267000
5.792000
12.251000
20.487000
11.360000
20.098000
8.389000
13.026000
12.891000
11.188000
9.862000
8.460000
17.855000
10.675000
4.508000
9.236000
12.031000
8.914000
11.034000
13.000000
11.173000
3.905000
12.530000
12.721000
14.549000
16.947000
9.425000
14.088000
10.624000
14.989000
10.429000
8.268000
8.328000
20.542000
11.487000
9.438000
10.525000
10.554000
8.248000
16.939000
10.190000
7.001000
15.092000
13.562000
17.749000
8.008000
6.477000
11.662000
17.616000
23.403000
16.343000
12.536000
2.780000
9.253000
13.476000
9.479000
14.882000
11.417000
15.944000
12.524000
12.862000
8.982000
13.214000
14.903000
7.538000
12.399000
7.245000
11.647000
12.216000
8.394000
15.124000
8.572000
7.931000
11.558000
11.236000
10.654000
8.729000
8.204000
0.446000
11.173000
14.470000
9.620000
10.413000
4.872000
7.092000
9.236000
11.048000
20.144000
15.667000
2.794000
13.199000
10.173000
9.406000
7.191000
20.582000
13.558000
8.446000
11.498000
8.249000
17.564000
12.541000
10.364000
13.804000
16.754000
18.307000
17.674000
12.596000
16.895000
0.000000
16.121000
6.432000
8.605000
10.893000
4.464000
10.789000
9.101000
3.829000
16.892000
6.785000
11.441000
10.233000
10.440000
19.420000
8.957000
8.558000
15.226000
10.981000
14.476000
11.522000
10.441000
10.809000
21.038000
17.153000
12.769000
15.145000
10.911000
7.985000
7.781000
11.406000
11.460000
14.585000
8.741000
11.760000
14.309000
10.763000
9.954000
15.809000
16.606000
2.627000
10.703000
10.298000
11.976000
9.973000
16.111000
11.809000
9.473000
12.158000
10.950000
12.869000
8.763000
13.045000
9.039000
7.713000
4.038000
10.753000
12.876000
13.631000
19.234000
9.357000
18.786000
12.706000
9.724000
6.574000
11.986000
9.169000
10.787000
11.821000
11.671000
15.198000
12.265000
11.836000
10.280000
10.984000
14.317000
6.613000
10.461000
0.443000
19.557000
14.936000
11.001000
15.136000
11.367000
12.227000
7.572000
12.123000
16.459000
14.469000
13.016000
6.498000
7.583000
11.838000
15.110000
13.426000
14.516000
19.769000
9.480000
18.529000
13.769000
9.783000
8.382000
8.800000
12.210000
9.734000
14.300000
12.282000
14.330000
4.452000
14.124000
14.384000
10.941000
14.877000
12.909000
7.539000
12.649000
8.454000
27.303000
10.743000
17.395000
12.839000
13.032000
16.534000
11.177000
15.910000
15.904000
4.269000
10.885000
8.570000
22.147000
12.550000
7.837000
12.422000
11.931000
18.356000
12.697000
12.847000
19.478000
21.122000
16.035000
12.128000
10.641000
15.316000
18.083000
17.141000
12.839000
14.791000
15.807000
13.247000
11.614000
14.870000
14.159000
10.296000
10.254000
6.635000
13.689000
10.553000
17.546000
7.772000
9.280000
11.391000
8.072000
13.654000
17.402000
12.216000
19.680000
19.591000
0.054000
8.367000
15.288000
11.201000
13.474000
18.917000
15.813000
15.576000
19.910000
7.566000
13.609000
12.926000
15.459000
14.513000
1.930000
15.501000
15.120000
0.000000
8.207000
9.985000
11.856000
13.529000
10.020000
15.038000
11.746000
9.426000
13.205000
22.326000
21.274000
8.643000
16.211000
11.717000
3.709000
15.335000
19.150000
17.717000
17.844000
13.053000
7.579000
10.295000
11.545000
11.299000
9.157000
4.234000
12.000000
10.960000
12.048000
13.329000
7.370000
5.135000
5.366000
13.763000
16.162000
9.036000
13.659000
4.350000
6.509000
7.868000
3.440000
18.783000
4.431000
0.228000
0.000000
12.141000
14.734000
8.066000
9.200000
9.513000
9.096000
10.194000
10.819000
11.286000
10.314000
7.478000
7.324000
13.542000
1.686000
1.985000
13.302000
17.231000
3.891000
15.228000
15.056000
13.456000
3.515000
14.459000
0.114000
7.189000
12.011000
7.594000
10.964000
8.449000
7.640000
5.475000
9.998000
8.460000
7.240000
1.376000
10.184000
1.550000
5.951000
4.921000
15.526000
0.923000
17.960000
0.000000
4.924000
1.279000
1.520000
0.744000
2.706000
13.342000
10.990000
9.916000
9.207000
7.940000
11.320000
5.910000
11.654000
9.584000
9.875000
3.119000
8.136000
0.000000
8.605000
11.402000
4.841000
3.634000
8.256000
0.000000
10.548000
6.716000
3.505000
4.916000
3.999000
4.551000
9.331000
2.242000
11.579000
10.572000
5.466000
2.700000
6.233000
2.663000
11.188000
0.414000
2.753000
4.104000
0.000000
1.672000
6.295000
6.229000
0.000000
11.344000
2.053000
2.780000
1.411000
3.122000
5.716000
12.478000
7.333000
1.736000
7.956000
8.099000
1.949000
13.852000
9.012000
6.968000
2.472000
3.017000
2.315000
1.579000
23.453000
0.000000
15.203000
2.476000
2.918000
9.005000
1.297000
17.928000
2.488000
15.183000
9.295000
0.542000
9.201000
6.308000
0.660000
4.270000
1.902000
3.326000
4.504000
4.136000
4.564000
16.559000
3.963000
1.566000
0.000000
8.602000
5.138000
9.178000
7.580000
2.710000
3.307000
4.010000
2.901000
6.705000
7.169000
7.056000
5.273000
3.369000
18.338000
8.086000
4.666000
2.113000
17.295000
6.337000
20.475000
23.322000
10.679000
6.470000
3.934000
7.518000
2.508000
4.126000
10.313000
7.763000
5.371000
17.271000
9.260000
5.505000
3.889000
10.784000
1.529000
10.324000
12.578000
13.999000
1.038000
2.463000
11.963000
1.559000
3.557000
3.609000
18.050000
9.178000
15.810000
7.784000
2.712000
3.945000
6.401000
11.892000
5.536000
1.372000
2.412000
4.752000
7.819000
3.205000
9.159000
12.725000
9.243000
3.219000
10.901000
4.395000
15.332000
1.375000
16.416000
2.353000
7.530000
6.972000
16.533000
9.053000
11.098000
20.934000
13.959000
7.809000
12.829000
3.353000
8.406000
15.191000
9.796000
9.866000
10.798000
13.023000
4.080000
5.764000
12.705000
15.119000
18.432000
6.059000
3.650000
13.373000
16.784000
1.205000
2.925000
9.733000
11.129000
7.476000
6.363000
15.025000
9.375000
9.467000
0.000000
6.246000
6.853000
16.660000
5.243000
13.938000
11.485000
12.219000
18.945000
15.384000
19.036000
18.008000
6.077000
10.956000
1.356000
12.728000
10.121000
14.457000
4.777000
17.518000
11.743000
20.739000
8.182000
4.190000
0.000000
13.663000
13.685000
21.797000
11.329000
10.538000
12.624000
24.408000
12.112000
11.637000
12.094000
12.634000
17.045000
11.952000
4.857000
2.735000
8.813000
10.877000
12.426000
16.896000
12.115000
2.596000
6.475000
14.095000
9.454000
1.740000
8.267000
8.722000
16.266000
11.477000
3.130000
14.215000
15.106000
12.827000
11.772000
10.570000
16.103000
15.391000
7.466000
15.857000
15.057000
16.191000
12.717000
2.294000
10.119000
11.237000
11.574000
8.259000
2.979000
5.536000
14.400000
11.448000
9.477000
15.044000
6.393000
18.459000
14.488000
14.734000
6.330000
13.215000
9.041000
16.138000
0.000000
7.247000
16.570000
3.562000
4.950000
3.921000
21.406000
12.373000
11.158000
6.146000
2.398000
12.941000
12.518000
13.983000
6.414000
12.104000
11.820000
9.453000
10.919000
22.146000
15.278000
11.722000
10.172000
20.366000
20.393000
14.595000
17.450000
4.576000
19.432000
0.000000
13.036000
9.670000
4.662000
24.504000
17.608000
5.873000
8.414000
8.507000
11.296000
7.642000
15.481000
15.282000
20.494000
11.227000
6.680000
8.654000
2.980000
11.873000
15.569000
18.925000
9.476000
3.893000
7.650000
17.803000
10.958000
12.154000
9.334000
12.210000
10.724000
7.224000
15.532000
12.173000
8.527000
10.682000
9.185000
3.891000
8.193000
4.025000
13.709000
20.056000
9.646000
12.003000
1.423000
5.273000
9.896000
14.993000
6.696000
5.865000
13.333000
15.839000
16.974000
8.349000
12.320000
4.410000
12.638000
4.845000
12.314000
9.966000
14.578000
13.524000
14.330000
6.964000
11.687000
8.965000
3.762000
12.860000
10.806000
3.577000
9.340000
6.595000
10.549000
14.592000
15.745000
10.516000
10.763000
11.336000
9.687000
10.883000
14.347000
11.164000
10.929000
8.849000
11.518000
4.793000
11.263000
8.204000
16.083000
5.145000
5.448000
12.398000
11.949000
9.054000
6.964000
12.010000
12.471000
21.931000
11.334000
9.325000
9.347000
12.153000
3.257000
15.131000
14.727000
15.603000
8.878000
14.414000
10.439000
4.528000
10.647000
13.132000
5.222000
10.563000
9.947000
12.571000
13.216000
10.216000
11.402000
12.632000
8.481000
12.759000
10.698000
11.454000
9.072000
6.798000
4.358000
12.041000
9.485000
7.416000
15.891000
12.485000
17.854000
7.364000
12.124000
9.384000
10.669000
7.534000
8.741000
12.721000
6.026000
7.281000
7.533000
11.744000
4.198000
5.770000
7.432000
10.416000
8.209000
5.813000
10.022000
9.499000
8.625000
7.927000
8.285000
11.435000
10.066000
8.532000
14.584000
10.410000
8.140000
16.191000
18.549000
19.071000
15.259000
16.498000
12.862000
13.351000
12.405000
10.485000
17.612000
14.290000
14.691000
4.974000
11.682000
3.787000
7.481000
12.580000
13.214000
8.613000
5.639000
7.522000
3.600000
7.653000
13.213000
11.844000
13.306000
14.545000
10.423000
7.713000
16.138000
14.516000
11.040000
0.998000
11.918000
16.089000
8.350000
10.646000
12.013000
10.091000
15.867000
13.918000
9.922000
12.495000
12.911000
9.726000
17.223000
10.797000
14.721000
14.969000
12.392000
9.785000
6.663000
11.020000
6.932000
15.036000
5.519000
14.536000
6.346000
17.066000
12.727000
10.133000
16.501000
7.696000
12.864000
17.367000
10.266000
5.547000
7.995000
9.409000
14.284000
11.737000
20.033000
8.502000
6.960000
8.635000
14.330000
8.489000
16.974000
1.794000
21.661000
11.784000
9.900000
4.928000
8.930000
16.530000
4.010000
13.440000
13.975000
11.682000
9.940000
11.253000
6.355000
13.422000
9.917000
12.555000
14.652000
6.331000
7.150000
10.699000
9.966000
7.902000
6.515000
10.486000
13.613000
5.359000
9.135000
17.015000
7.695000
12.227000
18.112000
7.474000
12.255000
11.633000
11.839000
7.787000
12.310000
13.753000
9.666000
9.369000
7.999000
9.344000
10.155000
6.791000
13.726000
11.318000
10.101000
11.402000
15.490000
11.564000
8.880000
17.716000
9.739000
14.982000
4.426000
19.833000
10.375000
16.398000
17.367000
8.263000
6.254000
5.551000
16.361000
10.727000
6.069000
1.756000
9.041000
16.696000
10.125000
15.716000
11.965000
4.481000
16.696000
6.489000
7.123000
13.555000
3.614000
13.248000
7.265000
12.516000
15.821000
11.451000
11.624000
17.728000
8.973000
16.204000
22.681000
8.505000
19.335000
8.101000
16.915000
14.401000
14.152000
11.071000
15.622000
3.639000
10.256000
12.011000
20.787000
5.275000
5.328000
6.727000
18.473000
13.456000
15.285000
13.949000
14.597000
9.885000
16.418000
7.534000
16.942000
13.949000
9.382000
11.654000
12.320000
17.504000
1.651000
12.968000
10.790000
14.002000
9.502000
16.348000
11.713000
2.028000
12.769000
16.900000
2.563000
11.264000
9.053000
12.919000
10.314000
10.076000
9.427000
7.110000
9.952000
4.296000
12.569000
16.822000
8.509000
8.986000
9.753000
10.391000
12.678000
18.822000
7.699000
14.486000
5.792000
7.130000
15.355000
6.584000
12.784000
15.902000
1.998000
10.101000
10.727000
7.870000
8.432000
6.724000
8.786000
11.735000
10.174000
7.674000
13.692000
2.632000
5.240000
12.478000
13.258000
6.390000
4.633000
10.191000
11.560000
6.294000
5.363000
24.755000
13.494000
19.602000
3.414000
12.184000
2.796000
0.000000
13.379000
13.873000
12.034000
12.054000
11.561000
10.415000
1.369000
0.318000
10.068000
13.423000
7.496000
10.183000
13.890000
7.424000
17.717000
10.157000
6.387000
8.316000
7.791000
10.865000
8.582000
5.345000
10.248000
17.770000
9.128000
13.639000
10.236000
9.897000
9.458000
7.131000
5.283000
7.853000
4.093000
12.898000
13.732000
6.155000
9.466000
12.092000
7.052000
11.924000
12.399000
12.463000
6.328000
8.173000
7.271000
12.961000
10.037000
11.361000
4.817000
13.474000
21.055000
10.632000
10.713000
11.077000
4.926000
14.552000
15.763000
10.063000
6.255000
16.828000
24.643000
13.485000
9.938000
11.089000
12.472000
8.921000
4.659000
6.959000
7.487000
11.481000
8.729000
6.386000
12.040000
11.587000
7.396000
11.032000
5.543000
12.054000
6.147000
2.936000
9.404000
7.829000
12.308000
11.999000
8.560000
16.309000
11.116000
10.752000
10.608000
9.627000
10.835000
9.686000
2.025000
6.154000
8.188000
9.414000
16.122000
10.908000
13.301000
9.117000
7.403000
8.248000
9.260000
9.868000
14.625000
7.817000
6.284000
8.929000
14.030000
21.136000
6.846000
9.375000
8.331000
16.519000
7.731000
14.815000
12.066000
6.787000
13.665000
3.832000
13.908000
8.786000
6.386000
8.804000
12.198000
8.759000
7.518000
12.901000
7.616000
14.346000
9.074000
12.793000
7.124000
6.492000
1.590000
9.067000
11.460000
11.112000
8.441000
5.817000
10.517000
10.165000
12.036000
8.092000
7.995000
7.580000
8.313000
15.024000
12.714000
11.736000
13.896000
5.231000
9.401000
14.588000
11.753000
10.839000
8.075000
8.935000
7.841000
16.820000
8.598000
13.963000
7.588000
11.940000
8.418000
6.553000
10.552000
4.375000
9.343000
6.794000
8.031000
16.550000
12.412000
13.861000
4.575000
0.000000
13.181000
16.759000
8.780000
7.295000
9.489000
10.831000
9.207000
3.218000
14.790000
12.736000
10.075000
11.531000
6.043000
14.090000
12.335000
8.466000
8.812000
8.039000
10.181000
7.101000
5.438000
7.388000
12.838000
14.250000
6.575000
12.332000
2.291000
8.731000
17.844000
6.950000
8.066000
7.705000
8.140000
11.482000
10.303000
8.177000
12.137000
8.537000
19.693000
9.377000
9.394000
10.462000
4.863000
7.457000
7.921000
14.503000
11.551000
9.456000
14.261000
2.572000
7.934000
4.580000
8.643000
6.271000
6.981000
6.471000
3.215000
8.719000
8.068000
13.628000
6.452000
19.910000
3.806000
14.055000
9.433000
11.302000
9.178000
15.449000
3.798000
11.579000
8.965000
7.445000
10.527000
12.321000
8.704000
12.830000
10.228000
11.414000
14.683000
15.961000
5.922000
11.070000
10.027000
13.613000
8.355000
5.737000
5.438000
6.263000
9.228000
11.563000
7.888000
8.428000
4.933000
6.316000
12.444000
11.688000
14.025000
8.420000
15.470000
19.031000
16.535000
0.000000
4.207000
16.272000
11.943000
8.039000
8.065000
6.996000
10.490000
8.899000
6.252000
10.390000
6.915000
13.304000
13.282000
4.993000
6.811000
14.638000
6.895000
13.718000
12.890000
11.323000
8.195000
11.512000
6.168000
11.937000
11.948000
18.584000
13.233000
10.179000
10.878000
11.196000
9.495000
8.000000
10.167000
8.018000
5.278000
11.010000
11.045000
11.241000
8.815000
8.355000
9.162000
5.611000
17.970000
0.000000
11.665000
11.806000
11.295000
11.708000
11.301000
10.517000
6.852000
14.759000
9.041000
11.915000
9.306000
12.811000
7.486000
14.712000
11.579000
9.021000
10.164000
12.148000
5.141000
19.327000
13.197000
17.308000
6.120000
11.662000
10.784000
5.154000
15.729000
12.502000
7.639000
11.246000
15.917000
16.546000
11.566000
9.570000
10.437000
8.496000
18.053000
14.994000
7.020000
6.617000
10.755000
16.505000
8.565000
11.680000
20.184000
5.678000
13.561000
7.955000
17.365000
8.584000
14.565000
7.750000
5.522000
12.417000
12.480000
10.377000
13.010000
10.879000
11.033000
6.732000
5.480000
14.885000
9.357000
14.141000
13.788000
6.501000
9.639000
10.422000
11.683000
4.297000
10.071000
12.013000
10.246000
11.150000
10.354000
13.840000
4.515000
8.332000
15.322000
16.457000
0.000000
16.448000
10.607000
8.953000
13.549000
10.000000
7.695000
10.605000
17.717000
17.745000
10.060000
12.819000
9.177000
12.832000
8.998000
10.843000
9.727000
17.064000
17.574000
16.811000
3.807000
17.126000
9.851000
12.346000
7.165000
9.571000
15.205000
7.275000
8.028000
4.726000
12.789000
11.649000
15.752000
19.824000
12.706000
12.523000
6.121000
14.612000
13.254000
9.557000
7.629000
11.156000
4.000000
14.471000
14.162000
18.743000
8.032000
0.000000
11.389000
0.000000
5.224000
11.232000
17.890000
8.163000
4.051000
12.299000
15.536000
13.480000
10.772000
5.081000
7.908000
12.723000
5.666000
9.464000
6.158000
11.161000
12.986000
8.888000
9.777000
9.711000
7.975000
8.915000
5.573000
2.785000
10.267000
13.598000
6.902000
5.783000
14.367000
8.011000
12.385000
14.549000
9.591000
12.874000
8.897000
10.644000
13.153000
5.032000
11.217000
15.983000
13.774000
9.809000
14.836000
11.529000
11.401000
13.434000
13.099000
8.682000
16.243000
11.134000
10.686000
5.131000
14.803000
12.868000
11.374000
14.188000
15.152000
7.225000
12.015000
12.644000
7.150000
12.220000
7.818000
14.343000
5.118000
11.122000
10.737000
13.033000
7.822000
11.341000
12.024000
9.541000
11.369000
15.121000
10.555000
5.505000
0.000000
8.435000
10.533000
5.448000
4.553000
16.049000
10.841000
0.000000
7.124000
10.720000
5.841000
8.293000
11.564000
8.389000
7.216000
9.107000
10.856000
9.656000
6.121000
16.348000
9.462000
14.030000
2.748000
14.512000
6.069000
5.590000
11.693000
9.533000
8.538000
0.000000
11.062000
13.537000
8.086000
14.641000
6.152000
8.173000
14.944000
9.463000
14.510000
5.985000
9.065000
7.137000
8.804000
13.491000
10.705000
8.699000
10.531000
7.119000
16.726000
12.743000
0.000000
4.657000
12.041000
16.917000
6.015000
1.215000
6.554000
0.742000
2.309000
0.000000
0.000000
0.000000
0.000000
0.000000
8.789000
8.069000
0.000000
4.615000
0.158000
2.737000
6.694000
0.000000
0.000000
5.708000
0.000000
0.000000
0.000000
0.000000
0.000000
0.000000
0.000000
8.802000
0.000000
0.000000
2.403000
0.000000
4.899000
3.773000
4.591000
5.980000
0.000000
0.000000
0.000000
4.158000
16.605000
5.194000
0.000000
17.041000
0.000000
3.336000
0.000000
0.000000
2.927000
4.003000
0.000000
0.000000
0.000000
0.000000
6.202000
0.000000
6.695000
0.000000
2.786000
0.000000
0.000000
0.324000
0.000000
0.000000
4.965000
0.000000
10.184000
0.000000
18.423000
0.000000
6.744000
0.000000
0.000000
8.132000
4.328000
0.000000
9.747000
8.347000
11.819000
11.194000
0.000000
7.992000
0.000000
18.468000
0.000000
10.713000
4.962000
8.951000
0.000000
6.469000
7.339000
3.250000
7.097000
7.468000
12.940000
9.122000
7.895000
0.239000
7.821000
2.592000
11.883000
6.029000
4.731000
6.033000
7.086000
0.000000
0.000000
0.000000
10.117000
12.164000
6.830000
7.983000
0.000000
0.000000
11.359000
0.000000
8.076000
4.129000
10.780000
2.719000
0.000000
11.408000
4.866000
5.534000
0.000000
3.076000
6.949000
11.241000
7.201000
0.000000
8.899000
0.000000
10.394000
14.994000
0.000000
6.478000
0.000000
17.194000
2.723000
0.000000
0.000000
6.412000
7.076000
3.833000
2.414000
10.618000
0.000000
8.720000
6.136000
9.445000
5.877000
13.651000
3.228000
10.399000
0.000000
5.553000
11.396000
6.473000
1.780000
8.730000
8.781000
5.065000
8.178000
2.498000
4.841000
14.552000
6.755000
4.358000
13.539000
7.094000
0.000000
0.000000
5.145000
8.054000
0.000000
6.774000
6.011000
4.139000
6.599000
8.092000
4.829000
0.000000
9.333000
8.001000
11.895000
10.604000
7.695000
11.362000
7.570000
7.172000
6.103000
8.269000
8.175000
6.963000
6.700000
7.679000
3.052000
3.019000
5.336000
15.246000
6.261000
11.590000
10.920000
6.512000
5.188000
4.926000
6.814000
3.672000
6.789000
9.074000
4.664000
7.367000
9.020000
6.177000
0.202000
6.428000
0.000000
5.014000
0.000000
7.869000
5.439000
5.977000
5.083000
5.046000
10.198000
11.102000
8.577000
9.029000
2.710000
6.126000
3.874000
2.341000
3.907000
1.318000
4.234000
9.272000
11.445000
0.607000
11.320000
0.000000
2.634000
4.659000
5.718000
9.308000
9.045000
14.302000
3.138000
6.360000
3.471000
5.509000
13.625000
14.970000
8.117000
0.803000
9.575000
10.342000
3.774000
11.481000
12.690000
4.872000
7.224000
8.948000
7.231000
5.958000
9.396000
3.691000
6.294000
10.143000
8.932000
12.686000
6.856000
5.018000
3.256000
3.501000
2.810000
5.095000
4.813000
15.518000
9.847000
11.182000
7.059000
6.925000
8.256000
9.827000
12.081000
9.248000
6.918000
15.256000
14.778000
5.793000
5.306000
6.868000
12.907000
9.837000
13.777000
6.377000
10.051000
9.544000
4.921000
8.441000
6.162000
4.279000
5.845000
0.000000
14.011000
0.000000
7.895000
6.533000
15.171000
0.000000
10.640000
8.299000
0.000000
10.569000
10.274000
2.352000
16.034000
8.070000
13.313000
8.585000
9.424000
4.056000
6.678000
12.217000
11.816000
11.264000
6.021000
5.387000
9.808000
6.670000
8.287000
4.718000
4.775000
9.193000
8.213000
5.338000
16.438000
5.614000
11.740000
9.758000
9.498000
5.854000
6.287000
10.285000
10.431000
18.159000
6.284000
8.102000
6.288000
11.889000
10.665000
2.965000
6.531000
10.245000
9.104000
15.127000
6.197000
9.605000
4.569000
10.747000
13.579000
10.342000
9.835000
16.126000
4.269000
17.532000
12.759000
3.340000
7.146000
7.571000
12.108000
0.000000
8.015000
9.988000
8.147000
17.217000
9.934000
7.469000
13.650000
9.412000
1.734000
4.748000
8.311000
8.660000
5.730000
7.946000
6.299000
13.713000
12.637000
8.663000
6.729000
6.013000
9.446000
16.654000
4.705000
9.267000
6.800000
3.724000
8.965000
4.739000
5.619000
13.073000
3.333000
0.368000
11.094000
11.816000
6.044000
15.791000
4.543000
9.681000
4.427000
7.520000
9.687000
16.166000
10.094000
0.000000
9.083000
4.959000
6.667000
7.244000
13.928000
9.760000
3.319000
15.714000
8.830000
6.509000
8.840000
5.920000
10.851000
7.438000
6.330000
2.029000
8.894000
4.848000
10.705000
7.261000
10.231000
8.241000
5.960000
13.413000
5.326000
6.625000
4.810000
9.228000
8.884000
7.093000
14.169000
8.255000
10.274000
7.929000
17.519000
7.627000
10.770000
3.999000
3.608000
4.170000
4.886000
9.339000
8.241000
14.780000
5.083000
11.416000
7.894000
13.819000
9.475000
9.966000
6.693000
14.475000
22.210000
10.458000
6.629000
0.000000
7.388000
9.863000
4.529000
13.952000
19.433000
9.504000
10.689000
14.237000
10.257000
12.608000
8.186000
4.894000
10.420000
5.238000
6.108000
5.515000
8.471000
8.668000
12.480000
13.527000
4.308000
2.514000
5.333000
9.089000
8.251000
2.285000
7.669000
9.307000
4.612000
9.735000
6.436000
8.806000
10.645000
9.180000
10.773000
12.126000
16.365000
7.987000
13.730000
6.284000
4.139000
5.901000
8.686000
7.891000
7.742000
9.781000
9.681000
6.404000
6.817000
3.932000
10.754000
8.574000
8.241000
6.537000
6.483000
18.255000
10.867000
4.132000
8.001000
14.507000
8.419000
8.137000
8.270000
4.140000
16.749000
10.296000
12.118000
11.113000
4.428000
1.559000
16.360000
12.961000
15.902000
9.018000
10.426000
8.272000
2.193000
5.001000
10.406000
11.830000
10.303000
8.379000
5.614000
11.257000
12.555000
7.166000
9.177000
7.598000
17.684000
5.389000
4.817000
10.755000
4.438000
5.111000
7.289000
10.040000
12.916000
14.185000
12.429000
12.550000
13.837000
12.114000
4.000000
7.047000
9.458000
9.222000
1.388000
17.490000
6.887000
7.591000
1.557000
15.430000
8.700000
10.440000
8.957000
7.739000
14.253000
4.783000
16.889000
8.465000
8.681000
8.831000
6.731000
7.892000
24.400000
7.981000
5.733000
11.349000
5.174000
5.450000
6.696000
6.297000
8.945000
12.059000
12.767000
18.843000
7.591000
6.723000
9.001000
11.684000
5.361000
10.989000
9.386000
6.355000
4.405000
7.819000
11.811000
9.324000
7.411000
5.885000
12.783000
17.550000
6.776000
7.281000
6.859000
14.544000
14.122000
7.635000
9.506000
7.419000
10.312000
19.999000
7.341000
9.355000
13.210000
5.498000
5.630000
9.979000
8.670000
6.946000
7.704000
5.747000
17.027000
15.643000
10.123000
13.105000
10.702000
9.233000
6.994000
7.237000
8.879000
9.749000
17.047000
11.190000
11.843000
2.100000
9.173000
16.781000
7.701000
5.905000
10.544000
8.759000
6.843000
11.993000
13.153000
12.146000
1.682000
17.281000
5.314000
13.534000
13.847000
12.371000
6.090000
8.348000
16.759000
5.351000
8.423000
10.073000
12.624000
8.367000
11.197000
11.476000
13.350000
6.361000
8.093000
8.221000
14.028000
11.232000
12.904000
6.285000
8.143000
8.827000
9.920000
7.034000
11.742000
14.501000
7.692000
8.071000
7.065000
10.422000
7.884000
4.498000
13.089000
10.605000
5.690000
6.559000
14.187000
6.605000
14.855000
10.474000
4.290000
6.799000
9.150000
9.248000
3.998000
5.413000
10.682000
16.048000
0.000000
10.937000
8.441000
11.439000
10.281000
8.900000
5.345000
15.993000
8.093000
20.112000
12.163000
8.243000
12.448000
13.050000
11.060000
11.377000
10.305000
6.432000
9.707000
6.550000
2.700000
9.456000
7.090000
7.820000
11.172000
11.931000
10.305000
12.450000
13.487000
10.263000
12.559000
13.167000
15.911000
9.356000
7.449000
3.870000
9.312000
4.057000
7.224000
12.551000
13.701000
14.430000
6.408000
11.386000
12.057000
6.977000
21.018000
17.118000
6.208000
11.683000
11.246000
16.822000
3.168000
8.763000
7.601000
10.482000
18.097000
5.837000
8.336000
11.252000
9.421000
7.855000
8.534000
5.429000
14.096000
6.617000
14.064000
9.853000
13.558000
9.009000
5.689000
4.209000
8.266000
5.920000
8.063000
10.643000
7.455000
13.618000
10.293000
7.365000
7.608000
11.518000
12.098000
7.535000
7.145000
8.150000
9.362000
11.506000
8.927000
8.148000
8.787000
13.568000
11.628000
13.714000
14.803000
11.464000
6.306000
8.223000
2.620000
6.472000
4.100000
9.929000
9.772000
17.340000
7.124000
9.115000
16.031000
10.583000
8.860000
9.052000
14.029000
5.398000
10.971000
9.231000
10.810000
15.612000
13.556000
8.756000
9.676000
11.360000
9.536000
10.306000
3.365000
9.835000
8.565000
7.417000
9.056000
11.961000
11.564000
8.319000
3.257000
7.344000
13.206000
5.714000
12.099000
15.198000
13.376000
1.938000
14.688000
9.139000
10.305000
5.131000
7.208000
2.847000
7.210000
13.708000
10.874000
9.196000
8.990000
12.199000
9.219000
13.118000
10.256000
7.014000
7.181000
11.924000
6.239000
8.521000
14.212000
11.332000
10.808000
10.590000
4.548000
5.846000
7.611000
14.790000
9.688000
9.192000
8.717000
11.801000
6.958000
13.651000
4.136000
8.202000
9.526000
12.869000
14.848000
13.860000
14.961000
7.866000
15.533000
12.133000
8.629000
11.006000
7.734000
8.324000
11.704000
14.620000
9.774000
5.300000
11.847000
8.666000
7.670000
6.499000
4.149000
12.395000
9.574000
15.154000
12.000000
14.606000
10.499000
6.772000
9.694000
11.222000
9.302000
4.929000
10.658000
9.872000
17.448000
12.354000
12.815000
12.483000
17.529000
13.459000
9.223000
10.295000
1.141000
7.000000
8.523000
15.420000
15.135000
10.626000
9.503000
3.974000
7.054000
11.889000
5.892000
10.117000
7.414000
6.965000
9.392000
8.705000
5.065000
8.727000
5.310000
7.848000
6.983000
11.749000
4.076000
13.799000
4.695000
10.566000
8.534000
9.955000
14.745000
7.631000
8.491000
14.585000
14.266000
4.849000
12.069000
16.800000
10.334000
9.485000
10.142000
14.818000
9.935000
7.237000
10.461000
0.000000
10.843000
12.978000
11.002000
9.095000
10.315000
2.897000
15.443000
6.699000
8.215000
15.490000
7.791000
2.035000
9.543000
9.528000
8.881000
6.782000
6.879000
10.521000
10.881000
10.523000
5.165000
11.220000
10.834000
9.910000
9.257000
10.867000
12.108000
5.150000
11.619000
5.118000
7.203000
11.610000
12.295000
7.829000
9.574000
10.383000
11.699000
6.458000
8.268000
9.245000
8.590000
10.136000
15.172000
9.003000
17.723000
12.050000
10.618000
7.793000
5.117000
6.911000
10.115000
6.006000
14.919000
4.385000
13.956000
12.668000
8.881000
9.153000
10.953000
7.392000
6.067000
5.823000
6.235000
12.874000
13.279000
5.419000
17.119000
13.415000
8.570000
12.323000
13.203000
11.404000
13.299000
18.008000
9.936000
8.324000
12.510000
6.990000
8.911000
4.949000
4.865000
10.801000
8.178000
16.761000
6.223000
12.069000
12.179000
7.002000
7.318000
6.629000
10.715000
12.565000
12.488000
12.531000
3.890000
8.051000
7.793000
7.260000
12.061000
14.878000
7.311000
11.754000
6.431000
10.078000
10.012000
14.331000
9.678000
7.525000
18.557000
15.636000
14.028000
6.770000
4.827000
6.584000
8.695000
7.807000
18.039000
12.058000
5.198000
20.163000
6.114000
7.668000
1.734000
10.910000
7.457000
7.915000
9.281000
10.622000
8.010000
10.871000
13.474000
19.629000
10.383000
6.627000
6.076000
10.067000
5.422000
16.279000
4.261000
16.690000
11.900000
3.424000
3.910000
8.276000
0.137000
5.369000
3.669000
10.861000
4.671000
7.428000
7.460000
16.385000
0.000000
5.144000
15.357000
3.015000
5.564000
1.525000
12.656000
4.478000
5.257000
6.848000
4.685000
10.103000
16.491000
16.030000
9.752000
5.531000
9.344000
6.109000
3.694000
3.920000
17.886000
5.558000
9.979000
7.781000
6.100000
6.441000
11.234000
14.796000
10.171000
10.787000
20.275000
2.677000
1.951000
8.835000
15.550000
5.226000
6.490000
14.778000
1.267000
16.839000
13.277000
4.335000
15.903000
8.693000
6.355000
9.228000
7.091000
10.360000
7.084000
6.120000
11.720000
10.311000
4.268000
3.497000
4.721000
1.234000
5.889000
6.506000
15.251000
11.756000
9.766000
12.456000
3.974000
8.410000
5.547000
1.925000
2.198000
8.264000
8.195000
6.086000
3.192000
0.000000
12.973000
8.060000
9.818000
7.413000
5.358000
10.333000
2.225000
5.321000
0.000000
7.044000
12.120000
11.241000
6.475000
3.517000
0.000000
0.589000
5.443000
2.480000
12.605000
3.939000
1.453000
13.819000
0.000000
0.359000
4.505000
0.752000
0.206000
4.537000
0.000000
13.980000
0.000000
2.570000
0.502000
0.596000
1.497000
0.633000
4.374000
13.349000
12.710000
21.271000
0.767000
9.298000
9.991000
9.388000
18.207000
2.197000
0.000000
7.778000
1.329000
2.103000
4.979000
13.933000
4.467000
12.913000
6.552000
0.000000
1.124000
0.000000
2.657000
4.660000
10.203000
13.779000
0.000000
2.794000
16.157000
9.690000
7.014000
14.054000
0.000000
0.000000
0.480000
4.711000
8.368000
4.334000
0.000000
8.170000
1.835000
19.036000
4.712000
0.000000
8.380000
11.619000
10.382000
0.390000
1.824000
0.000000
7.667000
11.944000
2.974000
9.263000
0.099000
14.978000
7.791000
3.992000
6.956000
9.317000
6.625000
9.521000
7.053000
2.675000
9.971000
3.540000
8.756000
16.922000
10.745000
4.854000
3.173000
11.126000
8.879000
0.000000
6.327000
0.000000
3.321000
8.062000
5.353000
10.991000
12.457000
7.051000
6.278000
12.769000
6.514000
0.359000
7.506000
6.621000
11.966000
6.497000
0.000000
13.111000
3.188000
9.529000
6.744000
0.000000
4.366000
3.859000
8.895000
2.010000
11.287000
9.394000
8.373000
10.956000
13.004000
5.433000
10.026000
10.225000
12.781000
18.426000
6.080000
13.325000
0.000000
1.301000
8.104000
12.939000
7.303000
11.142000
8.285000
5.907000
8.025000
6.392000
15.694000
8.379000
5.288000
7.462000
11.224000
2.574000
2.801000
6.753000
10.477000
16.210000
3.221000
0.000000
14.662000
9.666000
5.963000
13.974000
11.286000
2.533000
0.138000
5.823000
11.450000
4.380000
9.754000
5.609000
11.358000
10.769000
12.019000
12.134000
4.535000
12.169000
20.709000
16.651000
16.817000
6.378000
1.595000
5.963000
0.000000
8.683000
6.805000
10.826000
9.106000
8.322000
3.085000
9.753000
6.230000
8.477000
6.665000
2.299000
0.000000
3.489000
11.752000
11.677000
9.793000
13.115000
0.101000
0.000000
14.070000
2.999000
11.102000
6.815000
13.208000
3.214000
2.236000
4.854000
8.428000
4.174000
0.000000
9.126000
13.046000
9.758000
1.429000
5.510000
11.916000
8.199000
6.953000
0.000000
7.732000
4.903000
5.749000
13.147000
1.471000
6.838000
12.022000
3.807000
3.604000
6.869000
11.623000
1.683000
7.723000
1.640000
4.545000
10.220000
3.846000
10.486000
7.408000
7.666000
2.092000
9.344000
7.715000
7.586000
2.683000
13.227000
0.000000
2.337000
8.181000
17.583000
4.422000
7.832000
1.475000
7.868000
4.134000
8.784000
4.515000
11.639000
1.112000
8.954000
1.692000
1.366000
5.064000
2.830000
6.557000
5.474000
1.198000
0.000000
7.204000
8.893000
8.463000
10.158000
6.938000
4.006000
1.898000
18.215000
4.073000
8.270000
4.743000
9.789000
6.773000
10.500000
3.246000
4.571000
0.155000
2.846000
19.325000
0.333000
9.700000
4.606000
0.410000
11.995000
0.000000
9.375000
6.975000
2.980000
3.199000
4.186000
9.210000
11.215000
8.478000
7.313000
6.389000
6.187000
5.804000
4.567000
0.270000
1.603000
0.000000
4.765000
2.834000
1.194000
17.207000
5.099000
14.783000
4.301000
0.370000
1.844000
5.369000
14.299000
5.747000
2.366000
7.082000
6.746000
1.981000
2.915000
13.720000
0.000000
5.785000
0.604000
8.924000
4.202000
2.622000
6.954000
5.889000
3.835000
5.386000
8.029000
3.135000
2.440000
2.652000
7.075000
7.795000
9.810000
5.755000
5.554000
12.343000
2.155000
19.147000
6.990000
3.636000
0.000000
8.725000
1.329000
9.579000
13.317000
5.444000
12.944000
11.111000
4.890000
0.000000
11.463000
0.582000
4.279000
17.800000
4.116000
5.205000
0.374000
14.003000
12.081000
3.807000
3.600000
8.532000
9.981000
1.935000
9.678000
4.777000
14.527000
8.703000
8.391000
15.751000
5.606000
8.842000
14.061000
7.490000
4.471000
2.911000
1.748000
12.089000
5.995000
4.570000
16.394000
5.923000
4.751000
3.181000
8.286000
12.621000
12.947000
13.708000
7.559000
7.472000
14.910000
6.046000
6.796000
4.080000
4.744000
3.082000
6.856000
3.497000
9.909000
3.978000
10.279000
6.488000
8.858000
17.593000
5.735000
10.218000
15.587000
4.021000
11.404000
13.055000
2.437000
7.723000
4.842000
11.225000
6.139000
16.303000
5.735000
7.861000
5.270000
7.018000
8.932000
1.018000
4.199000
0.883000
16.480000
9.277000
2.044000
20.628000
2.225000
5.193000
13.482000
6.475000
18.422000
8.049000
18.709000
8.791000
7.766000
14.955000
8.469000
8.242000
14.031000
17.153000
11.058000
5.277000
6.538000
6.226000
11.469000
7.153000
3.529000
17.418000
4.738000
14.465000
10.881000
5.200000
6.837000
9.640000
4.687000
5.232000
18.325000
12.209000
8.428000
16.345000
10.380000
8.046000
7.919000
14.977000
9.930000
8.829000
9.713000
1.535000
17.754000
8.115000
6.381000
8.297000
10.745000
4.593000
14.436000
7.562000
13.433000
17.980000
8.294000
6.538000
14.543000
18.878000
15.676000
3.775000
11.642000
9.098000
9.661000
19.011000
12.864000
9.128000
11.157000
10.942000
14.924000
11.629000
6.910000
3.353000
15.630000
9.521000
8.110000
1.685000
0.000000
6.937000
6.898000
17.246000
14.481000
2.173000
12.531000
11.676000
12.677000
7.538000
11.161000
6.127000
5.731000
8.148000
13.386000
11.712000
7.565000
5.418000
9.999000
8.338000
7.370000
3.526000
4.328000
12.120000
3.824000
14.859000
9.104000
10.836000
12.434000
14.547000
6.650000
13.303000
8.248000
3.983000
7.489000
6.659000
7.364000
7.440000
6.647000
9.019000
16.302000
16.828000
3.289000
1.791000
10.340000
11.569000
14.313000
19.521000
9.065000
15.355000
7.988000
10.820000
6.734000
13.522000
6.742000
4.442000
12.152000
16.257000
3.276000
17.422000
11.333000
8.414000
7.698000
10.075000
9.399000
8.324000
9.328000
3.396000
7.091000
7.065000
4.484000
10.917000
13.163000
13.994000
6.667000
8.914000
7.245000
10.109000
6.317000
14.137000
7.744000
7.880000
9.785000
8.464000
10.454000
7.920000
6.371000
4.003000
8.144000
9.076000
12.462000
4.478000
5.991000
8.071000
16.067000
11.441000
11.607000
14.423000
8.287000
0.876000
8.593000
4.273000
7.313000
4.308000
6.356000
2.563000
8.317000
8.932000
7.641000
11.458000
15.074000
5.075000
5.688000
8.451000
10.687000
7.858000
12.099000
13.362000
8.408000
3.515000
12.788000
12.752000
9.790000
16.627000
8.748000
8.908000
7.159000
6.466000
10.335000
4.663000
2.882000
7.723000
7.200000
7.403000
5.278000
12.377000
8.969000
9.821000
5.328000
12.805000
9.725000
7.210000
9.680000
10.490000
7.319000
5.881000
5.670000
3.429000
6.873000
16.508000
8.489000
7.552000
17.938000
7.213000
7.269000
9.341000
12.156000
8.957000
18.705000
4.914000
9.685000
6.087000
4.018000
12.388000
8.054000
4.849000
7.763000
8.545000
6.738000
9.121000
11.474000
14.882000
8.117000
6.150000
13.447000
2.547000
1.862000
12.227000
7.381000
7.512000
10.727000
4.559000
7.064000
12.601000
7.541000
10.848000
8.065000
5.377000
5.924000
7.094000
10.463000
8.342000
8.995000
12.668000
9.669000
6.647000
9.068000
8.585000
10.272000
5.938000
9.343000
3.854000
10.572000
16.578000
8.882000
9.272000
8.277000
10.322000
14.878000
5.198000
4.092000
3.339000
21.031000
2.800000
9.624000
9.004000
4.192000
4.314000
4.986000
4.916000
1.590000
6.971000
6.213000
12.375000
12.611000
12.044000
10.484000
15.035000
9.426000
8.903000
4.426000
5.167000
3.162000
1.597000
11.060000
8.919000
8.286000
2.850000
2.246000
7.192000
8.982000
13.780000
19.473000
11.309000
7.325000
1.590000
6.723000
8.570000
11.835000
11.093000
6.368000
3.907000
9.744000
6.746000
8.091000
6.472000
6.411000
4.134000
1.667000
6.702000
6.318000
4.676000
8.026000
8.845000
4.207000
7.625000
14.474000
9.956000
9.373000
5.124000
7.219000
8.047000
13.929000
16.383000
8.329000
9.997000
9.479000
10.663000
10.031000
7.834000
20.292000
9.304000
7.837000
8.503000
4.820000
5.744000
9.608000
8.825000
7.510000
12.042000
12.736000
8.711000
8.248000
4.883000
6.988000
9.532000
14.923000
10.721000
12.370000
10.950000
6.823000
9.251000
0.197000
16.248000
2.668000
4.722000
10.198000
11.716000
11.965000
6.243000
8.391000
7.497000
2.507000
4.801000
4.570000
0.045000
4.257000
11.286000
5.512000
3.297000
10.551000
3.160000
9.190000
8.757000
7.121000
0.020000
5.277000
5.248000
2.276000
4.784000
10.748000
9.307000
6.071000
8.146000
6.450000
4.316000
7.459000
11.889000
2.990000
0.000000
3.640000
14.273000
5.654000
7.185000
2.955000
5.415000
11.978000
0.738000
3.103000
4.615000
8.452000
0.000000
6.591000
8.954000
0.000000
6.213000
5.153000
4.490000
1.468000
0.000000
7.240000
0.000000
0.000000
6.068000
1.861000
6.153000
7.769000
6.751000
7.372000
2.786000
2.667000
5.493000
6.581000
4.150000
4.636000
8.800000
7.245000
6.778000
1.298000
4.355000
0.000000
10.748000
0.575000
8.240000
10.509000
2.308000
6.572000
4.072000
1.110000
3.444000
18.837000
3.866000
6.861000
4.512000
3.730000
0.215000
0.945000
3.444000
8.770000
5.494000
3.261000
2.370000
5.069000
6.270000
1.449000
6.154000
11.876000
2.361000
2.335000
1.365000
7.072000
0.922000
3.124000
2.347000
3.284000
0.027000
3.278000
10.168000
0.000000
4.398000
3.338000
3.305000
7.961000
0.000000
0.234000
6.534000
0.000000
2.419000
5.834000
1.618000
5.442000
6.007000
1.577000
2.698000
0.000000
6.357000
3.866000
4.955000
2.584000
3.829000
0.024000
7.082000
8.410000
8.947000
9.216000
9.863000
1.794000
5.370000
10.198000
17.324000
0.967000
4.104000
7.824000
13.941000
1.847000
11.475000
3.834000
4.571000
11.828000
13.759000
9.804000
0.000000
1.025000
10.371000
12.420000
3.911000
3.533000
3.274000
0.669000
12.754000
0.000000
5.598000
6.343000
7.733000
5.047000
15.453000
5.440000
8.560000
7.113000
12.558000
11.846000
1.695000
7.970000
7.177000
1.645000
4.108000
0.173000
15.330000
12.836000
9.285000
5.506000
10.266000
5.525000
3.901000
8.051000
1.304000
0.000000
3.263000
9.335000
4.873000
1.424000
10.594000
14.902000
14.632000
5.199000
0.652000
8.255000
4.280000
0.539000
15.964000
6.308000
9.049000
3.459000
6.059000
3.128000
0.000000
10.206000
10.654000
0.751000
0.281000
3.347000
0.803000
2.988000
2.980000
13.449000
3.933000
10.570000
2.609000
1.067000
6.182000
1.976000
1.565000
2.816000
2.682000
1.220000
1.862000
10.147000
8.475000
5.691000
10.547000
3.312000
10.277000
3.876000
7.485000
1.006000
16.353000
3.051000
8.441000
10.117000
8.843000
5.757000
6.349000
6.927000
3.179000
7.481000
12.232000
4.098000
5.031000
2.891000
11.182000
5.856000
11.223000
9.859000
4.272000
12.498000
4.028000
8.737000
13.273000
3.768000
6.389000
3.948000
5.187000
2.223000
6.714000
3.095000
9.494000
7.703000
2.916000
2.093000
16.511000
6.051000
8.625000
9.100000
6.456000
1.974000
6.761000
6.588000
1.702000
0.314000
7.947000
0.000000
4.789000
0.000000
2.644000
14.703000
0.000000
6.627000
1.775000
2.472000
6.753000
8.807000
11.014000
8.114000
9.633000
2.709000
6.415000
4.658000
3.920000
4.681000
0.000000
1.543000
5.942000
4.287000
18.143000
10.368000
8.749000
6.830000
7.523000
7.387000
9.689000
2.696000
4.442000
4.860000
8.591000
10.041000
6.233000
2.401000
10.588000
3.626000
7.332000
3.240000
9.757000
15.848000
9.872000
9.873000
11.787000
4.037000
7.996000
2.107000
5.609000
6.424000
0.000000
7.923000
9.266000
14.261000
9.596000
6.851000
19.962000
15.283000
13.277000
5.897000
4.489000
8.476000
10.406000
7.418000
17.855000
6.176000
4.276000
10.348000
15.279000
0.000000
7.701000
7.513000
14.524000
2.323000
4.520000
16.543000
2.357000
1.766000
0.000000
11.216000
7.755000
2.105000
12.703000
4.711000
3.929000
6.631000
9.270000
3.761000
10.309000
3.328000
8.420000
4.961000
3.478000
13.839000
7.356000
2.750000
10.194000
7.100000
9.740000
8.909000
7.217000
7.836000
7.460000
7.462000
13.719000
6.489000
10.584000
4.617000
4.084000
10.658000
2.529000
6.851000
7.185000
5.846000
13.635000
10.336000
6.710000
16.439000
8.325000
5.518000
7.992000
7.844000
3.886000
7.484000
8.711000
4.377000
2.034000
5.333000
9.949000
7.920000
4.389000
0.765000
0.510000
10.689000
9.250000
10.742000
1.692000
4.178000
9.412000
3.903000
7.929000
11.616000
14.727000
2.776000
0.000000
7.843000
7.378000
8.107000
4.779000
2.635000
7.758000
10.489000
4.734000
6.856000
11.700000
6.109000
6.887000
7.132000
0.235000
7.107000
6.167000
5.785000
4.086000
2.326000
5.355000
11.672000
0.544000
2.910000
7.697000
2.038000
7.973000
3.517000
12.395000
7.722000
8.710000
4.797000
0.847000
4.555000
23.434000
1.378000
16.643000
4.139000
6.911000
5.799000
5.756000
3.124000
6.029000
5.646000
4.308000
10.609000
12.555000
15.482000
9.537000
2.623000
2.147000
6.544000
5.212000
8.240000
2.349000
8.410000
2.147000
9.406000
3.241000
8.343000
4.888000
14.310000
8.972000
2.838000
12.410000
5.618000
5.657000
14.096000
6.907000
4.494000
3.519000
8.837000
17.290000
0.000000
3.673000
12.851000
7.117000
9.944000
12.068000
9.961000
0.632000
6.232000
9.496000
4.946000
0.000000
16.124000
4.836000
6.854000
2.320000
0.000000
5.156000
10.038000
10.374000
4.264000
15.659000
6.751000
7.711000
8.761000
10.266000
4.303000
6.631000
7.849000
7.896000
9.989000
3.191000
8.550000
0.213000
8.085000
1.031000
1.113000
8.157000
2.548000
4.394000
11.591000
1.928000
4.834000
7.124000
9.275000
6.088000
14.914000
7.900000
3.298000
13.706000
8.075000
14.243000
3.803000
17.118000
3.768000
6.518000
8.341000
7.929000
7.774000
19.590000
10.237000
7.699000
6.887000
3.944000
8.538000
5.736000
5.368000
0.000000
3.040000
12.202000
6.541000
9.003000
10.802000
2.763000
4.778000
8.310000
3.043000
10.860000
11.892000
9.529000
11.305000
14.014000
12.677000
3.882000
11.460000
14.708000
7.209000
9.715000
7.254000
4.632000
3.832000
0.000000
1.602000
10.137000
4.986000
3.976000
7.046000
9.197000
9.411000
4.642000
8.475000
7.345000
6.707000
6.774000
11.876000
3.581000
15.947000
11.769000
5.794000
4.642000
15.317000
12.174000
9.804000
2.957000
2.445000
4.461000
8.059000
2.932000
5.622000
12.895000
5.638000
11.772000
4.066000
7.804000
0.000000
5.867000
7.715000
3.045000
4.895000
10.658000
2.993000
6.467000
7.808000
5.366000
12.544000
7.079000
9.907000
4.613000
16.162000
1.703000
7.672000
2.303000
12.059000
9.297000
7.511000
5.615000
6.148000
9.643000
5.942000
8.283000
9.672000
7.042000
6.370000
3.603000
10.418000
6.801000
8.592000
14.614000
9.262000
5.452000
3.997000
6.840000
7.510000
5.823000
4.489000
2.349000
10.857000
3.239000
7.536000
12.466000
13.562000
9.320000
7.222000
3.007000
6.288000
16.399000
4.608000
10.103000
7.712000
6.331000
3.987000
6.816000
3.635000
8.888000
6.811000
16.810000
6.187000
9.563000
8.832000
10.153000
3.742000
4.340000
11.209000
0.000000
7.975000
9.676000
4.606000
8.112000
7.849000
4.339000
13.990000
9.031000
6.542000
7.172000
13.093000
5.211000
3.684000
10.945000
11.620000
7.293000
10.235000
2.944000
14.506000
9.609000
5.948000
6.128000
11.596000
3.236000
11.336000
7.588000
10.383000
13.867000
14.480000
2.491000
13.691000
6.910000
7.808000
17.073000
4.181000
12.262000
15.023000
6.903000
5.514000
7.557000
0.970000
14.045000
7.178000
3.521000
5.585000
16.172000
4.851000
5.021000
3.074000
4.811000
15.972000
3.749000
8.802000
2.374000
6.003000
14.031000
6.777000
10.925000
8.557000
6.576000
10.244000
5.123000
7.820000
6.795000
14.844000
7.131000
8.490000
9.000000
8.643000
11.762000
1.443000
10.537000
13.637000
10.784000
12.562000
5.394000
15.421000
4.143000
7.483000
3.636000
3.912000
4.654000
6.096000
14.536000
13.943000
6.102000
9.970000
7.665000
12.688000
11.215000
8.449000
4.720000
15.405000
2.323000
10.211000
4.223000
13.719000
6.866000
1.603000
11.169000
9.531000
6.066000
12.194000
10.861000
14.408000
8.872000
9.782000
11.362000
1.991000
6.150000
10.961000
8.566000
3.299000
10.528000
4.255000
6.582000
12.043000
3.444000
9.473000
13.109000
5.440000
9.850000
4.830000
5.029000
9.072000
12.244000
1.063000
4.739000
4.265000
8.370000
6.321000
9.201000
11.468000
5.392000
16.817000
4.936000
2.202000
8.886000
16.613000
3.947000
4.461000
14.507000
1.980000
0.042000
8.135000
12.313000
3.435000
8.007000
8.277000
12.035000
11.834000
1.905000
7.681000
12.152000
14.180000
12.691000
9.935000
12.674000
3.384000
2.989000
8.634000
7.969000
12.660000
5.586000
6.468000
11.995000
3.576000
10.922000
9.562000
4.576000
0.000000
12.677000
6.615000
10.192000
13.493000
11.999000
16.679000
5.350000
13.998000
6.198000
9.462000
8.892000
9.934000
14.093000
7.161000
7.769000
7.869000
15.587000
10.276000
8.992000
4.759000
2.422000
7.289000
4.604000
10.829000
5.780000
5.609000
6.865000
4.429000
13.434000
2.088000
4.006000
10.847000
0.792000
9.007000
7.137000
3.016000
8.418000
6.485000
6.448000
11.875000
14.287000
5.719000
3.121000
5.735000
5.407000
7.016000
11.456000
5.722000
7.739000
18.669000
4.118000
2.492000
5.863000
9.566000
6.105000
7.880000
0.763000
5.960000
11.013000
13.847000
5.731000
22.283000
4.568000
12.764000
3.138000
4.162000
4.921000
14.496000
3.711000
13.735000
8.294000
15.282000
9.483000
7.907000
6.008000
11.250000
11.535000
10.568000
8.942000
6.033000
6.570000
7.869000
5.810000
11.532000
17.229000
2.142000
9.976000
4.319000
3.896000
15.606000
3.628000
11.563000
0.259000
6.250000
14.799000
11.876000
4.839000
8.337000
8.527000
11.541000
9.349000
0.000000
5.838000
9.048000
6.614000
8.445000
5.775000
9.755000
16.611000
6.631000
10.189000
9.623000
11.023000
10.149000
9.303000
11.908000
5.561000
12.286000
6.681000
11.573000
14.991000
5.914000
14.666000
3.218000
2.739000
3.993000
4.984000
7.428000
9.245000
3.806000
19.518000
3.044000
7.021000
13.596000
6.596000
17.492000
7.500000
7.996000
7.420000
11.630000
16.593000
1.766000
10.184000
6.163000
7.133000
18.601000
8.047000
7.666000
7.816000
16.985000
10.313000
13.573000
10.452000
8.975000
4.395000
3.444000
11.078000
7.737000
9.297000
16.883000
8.461000
5.092000
12.938000
7.120000
12.559000
4.789000
5.382000
7.221000
6.053000
0.746000
8.085000
5.686000
21.029000
15.914000
5.584000
6.438000
10.518000
4.568000
5.426000
10.106000
14.963000
15.216000
4.633000
15.559000
12.514000
6.220000
0.061000
11.010000
13.301000
8.083000
12.531000
0.797000
13.245000
7.485000
9.243000
12.975000
6.258000
5.121000
0.000000
9.884000
5.946000
15.804000
2.253000
7.387000
4.376000
12.486000
9.152000
6.047000
9.850000
2.997000
15.987000
8.693000
3.829000
16.660000
2.914000
9.879000
1.426000
10.126000
8.074000
1.768000
4.156000
9.188000
7.345000
13.883000
13.725000
13.319000
10.685000
7.207000
7.574000
6.233000
9.496000
18.527000
13.023000
0.000000
9.715000
10.252000
15.313000
10.381000
7.714000
4.002000
7.849000
14.065000
7.861000
3.894000
9.059000
0.874000
15.954000
0.000000
5.428000
1.791000
4.492000
12.430000
13.646000
10.993000
2.651000
4.812000
3.430000
8.586000
11.025000
6.573000
1.921000
7.517000
3.787000
6.657000
5.559000
15.550000
10.018000
6.049000
7.851000
12.887000
3.190000
3.079000
4.904000
3.512000
16.346000
5.263000
5.856000
6.934000
17.099000
5.261000
0.910000
3.067000
6.195000
7.084000
7.731000
5.999000
4.248000
14.092000
5.151000
7.308000
22.330000
9.058000
7.920000
3.137000
8.920000
9.008000
5.267000
5.816000
6.198000
9.121000
5.668000
19.428000
1.898000
3.773000
6.028000
10.858000
2.643000
12.283000
7.061000
0.256000
8.613000
7.540000
7.459000
17.094000
8.241000
13.997000
2.801000
6.831000
5.610000
8.371000
9.588000
9.664000
7.713000
7.902000
7.268000
13.624000
5.177000
8.584000
12.941000
4.825000
20.046000
7.651000
1.629000
9.463000
6.176000
6.852000
5.524000
7.214000
9.496000
12.123000
6.298000
7.895000
12.843000
8.107000
7.344000
5.529000
5.617000
4.815000
0.000000
15.401000
8.063000
4.813000
5.521000
18.958000
18.689000
5.481000
4.739000
10.915000
13.851000
11.552000
7.137000
1.530000
8.346000
4.273000
12.001000
13.459000
18.414000
1.967000
15.162000
11.618000
3.615000
8.754000
10.240000
4.862000
9.059000
3.846000
5.557000
16.288000
13.237000
7.312000
6.004000
10.990000
9.390000
3.661000
14.025000
12.023000
3.045000
9.980000
4.683000
6.468000
4.591000
10.230000
12.891000
2.022000
11.192000
15.176000
9.676000
10.134000
0.000000
8.267000
1.826000
14.466000
11.415000
6.891000
4.480000
4.916000
13.199000
17.081000
8.160000
5.089000
6.212000
11.212000
9.103000
3.377000
10.724000
13.417000
15.628000
7.346000
6.777000
13.618000
7.700000
9.801000
4.689000
10.235000
9.158000
9.141000
6.273000
14.519000
7.769000
8.271000
15.780000
9.229000
7.536000
15.311000
7.912000
8.402000
10.459000
2.823000
14.402000
4.602000
10.146000
8.601000
0.000000
10.826000
4.919000
9.570000
8.959000
7.786000
16.955000
14.007000
9.667000
4.177000
9.172000
13.869000
9.372000
2.708000
9.850000
7.118000
7.563000
15.638000
14.094000
7.936000
10.467000
14.094000
19.199000
14.366000
11.000000
19.494000
9.173000
4.962000
16.108000
10.238000
18.876000
17.861000
0.099000
6.980000
3.186000
2.112000
10.977000
10.658000
12.962000
15.706000
9.518000
0.000000
11.226000
4.557000
12.739000
3.798000
10.826000
14.536000
8.549000
7.546000
7.289000
4.531000
9.174000
13.320000
14.718000
12.870000
1.604000
14.491000
0.059000
14.950000
16.445000
0.630000
18.680000
20.704000
14.359000
0.000000
5.213000
5.674000
11.479000
6.155000
3.632000
14.485000
0.000000
7.897000
0.107000
8.925000
7.393000
6.430000
11.251000
12.255000
14.613000
7.752000
7.871000
9.980000
5.741000
11.663000
2.100000
0.000000
8.925000
0.000000
3.033000
2.004000
5.656000
3.775000
8.316000
7.759000
4.284000
6.542000
10.994000
4.081000
8.886000
3.766000
13.221000
6.375000
5.808000
14.929000
5.431000
12.474000
5.245000
8.610000
4.381000
6.530000
18.555000
7.232000
2.033000
10.684000
0.000000
4.974000
3.617000
8.657000
15.601000
19.568000
1.066000
11.237000
10.818000
4.394000
0.000000
14.805000
11.925000
12.119000
11.649000
9.891000
11.603000
13.530000
9.818000
10.243000
10.770000
13.145000
17.641000
4.352000
9.786000
13.092000
9.585000
0.000000
5.768000
12.496000
7.886000
2.786000
1.750000
7.256000
11.247000
0.000000
18.777000
10.842000
11.572000
10.650000
10.973000
5.424000
4.997000
18.915000
5.206000
13.413000
0.000000
1.240000
0.085000
11.325000
11.151000
10.328000
5.683000
10.019000
8.784000
10.197000
8.461000
10.876000
11.579000
7.895000
6.525000
9.820000
0.272000
0.000000
1.501000
10.858000
0.843000
0.577000
1.973000
14.891000
0.000000
1.678000
0.000000
0.000000
4.913000
10.639000
0.000000
3.738000
0.000000
6.621000
0.000000
13.050000
4.879000
0.813000
9.769000
6.607000
6.984000
10.961000
9.439000
10.861000
0.000000
0.000000
1.193000
0.000000
3.035000
15.025000
6.594000
11.355000
5.334000
0.000000
1.962000
19.780000
0.078000
0.000000
0.000000
15.638000
0.322000
18.632000
0.000000
1.527000
12.551000
0.000000
0.000000
1.329000
0.000000
9.505000
0.000000
0.000000
2.452000
9.554000
1.718000
9.510000
10.588000
4.126000
18.797000
8.873000
8.717000
0.000000
11.730000
0.622000
0.000000
8.544000
7.282000
0.000000
13.494000
8.444000
5.970000
12.805000
1.975000
0.000000
1.544000
13.420000
14.059000
4.032000
2.320000
14.312000
5.451000
0.000000
2.134000
18.049000
6.682000
0.889000
0.000000
0.000000
6.224000
9.130000
1.319000
0.000000
0.000000
15.593000
0.000000
2.460000
2.349000
0.989000
17.995000
3.614000
9.821000
0.000000
0.000000
3.652000
0.000000
9.899000
0.000000
11.027000
8.670000
8.418000
0.000000
0.112000
21.257000
3.878000
6.630000
0.000000
10.486000
0.182000
6.488000
0.000000
12.084000
7.949000
10.427000
11.555000
0.000000
3.368000
8.954000
0.000000
0.000000
3.291000
2.455000
3.565000
0.272000
5.174000
8.365000
7.479000
2.061000
0.518000
0.811000
2.124000
10.817000
0.000000
0.000000
6.661000
3.024000
11.402000
6.771000
0.000000
1.803000
2.783000
0.000000
0.000000
0.646000
13.839000
0.000000
2.083000
0.000000
1.699000
2.400000
7.209000
0.000000
2.363000
5.809000
15.530000
0.000000
12.996000
0.000000
0.000000
0.000000
0.000000
0.000000
8.134000
0.000000
0.000000
1.156000
0.000000
6.199000
4.086000
7.709000
9.804000
7.733000
1.376000
13.218000
0.000000
2.508000
23.175000
0.000000
0.000000
6.970000
9.968000
1.346000
1.875000
0.000000
0.886000
3.471000
11.737000
2.731000
6.772000
2.322000
6.842000
2.256000
5.090000
0.000000
0.000000
4.825000
5.154000
0.000000
1.094000
3.964000
3.352000
1.009000
0.000000
1.313000
0.883000
0.000000
0.000000
0.000000
1.508000
0.000000
12.977000
6.154000
2.416000
2.286000
3.376000
4.184000
4.641000
0.000000
7.384000
0.000000
3.795000
3.265000
0.450000
0.000000
1.986000
1.769000
0.000000
0.000000
1.473000
0.000000
0.000000
2.368000
0.000000
2.841000
0.000000
15.353000
4.104000
0.000000
2.596000
1.228000
2.625000
0.000000
0.000000
0.000000
9.715000
2.955000
1.783000
2.375000
7.702000
3.586000
0.000000
8.236000
2.689000
7.628000
1.956000
0.000000
0.000000
0.000000
0.000000
0.210000
0.369000
2.788000
8.378000
10.477000
9.329000
0.000000
0.000000
0.000000
14.264000
3.167000
0.416000
5.497000
0.300000
0.000000
0.000000
0.000000
3.163000
1.861000
0.000000
7.939000
7.082000
2.290000
5.831000
0.000000
0.000000
11.407000
3.660000
6.911000
2.471000
0.000000
0.929000
0.780000
0.000000
0.000000
0.000000
0.000000
2.997000
3.579000
2.610000
4.308000
5.608000
0.000000
0.000000
10.340000
1.774000
1.712000
6.633000
2.449000
0.000000
0.000000
4.504000
0.000000
6.994000
8.273000
6.452000
5.959000
2.618000
3.177000
3.244000
0.000000
5.934000
0.000000
1.266000
0.669000
8.592000
0.000000
2.244000
1.991000
1.002000
4.976000
5.684000
4.563000
0.188000
0.000000
0.000000
0.000000
1.637000
0.000000
0.000000
0.000000
5.645000
0.000000
0.000000
0.000000
13.012000
3.572000
0.000000
4.732000
0.000000
4.423000
0.627000
4.412000
1.179000
1.751000
3.385000
9.516000
0.000000
7.862000
3.232000
4.598000
0.000000
6.194000
3.372000
12.086000
1.959000
2.762000
5.973000
6.750000
13.115000
0.830000
4.035000
0.000000
4.126000
0.000000
0.000000
0.000000
0.000000
0.000000
5.974000
1.755000
0.000000
0.000000
1.836000
0.000000
2.774000
2.486000
5.475000
0.000000
5.323000
0.000000
2.137000
5.985000
3.305000
2.895000
6.044000
4.183000
0.000000
7.450000
0.000000
0.000000
15.291000
2.588000
0.765000
7.153000
10.318000
0.000000
4.271000
0.000000
0.728000
0.000000
3.063000
0.000000
0.698000
0.916000
0.000000
0.000000
2.837000
4.480000
0.000000
1.137000
7.355000
3.336000
1.201000
0.000000
13.672000
0.000000
0.000000
2.143000
0.000000
1.450000
3.618000
4.175000
4.112000
2.202000
6.181000
0.000000
3.836000
1.781000
0.000000
10.279000
0.000000
1.196000
0.000000
0.000000
0.000000
0.000000
9.310000
1.691000
6.196000
1.198000
3.676000
2.533000
0.000000
0.000000
2.550000
14.371000
0.000000
7.183000
1.719000
0.000000
0.000000
10.840000
0.000000
0.000000
2.525000
0.000000
1.049000
0.000000
6.006000
0.866000
7.280000
0.000000
0.000000
0.000000
5.024000
0.000000
9.916000
0.000000
2.548000
12.402000
0.210000
0.000000
2.820000
7.118000
3.861000
4.658000
2.333000
0.000000
0.000000
0.000000
2.816000
2.124000
0.000000
0.000000
0.000000
0.000000
2.777000
8.302000
6.400000
0.000000
0.000000
2.799000
0.000000
0.000000
0.000000
0.000000
0.849000
0.103000
1.102000
2.498000
0.000000
0.595000
0.000000
0.000000
2.099000
6.992000
2.811000
3.109000
2.141000
2.567000
0.000000
13.963000
0.000000
0.303000
0.574000
6.935000
1.455000
6.482000
4.103000
1.105000
0.000000
5.324000
6.246000
8.915000
0.000000
3.571000
0.000000
0.000000
0.000000
0.000000
0.000000
0.000000
0.000000
6.423000
3.016000
6.047000
1.494000
7.862000
3.268000
0.000000
10.478000
1.113000
7.178000
0.643000
1.709000
3.423000
13.754000
0.562000
3.923000
1.217000
0.000000
0.655000
0.000000
0.000000
0.000000
0.000000
0.000000
11.655000
2.549000
4.721000
5.555000
3.626000
3.786000
8.716000
0.626000
4.033000
2.575000
8.788000
0.000000
0.000000
6.735000
0.202000
5.009000
0.000000
8.540000
0.219000
10.806000
0.000000
0.654000
0.000000
0.693000
2.045000
3.068000
3.109000
0.000000
0.543000
1.556000
0.000000
1.092000
0.000000
0.597000
4.856000
0.000000
0.946000
1.604000
1.268000
0.000000
0.000000
4.807000
5.614000
0.000000
5.022000
0.000000
3.649000
0.000000
2.334000
0.615000
1.891000
0.059000
0.000000
3.199000
0.000000
0.000000
0.000000
0.000000
9.033000
0.000000
6.355000
0.000000
0.000000
0.251000
0.000000
0.000000
0.000000
0.010000
0.000000
7.200000
6.558000
8.275000
0.000000
2.765000
0.000000
0.000000
0.000000
0.025000
0.000000
0.000000
1.723000
1.067000
5.823000
2.292000
0.611000
0.000000
1.104000
0.000000
0.000000
0.000000
0.000000
0.653000
0.207000
0.627000
0.057000
0.568000
0.000000
4.035000
6.489000
6.827000
1.716000
0.000000
0.000000
0.826000
1.968000
0.000000
7.553000
6.148000
0.000000
0.000000
0.480000
7.692000
0.000000
0.000000
0.000000
0.000000
5.570000
0.000000
6.207000
2.294000
0.000000
3.181000
3.677000
0.000000
0.000000
0.000000
1.528000
0.000000
0.887000
0.000000
0.000000
3.035000
0.000000
0.000000
0.000000
0.000000
1.783000
0.000000
6.361000
5.408000
0.000000
1.837000
5.230000
5.356000
6.465000
5.969000
0.000000
2.406000
0.000000
3.487000
3.603000
0.000000
0.000000
0.000000
4.851000
0.000000
0.246000
0.050000
3.164000
2.136000
2.295000
0.000000
1.190000
0.000000
0.293000
7.129000
2.314000
1.083000
0.000000
0.000000
0.000000
0.000000
0.000000
8.279000
0.000000
0.000000
3.152000
0.000000
0.000000
2.651000
0.000000
1.742000
4.874000
0.000000
0.000000
6.751000
3.247000
0.000000
0.000000
0.000000
0.000000
0.264000
0.000000
0.000000
0.000000
4.474000
0.683000
3.246000
0.000000
1.363000
0.338000
1.292000
0.000000
0.000000
0.000000
0.000000
0.000000
0.000000
0.000000
0.000000
0.000000
0.000000
0.000000
0.000000
0.000000
0.000000
0.000000
0.000000
0.000000
1.223000
2.818000
0.000000
0.000000
0.289000
0.000000
2.678000
2.302000
0.000000
0.000000
0.000000
0.000000
0.000000
0.000000
0.000000
0.000000
0.000000
0.000000
0.000000
2.607000
0.126000
0.000000
0.000000
0.000000
0.000000
2.679000
0.000000
0.000000
0.000000
0.000000
2.516000
0.000000
0.000000
0.000000
0.000000
2.337000
0.000000
1.513000
0.000000
0.906000
0.000000
0.000000
0.000000
2.313000
2.027000
0.000000
0.592000
4.886000
0.000000
0.000000
0.000000
0.862000
0.000000
0.000000
1.869000
0.000000
0.000000
3.771000
0.000000
1.632000
0.208000
0.000000
1.382000
0.000000
0.000000
0.000000
3.172000
0.523000
2.775000
0.000000
0.000000
0.000000
0.000000
2.472000
0.170000
4.259000
0.216000
0.943000
0.000000
3.896000
0.379000
1.160000
0.000000
0.000000
0.000000
4.270000
0.047000
0.334000
0.000000
0.000000
0.000000
2.230000
0.000000
0.000000
0.000000
0.110000
2.780000
1.633000
3.043000
0.000000
1.292000
0.135000
0.000000
0.916000
0.000000
2.310000
0.717000
6.331000
0.000000
0.000000
0.908000
4.806000
2.613000
4.508000
2.156000
0.000000
0.000000
0.514000
2.071000
2.438000
0.000000
0.686000
0.000000
0.686000
0.000000
0.000000
3.089000
0.106000
1.750000
0.000000
0.000000
5.034000
0.977000
0.000000
0.000000
2.352000
0.000000
0.000000
1.568000
0.000000
0.000000
5.898000
0.000000
0.535000
2.370000
0.000000
0.000000
0.000000
1.808000
0.000000
0.000000
3.075000
0.000000
7.028000
0.536000
0.000000
0.000000
5.445000
0.000000
3.174000
0.000000
0.000000
0.954000
3.212000
0.000000
0.000000
3.133000
2.455000
0.000000
0.000000
2.047000
0.000000
0.000000
2.239000
0.000000
0.567000
2.523000
0.000000
0.000000
5.052000
0.532000
3.136000
0.000000
1.903000
0.000000
3.672000
0.000000
1.121000
2.350000
2.282000
2.400000
0.000000
0.000000
0.000000
0.000000
0.075000
2.283000
0.000000
0.000000
1.381000
0.000000
0.000000
6.469000
4.216000
0.000000
0.000000
0.726000
0.000000
0.086000
0.000000
0.629000
0.000000
2.040000
3.411000
0.000000
0.067000
0.000000
0.000000
5.441000
0.453000
0.162000
0.000000
0.540000
0.000000
0.000000
0.870000
2.521000
0.000000
2.214000
1.313000
0.000000
0.000000
1.412000
1.391000
0.799000
2.894000
0.155000
0.212000
0.000000
0.000000
0.822000
0.000000
0.057000
5.484000
0.000000
0.000000
0.410000
0.196000
0.000000
0.000000
0.000000
0.000000
0.042000
3.630000
1.437000
1.365000
1.643000
0.000000
0.000000
0.493000
1.351000
2.243000
4.624000
0.000000
0.000000
0.692000
0.000000
1.271000
2.401000
3.197000
0.000000
0.000000
1.499000
0.000000
0.966000
2.957000
0.624000
1.617000
2.438000
2.193000
0.000000
4.191000
0.765000
0.000000
0.000000
0.614000
0.000000
0.000000
0.000000
0.000000
0.000000
0.222000
0.551000
0.000000
0.000000
1.361000
0.000000
0.132000
0.000000
0.632000
0.000000
0.000000
0.000000
0.000000
0.000000
1.920000
0.000000
3.604000
2.142000
0.000000
0.000000
0.000000
0.000000
0.000000
0.103000
0.000000
1.384000
0.000000
0.142000
3.568000
0.259000
0.000000
0.000000
3.588000
1.222000
0.000000
1.215000
1.463000
1.242000
0.000000
0.000000
3.738000
0.000000
0.000000
0.143000
0.000000
0.000000
0.000000
0.000000
1.303000
0.000000
5.337000
0.000000
1.259000
0.596000
0.000000
0.073000
0.000000
1.807000
0.000000
0.000000
0.837000
0.000000
0.000000
0.000000
0.000000
0.000000
0.000000
0.000000
0.774000
4.984000
0.000000
0.000000
0.980000
2.134000
0.330000
1.918000
0.000000
0.000000
0.000000
0.000000
0.619000
1.374000
0.000000
1.280000
1.062000
2.265000
0.000000
1.591000
0.000000
0.000000
3.827000
0.000000
0.251000
0.000000
0.030000
0.000000
0.000000
0.238000
0.000000
0.891000
0.000000
1.219000
0.000000
2.965000
0.000000
0.000000
0.000000
0.000000
0.280000
0.071000
1.173000
1.615000
0.000000
0.000000
0.000000
0.000000
0.000000
0.000000
0.512000
0.000000
0.000000
0.293000
1.980000
0.000000
2.593000
0.000000
0.000000
3.217000
0.000000
0.000000
1.294000
0.000000
0.468000
0.752000
0.000000
1.199000
0.000000
2.601000
0.962000
1.742000
1.766000
0.000000
1.578000
0.810000
0.699000
0.000000
3.462000
0.817000
0.949000
0.293000
5.301000
0.000000
0.000000
3.651000
0.000000
0.271000
0.241000
0.000000
0.859000
0.000000
2.981000
1.017000
0.631000
0.735000
0.000000
0.000000
0.650000
0.000000
2.354000
0.000000
1.675000
0.406000
2.867000
1.293000
0.000000
6.526000
1.815000
0.378000
0.000000
2.934000
1.731000
0.000000
0.000000
3.868000
2.837000
0.000000
0.000000
0.331000
2.463000
0.077000
0.465000
0.000000
0.000000
0.880000
1.797000
0.000000
0.000000
0.000000
0.681000
6.304000
0.399000
0.000000
0.194000
0.736000
0.000000
0.000000
0.000000
0.000000
0.000000
0.498000
0.000000
0.000000
0.111000
0.000000
0.000000
0.000000
0.000000
1.181000
0.485000
0.120000
0.000000
0.000000
0.000000
3.533000
1.326000
0.000000
1.114000
1.480000
0.509000
0.000000
1.647000
0.237000
0.000000
0.000000
0.478000
5.665000
0.000000
0.469000
1.202000
0.000000
0.000000
0.000000
0.280000
0.692000
0.771000
0.881000
2.672000
0.110000
0.135000
0.421000
0.867000
0.528000
0.000000
0.000000
0.000000
0.000000
1.369000
0.000000
1.447000
0.401000
0.501000
0.000000
0.000000
0.000000
0.000000
1.904000
0.000000
0.000000
0.000000
0.000000
2.766000
0.530000
0.000000
0.000000
0.339000
3.014000
0.000000
0.023000
1.238000
0.000000
1.458000
0.000000
0.000000
0.814000
0.000000
0.707000
0.217000
0.000000
5.434000
0.000000
0.000000
0.000000
0.000000
0.000000
0.944000
0.000000
0.000000
1.767000
0.000000
1.649000
0.993000
1.530000
0.000000
0.113000
0.000000
0.000000
0.000000
5.840000
1.812000
0.000000
1.990000
0.000000
0.000000
1.951000
2.644000
0.000000
0.000000
0.693000
0.000000
4.495000
1.107000
1.685000
1.170000
0.511000
0.000000
0.215000
0.000000
0.443000
2.082000
3.710000
0.111000
0.637000
0.912000
0.114000
0.000000
0.837000
7.447000
0.634000
3.290000
0.417000
2.286000
0.000000
0.000000
1.819000
2.030000
0.000000
0.000000
0.000000
0.000000
0.000000
0.000000
0.645000
0.000000
0.000000
0.000000
0.000000
0.000000
0.000000
0.421000
0.652000
0.000000
0.772000
0.000000
2.736000
1.476000
0.997000
0.000000
4.080000
0.899000
0.267000
0.124000
0.000000
0.000000
1.477000
0.009000
2.059000
0.000000
0.000000
0.000000
0.854000
0.664000
0.346000
0.975000
0.000000
0.182000
1.703000
0.000000
0.000000
0.901000
0.000000
1.519000
0.274000
0.000000
0.000000
3.045000
5.228000
0.000000
0.000000
0.000000
0.000000
0.000000
0.000000
0.000000
0.000000
1.150000
0.267000
0.000000
0.000000
3.136000
0.650000
1.118000
0.000000
1.833000
0.283000
0.000000
0.000000
0.000000
0.000000
0.390000
0.000000
0.265000
0.000000
0.000000
1.658000
0.000000
0.502000
4.792000
0.000000
1.280000
2.888000
2.635000
0.791000
0.000000
0.000000
0.764000
1.674000
0.766000
1.516000
1.219000
1.502000
0.057000
1.588000
0.984000
0.000000
1.146000
0.927000
0.000000
0.377000
1.178000
0.000000
0.000000
0.590000
0.000000
0.000000
0.000000
0.000000
0.000000
0.000000
1.140000
2.834000
0.335000
1.785000
0.000000
0.000000
0.000000
0.648000
0.000000
0.843000
0.000000
1.911000
0.000000
2.136000
0.000000
0.000000
0.000000
3.053000
0.000000
1.105000
0.107000
0.545000
0.000000
1.018000
2.488000
0.000000
0.000000
0.000000
0.042000
4.218000
0.000000
0.000000
0.910000
1.998000
1.139000
0.000000
2.188000
0.122000
0.011000
0.000000
0.519000
0.000000
0.000000
0.000000
0.000000
0.000000
0.000000
0.000000
0.000000
0.000000
0.000000
0.000000
0.000000
0.000000
1.114000
0.000000
0.681000
0.000000
0.000000
0.000000
0.000000
0.000000
1.049000
0.000000
0.000000
0.000000
2.361000
0.369000
1.471000
0.048000
0.000000
0.000000
0.000000
2.363000
2.018000
0.000000
0.587000
0.704000
1.343000
0.000000
0.000000
0.000000
0.000000
1.868000
0.000000
0.325000
2.627000
0.570000
0.000000
0.000000
0.000000
1.471000
0.000000
1.096000
0.000000
0.000000
0.000000
0.526000
1.960000
0.000000
0.229000
0.158000
1.376000
0.471000
0.000000
1.768000
0.000000
0.787000
1.266000
0.000000
0.000000
0.435000
0.030000
0.283000
0.000000
0.000000
0.000000
0.000000
3.347000
0.000000
1.171000
0.000000
0.000000
0.000000
0.431000
1.085000
0.000000
0.000000
0.000000
2.239000
0.573000
2.563000
0.000000
0.000000
0.000000
0.605000
0.756000
0.638000
1.113000
0.000000
0.000000
0.000000
0.612000
1.099000
0.000000
0.000000
0.664000
0.000000
0.000000
0.000000
0.000000
1.541000
3.710000
0.000000
0.000000
0.000000
2.825000
0.000000
0.787000
0.385000
0.278000
0.000000
0.000000
0.681000
0.000000
0.000000
0.000000
0.000000
0.000000
0.724000
0.000000
0.000000
0.132000
0.595000
0.000000
0.000000
0.000000
1.114000
0.000000
0.000000
0.979000
0.000000
1.221000
0.000000
0.000000
0.000000
0.000000
3.501000
1.735000
0.000000
0.000000
0.000000
0.000000
0.000000
1.936000
0.000000
3.766000
2.325000
0.000000
0.000000
0.226000
0.234000
0.000000
0.130000
0.000000
0.000000
0.904000
0.000000
0.000000
1.454000
0.000000
1.498000
0.000000
0.000000
0.000000
0.000000
0.000000
0.000000
0.000000
0.000000
0.000000
0.476000
0.686000
1.030000
0.000000
2.390000
0.000000
0.000000
0.000000
1.258000
0.000000
0.000000
0.000000
0.000000
0.000000
0.000000
0.000000
0.000000
1.214000
0.000000
0.000000
0.000000
2.494000
0.209000
0.000000
0.401000
2.490000
1.943000
0.000000
0.000000
0.000000
3.242000
1.203000
0.910000
0.000000
0.551000
1.956000
0.971000
2.277000
0.000000
0.942000
2.072000
0.000000
1.953000
2.475000
0.000000
0.039000
0.666000
2.706000
1.750000
4.560000
5.361000
0.000000
3.972000
1.757000
0.000000
0.000000
2.932000
3.350000
0.000000
0.730000
0.009000
0.000000
0.766000
0.175000
0.940000
0.000000
0.000000
0.701000
0.124000
0.000000
0.000000
0.000000
0.574000
1.270000
0.243000
0.000000
0.968000
1.057000
0.344000
0.456000
0.000000
0.000000
0.000000
0.596000
0.000000
0.000000
0.415000
0.000000
0.074000
0.000000
0.000000
0.000000
1.057000
0.836000
1.149000
1.141000
1.101000
0.000000
0.580000
0.000000
0.000000
