19.773000
16.320000
12.100000
14.076000
17.663000
15.010000
15.911000
9.522000
18.061000
15.131000
15.982000
16.983000
16.155000
11.977000
4.296000
12.594000
7.752000
16.191000
18.077000
17.748000
21.306000
5.941000
16.831000
15.433000
17.937000
15.781000
17.556000
14.626000
5.055000
10.664000
2.363000
14.845000
6.435000
12.622000
14.265000
13.508000
12.635000
19.667000
15.157000
16.693000
3.563000
7.228000
0.000000
14.445000
4.340000
1.934000
0.543000
2.537000
9.974000
8.606000
9.167000
5.145000
7.521000
5.532000
2.410000
8.123000
9.429000
7.619000
10.031000
6.514000
5.308000
11.322000
5.801000
7.595000
9.168000
9.108000
5.521000
0.000000
6.200000
7.452000
12.798000
1.419000
5.596000
9.497000
8.092000
2.713000
18.771000
0.000000
9.064000
8.818000
12.946000
7.847000
11.070000
0.548000
7.937000
8.295000
5.810000
3.983000
9.242000
6.017000
0.000000
4.588000
9.151000
2.611000
10.153000
4.912000
11.040000
2.627000
8.026000
8.438000
7.237000
7.627000
9.164000
7.951000
6.550000
4.926000
7.213000
8.615000
6.134000
3.847000
4.807000
3.484000
22.234000
6.606000
0.299000
2.447000
9.735000
0.140000
5.920000
9.273000
3.791000
4.399000
8.778000
5.806000
4.159000
15.310000
7.957000
13.992000
9.436000
21.628000
6.626000
8.029000
19.013000
8.062000
7.102000
7.723000
0.622000
4.968000
7.503000
11.181000
8.025000
7.327000
3.486000
16.883000
17.419000
7.025000
9.728000
13.754000
6.578000
11.845000
13.713000
14.181000
6.022000
7.823000
5.952000
3.597000
6.674000
7.960000
2.719000
9.717000
7.764000
5.632000
18.538000
10.500000
15.272000
16.762000
21.284000
8.296000
13.883000
5.925000
7.612000
9.355000
8.441000
14.483000
5.282000
5.148000
9.910000
12.328000
3.738000
21.165000
15.591000
20.593000
6.109000
19.665000
12.163000
7.513000
3.794000
9.111000
5.875000
7.247000
21.540000
18.852000
7.670000
0.743000
19.024000
6.822000
8.834000
2.390000
10.232000
6.188000
10.231000
6.640000
7.750000
1.210000
7.982000
2.416000
11.781000
12.348000
12.739000
10.768000
2.729000
8.060000
21.927000
6.882000
9.594000
6.034000
12.030000
5.756000
18.577000
8.551000
9.674000
8.823000
12.786000
1.515000
13.868000
4.216000
10.053000
5.494000
22.500000
9.931000
5.529000
14.522000
1.179000
9.549000
5.401000
11.645000
9.141000
6.553000
5.014000
10.751000
5.204000
6.537000
10.781000
4.632000
7.083000
24.455000
11.725000
6.668000
21.342000
7.468000
13.004000
14.496000
6.637000
8.310000
3.652000
8.413000
11.716000
14.304000
6.420000
1.610000
10.165000
10.768000
6.442000
12.142000
7.916000
17.148000
3.829000
13.282000
7.480000
20.003000
16.696000
27.199000
13.132000
16.241000
7.745000
8.542000
6.756000
6.776000
12.411000
12.233000
6.726000
10.653000
12.877000
17.087000
6.141000
10.427000
9.458000
9.007000
10.521000
9.922000
19.910000
12.139000
19.705000
11.394000
13.149000
13.387000
7.799000
13.709000
16.651000
5.927000
14.674000
4.547000
8.332000
15.193000
16.366000
14.038000
8.190000
9.739000
9.984000
4.249000
12.580000
15.569000
15.459000
6.815000
6.185000
6.016000
12.753000
19.114000
9.358000
7.370000
2.989000
10.907000
13.379000
11.488000
8.419000
13.206000
14.040000
13.361000
14.782000
12.977000
24.154000
18.748000
12.150000
17.213000
15.976000
14.040000
10.284000
21.381000
14.668000
17.022000
10.656000
21.797000
7.971000
12.011000
20.000000
15.733000
15.044000
1.911000
10.868000
11.215000
7.077000
16.086000
6.874000
6.047000
20.808000
11.647000
11.776000
11.386000
7.521000
8.924000
9.967000
14.632000
7.269000
11.629000
8.140000
9.026000
18.788000
17.685000
8.068000
16.579000
6.051000
12.406000
10.715000
17.826000
13.019000
8.618000
21.082000
13.766000
22.482000
15.503000
9.521000
2.182000
6.879000
11.473000
10.759000
13.604000
12.627000
7.860000
15.689000
9.162000
15.106000
20.476000
21.928000
4.259000
7.077000
13.067000
21.734000
15.804000
9.399000
11.771000
9.717000
18.687000
15.590000
18.173000
12.207000
7.922000
20.436000
11.237000
6.799000
8.899000
11.192000
18.085000
15.095000
8.696000
12.343000
8.195000
15.857000
9.239000
7.947000
11.325000
10.455000
14.329000
11.281000
13.833000
11.753000
10.035000
5.576000
18.329000
16.283000
13.391000
18.027000
10.385000
12.812000
18.725000
9.343000
19.833000
13.656000
13.747000
17.796000
16.358000
14.286000
9.867000
14.799000
9.203000
11.819000
15.191000
18.258000
15.815000
7.135000
15.735000
14.780000
16.958000
11.874000
8.125000
16.371000
11.237000
9.791000
11.756000
12.624000
5.328000
12.784000
10.412000
12.152000
3.307000
17.992000
12.901000
13.272000
11.965000
11.208000
14.426000
5.920000
12.153000
7.384000
10.111000
11.087000
8.027000
9.181000
16.558000
17.486000
5.395000
8.882000
11.154000
16.214000
0.000000
10.183000
11.563000
11.724000
7.771000
4.909000
17.461000
9.134000
13.214000
11.043000
5.842000
7.009000
11.140000
14.030000
6.255000
7.319000
9.035000
10.727000
10.982000
12.173000
9.427000
7.165000
11.413000
12.941000
8.953000
14.123000
12.352000
10.437000
8.349000
5.822000
9.827000
17.259000
4.053000
5.557000
11.690000
13.762000
6.650000
6.956000
3.995000
8.065000
17.816000
11.234000
14.930000
14.147000
16.008000
20.109000
13.793000
7.291000
9.122000
6.946000
5.517000
18.701000
12.703000
13.376000
8.086000
4.373000
7.601000
10.630000
18.269000
3.863000
9.394000
9.463000
11.710000
8.028000
10.027000
3.408000
10.354000
6.599000
12.092000
13.788000
11.150000
2.290000
13.578000
7.829000
11.055000
3.924000
6.545000
13.917000
8.002000
9.483000
12.784000
7.751000
8.565000
12.811000
5.581000
9.947000
6.780000
11.587000
11.547000
0.000000
16.745000
9.090000
1.577000
9.924000
10.831000
3.806000
18.103000
15.022000
10.878000
6.732000
3.391000
17.623000
3.773000
5.437000
9.194000
4.082000
2.299000
4.095000
12.218000
7.332000
13.156000
10.377000
14.439000
11.551000
10.157000
1.438000
10.060000
3.629000
3.967000
10.982000
8.719000
7.639000
9.049000
1.858000
3.841000
5.124000
5.377000
8.039000
15.093000
14.488000
5.144000
21.874000
5.829000
4.976000
5.956000
6.589000
4.517000
21.387000
3.842000
9.536000
17.680000
4.408000
18.356000
2.955000
11.903000
15.868000
9.733000
4.928000
15.810000
5.502000
13.689000
9.687000
2.904000
16.083000
5.589000
2.987000
14.446000
5.863000
7.431000
9.054000
4.185000
5.018000
2.460000
11.769000
12.924000
6.606000
3.227000
11.961000
2.476000
6.899000
16.176000
12.480000
20.803000
11.428000
11.776000
3.492000
6.271000
5.640000
10.985000
9.895000
2.972000
3.888000
6.919000
7.364000
16.070000
8.442000
3.176000
12.689000
16.465000
1.860000
5.512000
17.527000
7.433000
9.352000
6.076000
9.440000
5.422000
5.577000
9.807000
10.693000
14.508000
6.196000
14.993000
0.411000
12.862000
1.374000
6.489000
10.144000
11.191000
10.410000
11.943000
8.871000
11.633000
11.518000
3.375000
0.000000
10.737000
3.747000
5.375000
15.267000
11.725000
11.775000
9.085000
14.473000
21.319000
7.161000
9.881000
7.564000
8.389000
12.415000
7.683000
16.563000
5.030000
12.936000
15.861000
8.128000
8.965000
14.286000
11.579000
17.229000
8.849000
4.699000
17.625000
4.016000
3.902000
1.085000
11.549000
2.495000
8.428000
7.705000
4.713000
12.513000
9.306000
10.526000
19.489000
12.478000
12.949000
13.497000
15.613000
4.129000
7.020000
18.243000
2.582000
3.271000
1.486000
6.154000
7.245000
5.842000
14.843000
12.678000
11.579000
13.442000
11.952000
14.090000
1.117000
10.607000
11.164000
5.453000
11.708000
6.460000
10.766000
10.902000
12.716000
15.288000
11.156000
10.275000
6.436000
9.457000
9.570000
15.578000
6.052000
15.273000
10.664000
11.261000
2.795000
15.397000
13.875000
8.984000
17.394000
15.377000
12.656000
2.126000
9.173000
12.717000
11.023000
19.043000
12.110000
10.993000
7.372000
12.090000
0.933000
11.147000
15.756000
4.401000
7.100000
8.458000
6.366000
22.613000
5.378000
10.452000
7.366000
15.830000
13.666000
11.965000
10.739000
11.263000
8.995000
17.952000
10.211000
16.280000
4.921000
10.985000
13.112000
5.395000
9.840000
15.716000
15.025000
13.421000
13.466000
15.704000
4.105000
10.550000
13.611000
22.146000
10.645000
14.545000
6.902000
9.231000
12.053000
10.996000
7.466000
5.215000
7.418000
13.708000
9.836000
2.681000
11.414000
9.135000
5.627000
9.322000
3.452000
7.430000
16.489000
9.869000
12.153000
15.332000
17.964000
11.088000
21.206000
14.625000
11.248000
13.680000
10.247000
13.731000
9.785000
0.459000
11.322000
11.084000
11.010000
7.822000
9.272000
8.583000
13.949000
17.213000
10.079000
15.180000
20.096000
11.926000
9.947000
23.085000
9.454000
14.330000
13.299000
7.104000
11.622000
13.767000
7.169000
9.941000
11.940000
3.020000
10.489000
12.690000
9.178000
8.021000
22.115000
11.412000
7.551000
9.801000
12.010000
22.631000
10.516000
10.498000
15.180000
8.738000
10.886000
5.776000
16.191000
13.663000
9.866000
15.329000
7.581000
13.978000
9.992000
12.502000
12.157000
7.731000
9.255000
15.004000
15.690000
14.116000
8.218000
10.632000
6.814000
8.877000
8.457000
8.867000
14.400000
8.259000
10.112000
11.949000
11.402000
11.662000
10.910000
12.796000
11.724000
13.252000
7.698000
7.488000
13.639000
11.137000
5.608000
12.417000
11.515000
8.033000
14.313000
11.411000
16.053000
12.712000
11.105000
12.100000
12.721000
14.798000
12.843000
11.826000
14.060000
12.869000
11.053000
11.932000
10.133000
12.154000
9.267000
9.433000
12.599000
11.263000
11.453000
10.289000
5.698000
14.595000
10.490000
12.409000
12.495000
15.520000
11.512000
17.258000
6.139000
17.211000
7.534000
12.147000
8.118000
9.087000
10.679000
9.487000
9.851000
18.028000
7.481000
11.195000
10.438000
8.162000
12.588000
9.140000
11.527000
6.626000
13.537000
7.217000
10.797000
14.085000
8.183000
9.761000
15.181000
16.997000
4.291000
12.759000
8.383000
12.098000
11.647000
8.736000
6.958000
11.411000
7.245000
10.683000
7.880000
14.450000
7.935000
13.381000
2.419000
9.788000
6.335000
12.314000
3.821000
11.877000
12.536000
10.311000
9.548000
13.622000
13.052000
9.471000
6.215000
7.636000
4.595000
7.809000
3.987000
15.973000
7.771000
9.831000
13.778000
3.016000
11.344000
5.289000
10.634000
15.424000
11.577000
17.803000
10.852000
13.670000
8.510000
6.557000
11.274000
11.547000
10.083000
4.496000
8.039000
9.065000
17.980000
8.828000
9.680000
20.842000
5.729000
12.682000
8.281000
13.138000
11.401000
7.120000
7.435000
8.162000
8.697000
20.124000
17.456000
7.900000
11.689000
15.946000
3.527000
7.420000
12.721000
18.083000
10.908000
15.911000
5.526000
11.744000
13.357000
14.091000
12.906000
14.062000
13.913000
20.170000
17.856000
14.303000
5.156000
6.084000
11.428000
6.939000
5.066000
14.778000
4.788000
9.705000
8.034000
6.219000
11.363000
5.957000
10.732000
16.348000
11.679000
10.015000
4.797000
14.346000
16.826000
8.468000
8.766000
20.513000
13.138000
7.845000
5.759000
9.090000
8.959000
5.830000
10.558000
8.032000
8.981000
6.731000
7.497000
12.243000
7.151000
15.685000
14.836000
13.949000
8.758000
15.371000
12.228000
11.261000
15.154000
10.275000
8.988000
11.873000
9.442000
12.918000
9.343000
19.180000
11.740000
12.446000
7.778000
9.928000
11.974000
12.206000
9.467000
5.016000
5.468000
10.236000
11.367000
9.069000
10.510000
9.691000
9.808000
0.970000
12.409000
4.978000
8.836000
8.507000
13.948000
12.262000
10.616000
12.508000
10.734000
8.581000
10.528000
6.791000
11.179000
12.346000
9.079000
11.097000
6.416000
12.551000
17.678000
14.400000
8.829000
10.000000
10.375000
10.410000
6.673000
10.654000
11.185000
6.012000
12.011000
9.607000
15.931000
14.154000
10.561000
11.181000
12.115000
14.626000
8.317000
8.446000
13.317000
13.199000
9.920000
6.802000
8.277000
5.130000
7.135000
10.211000
11.847000
6.929000
10.760000
15.801000
16.820000
18.505000
10.400000
14.939000
20.072000
8.492000
14.501000
9.713000
8.283000
18.234000
7.715000
13.055000
7.850000
14.146000
16.050000
9.861000
20.516000
10.080000
8.664000
11.943000
14.607000
11.311000
11.746000
15.045000
10.176000
12.464000
10.301000
13.973000
6.580000
10.353000
14.553000
19.761000
12.105000
14.929000
15.860000
7.214000
15.152000
11.978000
6.494000
15.406000
14.877000
15.119000
7.859000
19.555000
11.086000
13.384000
6.615000
11.119000
9.635000
7.845000
10.272000
13.066000
5.571000
11.676000
9.830000
14.850000
12.320000
11.045000
12.721000
9.061000
14.241000
6.154000
7.478000
9.020000
10.501000
11.693000
14.214000
14.241000
4.751000
11.979000
14.699000
10.512000
8.294000
13.465000
12.294000
18.719000
8.387000
16.655000
9.080000
6.760000
11.777000
11.056000
17.716000
15.126000
18.876000
11.719000
10.763000
9.435000
5.746000
12.013000
8.780000
8.032000
11.629000
10.425000
5.711000
11.001000
6.575000
7.124000
7.046000
13.031000
6.553000
9.395000
11.030000
17.377000
21.757000
16.448000
15.016000
11.398000
12.881000
12.632000
10.240000
4.312000
7.101000
9.803000
11.220000
9.798000
15.481000
14.224000
16.947000
10.983000
8.763000
13.318000
4.762000
14.803000
11.498000
9.888000
17.305000
14.058000
9.796000
11.299000
10.689000
24.601000
7.133000
16.858000
10.718000
17.067000
12.494000
10.349000
7.621000
6.510000
5.487000
10.044000
12.627000
9.311000
6.544000
13.075000
6.701000
6.479000
10.176000
2.811000
13.177000
7.833000
10.714000
7.587000
10.228000
21.158000
15.631000
11.134000
11.937000
12.813000
11.420000
11.336000
6.069000
12.935000
13.131000
9.604000
14.657000
21.905000
3.934000
9.306000
14.963000
8.999000
4.358000
11.748000
6.751000
15.843000
11.520000
15.478000
10.834000
5.826000
14.770000
9.067000
0.930000
13.835000
5.520000
8.630000
12.930000
4.431000
9.068000
8.760000
14.767000
7.957000
10.583000
7.712000
12.518000
17.298000
8.482000
13.511000
16.500000
7.197000
5.543000
12.397000
12.056000
6.000000
12.073000
9.852000
14.612000
17.184000
16.079000
9.901000
15.521000
9.783000
12.711000
8.436000
13.468000
16.243000
17.395000
9.273000
11.366000
12.829000
5.007000
15.729000
13.575000
8.129000
9.744000
11.905000
10.614000
10.242000
15.807000
13.445000
8.266000
8.537000
16.609000
5.300000
12.447000
12.353000
12.851000
10.256000
10.327000
3.522000
5.725000
15.267000
15.384000
8.541000
8.318000
10.693000
11.916000
15.088000
16.448000
9.686000
3.516000
17.834000
18.435000
13.260000
11.785000
8.394000
16.073000
7.002000
6.598000
19.782000
5.823000
13.301000
9.965000
10.477000
15.893000
9.174000
17.367000
8.680000
10.393000
18.303000
13.628000
10.176000
6.526000
9.925000
10.895000
10.982000
10.077000
6.105000
6.694000
8.136000
14.542000
9.163000
6.983000
4.080000
10.496000
9.066000
18.473000
5.145000
15.194000
8.375000
10.713000
8.199000
6.107000
8.592000
7.829000
16.381000
6.964000
12.949000
11.821000
6.373000
20.389000
6.489000
11.626000
5.744000
11.727000
7.406000
5.416000
5.792000
17.084000
6.787000
11.531000
11.083000
6.978000
7.611000
6.467000
7.173000
9.927000
11.244000
6.309000
11.094000
9.760000
8.701000
5.736000
10.296000
7.781000
19.174000
15.878000
4.789000
5.210000
7.544000
13.373000
9.339000
19.717000
3.570000
14.932000
9.401000
9.536000
9.852000
6.683000
10.840000
8.804000
11.414000
17.593000
17.108000
10.492000
10.870000
13.298000
18.311000
8.915000
10.440000
14.384000
13.636000
13.647000
10.939000
22.166000
8.625000
6.263000
5.663000
8.964000
9.973000
15.653000
7.379000
3.184000
10.396000
8.642000
8.092000
15.445000
17.838000
11.759000
7.699000
8.385000
5.547000
7.932000
14.545000
10.910000
5.817000
7.977000
11.833000
10.242000
11.774000
16.645000
4.759000
5.837000
7.403000
8.307000
10.063000
11.724000
12.181000
4.515000
13.301000
16.321000
19.873000
12.955000
7.210000
10.391000
11.743000
5.810000
5.219000
9.645000
10.076000
8.451000
4.104000
9.860000
9.246000
9.965000
12.137000
16.724000
13.451000
6.390000
16.777000
9.712000
10.810000
8.466000
16.210000
10.877000
9.059000
14.058000
8.292000
11.019000
19.645000
7.731000
19.390000
19.709000
8.031000
6.617000
11.725000
13.303000
12.373000
11.077000
10.351000
9.268000
19.231000
12.986000
6.612000
9.485000
14.606000
8.698000
10.667000
15.269000
6.531000
11.924000
10.333000
10.669000
11.006000
15.100000
15.396000
8.932000
7.379000
5.283000
11.944000
4.726000
17.582000
14.276000
6.340000
7.995000
12.146000
4.904000
20.761000
20.381000
5.222000
14.916000
5.737000
10.533000
18.347000
6.340000
8.418000
3.218000
11.806000
11.334000
3.832000
23.163000
14.270000
7.131000
12.209000
15.276000
13.189000
14.261000
15.038000
6.284000
11.480000
8.614000
11.810000
13.956000
7.295000
14.585000
8.643000
7.925000
13.453000
10.856000
15.035000
3.215000
13.729000
13.143000
5.505000
9.119000
7.558000
9.064000
10.626000
13.186000
3.798000
16.232000
8.598000
16.914000
11.767000
4.862000
8.007000
9.430000
17.913000
11.341000
6.574000
9.351000
10.990000
8.297000
11.196000
15.532000
6.104000
11.515000
14.035000
12.555000
7.247000
14.330000
6.254000
14.772000
5.275000
4.322000
8.548000
9.256000
23.449000
9.885000
14.124000
12.714000
13.072000
20.645000
13.620000
7.616000
10.003000
3.460000
14.875000
7.453000
14.137000
5.431000
9.414000
15.191000
9.896000
12.470000
6.386000
7.580000
3.781000
18.758000
13.567000
15.126000
10.879000
13.995000
5.468000
11.839000
7.588000
8.959000
11.942000
8.546000
16.160000
11.735000
10.630000
10.868000
16.896000
14.808000
8.743000
16.725000
13.521000
7.841000
10.037000
10.502000
12.830000
17.602000
11.374000
7.540000
17.611000
9.062000
9.341000
10.216000
7.959000
9.117000
8.921000
15.780000
15.203000
8.529000
15.042000
8.656000
13.387000
12.024000
17.547000
14.739000
11.778000
8.204000
7.742000
10.804000
10.075000
14.367000
13.384000
10.679000
6.958000
16.974000
16.566000
16.617000
13.501000
7.908000
9.264000
9.858000
10.857000
11.040000
16.527000
11.464000
17.116000
4.508000
15.288000
12.204000
10.022000
6.225000
15.189000
10.701000
7.751000
10.425000
10.517000
15.415000
5.438000
13.417000
11.870000
18.845000
11.103000
17.641000
13.313000
7.432000
3.691000
6.492000
16.943000
8.441000
5.519000
17.742000
9.583000
22.376000
15.948000
11.185000
6.505000
16.515000
15.478000
13.762000
20.950000
12.511000
5.437000
11.386000
8.310000
16.696000
7.481000
6.895000
11.574000
7.208000
2.642000
15.276000
13.598000
7.280000
9.840000
11.109000
7.429000
12.597000
12.974000
7.662000
8.560000
7.352000
16.049000
16.889000
12.138000
17.045000
13.708000
7.597000
13.428000
3.664000
5.588000
12.339000
14.975000
14.721000
4.578000
11.910000
6.798000
3.468000
12.599000
6.799000
12.162000
9.909000
5.746000
12.827000
17.266000
6.092000
8.066000
13.319000
5.858000
11.958000
5.037000
8.481000
9.584000
7.564000
12.829000
14.028000
8.065000
12.959000
9.875000
13.144000
10.167000
8.285000
9.666000
8.120000
14.025000
16.114000
8.760000
10.165000
10.743000
11.844000
11.973000
3.257000
9.453000
8.256000
9.940000
9.627000
9.052000
10.584000
17.937000
5.551000
16.370000
8.460000
10.423000
14.900000
13.579000
9.631000
8.379000
12.124000
15.350000
7.474000
9.327000
11.682000
8.635000
9.041000
11.112000
8.660000
11.472000
5.211000
9.867000
18.979000
10.964000
11.596000
8.532000
5.912000
21.033000
6.009000
4.311000
9.404000
9.185000
7.191000
13.894000
9.890000
11.541000
9.801000
10.789000
15.047000
11.108000
9.496000
14.103000
10.979000
9.625000
14.813000
13.891000
10.698000
12.310000
11.098000
7.696000
1.828000
8.838000
19.734000
15.208000
12.429000
19.029000
11.264000
16.559000
24.665000
23.599000
11.640000
15.329000
9.384000
15.931000
7.224000
10.779000
11.435000
10.383000
15.406000
11.700000
9.953000
1.794000
12.112000
16.689000
9.164000
11.161000
7.522000
12.862000
8.075000
16.060000
13.776000
6.968000
11.159000
10.439000
8.642000
10.149000
8.916000
5.369000
4.928000
17.860000
12.328000
12.909000
13.203000
7.698000
8.370000
10.546000
16.073000
15.564000
5.536000
4.859000
12.970000
18.367000
9.158000
12.094000
13.704000
17.606000
17.759000
10.790000
7.737000
8.489000
10.503000
8.162000
15.785000
9.966000
12.398000
15.456000
18.026000
9.114000
15.335000
12.048000
10.516000
10.647000
5.684000
8.259000
12.344000
13.221000
15.056000
4.736000
16.656000
14.435000
13.335000
16.035000
6.414000
12.413000
9.011000
11.093000
13.649000
10.548000
12.052000
4.821000
10.819000
11.329000
9.207000
9.749000
12.936000
6.475000
14.918000
10.904000
9.499000
11.892000
14.833000
11.450000
8.786000
21.038000
8.878000
14.931000
10.172000
21.128000
13.290000
16.196000
13.023000
10.253000
15.099000
10.806000
7.530000
4.280000
21.412000
13.918000
8.625000
17.249000
6.140000
11.319000
12.230000
11.391000
9.924000
10.694000
7.225000
9.340000
16.278000
3.813000
10.190000
14.287000
4.010000
6.691000
8.661000
7.737000
19.132000
9.966000
14.457000
11.969000
7.803000
11.227000
8.360000
13.561000
10.235000
13.214000
4.426000
12.211000
9.271000
11.200000
12.478000
9.140000
18.401000
11.649000
6.680000
12.870000
7.912000
5.273000
10.016000
11.781000
12.426000
7.817000
10.889000
10.552000
12.225000
13.737000
12.219000
9.903000
15.149000
13.180000
11.019000
11.475000
9.426000
14.941000
15.228000
12.405000
10.076000
7.123000
8.209000
14.923000
14.459000
13.699000
9.568000
3.999000
10.044000
21.619000
6.612000
10.314000
8.613000
16.521000
10.011000
8.240000
16.162000
13.542000
17.545000
12.811000
11.961000
11.335000
6.662000
11.961000
6.407000
15.265000
11.402000
10.047000
13.912000
4.198000
11.237000
14.014000
15.761000
15.415000
9.196000
10.096000
14.175000
10.772000
16.186000
8.665000
17.294000
8.136000
9.325000
8.013000
5.638000
10.785000
18.034000
9.369000
8.930000
12.316000
13.974000
5.481000
6.401000
10.687000
4.350000
5.865000
14.331000
9.687000
21.590000
14.268000
3.614000
10.623000
7.927000
10.901000
12.544000
17.129000
13.035000
7.594000
10.428000
13.121000
10.155000
6.600000
13.614000
12.837000
20.424000
9.431000
7.901000
15.120000
10.416000
4.878000
13.268000
9.105000
8.621000
12.522000
9.712000
21.344000
14.506000
19.877000
19.426000
16.024000
15.666000
5.054000
9.580000
10.958000
7.534000
9.230000
11.779000
21.549000
13.668000
9.200000
12.112000
13.003000
21.965000
13.484000
8.810000
11.820000
14.695000
7.900000
10.773000
10.983000
10.746000
7.940000
7.233000
17.341000
14.242000
18.882000
22.146000
9.092000
11.587000
9.012000
6.509000
20.478000
13.305000
15.902000
20.110000
11.164000
11.202000
8.654000
21.977000
14.114000
11.545000
9.502000
18.324000
12.358000
13.510000
6.243000
13.434000
18.586000
14.734000
14.316000
14.552000
17.399000
9.863000
18.329000
9.992000
13.026000
14.272000
11.378000
15.575000
11.671000
12.835000
10.728000
11.885000
11.127000
12.541000
13.293000
11.425000
9.406000
10.254000
19.907000
5.668000
9.976000
7.292000
16.030000
11.857000
13.348000
12.638000
11.999000
12.765000
12.779000
15.579000
11.525000
17.338000
11.347000
8.960000
12.769000
7.403000
12.468000
14.545000
15.316000
13.087000
14.821000
8.446000
7.617000
13.847000
13.102000
23.754000
18.496000
13.974000
9.036000
11.178000
13.662000
10.756000
14.978000
17.294000
12.007000
10.294000
4.793000
8.990000
16.003000
10.253000
11.771000
9.995000
15.278000
9.876000
10.804000
15.684000
10.993000
10.643000
10.613000
10.517000
7.478000
12.514000
13.215000
17.231000
10.967000
10.298000
14.006000
13.609000
20.064000
10.409000
12.848000
18.509000
14.128000
17.187000
10.429000
11.835000
7.521000
11.722000
12.687000
12.399000
9.266000
11.367000
8.582000
8.660000
10.374000
12.810000
10.127000
12.872000
7.695000
11.674000
13.364000
20.307000
9.452000
16.562000
7.819000
12.377000
10.702000
9.913000
16.811000
9.580000
19.484000
11.454000
17.636000
13.816000
12.743000
16.078000
9.438000
10.432000
9.164000
13.887000
9.623000
10.941000
16.523000
13.159000
7.640000
12.484000
17.782000
13.990000
11.986000
19.832000
10.413000
15.266000
11.532000
11.085000
11.522000
12.607000
2.144000
14.889000
12.100000
20.034000
8.248000
13.673000
2.529000
6.629000
11.580000
11.159000
16.372000
7.029000
9.136000
10.850000
16.621000
11.373000
13.105000
15.496000
5.962000
13.315000
7.735000
12.869000
10.053000
7.198000
8.241000
7.357000
18.500000
14.736000
6.451000
11.576000
10.453000
21.386000
14.549000
12.760000
7.734000
18.895000
12.259000
13.839000
11.362000
14.681000
6.691000
11.546000
11.890000
15.703000
17.920000
9.923000
14.162000
9.762000
6.160000
13.899000
15.296000
9.845000
9.375000
10.376000
19.696000
12.562000
20.977000
9.890000
9.718000
17.743000
6.312000
13.742000
20.689000
10.742000
8.834000
9.729000
13.342000
9.596000
17.555000
12.330000
12.410000
14.808000
10.690000
14.387000
14.490000
12.703000
12.485000
7.823000
22.345000
16.256000
9.324000
14.686000
15.112000
13.915000
15.632000
8.783000
15.426000
0.544000
10.790000
9.954000
13.114000
12.000000
15.643000
11.211000
7.097000
9.116000
15.513000
12.786000
10.897000
14.096000
6.595000
7.896000
12.536000
6.331000
4.627000
10.316000
1.579000
8.297000
15.904000
17.043000
15.957000
16.079000
8.182000
7.942000
6.451000
8.815000
19.136000
16.138000
2.113000
8.102000
3.550000
13.118000
17.256000
13.971000
7.059000
10.606000
9.278000
11.376000
3.939000
8.956000
10.752000
10.179000
6.993000
11.059000
10.078000
19.445000
15.501000
11.956000
15.076000
17.142000
8.318000
8.809000
18.314000
9.578000
13.899000
11.427000
11.838000
18.584000
3.963000
13.032000
13.238000
9.942000
15.519000
15.940000
11.281000
7.566000
14.984000
14.162000
10.624000
12.214000
13.341000
14.412000
17.156000
18.257000
8.361000
9.647000
14.058000
10.250000
15.146000
10.888000
14.500000
13.972000
18.555000
14.312000
12.306000
7.857000
13.250000
7.352000
11.569000
11.982000
11.751000
16.456000
10.295000
19.612000
9.177000
21.931000
8.374000
13.749000
7.523000
19.755000
16.849000
16.900000
15.973000
13.214000
11.487000
18.778000
3.326000
6.838000
9.828000
9.039000
18.560000
7.512000
14.932000
11.886000
8.249000
9.512000
15.743000
10.955000
10.164000
8.464000
11.227000
14.832000
14.180000
15.310000
3.718000
10.313000
8.939000
7.954000
10.714000
15.146000
10.569000
11.492000
12.264000
10.867000
7.985000
10.612000
6.420000
16.138000
8.459000
14.844000
21.251000
22.597000
2.343000
19.917000
14.315000
11.981000
8.712000
15.589000
14.317000
15.124000
16.163000
18.426000
8.432000
8.633000
12.745000
10.425000
19.993000
12.142000
24.000000
16.425000
9.080000
14.639000
9.058000
18.230000
13.125000
12.782000
7.584000
4.777000
17.817000
20.518000
13.826000
9.152000
13.929000
14.305000
12.855000
10.167000
12.731000
4.630000
16.879000
0.000000
18.023000
22.583000
12.405000
12.093000
20.256000
14.246000
13.677000
19.082000
17.556000
10.861000
16.327000
12.691000
16.747000
14.424000
13.394000
9.415000
1.672000
16.578000
22.098000
0.000000
9.998000
22.682000
6.193000
11.532000
19.395000
11.032000
1.423000
9.744000
14.430000
10.825000
14.138000
10.103000
21.568000
0.000000
21.419000
12.051000
14.276000
13.758000
11.929000
1.372000
6.031000
21.494000
8.328000
8.058000
9.160000
16.552000
12.908000
0.000000
10.679000
18.269000
12.768000
16.013000
8.948000
14.233000
17.561000
10.267000
3.898000
19.210000
23.164000
13.476000
12.931000
10.125000
5.013000
16.585000
15.376000
14.589000
0.000000
17.764000
17.308000
14.759000
15.763000
12.251000
8.977000
13.003000
9.280000
7.155000
15.160000
17.685000
16.075000
16.827000
7.556000
13.031000
19.113000
8.834000
9.587000
13.973000
8.934000
17.672000
1.297000
16.756000
3.634000
16.424000
0.000000
16.105000
16.118000
13.025000
10.393000
0.495000
18.047000
12.123000
2.163000
16.025000
19.432000
17.592000
13.224000
16.950000
8.176000
2.710000
0.000000
14.323000
3.709000
11.944000
20.204000
15.350000
14.626000
13.865000
5.557000
15.548000
14.489000
2.616000
19.283000
9.023000
5.135000
2.350000
15.090000
7.169000
14.646000
14.569000
13.547000
4.204000
11.763000
4.080000
14.089000
10.589000
3.071000
11.378000
5.574000
14.311000
3.921000
0.660000
8.931000
7.982000
3.219000
2.294000
12.087000
12.856000
12.607000
9.997000
5.813000
14.293000
18.109000
13.340000
3.557000
14.075000
3.889000
10.390000
5.741000
7.187000
11.672000
8.982000
3.122000
16.283000
11.627000
4.841000
14.201000
4.907000
0.414000
2.508000
9.980000
4.857000
13.545000
4.126000
1.376000
12.323000
1.559000
2.463000
14.893000
12.465000
10.188000
21.349000
10.177000
3.761000
3.017000
16.735000
17.356000
13.966000
2.113000
16.251000
3.812000
18.836000
4.136000
3.945000
11.341000
1.989000
8.325000
1.038000
10.653000
6.059000
11.152000
5.760000
0.000000
6.705000
0.000000
14.221000
9.579000
2.780000
1.920000
11.344000
0.000000
21.516000
2.918000
12.723000
7.800000
2.901000
1.551000
0.000000
15.163000
9.504000
7.946000
2.472000
1.356000
0.049000
4.270000
9.083000
0.000000
2.753000
7.109000
16.916000
15.134000
1.928000
1.529000
19.985000
0.000000
8.218000
20.836000
8.362000
13.496000
0.000000
4.504000
3.505000
2.412000
8.039000
0.228000
11.489000
16.573000
5.282000
6.853000
4.726000
2.309000
1.787000
3.369000
4.046000
5.277000
4.921000
10.764000
14.686000
17.190000
6.716000
6.295000
0.000000
2.488000
9.969000
8.748000
14.871000
0.000000
3.562000
9.052000
2.712000
10.380000
1.178000
7.653000
12.185000
0.000000
2.261000
14.880000
0.000000
14.423000
14.553000
1.279000
18.716000
7.640000
0.000000
4.916000
2.143000
0.000000
15.073000
0.000000
2.663000
10.204000
2.704000
11.404000
0.000000
13.769000
18.442000
15.396000
1.785000
4.576000
8.828000
3.363000
15.583000
2.777000
0.000000
14.506000
12.259000
16.815000
12.926000
6.450000
6.389000
0.706000
3.362000
15.751000
0.000000
3.609000
7.941000
4.498000
3.205000
13.548000
9.907000
3.307000
0.000000
2.293000
4.886000
3.122000
12.740000
3.156000
5.986000
15.604000
4.620000
1.814000
7.528000
0.000000
9.408000
0.000000
5.065000
0.000000
0.000000
1.740000
7.328000
6.147000
0.000000
1.736000
10.987000
4.323000
4.924000
10.198000
0.000000
2.053000
10.728000
0.000000
1.566000
6.532000
1.804000
0.000000
1.949000
2.733000
15.842000
0.000000
0.000000
13.080000
0.000000
13.604000
0.000000
0.000000
5.880000
14.650000
3.356000
2.925000
10.781000
0.000000
8.146000
20.637000
3.336000
0.000000
0.000000
5.951000
0.000000
8.418000
2.285000
0.000000
13.428000
14.114000
0.087000
4.806000
8.684000
0.000000
0.607000
0.000000
1.370000
4.025000
4.740000
14.418000
0.000000
11.411000
6.026000
0.000000
4.508000
10.505000
12.233000
2.900000
2.726000
6.406000
9.985000
4.739000
5.870000
0.744000
10.768000
8.164000
4.098000
11.648000
3.352000
0.000000
7.749000
6.816000
0.000000
5.920000
2.974000
14.579000
8.899000
1.170000
8.798000
0.000000
12.041000
0.000000
4.793000
0.000000
0.000000
3.524000
0.662000
5.371000
0.000000
8.068000
4.038000
0.000000
4.159000
0.000000
9.216000
6.602000
7.105000
0.000000
0.000000
6.914000
10.668000
6.111000
5.041000
2.102000
2.533000
5.444000
10.924000
3.758000
15.298000
4.280000
7.655000
1.528000
11.164000
3.967000
1.989000
14.667000
0.000000
7.116000
0.000000
12.004000
10.627000
4.470000
0.628000
8.346000
0.202000
5.874000
15.199000
7.576000
7.505000
6.343000
0.752000
10.305000
1.766000
0.000000
2.653000
14.388000
6.711000
0.000000
3.948000
7.077000
11.151000
4.426000
12.870000
8.189000
9.198000
4.062000
0.000000
9.090000
15.519000
9.019000
0.000000
6.435000
4.098000
0.729000
7.113000
6.507000
0.000000
10.194000
14.684000
0.000000
4.285000
11.022000
1.269000
4.318000
0.000000
20.611000
8.259000
8.948000
8.748000
3.756000
4.460000
2.554000
3.715000
7.323000
4.379000
16.912000
0.000000
5.667000
8.282000
0.000000
5.214000
11.508000
11.406000
10.708000
17.210000
10.841000
6.467000
6.415000
7.520000
2.940000
14.432000
11.415000
4.316000
18.353000
5.021000
0.000000
13.804000
5.490000
5.545000
5.733000
0.000000
6.112000
6.176000
8.923000
7.638000
0.000000
15.706000
7.987000
6.706000
5.847000
7.696000
11.164000
8.042000
13.746000
4.127000
10.167000
10.449000
0.000000
0.000000
0.000000
12.103000
0.000000
4.755000
2.278000
5.584000
6.741000
4.890000
7.895000
4.743000
16.088000
4.687000
3.232000
9.402000
8.872000
8.584000
14.797000
0.797000
7.630000
7.940000
4.972000
11.478000
0.000000
5.047000
5.621000
11.639000
4.412000
0.682000
3.372000
10.093000
0.000000
0.000000
6.022000
9.993000
5.456000
16.137000
9.050000
4.137000
6.673000
7.703000
2.591000
10.425000
2.051000
8.798000
7.679000
15.231000
6.927000
0.517000
13.666000
5.962000
10.474000
2.022000
11.320000
8.043000
17.831000
10.307000
10.810000
1.400000
10.570000
16.060000
9.903000
8.119000
8.573000
0.598000
3.063000
11.549000
7.500000
8.574000
12.990000
9.678000
5.772000
1.687000
11.509000
8.686000
10.469000
15.184000
7.413000
11.208000
14.220000
9.198000
10.071000
12.807000
8.178000
4.649000
6.043000
14.137000
14.366000
11.252000
13.681000
7.367000
1.340000
9.445000
0.000000
7.436000
4.982000
4.664000
13.149000
14.098000
3.683000
0.000000
3.495000
9.710000
8.501000
7.556000
6.685000
9.298000
11.624000
12.334000
12.967000
7.339000
10.251000
8.969000
5.721000
6.349000
2.726000
10.959000
5.627000
0.164000
9.945000
9.888000
9.265000
12.877000
12.209000
9.687000
8.020000
6.760000
9.885000
11.346000
6.749000
11.943000
7.855000
6.641000
11.900000
2.623000
9.913000
11.879000
12.731000
0.652000
9.310000
8.260000
4.658000
1.010000
4.593000
8.331000
9.283000
12.658000
10.616000
4.207000
5.006000
22.700000
0.000000
12.565000
5.104000
7.448000
7.991000
6.578000
6.796000
14.148000
10.074000
7.629000
13.302000
5.241000
6.663000
10.996000
13.503000
3.150000
1.326000
9.128000
5.054000
10.779000
6.017000
4.010000
14.504000
9.810000
11.414000
5.413000
17.778000
6.104000
4.897000
10.471000
4.441000
10.697000
9.153000
16.673000
5.087000
12.776000
12.366000
6.348000
9.881000
12.196000
8.724000
2.011000
3.091000
12.260000
3.716000
2.616000
7.486000
5.606000
10.403000
4.113000
6.826000
5.386000
0.000000
4.992000
7.571000
11.014000
11.339000
5.193000
3.052000
0.000000
10.292000
3.526000
2.540000
7.546000
8.517000
0.000000
5.859000
3.596000
8.563000
8.523000
8.161000
7.478000
7.949000
6.627000
10.884000
5.749000
2.273000
12.017000
6.001000
8.020000
13.307000
9.676000
13.268000
0.000000
3.083000
2.043000
11.321000
15.093000
7.680000
0.000000
10.902000
9.904000
4.618000
2.688000
9.016000
14.575000
4.776000
4.897000
12.380000
10.738000
1.619000
4.141000
9.731000
2.193000
7.591000
3.612000
5.866000
12.033000
10.599000
6.788000
0.000000
5.978000
5.147000
11.394000
9.020000
0.185000
8.973000
1.480000
6.650000
7.178000
4.969000
2.137000
2.544000
4.972000
13.080000
7.484000
5.987000
7.059000
5.874000
14.720000
11.392000
3.013000
3.100000
6.185000
7.740000
3.691000
6.355000
10.180000
9.018000
8.388000
3.340000
7.475000
4.293000
7.715000
4.382000
4.613000
10.259000
12.402000
5.458000
5.973000
5.114000
6.232000
3.613000
4.439000
5.399000
0.762000
9.366000
9.137000
1.284000
6.110000
3.418000
3.144000
10.277000
0.657000
14.734000
12.997000
5.111000
1.369000
1.518000
0.570000
5.450000
9.032000
0.563000
15.700000
1.051000
1.418000
4.754000
5.019000
1.063000
6.661000
1.148000
10.718000
0.240000
6.325000
12.528000
4.036000
5.761000
13.056000
11.090000
2.012000
8.485000
4.351000
8.735000
3.307000
6.570000
3.638000
3.248000
6.064000
5.651000
1.708000
16.044000
3.000000
5.523000
0.599000
9.050000
1.225000
4.197000
0.000000
9.691000
2.686000
5.154000
4.724000
4.427000
6.264000
5.499000
10.275000
16.029000
5.924000
12.889000
2.543000
2.614000
4.939000
0.961000
11.506000
14.131000
5.228000
11.345000
6.029000
4.657000
0.000000
0.201000
1.013000
7.446000
7.258000
1.750000
13.552000
3.322000
7.801000
7.973000
16.387000
1.780000
5.145000
1.755000
1.152000
3.712000
6.265000
6.581000
9.004000
3.193000
2.748000
4.200000
12.624000
4.223000
9.637000
13.137000
9.884000
10.071000
3.574000
3.392000
16.632000
8.608000
10.774000
12.063000
4.211000
6.012000
3.892000
7.076000
9.335000
6.111000
9.956000
8.544000
11.884000
8.464000
2.284000
6.566000
9.293000
1.315000
12.538000
0.852000
2.470000
12.055000
0.000000
12.410000
12.280000
7.844000
6.461000
8.054000
0.000000
3.863000
3.393000
6.852000
1.719000
3.783000
0.000000
2.912000
0.814000
9.278000
2.928000
6.500000
8.045000
14.625000
7.783000
10.672000
3.274000
3.180000
10.938000
10.387000
0.000000
0.940000
11.334000
6.954000
8.365000
15.208000
4.107000
8.568000
3.024000
9.210000
7.196000
16.188000
12.041000
9.082000
6.865000
8.764000
9.061000
5.686000
9.197000
9.367000
2.195000
17.724000
4.410000
11.931000
7.764000
11.866000
4.531000
8.186000
2.288000
5.612000
14.229000
4.739000
7.783000
3.335000
7.797000
3.521000
0.637000
6.097000
12.200000
7.244000
4.862000
0.000000
4.685000
6.361000
8.089000
17.284000
6.222000
6.181000
0.000000
16.502000
7.256000
0.225000
12.251000
2.861000
3.822000
0.000000
5.883000
12.295000
6.488000
5.761000
3.795000
1.795000
9.152000
4.315000
0.000000
0.774000
1.973000
1.644000
5.905000
8.941000
0.000000
8.794000
0.000000
0.000000
0.097000
4.111000
3.380000
3.265000
0.520000
0.272000
8.904000
1.013000
4.062000
15.695000
7.319000
2.531000
4.562000
4.834000
11.233000
0.589000
6.502000
0.000000
4.926000
4.364000
10.396000
9.245000
11.762000
3.044000
3.489000
4.032000
6.464000
0.000000
4.655000
4.290000
7.252000
1.947000
1.862000
0.828000
5.499000
5.108000
0.828000
2.908000
10.223000
7.013000
0.051000
2.159000
0.000000
13.210000
1.348000
2.881000
11.274000
2.713000
0.000000
11.840000
6.296000
11.897000
14.926000
5.415000
9.495000
10.008000
7.552000
8.559000
5.755000
12.173000
0.979000
6.994000
1.086000
0.000000
12.707000
6.778000
6.180000
0.000000
7.424000
2.016000
0.000000
4.407000
0.000000
4.105000
0.000000
2.881000
1.274000
0.000000
1.846000
9.088000
2.093000
5.433000
4.919000
10.593000
0.000000
13.652000
0.329000
1.178000
0.000000
0.000000
10.712000
3.481000
0.426000
1.271000
0.000000
6.184000
0.106000
7.095000
4.031000
8.666000
6.833000
0.131000
3.004000
5.368000
0.000000
0.708000
0.421000
2.080000
8.755000
11.971000
7.227000
0.375000
4.060000
0.000000
15.443000
2.732000
0.305000
0.558000
7.928000
0.534000
0.000000
10.288000
1.728000
4.353000
14.924000
11.144000
0.000000
8.518000
4.941000
4.788000
8.668000
0.000000
3.966000
9.563000
2.054000
13.754000
17.383000
14.911000
3.721000
5.890000
7.497000
6.910000
7.092000
7.911000
0.000000
0.000000
13.255000
2.205000
6.458000
9.907000
5.583000
6.790000
4.266000
13.650000
3.768000
17.310000
0.755000
0.000000
5.943000
8.388000
3.933000
0.000000
2.355000
0.000000
9.573000
10.594000
8.430000
11.060000
3.406000
3.462000
4.308000
0.000000
0.448000
3.881000
8.158000
0.000000
0.000000
2.528000
7.270000
0.401000
0.000000
9.373000
7.170000
0.075000
5.122000
3.576000
18.213000
0.125000
1.952000
2.472000
11.692000
0.000000
9.400000
2.839000
1.344000
12.481000
7.143000
0.847000
6.601000
3.876000
7.301000
13.735000
0.000000
6.523000
0.000000
8.316000
0.000000
0.000000
0.000000
1.353000
4.853000
13.930000
4.548000
4.544000
4.120000
0.000000
3.478000
9.762000
5.355000
4.589000
2.385000
1.551000
13.954000
12.132000
10.746000
1.862000
5.158000
0.000000
10.931000
1.908000
5.770000
11.315000
9.782000
6.699000
0.732000
0.274000
6.373000
2.431000
9.174000
5.187000
20.400000
3.263000
2.460000
12.639000
11.677000
4.257000
4.190000
8.381000
4.212000
3.439000
2.363000
4.228000
7.286000
12.743000
13.934000
8.565000
11.325000
0.813000
4.030000
6.425000
2.348000
11.052000
4.512000
6.236000
6.495000
10.046000
0.000000
8.865000
0.850000
3.161000
6.164000
4.483000
9.980000
4.460000
0.000000
0.728000
6.812000
7.637000
11.657000
17.008000
0.628000
10.881000
4.941000
15.280000
0.000000
1.555000
8.824000
1.262000
17.789000
0.838000
5.435000
7.548000
6.265000
1.408000
6.831000
6.602000
3.727000
2.824000
7.911000
8.366000
0.042000
3.720000
0.586000
4.298000
12.242000
10.157000
0.000000
12.397000
2.246000
12.907000
8.428000
4.658000
13.540000
14.910000
4.681000
7.833000
10.023000
0.943000
9.582000
9.663000
3.938000
7.214000
4.806000
12.582000
3.494000
15.076000
0.504000
11.500000
9.501000
5.837000
4.355000
3.473000
3.057000
8.959000
6.883000
8.570000
5.267000
6.308000
10.682000
10.397000
6.547000
4.193000
3.183000
17.538000
3.735000
5.619000
5.181000
10.634000
0.000000
2.529000
18.143000
15.468000
8.143000
14.059000
12.674000
13.264000
2.415000
0.000000
4.832000
11.007000
0.959000
0.000000
12.557000
8.385000
6.785000
6.651000
5.158000
5.450000
6.152000
11.466000
4.482000
15.843000
6.074000
13.435000
1.234000
0.000000
1.870000
13.117000
2.446000
6.674000
5.612000
7.291000
10.981000
5.573000
5.857000
12.201000
8.011000
7.730000
1.079000
4.859000
6.809000
11.588000
8.963000
5.437000
5.448000
9.571000
11.371000
20.547000
4.262000
13.850000
3.798000
4.897000
12.466000
5.356000
2.034000
6.360000
1.651000
2.780000
5.264000
12.092000
3.811000
2.347000
2.368000
2.758000
0.000000
13.041000
18.494000
5.719000
12.604000
1.817000
7.863000
4.524000
6.200000
7.669000
4.599000
2.490000
8.530000
11.892000
3.725000
8.825000
1.906000
9.269000
2.881000
6.117000
16.724000
0.000000
0.295000
14.347000
7.331000
6.368000
3.702000
8.110000
9.803000
11.830000
8.395000
2.294000
2.519000
11.769000
10.347000
1.959000
9.470000
1.597000
7.266000
5.617000
3.156000
4.714000
9.566000
6.713000
0.000000
0.078000
6.446000
6.708000
6.801000
5.720000
6.914000
7.779000
5.218000
6.737000
3.233000
3.305000
4.652000
13.679000
8.302000
4.968000
14.579000
3.444000
10.551000
9.870000
8.798000
4.959000
6.916000
2.029000
10.582000
4.294000
6.683000
3.834000
4.161000
7.972000
0.000000
9.712000
5.306000
1.873000
7.404000
8.664000
6.998000
1.313000
6.106000
6.588000
0.733000
8.719000
12.480000
6.995000
9.123000
3.750000
10.826000
7.548000
4.863000
11.005000
7.125000
6.827000
5.941000
5.355000
11.833000
11.910000
6.101000
9.172000
4.986000
3.075000
11.678000
10.296000
7.205000
6.993000
6.384000
4.583000
5.322000
2.267000
4.583000
6.600000
5.879000
6.375000
3.912000
8.101000
9.852000
7.187000
4.616000
6.567000
7.211000
0.000000
9.438000
11.792000
1.981000
9.210000
6.851000
3.758000
1.011000
14.094000
8.410000
2.835000
3.303000
3.861000
2.453000
7.834000
7.637000
6.928000
7.652000
20.984000
7.311000
4.012000
11.616000
7.939000
15.498000
6.724000
5.443000
0.000000
12.934000
5.473000
6.339000
4.791000
13.260000
11.849000
4.642000
7.091000
5.522000
8.862000
0.000000
6.431000
8.107000
1.154000
4.849000
16.464000
7.366000
3.102000
6.699000
9.762000
9.980000
9.099000
12.331000
1.266000
7.481000
7.385000
11.506000
9.314000
4.450000
8.612000
4.570000
7.972000
4.754000
11.006000
6.761000
4.150000
7.294000
4.506000
4.252000
11.993000
12.053000
11.415000
3.331000
4.032000
7.875000
2.276000
13.918000
4.031000
6.807000
4.953000
7.440000
8.434000
6.782000
10.230000
9.280000
3.400000
14.085000
7.694000
4.662000
10.761000
3.215000
5.467000
7.312000
6.594000
8.455000
7.372000
11.203000
8.410000
6.841000
3.642000
0.000000
1.634000
4.384000
5.156000
8.007000
3.378000
7.771000
1.980000
5.146000
6.536000
8.087000
6.945000
8.745000
9.878000
1.613000
2.415000
0.733000
10.808000
5.846000
7.100000
4.777000
0.487000
11.265000
8.903000
0.760000
5.888000
6.068000
6.030000
10.206000
4.876000
9.837000
5.154000
5.518000
10.786000
10.082000
9.627000
2.320000
12.669000
3.770000
5.069000
12.864000
11.332000
7.534000
9.961000
17.037000
11.060000
1.113000
8.877000
9.988000
1.729000
6.524000
4.916000
8.972000
3.226000
8.004000
9.035000
6.144000
10.221000
4.813000
6.408000
3.161000
3.793000
12.162000
4.912000
2.295000
7.016000
1.532000
6.039000
7.417000
6.920000
5.426000
9.476000
8.961000
7.351000
5.052000
7.127000
17.934000
9.734000
5.482000
7.493000
3.972000
11.217000
6.540000
18.839000
6.170000
6.093000
6.034000
5.754000
4.217000
0.000000
6.599000
2.938000
7.902000
7.523000
2.203000
6.513000
12.777000
10.833000
10.587000
11.286000
4.731000
14.396000
10.342000
13.840000
8.791000
14.953000
2.973000
12.734000
1.181000
21.331000
8.081000
9.436000
5.666000
2.209000
4.617000
2.910000
4.602000
2.480000
6.238000
11.952000
5.798000
6.325000
12.109000
6.820000
8.258000
8.338000
9.076000
5.333000
8.392000
1.536000
3.117000
7.231000
7.869000
9.811000
4.974000
8.965000
5.498000
11.475000
2.631000
10.109000
13.908000
0.000000
5.469000
8.621000
2.215000
8.972000
9.594000
1.503000
7.921000
6.920000
5.694000
4.089000
11.703000
10.190000
12.127000
2.030000
8.184000
9.307000
7.732000
9.098000
1.631000
12.736000
8.496000
2.760000
1.039000
8.493000
4.712000
8.916000
8.022000
0.000000
5.330000
7.480000
9.341000
11.809000
3.504000
12.649000
0.104000
0.714000
0.000000
5.807000
8.866000
10.665000
12.821000
6.907000
7.155000
13.203000
9.357000
4.947000
8.591000
7.204000
0.531000
10.545000
17.394000
1.672000
5.993000
10.957000
0.000000
0.705000
4.662000
6.780000
0.526000
3.990000
3.807000
13.316000
8.912000
0.000000
9.638000
15.161000
5.634000
3.819000
12.305000
6.633000
14.207000
5.698000
2.957000
9.700000
9.451000
12.483000
6.476000
11.755000
5.529000
4.801000
4.770000
0.000000
3.362000
13.366000
10.579000
0.694000
3.878000
4.820000
14.861000
8.453000
4.462000
10.481000
4.075000
0.000000
3.995000
0.000000
6.639000
10.186000
3.735000
10.626000
9.128000
10.474000
6.818000
7.254000
2.034000
6.008000
3.653000
0.000000
4.040000
8.305000
6.275000
5.438000
4.931000
4.104000
5.934000
13.498000
0.886000
0.674000
16.166000
1.392000
2.239000
4.504000
4.706000
0.000000
2.895000
0.767000
9.083000
8.952000
5.867000
2.643000
11.303000
9.956000
5.299000
12.860000
6.449000
2.752000
4.787000
1.575000
14.551000
2.940000
6.606000
8.521000
1.873000
9.180000
2.858000
10.774000
3.944000
6.310000
4.898000
5.609000
6.154000
8.248000
5.330000
2.195000
6.446000
16.075000
12.519000
8.247000
8.029000
5.952000
2.047000
4.135000
8.916000
1.438000
4.966000
2.048000
6.828000
16.644000
9.961000
11.543000
3.156000
5.379000
5.161000
1.824000
0.000000
3.887000
9.015000
8.399000
9.570000
2.442000
8.924000
8.093000
8.961000
2.219000
1.873000
14.982000
12.015000
10.340000
5.802000
0.000000
3.604000
2.143000
6.777000
0.883000
0.528000
10.246000
10.150000
2.981000
0.397000
3.958000
0.000000
9.452000
8.509000
8.071000
4.354000
2.459000
7.733000
4.814000
0.633000
14.600000
10.071000
5.684000
2.103000
7.025000
19.898000
17.093000
15.327000
1.450000
5.027000
3.084000
5.074000
10.048000
17.532000
5.367000
13.091000
3.158000
2.161000
4.223000
4.175000
3.434000
13.644000
6.469000
3.848000
5.792000
9.244000
14.586000
4.791000
9.777000
1.593000
1.893000
5.196000
5.716000
0.000000
4.976000
12.183000
6.528000
5.241000
0.000000
12.153000
8.285000
9.592000
8.756000
10.232000
2.160000
17.958000
7.206000
3.460000
3.614000
13.215000
0.000000
1.760000
10.007000
11.712000
2.574000
8.336000
4.398000
7.330000
3.076000
11.098000
5.945000
10.773000
2.239000
4.170000
4.118000
4.251000
2.348000
0.000000
9.164000
6.804000
9.819000
10.417000
8.938000
2.322000
8.914000
4.752000
5.012000
10.054000
0.000000
15.530000
1.530000
7.683000
0.645000
0.000000
2.870000
11.178000
3.493000
7.724000
14.554000
1.334000
16.294000
3.742000
8.831000
21.675000
5.371000
10.698000
11.160000
5.229000
0.811000
5.160000
14.497000
2.677000
2.149000
2.486000
3.944000
0.000000
0.605000
21.219000
0.000000
0.000000
0.000000
8.622000
2.866000
2.007000
19.516000
1.261000
7.939000
12.886000
2.799000
14.622000
1.145000
0.659000
0.000000
1.355000
0.000000
11.712000
8.893000
0.212000
2.533000
0.000000
4.810000
9.497000
13.703000
19.631000
12.296000
0.000000
8.911000
20.256000
0.000000
7.676000
5.809000
10.364000
8.973000
7.053000
3.906000
6.982000
8.341000
15.940000
14.121000
11.913000
3.278000
10.982000
6.177000
16.481000
0.000000
12.946000
0.418000
13.734000
12.633000
8.763000
1.835000
8.821000
20.168000
8.827000
15.140000
16.885000
9.855000
0.000000
17.754000
12.376000
0.822000
5.051000
9.572000
9.254000
8.008000
7.675000
2.456000
1.141000
3.321000
2.626000
1.728000
9.119000
5.479000
14.212000
20.969000
13.679000
7.204000
7.701000
4.465000
9.194000
9.789000
12.244000
9.178000
14.494000
13.621000
8.293000
7.346000
0.000000
6.900000
11.417000
13.615000
4.331000
10.521000
11.227000
1.120000
8.837000
1.353000
6.021000
2.659000
11.753000
0.000000
0.000000
4.924000
12.833000
3.886000
9.115000
14.981000
5.031000
11.828000
12.000000
4.252000
9.502000
3.044000
7.568000
10.217000
1.962000
9.496000
4.528000
4.391000
8.583000
20.890000
5.445000
11.864000
10.713000
3.914000
7.456000
15.963000
3.141000
4.123000
7.992000
11.598000
9.809000
16.627000
4.473000
26.033000
12.132000
10.961000
13.561000
0.884000
2.400000
10.212000
5.090000
15.471000
21.334000
5.405000
9.461000
3.715000
10.309000
3.457000
0.000000
8.496000
0.000000
10.873000
13.662000
7.310000
5.192000
12.895000
8.108000
1.427000
4.469000
15.126000
19.911000
14.097000
8.441000
3.931000
5.336000
11.446000
6.804000
8.890000
13.842000
5.502000
6.732000
2.473000
5.751000
19.086000
5.536000
12.559000
5.584000
2.656000
9.317000
0.000000
2.936000
6.066000
10.045000
7.966000
12.760000
8.892000
8.713000
5.596000
8.437000
13.805000
13.861000
9.254000
6.886000
2.604000
7.326000
0.384000
8.710000
7.706000
8.538000
15.279000
9.765000
12.619000
9.316000
4.345000
4.479000
4.057000
12.950000
1.896000
3.363000
4.381000
7.598000
4.889000
13.496000
6.279000
8.737000
10.274000
2.891000
7.636000
2.851000
4.178000
0.000000
9.358000
8.405000
9.405000
2.994000
13.715000
18.496000
12.034000
7.627000
7.940000
6.736000
20.837000
14.059000
13.330000
0.000000
4.738000
11.108000
6.141000
4.044000
12.463000
5.865000
15.532000
1.489000
3.288000
7.228000
13.218000
4.659000
12.864000
5.561000
7.442000
0.000000
10.440000
19.518000
11.889000
13.494000
8.146000
9.557000
8.187000
9.583000
9.395000
0.000000
2.204000
5.228000
3.462000
4.328000
8.540000
14.891000
11.925000
4.711000
4.167000
9.576000
6.895000
2.581000
12.868000
13.368000
5.442000
8.526000
13.432000
5.803000
0.000000
6.665000
7.875000
6.687000
4.116000
15.750000
5.553000
9.950000
10.799000
6.163000
1.960000
7.233000
15.484000
5.163000
10.861000
6.920000
15.568000
16.366000
5.755000
6.855000
16.133000
6.045000
6.902000
8.953000
9.299000
8.884000
3.166000
14.360000
9.506000
10.993000
23.984000
11.084000
5.742000
6.225000
1.355000
9.657000
3.344000
10.859000
4.114000
14.412000
11.528000
9.133000
9.580000
18.664000
5.066000
4.987000
6.478000
2.852000
3.987000
2.474000
9.145000
13.480000
6.360000
4.692000
2.631000
5.082000
2.198000
9.816000
3.302000
4.049000
5.985000
14.847000
10.875000
16.257000
3.786000
3.133000
10.391000
9.303000
8.145000
5.661000
4.386000
1.088000
12.800000
4.967000
6.163000
0.210000
12.648000
9.391000
11.880000
4.212000
3.582000
8.640000
5.990000
14.796000
2.765000
9.998000
8.173000
9.859000
13.274000
7.706000
11.017000
6.935000
15.072000
10.186000
6.966000
4.845000
8.985000
6.082000
2.497000
9.045000
21.558000
6.795000
9.387000
11.368000
9.680000
3.643000
13.250000
2.573000
8.300000
6.295000
10.770000
7.627000
4.864000
13.781000
5.833000
12.933000
12.381000
10.352000
8.387000
6.089000
6.682000
5.851000
6.200000
5.333000
5.093000
9.637000
8.016000
0.000000
1.597000
23.727000
5.610000
10.737000
9.010000
7.770000
3.722000
3.898000
10.315000
5.581000
5.334000
4.784000
5.986000
5.684000
3.037000
5.752000
4.498000
15.006000
3.726000
6.518000
5.953000
8.537000
12.067000
8.245000
12.718000
9.558000
9.312000
0.000000
6.683000
7.094000
0.523000
7.472000
3.659000
8.727000
3.822000
7.981000
6.432000
10.597000
7.567000
15.627000
0.706000
4.271000
11.186000
2.398000
8.239000
9.981000
4.872000
1.639000
12.574000
11.716000
7.426000
4.073000
0.000000
0.000000
8.995000
0.000000
10.550000
0.000000
3.017000
5.811000
2.449000
4.216000
4.655000
13.657000
8.869000
0.000000
6.911000
10.450000
5.200000
11.157000
14.212000
4.918000
6.276000
8.963000
4.722000
7.476000
13.598000
5.693000
4.894000
4.856000
10.111000
6.091000
0.883000
0.000000
1.871000
5.627000
2.949000
8.584000
3.352000
2.349000
6.074000
7.411000
7.696000
5.809000
0.492000
7.869000
8.840000
7.564000
6.238000
3.463000
7.250000
4.074000
2.349000
5.293000
4.022000
7.890000
5.363000
9.493000
9.364000
5.432000
3.912000
6.201000
6.239000
0.300000
3.107000
0.000000
8.645000
5.697000
4.631000
5.095000
0.000000
0.000000
10.305000
6.738000
6.660000
11.748000
2.999000
5.083000
6.097000
0.000000
3.760000
5.351000
8.783000
9.403000
9.715000
5.205000
8.070000
3.917000
4.748000
7.125000
6.370000
0.000000
1.098000
7.873000
11.113000
14.418000
5.093000
7.857000
8.560000
10.894000
3.659000
3.874000
7.283000
5.509000
0.000000
0.438000
0.000000
13.558000
1.255000
0.000000
4.515000
14.743000
3.964000
8.603000
17.230000
9.804000
2.543000
1.319000
4.174000
1.599000
4.168000
8.823000
7.377000
7.299000
14.404000
0.000000
4.279000
6.144000
5.469000
5.352000
0.828000
9.779000
3.885000
6.630000
1.464000
4.098000
7.263000
3.383000
5.908000
1.712000
4.862000
3.778000
1.125000
9.141000
2.625000
0.000000
7.665000
8.071000
7.888000
9.971000
4.533000
0.000000
3.069000
8.991000
5.154000
3.308000
0.543000
2.727000
5.610000
3.050000
7.113000
4.316000
5.601000
9.785000
1.613000
8.558000
0.000000
2.003000
7.384000
1.053000
7.306000
3.753000
3.100000
5.322000
5.939000
6.508000
8.834000
2.689000
5.783000
2.579000
6.293000
8.399000
5.244000
3.800000
7.851000
4.175000
5.873000
1.394000
6.772000
1.793000
6.061000
6.139000
0.536000
5.715000
5.078000
9.202000
3.327000
3.521000
5.865000
7.065000
2.863000
4.687000
8.954000
1.574000
1.256000
2.898000
13.411000
2.168000
8.062000
9.713000
4.264000
9.836000
7.634000
12.692000
7.960000
6.610000
6.120000
5.058000
2.881000
12.310000
1.670000
9.598000
12.172000
7.677000
3.815000
10.798000
5.382000
2.368000
11.414000
10.131000
13.076000
1.225000
11.831000
3.834000
6.038000
8.205000
4.872000
17.314000
8.700000
1.508000
13.388000
9.789000
6.531000
5.985000
11.857000
11.844000
10.652000
4.309000
10.746000
6.629000
14.127000
7.400000
3.228000
3.314000
5.411000
5.655000
3.521000
5.684000
10.471000
7.313000
7.832000
17.157000
6.808000
6.359000
14.496000
2.825000
4.929000
9.986000
10.050000
12.525000
3.485000
6.287000
0.429000
15.121000
6.359000
3.757000
5.760000
6.292000
0.000000
3.967000
9.205000
12.289000
6.350000
2.172000
8.924000
4.047000
3.441000
4.504000
14.516000
1.428000
4.210000
4.187000
5.346000
8.857000
3.972000
8.557000
6.863000
10.181000
13.596000
12.048000
6.004000
7.069000
2.024000
8.933000
7.628000
9.905000
1.241000
10.689000
6.267000
8.300000
8.493000
5.615000
2.489000
4.749000
9.116000
6.172000
14.080000
6.129000
1.796000
8.116000
3.504000
10.275000
10.186000
9.095000
0.873000
13.937000
3.568000
2.771000
8.024000
11.292000
3.608000
12.552000
6.585000
10.256000
7.491000
6.730000
3.920000
3.717000
13.669000
2.201000
11.051000
5.546000
4.368000
15.115000
7.209000
4.265000
9.215000
11.922000
13.029000
8.451000
10.235000
4.134000
10.130000
9.750000
10.494000
3.215000
7.832000
5.549000
5.778000
4.431000
5.272000
4.321000
4.874000
23.418000
0.000000
14.775000
10.069000
16.182000
0.939000
6.762000
12.016000
9.418000
4.820000
7.963000
7.187000
4.875000
10.220000
4.110000
14.185000
3.012000
12.769000
6.968000
5.709000
0.811000
4.976000
6.319000
12.109000
7.961000
3.592000
4.188000
7.200000
16.383000
5.884000
13.175000
5.205000
10.084000
1.204000
1.573000
3.715000
2.912000
2.860000
7.820000
8.413000
6.691000
5.185000
9.023000
2.222000
8.107000
4.699000
4.815000
6.904000
5.254000
2.735000
6.108000
8.112000
5.949000
12.098000
4.372000
8.494000
1.374000
11.228000
5.042000
3.964000
13.599000
3.062000
9.263000
2.034000
5.797000
0.830000
10.185000
8.540000
5.877000
6.349000
10.354000
9.753000
8.368000
5.397000
8.577000
5.834000
3.648000
10.929000
3.802000
5.714000
12.434000
16.483000
3.844000
6.541000
7.905000
8.213000
9.809000
2.053000
5.915000
13.145000
7.570000
7.964000
12.382000
7.668000
11.057000
6.602000
6.289000
8.768000
16.646000
9.339000
6.110000
15.386000
9.960000
23.415000
6.448000
1.808000
8.062000
5.660000
7.144000
7.017000
8.926000
5.498000
5.389000
4.638000
11.187000
10.064000
8.238000
8.516000
8.263000
12.188000
1.744000
0.000000
5.739000
3.779000
6.076000
4.260000
6.540000
8.594000
2.713000
4.916000
6.185000
4.024000
6.317000
9.623000
3.334000
6.324000
11.363000
5.077000
8.150000
3.525000
7.110000
11.350000
8.998000
6.025000
13.964000
10.108000
6.564000
8.174000
6.154000
8.883000
5.022000
11.564000
7.177000
8.761000
12.898000
4.772000
5.652000
4.269000
7.968000
15.550000
9.218000
8.779000
5.560000
5.110000
8.212000
3.397000
8.174000
13.896000
11.862000
6.506000
9.735000
9.845000
13.603000
7.495000
8.683000
4.657000
6.240000
6.501000
7.113000
12.154000
12.624000
8.227000
9.217000
11.723000
0.000000
10.020000
13.886000
2.319000
11.363000
12.057000
3.369000
6.075000
11.547000
10.174000
12.289000
15.417000
2.931000
11.481000
14.728000
6.423000
3.087000
7.902000
14.110000
3.911000
13.010000
10.140000
12.308000
5.335000
5.115000
11.683000
13.978000
3.601000
12.081000
8.085000
9.106000
13.330000
9.198000
6.880000
6.834000
8.106000
5.813000
5.405000
13.218000
6.569000
8.364000
13.948000
9.390000
11.201000
0.000000
9.813000
12.953000
6.050000
5.123000
3.804000
8.411000
10.233000
7.307000
6.775000
12.584000
9.566000
4.652000
7.415000
10.848000
6.576000
2.297000
8.763000
11.279000
9.002000
12.113000
12.286000
3.536000
12.215000
10.816000
6.980000
3.023000
6.314000
1.925000
3.774000
8.759000
5.838000
11.493000
5.651000
4.506000
5.821000
7.702000
5.008000
4.825000
8.414000
10.373000
2.524000
6.930000
13.299000
9.783000
5.943000
11.205000
12.625000
12.189000
7.436000
8.413000
3.958000
5.496000
11.773000
10.981000
3.790000
4.583000
12.204000
9.660000
12.023000
5.926000
3.194000
8.530000
6.381000
6.351000
7.068000
7.671000
10.795000
7.367000
4.713000
10.366000
8.897000
5.896000
5.837000
11.929000
2.284000
6.035000
5.594000
9.062000
13.277000
14.698000
8.212000
10.442000
13.995000
7.836000
8.347000
5.296000
10.546000
9.151000
4.508000
7.770000
2.430000
8.581000
8.945000
12.887000
7.282000
5.641000
8.814000
3.314000
4.888000
15.884000
12.010000
12.196000
6.167000
5.247000
9.405000
10.451000
12.277000
4.229000
7.129000
3.665000
8.935000
8.296000
3.562000
13.487000
3.681000
5.108000
6.981000
3.994000
8.408000
7.885000
6.876000
13.160000
8.449000
4.685000
11.163000
6.249000
10.534000
10.502000
10.459000
5.387000
8.993000
16.365000
3.831000
9.997000
6.349000
10.086000
6.940000
13.144000
2.593000
2.127000
10.878000
0.304000
12.022000
3.154000
5.078000
11.976000
9.189000
8.964000
6.993000
8.511000
10.069000
24.739000
10.194000
4.578000
25.396000
5.480000
4.034000
5.341000
4.556000
4.469000
11.497000
13.171000
10.548000
5.980000
5.141000
4.791000
15.638000
2.627000
7.449000
9.009000
6.798000
10.483000
7.410000
6.720000
6.783000
9.699000
8.805000
10.169000
9.832000
15.841000
5.664000
10.696000
16.220000
2.976000
8.707000
14.340000
10.271000
7.293000
11.630000
8.056000
11.411000
9.666000
11.890000
11.097000
7.425000
11.803000
3.394000
9.765000
13.889000
12.227000
3.771000
6.248000
12.166000
4.333000
11.211000
5.972000
3.290000
6.416000
8.408000
11.680000
2.817000
15.527000
4.717000
11.123000
3.214000
10.876000
8.977000
12.579000
9.347000
7.863000
9.487000
5.706000
8.505000
2.686000
7.310000
8.138000
7.755000
11.623000
4.306000
6.571000
13.080000
12.713000
10.045000
10.092000
7.313000
4.669000
10.171000
10.113000
11.648000
2.389000
8.213000
4.549000
8.434000
11.062000
8.501000
8.934000
8.089000
9.839000
12.660000
5.810000
10.568000
12.492000
7.829000
8.583000
11.705000
9.688000
8.539000
10.431000
16.108000
10.225000
6.155000
6.532000
5.614000
12.773000
6.105000
6.541000
7.852000
8.725000
8.299000
9.681000
13.373000
16.160000
0.000000
7.472000
4.754000
15.836000
3.290000
4.545000
16.641000
4.284000
2.720000
6.322000
5.514000
10.803000
8.110000
3.607000
7.998000
3.967000
6.316000
5.553000
4.914000
6.887000
6.619000
3.631000
11.996000
12.689000
13.545000
10.073000
5.260000
5.813000
12.374000
7.536000
2.208000
11.275000
5.553000
7.838000
7.375000
14.631000
4.958000
5.177000
9.983000
9.442000
8.415000
8.597000
10.119000
11.367000
11.347000
7.451000
12.974000
5.868000
8.356000
4.175000
5.008000
3.592000
8.206000
1.532000
15.662000
5.792000
5.129000
11.415000
15.651000
16.647000
5.233000
9.909000
12.936000
10.394000
6.949000
1.535000
6.777000
9.193000
10.363000
8.540000
1.442000
12.208000
12.887000
7.143000
14.600000
11.240000
5.351000
10.407000
15.446000
7.293000
12.591000
0.667000
5.427000
3.553000
2.180000
9.754000
10.114000
9.507000
12.200000
11.641000
8.283000
14.250000
4.308000
8.214000
2.348000
8.659000
9.266000
1.083000
9.158000
7.379000
4.349000
4.242000
9.150000
11.855000
10.024000
10.017000
5.553000
4.263000
5.653000
12.430000
10.783000
7.485000
10.685000
5.123000
11.352000
15.268000
8.179000
13.869000
2.431000
8.178000
10.603000
5.812000
4.639000
2.803000
5.997000
2.138000
10.095000
5.065000
5.877000
4.739000
6.330000
10.303000
4.139000
7.933000
9.032000
4.379000
9.057000
2.258000
8.606000
6.174000
4.483000
7.364000
11.603000
17.995000
13.373000
1.554000
8.032000
3.056000
5.599000
11.558000
7.296000
4.368000
6.589000
10.052000
13.912000
8.476000
9.490000
13.995000
5.383000
11.021000
3.174000
6.227000
3.549000
10.037000
5.577000
8.677000
10.325000
5.131000
10.340000
9.597000
14.294000
6.654000
0.000000
6.159000
3.133000
7.523000
12.074000
3.954000
4.465000
3.420000
7.632000
7.833000
10.638000
7.973000
7.709000
0.000000
5.634000
6.196000
5.307000
7.588000
6.187000
4.971000
6.793000
0.257000
9.830000
9.234000
2.834000
4.139000
12.593000
7.219000
1.502000
8.710000
10.932000
7.328000
6.232000
4.275000
6.110000
6.167000
8.960000
8.235000
8.027000
10.619000
5.325000
12.593000
10.178000
10.806000
7.518000
9.433000
11.923000
17.101000
1.661000
10.094000
11.520000
13.477000
5.346000
8.432000
7.088000
0.038000
2.995000
3.175000
12.259000
7.761000
5.778000
6.632000
7.044000
8.638000
6.140000
7.177000
5.322000
9.667000
13.885000
4.915000
7.707000
1.370000
7.403000
1.630000
10.808000
8.030000
9.580000
2.489000
5.457000
11.396000
5.078000
5.208000
14.375000
5.625000
15.198000
4.255000
6.278000
13.375000
4.664000
0.000000
17.964000
3.826000
7.780000
7.070000
5.996000
11.295000
7.081000
4.128000
10.153000
6.414000
3.130000
3.923000
2.399000
5.646000
11.053000
9.985000
8.141000
14.011000
10.287000
6.366000
2.372000
13.176000
11.036000
6.032000
5.523000
9.736000
8.754000
16.179000
0.682000
8.226000
4.907000
8.222000
14.993000
7.075000
10.486000
0.000000
5.466000
13.554000
8.894000
7.232000
2.706000
4.797000
14.422000
1.979000
13.788000
9.495000
14.891000
15.954000
12.528000
4.458000
12.194000
6.846000
1.865000
9.430000
6.797000
3.925000
25.712000
15.534000
9.986000
7.333000
12.040000
13.303000
17.525000
2.054000
8.869000
11.065000
6.818000
16.261000
8.693000
2.816000
4.813000
2.163000
7.447000
10.418000
10.815000
3.175000
10.734000
13.535000
11.056000
9.920000
8.292000
10.536000
7.414000
14.375000
10.924000
2.418000
5.440000
4.480000
4.660000
0.884000
1.541000
7.348000
12.184000
9.332000
10.437000
12.677000
11.333000
12.089000
9.302000
11.776000
6.144000
9.998000
4.888000
3.683000
11.681000
7.367000
7.853000
3.358000
8.207000
9.384000
4.698000
1.928000
12.421000
5.581000
7.188000
17.687000
5.469000
2.489000
5.817000
9.324000
9.106000
4.619000
3.435000
9.344000
6.392000
2.133000
0.332000
11.849000
3.108000
5.065000
13.920000
5.484000
5.683000
13.964000
5.231000
2.977000
1.241000
7.649000
3.587000
11.324000
8.115000
5.270000
3.727000
4.921000
15.638000
8.902000
8.363000
15.740000
22.380000
12.274000
4.774000
11.413000
8.179000
7.183000
1.853000
12.268000
5.726000
5.684000
1.409000
5.828000
5.293000
6.290000
11.759000
14.743000
7.516000
5.118000
6.337000
9.219000
8.299000
15.831000
11.103000
5.917000
8.294000
0.956000
6.601000
7.001000
4.263000
4.857000
12.180000
5.124000
2.495000
5.657000
11.134000
6.154000
8.415000
5.594000
13.640000
10.743000
4.614000
9.687000
7.594000
11.912000
5.797000
4.742000
12.519000
5.469000
9.418000
9.561000
11.302000
6.245000
20.406000
11.536000
8.209000
9.535000
12.475000
11.740000
10.217000
5.656000
7.639000
8.386000
9.044000
19.339000
5.156000
8.216000
4.750000
8.398000
0.698000
8.313000
2.712000
12.101000
9.614000
9.452000
6.327000
5.614000
4.092000
6.406000
2.811000
8.374000
13.804000
7.760000
11.421000
2.927000
3.683000
3.244000
12.406000
7.850000
9.259000
11.422000
12.686000
13.428000
9.029000
7.704000
5.217000
6.694000
9.703000
2.068000
7.643000
11.839000
7.139000
7.585000
6.819000
7.637000
11.106000
4.457000
9.418000
5.462000
8.344000
6.734000
6.067000
15.907000
3.959000
8.505000
5.500000
10.822000
13.928000
7.242000
1.752000
5.070000
5.717000
9.925000
11.725000
10.214000
11.545000
9.841000
5.306000
9.410000
12.998000
1.712000
8.741000
10.027000
10.887000
9.431000
13.400000
7.978000
6.634000
15.493000
9.313000
7.077000
5.371000
12.221000
1.836000
16.063000
8.282000
13.482000
11.345000
9.836000
7.276000
7.960000
6.429000
17.637000
2.201000
7.822000
10.547000
4.982000
6.225000
0.405000
2.753000
7.285000
0.135000
7.780000
2.239000
5.578000
9.163000
10.314000
2.824000
0.110000
6.647000
11.573000
11.502000
3.772000
4.176000
6.502000
11.732000
0.574000
12.111000
12.218000
6.918000
10.704000
4.437000
5.034000
11.476000
11.171000
7.631000
0.000000
10.127000
12.588000
9.274000
12.865000
15.580000
20.635000
12.474000
10.441000
5.042000
13.114000
12.164000
14.869000
10.357000
3.542000
11.639000
9.671000
12.501000
12.563000
13.089000
18.794000
0.000000
0.928000
6.937000
8.532000
7.259000
13.981000
1.400000
8.281000
10.560000
10.952000
13.788000
6.908000
16.615000
8.669000
4.015000
12.020000
11.381000
14.060000
11.210000
10.237000
3.843000
1.668000
9.574000
6.900000
9.039000
6.410000
10.443000
2.508000
9.905000
14.191000
2.870000
8.683000
6.609000
11.316000
0.000000
9.733000
11.295000
10.522000
6.003000
0.101000
0.856000
12.003000
5.460000
5.700000
11.994000
1.501000
15.743000
14.952000
18.596000
12.415000
16.036000
8.202000
14.930000
10.047000
16.954000
5.900000
3.863000
4.902000
5.119000
14.264000
6.525000
0.174000
9.469000
6.627000
4.422000
14.625000
8.250000
10.462000
7.762000
10.100000
12.317000
5.735000
7.889000
5.108000
2.928000
0.000000
10.092000
11.593000
2.542000
12.484000
3.979000
13.773000
8.721000
6.531000
17.232000
9.677000
4.362000
4.388000
8.849000
9.851000
2.034000
0.000000
2.489000
0.000000
11.486000
10.369000
5.131000
3.074000
6.473000
0.000000
0.000000
0.578000
9.114000
6.006000
2.527000
10.958000
5.856000
2.818000
14.354000
0.227000
1.987000
9.866000
9.291000
2.063000
0.000000
1.352000
3.369000
8.386000
1.248000
8.680000
11.576000
11.611000
15.156000
11.442000
0.000000
0.000000
8.712000
0.000000
2.794000
13.381000
2.889000
0.000000
0.000000
5.082000
15.378000
2.364000
0.000000
10.943000
3.279000
9.246000
4.345000
5.680000
0.000000
7.053000
3.976000
2.239000
4.298000
0.000000
2.401000
2.200000
4.052000
10.622000
0.000000
2.734000
0.959000
7.838000
0.349000
7.398000
10.492000
5.281000
12.310000
2.120000
3.625000
3.245000
5.438000
1.371000
2.756000
0.000000
3.781000
3.960000
14.124000
5.021000
1.787000
0.320000
0.000000
10.231000
11.150000
8.527000
11.558000
7.318000
5.390000
3.964000
1.324000
0.539000
3.387000
13.200000
3.094000
13.216000
4.342000
2.204000
3.325000
6.633000
13.857000
7.329000
5.697000
1.316000
1.488000
15.421000
0.000000
9.355000
6.098000
6.926000
1.603000
0.000000
8.558000
12.171000
3.941000
12.620000
12.659000
0.064000
0.845000
4.204000
6.869000
0.000000
1.373000
4.395000
0.894000
4.935000
9.256000
15.067000
0.000000
10.940000
0.446000
10.093000
0.029000
4.164000
10.920000
7.331000
5.992000
6.978000
11.354000
2.342000
6.455000
6.643000
0.160000
4.011000
5.424000
7.423000
6.155000
10.724000
2.632000
1.831000
13.083000
17.453000
4.800000
13.096000
6.802000
0.190000
15.158000
0.451000
6.792000
6.289000
7.311000
3.144000
12.641000
0.837000
3.348000
4.162000
5.680000
17.922000
6.026000
4.400000
8.047000
6.845000
5.497000
5.608000
5.449000
4.039000
12.208000
3.755000
1.918000
0.000000
3.369000
4.830000
10.587000
7.858000
0.746000
4.760000
6.410000
2.028000
8.554000
6.052000
1.053000
2.101000
4.820000
7.777000
0.000000
10.835000
9.782000
8.462000
10.240000
0.000000
3.874000
0.411000
7.385000
6.822000
10.005000
2.139000
5.445000
0.493000
6.955000
9.869000
8.487000
9.435000
4.966000
5.441000
15.529000
9.588000
12.839000
4.488000
0.000000
5.416000
9.758000
10.363000
8.858000
7.664000
3.026000
7.054000
6.573000
1.002000
11.049000
10.180000
4.129000
13.929000
3.965000
6.938000
7.999000
11.782000
12.562000
2.193000
0.000000
3.155000
7.532000
3.319000
12.576000
7.381000
9.084000
7.097000
8.062000
2.024000
3.288000
11.660000
3.574000
3.714000
10.702000
6.956000
0.855000
2.755000
4.879000
5.662000
0.830000
10.246000
16.441000
0.327000
9.103000
0.223000
6.822000
9.240000
18.285000
11.765000
6.159000
4.237000
8.988000
7.819000
0.432000
8.524000
8.990000
1.927000
6.971000
9.378000
4.593000
13.971000
6.391000
3.217000
4.590000
8.060000
9.335000
5.971000
7.257000
7.758000
9.104000
9.549000
0.490000
9.302000
9.013000
11.957000
4.447000
7.440000
6.647000
15.981000
3.717000
5.457000
5.892000
11.533000
7.528000
8.291000
7.481000
2.419000
8.901000
5.384000
5.285000
7.476000
9.703000
4.713000
13.064000
6.928000
6.352000
4.019000
8.385000
8.200000
3.043000
8.783000
2.677000
1.931000
9.491000
8.499000
6.124000
7.425000
8.302000
8.578000
5.564000
12.392000
7.664000
2.785000
10.986000
4.177000
3.224000
5.338000
7.439000
9.867000
10.555000
7.063000
11.462000
12.309000
4.341000
7.812000
1.439000
5.488000
10.465000
6.962000
4.835000
1.291000
10.253000
3.493000
8.951000
8.176000
12.381000
9.432000
13.321000
10.375000
8.158000
3.160000
6.460000
6.646000
4.952000
14.742000
12.994000
6.514000
3.489000
13.423000
8.023000
10.814000
3.983000
1.970000
10.721000
11.691000
8.046000
4.904000
3.422000
14.630000
7.500000
8.407000
4.961000
7.937000
8.002000
3.716000
6.472000
9.241000
7.848000
4.259000
8.280000
9.191000
6.221000
11.802000
6.734000
0.350000
5.124000
10.360000
8.531000
1.612000
1.063000
15.407000
10.485000
4.913000
0.516000
7.674000
7.818000
5.980000
14.314000
10.052000
11.100000
12.925000
4.960000
7.693000
5.450000
9.664000
12.002000
5.233000
1.130000
8.590000
13.257000
8.351000
8.582000
7.920000
11.297000
8.817000
0.000000
5.338000
7.194000
11.000000
8.787000
9.234000
7.097000
1.339000
1.874000
5.759000
8.665000
3.300000
4.051000
9.062000
8.501000
9.820000
11.281000
9.614000
13.214000
0.000000
6.286000
4.058000
1.859000
10.549000
6.990000
6.755000
7.483000
8.025000
8.348000
8.595000
7.162000
6.713000
7.012000
4.493000
0.145000
7.639000
1.704000
6.592000
9.421000
11.984000
12.273000
10.505000
9.342000
9.207000
14.372000
10.534000
5.484000
17.628000
7.601000
8.844000
1.413000
9.615000
3.604000
11.038000
5.872000
9.407000
1.892000
8.110000
11.197000
5.960000
4.701000
5.575000
4.735000
12.685000
8.934000
6.142000
13.532000
0.711000
7.744000
0.000000
12.617000
3.321000
9.157000
4.271000
11.457000
11.484000
7.751000
4.649000
4.942000
6.569000
0.994000
9.235000
10.154000
9.958000
4.908000
12.062000
10.446000
10.817000
6.928000
7.174000
6.885000
9.229000
0.785000
13.135000
10.491000
7.750000
12.898000
4.137000
9.182000
7.916000
9.406000
7.116000
2.573000
8.480000
8.243000
11.107000
11.923000
8.223000
9.717000
13.310000
9.240000
9.638000
4.167000
10.477000
2.266000
4.471000
6.951000
14.568000
10.280000
10.967000
16.737000
14.224000
8.272000
6.863000
16.048000
0.000000
9.501000
0.000000
6.348000
13.271000
5.736000
8.274000
10.123000
8.175000
5.940000
2.728000
7.594000
10.061000
3.843000
5.682000
12.629000
6.816000
8.894000
10.036000
6.458000
9.249000
8.421000
13.428000
10.759000
8.036000
11.500000
12.242000
5.473000
0.895000
4.796000
9.641000
2.655000
7.131000
7.903000
11.104000
1.786000
8.045000
6.148000
15.233000
9.139000
6.765000
14.721000
4.632000
9.261000
7.607000
14.391000
0.768000
8.643000
3.200000
11.740000
1.357000
11.979000
13.097000
2.383000
0.000000
11.008000
8.803000
1.432000
11.720000
2.235000
3.540000
11.858000
10.749000
10.804000
13.096000
9.854000
11.297000
4.085000
10.495000
15.126000
13.586000
2.708000
9.229000
4.828000
0.000000
2.506000
13.493000
5.001000
10.818000
1.134000
7.943000
7.024000
5.504000
7.823000
2.914000
7.686000
9.448000
7.026000
4.629000
10.687000
12.926000
0.000000
4.172000
6.787000
13.438000
0.000000
2.434000
14.331000
8.898000
6.825000
4.680000
6.220000
2.078000
2.637000
2.529000
3.247000
0.000000
9.032000
5.371000
12.992000
7.836000
10.873000
14.202000
15.669000
15.820000
7.848000
11.635000
2.019000
1.848000
11.623000
0.000000
11.623000
10.130000
11.679000
9.510000
9.831000
5.704000
8.262000
3.495000
0.365000
5.013000
3.017000
14.585000
3.048000
13.000000
4.584000
8.622000
6.489000
6.559000
5.708000
3.110000
9.470000
0.000000
2.786000
16.442000
10.455000
0.000000
5.802000
0.654000
0.000000
10.517000
15.757000
12.995000
8.769000
5.399000
1.116000
0.000000
2.667000
9.839000
9.549000
10.309000
3.141000
6.753000
0.000000
0.000000
5.841000
12.612000
6.358000
6.332000
2.490000
4.760000
6.241000
8.179000
0.000000
2.870000
3.045000
7.428000
4.365000
9.590000
8.881000
0.000000
8.109000
10.036000
0.906000
4.198000
10.851000
5.367000
0.488000
10.922000
3.920000
0.000000
13.409000
14.877000
0.850000
3.788000
12.505000
0.000000
0.000000
7.945000
0.000000
3.338000
6.709000
6.279000
12.620000
1.770000
7.365000
0.000000
6.507000
7.301000
0.000000
5.426000
8.470000
7.049000
6.865000
6.965000
10.181000
0.000000
8.360000
9.053000
8.136000
1.301000
0.914000
1.879000
5.813000
11.663000
8.111000
1.845000
5.888000
1.175000
7.460000
0.000000
8.273000
6.010000
7.979000
7.604000
5.204000
8.245000
0.946000
5.597000
5.279000
0.000000
13.583000
8.493000
5.868000
4.255000
8.605000
0.972000
9.743000
1.478000
10.158000
9.552000
0.548000
6.087000
6.995000
0.000000
1.335000
4.689000
5.990000
9.984000
0.000000
10.436000
7.184000
8.338000
5.547000
7.628000
14.858000
10.231000
9.962000
14.211000
5.453000
4.213000
7.747000
7.763000
9.574000
5.311000
5.735000
12.196000
10.760000
18.111000
6.098000
15.461000
15.553000
0.000000
9.764000
4.239000
9.337000
6.984000
11.491000
0.000000
12.913000
8.074000
2.745000
12.097000
2.685000
7.784000
8.235000
0.991000
9.930000
15.121000
8.803000
8.005000
10.701000
6.897000
8.567000
14.305000
0.563000
6.765000
7.656000
9.490000
9.776000
8.345000
3.892000
2.853000
9.224000
6.878000
2.902000
2.165000
2.494000
10.059000
7.259000
4.894000
7.748000
9.746000
3.089000
7.719000
5.099000
6.809000
10.778000
0.000000
1.172000
3.094000
8.602000
6.043000
7.311000
9.645000
9.046000
8.163000
14.264000
5.510000
8.216000
6.896000
0.000000
7.272000
7.374000
12.089000
8.673000
6.376000
9.189000
8.575000
11.433000
9.943000
6.913000
9.696000
4.865000
8.108000
3.568000
7.868000
13.797000
8.745000
5.888000
6.591000
7.100000
5.843000
15.806000
8.159000
4.124000
11.098000
2.905000
7.876000
3.434000
4.088000
6.552000
0.927000
14.438000
7.141000
7.936000
8.561000
7.790000
5.530000
0.576000
4.514000
3.673000
2.242000
12.047000
4.129000
13.967000
10.819000
12.520000
7.129000
12.883000
12.839000
9.099000
6.121000
4.904000
10.421000
15.651000
7.885000
3.548000
6.567000
6.237000
3.329000
6.567000
11.883000
0.000000
4.859000
16.097000
2.229000
1.420000
7.900000
7.432000
8.376000
15.628000
7.369000
8.209000
4.629000
9.890000
7.561000
5.304000
7.363000
7.523000
13.917000
7.403000
16.902000
15.560000
10.232000
5.320000
2.490000
12.630000
0.000000
2.548000
14.549000
0.000000
1.057000
7.484000
10.750000
2.861000
1.131000
5.104000
12.733000
6.269000
3.065000
12.148000
4.668000
1.641000
11.236000
4.887000
2.404000
5.262000
8.691000
1.685000
2.020000
9.585000
12.876000
5.194000
2.768000
2.802000
8.596000
11.833000
3.687000
8.773000
8.581000
11.775000
1.105000
9.879000
8.542000
1.886000
11.947000
1.174000
4.077000
2.530000
2.302000
14.325000
0.000000
4.902000
0.000000
6.456000
10.403000
10.297000
1.970000
8.846000
15.477000
4.330000
9.713000
15.460000
12.805000
9.383000
10.073000
3.000000
0.000000
12.559000
6.181000
0.000000
3.040000
3.524000
2.870000
4.217000
14.530000
7.159000
9.195000
3.293000
6.928000
0.598000
6.113000
1.866000
10.332000
7.273000
6.937000
1.289000
6.089000
8.315000
0.000000
0.000000
2.874000
3.037000
0.000000
13.371000
0.000000
7.032000
5.735000
0.315000
7.659000
15.684000
6.706000
5.736000
14.007000
2.512000
5.629000
0.000000
14.814000
11.151000
9.854000
6.399000
3.814000
12.351000
12.337000
2.177000
7.575000
9.513000
11.344000
4.416000
5.765000
7.503000
10.675000
9.214000
6.049000
12.346000
11.677000
2.780000
1.299000
4.705000
0.869000
9.896000
5.856000
11.009000
12.862000
11.374000
3.452000
14.697000
13.976000
0.000000
7.524000
10.730000
13.488000
3.368000
0.367000
0.000000
11.807000
7.729000
3.317000
10.564000
8.869000
9.620000
1.304000
6.123000
2.517000
12.022000
0.322000
17.414000
4.903000
3.438000
0.000000
0.000000
5.846000
7.907000
4.035000
6.106000
4.012000
8.992000
6.532000
0.000000
8.311000
7.002000
5.298000
8.855000
8.267000
1.781000
7.180000
7.402000
9.134000
12.325000
4.799000
13.626000
2.599000
0.306000
0.000000
2.743000
2.580000
10.646000
13.056000
1.128000
0.656000
4.274000
1.682000
0.000000
0.000000
9.910000
0.000000
2.665000
8.821000
5.049000
0.606000
4.572000
0.000000
2.443000
0.000000
5.065000
0.000000
4.034000
4.925000
0.000000
3.302000
4.035000
1.108000
6.471000
9.244000
7.767000
10.404000
3.700000
3.623000
9.006000
0.711000
3.285000
0.342000
11.707000
5.442000
12.700000
9.879000
11.271000
6.776000
3.277000
4.594000
9.477000
3.741000
0.000000
6.418000
0.888000
10.809000
3.710000
17.826000
1.206000
7.526000
2.808000
3.522000
5.837000
4.879000
5.655000
0.000000
0.000000
7.310000
0.000000
7.260000
0.000000
7.229000
8.287000
6.300000
3.208000
5.454000
9.147000
2.596000
7.332000
5.319000
0.000000
1.948000
0.000000
5.946000
0.000000
3.930000
4.329000
0.479000
3.415000
9.258000
2.644000
6.057000
7.882000
3.017000
2.687000
0.970000
2.139000
0.298000
5.175000
6.099000
1.888000
2.623000
7.813000
4.444000
7.989000
3.151000
0.000000
1.501000
3.674000
14.888000
7.411000
3.656000
10.037000
15.110000
3.726000
0.552000
7.025000
20.975000
4.143000
5.438000
2.617000
3.518000
5.032000
6.496000
15.136000
1.350000
4.852000
5.165000
2.991000
9.293000
8.799000
6.896000
6.023000
12.483000
2.517000
13.034000
3.445000
0.000000
1.687000
2.636000
23.064000
4.658000
3.149000
0.000000
7.646000
11.479000
5.031000
3.935000
2.973000
0.841000
8.556000
5.691000
4.877000
9.616000
6.280000
0.524000
0.695000
5.942000
8.726000
3.201000
8.079000
0.000000
4.398000
2.240000
0.905000
7.182000
7.630000
3.847000
7.281000
2.241000
0.599000
0.000000
7.569000
0.090000
4.803000
2.687000
6.836000
11.468000
5.065000
6.823000
1.425000
0.470000
2.872000
8.604000
0.000000
10.488000
12.619000
12.660000
15.611000
5.885000
4.092000
0.502000
5.995000
9.960000
11.370000
2.865000
3.323000
10.617000
3.354000
6.734000
7.697000
3.191000
0.395000
4.025000
15.952000
5.493000
0.000000
5.866000
1.182000
7.053000
5.170000
6.973000
0.288000
1.327000
3.666000
3.925000
5.438000
1.436000
1.452000
10.597000
6.820000
0.000000
3.449000
4.737000
0.000000
11.134000
10.850000
6.499000
5.937000
0.000000
7.038000
12.770000
2.562000
4.109000
8.409000
4.289000
5.909000
0.000000
7.867000
4.237000
15.022000
4.921000
0.000000
1.994000
6.902000
0.000000
3.257000
13.132000
5.816000
3.662000
0.000000
12.586000
0.000000
0.000000
5.646000
0.000000
12.986000
12.506000
0.000000
10.885000
1.248000
0.000000
8.009000
6.193000
0.000000
14.355000
17.670000
0.893000
0.000000
2.783000
15.510000
0.000000
0.000000
13.953000
1.112000
5.618000
0.000000
11.756000
4.431000
6.563000
13.770000
10.303000
2.601000
7.561000
1.506000
10.569000
7.669000
0.000000
3.947000
8.364000
0.000000
3.391000
6.409000
8.840000
1.696000
0.000000
9.645000
3.666000
14.957000
3.672000
4.760000
0.000000
15.781000
6.276000
0.000000
0.000000
18.665000
1.123000
0.000000
3.801000
8.417000
3.442000
18.628000
0.981000
8.506000
8.543000
3.901000
0.000000
2.424000
9.598000
4.676000
5.625000
5.127000
0.000000
5.294000
7.253000
3.596000
1.385000
15.918000
8.137000
12.832000
11.298000
0.842000
1.995000
4.939000
6.560000
14.256000
2.438000
3.807000
11.066000
6.164000
0.000000
7.264000
3.531000
0.000000
12.404000
0.000000
3.070000
8.336000
11.248000
1.220000
0.919000
8.097000
0.000000
2.636000
11.635000
0.000000
4.167000
2.947000
2.649000
15.217000
0.000000
9.565000
4.261000
0.000000
0.756000
4.728000
1.490000
13.966000
9.789000
4.565000
9.827000
5.309000
0.000000
11.583000
3.981000
2.571000
5.711000
0.000000
5.357000
1.591000
11.555000
9.626000
8.017000
2.087000
5.867000
7.884000
6.300000
3.584000
4.867000
22.655000
6.569000
4.779000
11.162000
12.544000
12.566000
7.086000
8.315000
7.446000
10.768000
7.907000
11.450000
4.783000
4.681000
0.000000
13.098000
12.400000
9.854000
10.531000
4.351000
2.346000
13.448000
3.757000
0.000000
4.090000
0.000000
14.997000
3.480000
7.120000
7.859000
7.051000
0.000000
4.736000
1.877000
6.664000
5.173000
3.550000
3.667000
11.116000
1.343000
3.610000
0.068000
1.713000
5.099000
5.956000
12.747000
5.364000
10.502000
0.816000
0.000000
7.888000
0.346000
5.449000
0.719000
0.000000
4.267000
7.420000
4.218000
1.960000
10.771000
0.000000
11.333000
3.853000
6.681000
3.413000
6.930000
3.748000
7.825000
6.859000
0.206000
3.172000
4.621000
0.000000
3.775000
10.858000
0.000000
0.000000
10.563000
8.229000
7.921000
1.671000
9.940000
5.341000
8.135000
1.445000
3.269000
2.859000
11.519000
2.786000
0.000000
0.025000
4.127000
7.899000
9.039000
3.962000
4.680000
3.508000
4.270000
2.196000
9.558000
12.506000
10.415000
6.579000
9.549000
5.991000
0.000000
2.704000
16.130000
6.305000
12.242000
7.512000
4.134000
3.007000
1.002000
13.461000
9.855000
0.000000
6.780000
4.037000
12.532000
10.862000
4.609000
8.077000
0.000000
0.000000
0.139000
8.216000
1.610000
5.936000
1.523000
6.258000
1.288000
2.233000
0.000000
0.681000
12.979000
6.501000
12.066000
1.420000
0.000000
10.867000
2.608000
0.000000
0.000000
0.042000
0.000000
0.000000
0.000000
2.495000
3.918000
4.981000
0.000000
0.304000
0.000000
8.431000
9.854000
0.000000
0.000000
7.454000
13.109000
9.179000
0.000000
0.000000
8.418000
0.000000
3.612000
0.000000
11.304000
15.930000
3.457000
11.885000
0.000000
0.000000
0.000000
7.378000
1.333000
7.607000
2.989000
0.000000
3.501000
1.412000
5.281000
0.223000
10.994000
3.764000
2.452000
8.206000
6.225000
0.000000
8.133000
5.185000
0.000000
9.802000
1.835000
3.544000
0.000000
3.631000
1.763000
15.225000
0.000000
3.808000
3.902000
11.844000
2.455000
12.286000
0.000000
4.419000
2.993000
5.835000
0.000000
0.000000
1.305000
0.000000
8.268000
1.852000
0.000000
8.622000
1.340000
2.194000
0.000000
4.070000
0.000000
5.445000
0.000000
0.000000
3.039000
0.000000
0.000000
0.000000
2.883000
0.000000
2.303000
0.595000
0.000000
4.925000
0.000000
7.578000
6.642000
0.000000
0.000000
0.832000
0.000000
3.112000
0.000000
0.000000
0.000000
7.535000
2.696000
2.117000
0.000000
0.000000
0.000000
4.841000
11.720000
0.000000
0.000000
0.000000
2.982000
4.386000
0.000000
0.000000
10.307000
2.143000
3.521000
4.283000
9.823000
0.000000
2.995000
0.000000
0.000000
0.000000
10.100000
5.403000
8.438000
0.000000
0.000000
0.000000
3.935000
5.429000
9.302000
0.000000
5.097000
0.000000
0.000000
7.085000
3.580000
3.931000
0.000000
1.150000
0.000000
2.570000
0.000000
0.000000
4.677000
0.000000
0.000000
1.591000
0.000000
3.321000
0.000000
9.123000
2.960000
3.942000
9.592000
6.181000
3.489000
0.000000
0.000000
0.000000
0.000000
0.000000
6.205000
1.783000
0.000000
7.330000
2.629000
0.654000
6.099000
3.830000
4.571000
6.379000
0.000000
1.901000
2.662000
0.360000
0.000000
0.000000
0.000000
0.000000
2.285000
7.003000
2.519000
1.680000
0.000000
0.000000
0.000000
0.000000
1.649000
0.000000
4.008000
0.096000
10.330000
0.000000
3.818000
0.000000
5.993000
0.000000
8.168000
0.000000
0.000000
0.000000
6.996000
0.000000
0.000000
0.000000
3.669000
2.176000
4.972000
3.953000
0.000000
8.757000
0.927000
0.000000
0.000000
4.166000
0.919000
5.522000
4.601000
5.129000
0.000000
2.429000
6.817000
0.000000
5.728000
0.000000
2.085000
5.947000
0.000000
4.462000
0.000000
0.000000
8.806000
0.875000
0.000000
10.724000
6.506000
0.870000
1.173000
0.000000
0.000000
0.000000
4.370000
5.221000
3.193000
0.000000
0.000000
5.592000
7.782000
0.000000
3.499000
0.000000
7.883000
8.718000
0.000000
0.000000
0.375000
0.000000
8.524000
0.643000
3.062000
0.000000
8.069000
0.000000
4.619000
6.126000
1.885000
2.081000
0.602000
0.000000
2.338000
5.180000
0.000000
1.523000
7.066000
7.310000
0.000000
1.391000
0.001000
3.034000
5.532000
2.612000
5.548000
0.000000
5.539000
1.753000
4.037000
0.000000
0.000000
0.960000
3.294000
3.862000
7.662000
4.414000
0.000000
7.829000
0.000000
0.513000
5.545000
4.489000
0.762000
0.000000
0.000000
0.000000
4.772000
0.000000
0.798000
9.479000
1.740000
6.494000
0.000000
4.936000
0.000000
6.286000
6.279000
1.580000
0.000000
0.000000
4.898000
6.812000
5.662000
1.598000
2.834000
0.000000
0.000000
0.388000
7.189000
6.084000
1.770000
2.442000
3.679000
3.266000
4.470000
4.426000
4.583000
15.639000
4.043000
0.000000
2.881000
4.718000
0.877000
0.000000
0.755000
6.183000
0.000000
3.702000
0.000000
0.000000
6.047000
0.000000
0.000000
4.895000
4.687000
0.000000
0.000000
0.000000
1.191000
0.000000
2.805000
8.340000
2.583000
6.257000
1.573000
0.000000
0.000000
0.000000
0.000000
1.886000
5.511000
4.830000
0.000000
6.588000
2.758000
2.224000
6.619000
1.701000
0.000000
4.413000
0.000000
5.774000
5.771000
9.791000
0.557000
0.000000
0.000000
0.000000
2.414000
12.465000
0.000000
1.229000
0.000000
0.000000
0.000000
0.000000
1.922000
0.000000
4.363000
0.086000
3.888000
4.517000
2.529000
0.000000
0.000000
0.000000
0.000000
0.000000
7.108000
1.146000
1.198000
0.000000
7.169000
0.000000
0.930000
8.158000
0.000000
0.000000
0.000000
2.484000
4.815000
5.816000
5.438000
0.889000
6.027000
1.552000
0.124000
2.984000
0.000000
2.400000
0.000000
0.000000
0.000000
0.000000
1.639000
4.751000
6.614000
0.000000
0.807000
4.356000
4.693000
0.000000
3.000000
4.152000
0.000000
0.000000
0.000000
0.856000
0.000000
1.535000
0.000000
0.000000
4.466000
1.444000
0.000000
0.232000
0.777000
0.000000
9.422000
0.000000
0.000000
0.421000
0.000000
0.000000
0.000000
0.000000
0.000000
0.000000
1.259000
0.000000
0.000000
3.727000
0.000000
7.409000
4.980000
2.696000
3.601000
0.000000
2.689000
1.034000
2.244000
1.976000
0.000000
2.291000
0.000000
0.000000
0.983000
0.000000
1.853000
0.000000
4.257000
0.000000
0.000000
0.000000
1.335000
3.076000
5.878000
0.505000
1.175000
2.975000
7.603000
0.000000
0.267000
5.011000
0.000000
0.000000
3.670000
0.000000
0.000000
0.000000
0.899000
1.077000
0.000000
8.800000
0.800000
5.870000
0.000000
2.921000
0.578000
0.000000
0.000000
0.000000
1.759000
0.000000
2.841000
0.024000
0.000000
1.711000
0.894000
0.029000
1.102000
0.000000
0.000000
2.406000
0.000000
4.689000
1.742000
0.083000
2.427000
0.000000
2.894000
0.000000
4.041000
4.503000
4.430000
0.000000
2.961000
0.000000
4.330000
0.000000
5.608000
3.950000
7.336000
0.000000
0.000000
0.000000
1.090000
0.000000
0.677000
0.000000
0.000000
0.012000
0.000000
3.684000
1.228000
5.455000
1.558000
0.000000
0.880000
1.247000
3.366000
2.616000
1.554000
0.000000
0.000000
2.765000
1.235000
1.761000
2.804000
3.097000
0.000000
0.000000
1.063000
0.000000
0.000000
0.000000
0.000000
0.000000
0.000000
1.707000
5.999000
0.000000
0.000000
3.685000
0.000000
7.637000
0.000000
1.880000
0.000000
0.485000
0.000000
0.000000
0.000000
0.371000
0.000000
3.483000
0.000000
2.334000
0.000000
0.264000
0.274000
0.000000
1.556000
0.202000
2.008000
0.000000
0.000000
0.000000
1.819000
2.569000
0.000000
0.000000
0.000000
1.792000
0.000000
0.000000
0.000000
3.255000
0.000000
0.000000
0.000000
0.000000
0.000000
0.000000
0.263000
0.000000
2.302000
0.000000
0.000000
4.523000
0.000000
5.154000
3.584000
4.070000
2.338000
0.000000
0.000000
0.000000
1.356000
1.611000
0.000000
2.842000
0.000000
0.000000
0.443000
2.868000
0.119000
1.168000
4.361000
0.000000
0.000000
1.805000
0.000000
0.000000
0.000000
0.111000
0.041000
4.719000
0.390000
0.862000
2.655000
0.297000
0.740000
1.458000
1.679000
0.000000
0.000000
1.081000
0.000000
0.843000
0.097000
0.000000
0.000000
0.000000
1.091000
1.504000
0.431000
0.000000
3.651000
4.399000
0.000000
5.081000
1.408000
0.000000
2.875000
2.366000
0.900000
0.135000
0.000000
0.000000
0.000000
6.117000
0.398000
0.235000
3.932000
4.913000
4.180000
3.271000
1.689000
1.041000
4.012000
3.133000
0.000000
6.489000
2.257000
0.000000
5.142000
0.000000
1.422000
2.597000
1.797000
7.511000
0.661000
2.552000
1.541000
0.000000
0.000000
0.000000
5.467000
0.000000
0.000000
7.783000
0.238000
0.507000
0.000000
2.482000
0.000000
2.133000
0.000000
2.094000
0.000000
1.753000
0.000000
1.787000
0.000000
6.485000
0.328000
1.706000
1.541000
3.023000
1.698000
0.000000
1.872000
0.000000
0.876000
0.501000
1.155000
2.205000
2.962000
5.078000
2.094000
3.832000
2.607000
0.000000
0.000000
0.000000
0.000000
0.729000
2.188000
4.680000
2.401000
4.225000
0.000000
1.031000
3.003000
4.033000
0.726000
4.825000
0.385000
3.062000
1.535000
0.028000
0.000000
1.766000
0.000000
0.000000
8.208000
0.482000
1.231000
0.000000
0.102000
1.280000
5.123000
0.000000
0.000000
7.414000
6.427000
2.106000
2.666000
0.000000
0.000000
0.000000
1.208000
0.000000
0.258000
0.000000
0.000000
0.000000
3.780000
2.757000
5.052000
0.252000
4.855000
0.000000
0.000000
1.332000
0.000000
3.694000
0.000000
1.128000
2.764000
0.000000
0.000000
0.000000
0.000000
1.227000
0.461000
2.843000
0.000000
0.229000
0.000000
9.929000
2.954000
0.480000
3.411000
2.123000
5.842000
0.614000
0.616000
2.707000
1.266000
11.167000
4.404000
2.383000
0.383000
2.736000
0.181000
4.903000
0.067000
0.000000
0.000000
0.000000
2.370000
0.000000
0.414000
0.000000
0.000000
1.718000
2.876000
0.000000
0.000000
0.000000
0.000000
2.775000
0.895000
0.761000
0.000000
0.000000
1.588000
5.847000
0.000000
2.134000
3.930000
3.526000
0.878000
0.000000
0.000000
0.000000
3.857000
5.615000
1.827000
1.291000
1.785000
0.000000
0.000000
0.000000
0.000000
1.487000
0.000000
0.000000
8.051000
0.120000
0.000000
0.303000
6.147000
1.274000
4.704000
0.000000
1.623000
5.534000
1.188000
0.549000
0.941000
4.941000
1.480000
0.000000
0.000000
3.845000
0.000000
0.000000
0.000000
3.773000
1.186000
0.000000
2.327000
0.000000
2.641000
0.000000
5.993000
1.798000
0.000000
0.000000
0.000000
3.411000
0.169000
0.000000
2.950000
0.000000
4.624000
0.000000
2.194000
0.000000
5.388000
0.000000
0.476000
0.000000
13.016000
0.887000
0.000000
0.000000
1.699000
0.000000
3.212000
0.000000
0.470000
0.000000
0.607000
0.000000
1.012000
2.998000
1.572000
3.359000
0.000000
1.753000
1.258000
0.367000
2.314000
0.000000
0.000000
0.000000
0.000000
0.000000
0.000000
0.000000
0.000000
0.631000
3.369000
0.180000
3.994000
2.090000
7.447000
2.381000
0.000000
6.447000
0.000000
0.000000
0.000000
0.000000
0.000000
0.000000
1.158000
2.809000
0.493000
2.516000
1.078000
2.477000
1.448000
0.000000
0.000000
0.000000
5.059000
4.535000
2.021000
0.162000
0.000000
0.000000
0.861000
0.000000
3.011000
0.288000
3.273000
0.000000
0.037000
3.620000
3.647000
0.000000
2.232000
3.599000
3.392000
2.099000
4.674000
1.822000
3.787000
0.000000
0.421000
0.000000
0.000000
0.319000
0.616000
3.533000
0.000000
2.133000
1.343000
3.246000
2.668000
3.648000
2.188000
1.371000
0.545000
0.000000
1.428000
2.408000
0.628000
0.000000
0.000000
1.944000
2.825000
0.000000
0.000000
2.521000
3.708000
0.000000
0.000000
2.638000
1.147000
0.000000
0.000000
0.000000
1.885000
0.000000
0.000000
0.648000
0.000000
0.000000
0.528000
0.000000
0.000000
0.000000
2.917000
3.766000
2.406000
0.000000
2.911000
0.000000
4.383000
0.428000
0.000000
0.000000
0.000000
0.000000
0.000000
2.015000
0.000000
4.588000
0.458000
6.531000
0.000000
2.424000
0.000000
0.000000
5.469000
0.644000
0.000000
1.413000
0.939000
0.000000
1.493000
2.427000
0.000000
4.817000
2.741000
2.227000
0.000000
3.416000
0.000000
2.869000
0.000000
0.000000
0.000000
0.000000
5.210000
2.072000
0.413000
0.000000
1.674000
0.000000
2.568000
0.053000
2.734000
0.000000
1.238000
0.413000
0.000000
0.000000
4.792000
0.000000
0.725000
0.132000
3.967000
0.293000
5.643000
0.000000
4.077000
2.949000
0.000000
1.120000
0.979000
0.000000
2.816000
0.000000
3.576000
0.000000
0.095000
1.117000
0.000000
0.000000
1.218000
0.668000
1.030000
0.908000
1.468000
0.000000
0.000000
3.116000
2.335000
0.000000
1.266000
0.000000
0.000000
1.385000
0.000000
4.984000
0.000000
0.829000
3.861000
0.000000
0.479000
0.225000
0.000000
2.467000
0.000000
0.000000
2.892000
1.952000
3.152000
0.000000
0.000000
0.711000
0.000000
6.693000
1.324000
3.753000
1.249000
0.000000
0.000000
3.710000
0.083000
0.991000
0.899000
0.374000
0.000000
0.000000
0.000000
1.658000
0.000000
5.134000
0.000000
2.328000
2.235000
0.522000
0.000000
1.417000
0.000000
0.000000
0.839000
1.143000
5.941000
2.590000
0.967000
0.000000
1.102000
5.491000
3.174000
7.481000
0.278000
1.062000
1.204000
0.485000
0.000000
1.448000
0.355000
0.642000
4.780000
2.718000
0.000000
0.000000
0.000000
0.000000
1.031000
2.731000
0.000000
6.512000
0.000000
1.847000
2.214000
3.342000
0.000000
1.825000
0.000000
2.669000
1.790000
1.278000
0.751000
0.000000
0.000000
3.741000
0.000000
0.000000
1.803000
1.731000
4.170000
0.000000
0.000000
0.000000
0.000000
0.000000
1.064000
3.877000
0.243000
1.170000
0.759000
0.817000
0.465000
0.000000
3.421000
0.000000
1.900000
1.835000
0.331000
2.271000
0.000000
0.714000
0.000000
2.370000
1.315000
0.000000
0.000000
0.000000
2.234000
2.924000
1.094000
0.000000
0.680000
0.000000
2.678000
0.000000
0.000000
0.616000
2.643000
1.541000
0.637000
1.532000
2.016000
0.112000
1.994000
2.467000
3.163000
1.085000
2.785000
0.000000
3.295000
2.847000
0.000000
0.822000
0.000000
0.000000
1.173000
0.300000
2.772000
0.000000
2.071000
0.000000
1.089000
6.520000
0.000000
3.174000
0.104000
1.032000
3.334000
2.848000
0.000000
0.000000
2.250000
1.417000
3.114000
0.000000
2.870000
0.606000
1.770000
2.505000
0.000000
0.000000
0.000000
0.000000
0.000000
0.000000
0.000000
0.000000
7.321000
0.975000
0.000000
0.000000
0.000000
0.000000
1.829000
0.000000
2.277000
2.106000
3.972000
2.706000
1.691000
0.000000
0.075000
0.000000
0.000000
6.630000
4.201000
0.000000
6.104000
1.471000
0.000000
1.037000
7.360000
1.068000
3.539000
1.739000
6.471000
4.259000
7.436000
2.135000
6.798000
6.314000
6.639000
0.000000
5.204000
0.000000
0.000000
0.000000
4.400000
1.504000
2.301000
0.952000
2.191000
2.166000
4.069000
4.934000
1.226000
4.422000
5.923000
0.000000
0.000000
2.318000
0.000000
2.475000
0.000000
0.000000
0.851000
0.000000
1.887000
1.292000
4.321000
0.696000
2.659000
4.100000
2.585000
3.289000
0.000000
2.933000
1.792000
1.660000
0.000000
1.626000
0.000000
0.000000
0.580000
0.000000
0.000000
