15.492000
13.948000
21.247000
13.373000
9.062000
16.025000
11.973000
15.232000
11.299000
13.224000
15.191000
14.710000
6.225000
14.384000
19.125000
10.275000
15.073000
13.186000
9.743000
9.735000
21.038000
12.721000
9.556000
12.909000
15.026000
10.097000
11.954000
14.146000
14.626000
15.278000
14.606000
10.802000
13.357000
10.517000
9.008000
12.926000
9.999000
16.947000
11.340000
20.170000
15.038000
10.873000
12.444000
13.654000
11.280000
13.488000
15.267000
7.366000
12.444000
9.149000
10.354000
10.053000
13.721000
15.183000
12.374000
7.176000
10.513000
6.510000
10.856000
9.258000
13.313000
13.345000
8.473000
10.317000
5.990000
9.364000
8.261000
9.245000
10.947000
10.287000
13.217000
7.149000
7.841000
17.678000
11.735000
7.180000
5.283000
16.515000
10.549000
20.490000
11.937000
7.709000
8.592000
11.899000
6.477000
12.302000
12.013000
12.137000
10.291000
6.299000
7.944000
7.908000
10.429000
9.414000
7.699000
10.621000
7.517000
9.676000
8.786000
11.077000
5.021000
8.598000
6.186000
11.441000
8.031000
5.505000
4.759000
5.817000
11.196000
6.386000
11.575000
7.403000
5.543000
6.499000
8.075000
10.863000
5.521000
5.468000
13.639000
18.584000
9.896000
7.731000
4.726000
16.448000
7.932000
12.602000
12.599000
5.746000
10.242000
4.245000
5.326000
7.131000
6.390000
10.256000
9.401000
11.568000
4.904000
9.404000
16.243000
5.145000
8.465000
7.616000
13.628000
8.092000
7.829000
8.307000
11.689000
8.418000
3.757000
5.875000
14.880000
6.284000
18.347000
10.075000
13.708000
18.281000
14.261000
10.754000
11.693000
14.682000
7.295000
14.625000
7.504000
14.058000
10.063000
12.472000
10.612000
8.032000
7.940000
6.553000
11.190000
5.795000
6.514000
5.438000
6.033000
15.843000
8.921000
8.905000
5.145000
6.340000
8.466000
7.500000
10.713000
12.843000
7.752000
6.134000
5.925000
8.841000
2.729000
8.805000
3.847000
4.249000
12.325000
2.537000
23.274000
1.911000
4.588000
4.807000
10.781000
10.872000
13.754000
11.480000
8.653000
5.941000
10.031000
0.000000
9.164000
2.713000
9.108000
5.275000
1.179000
7.237000
3.983000
8.512000
8.749000
4.216000
0.000000
16.902000
6.263000
11.874000
8.606000
5.055000
3.652000
18.295000
7.513000
8.858000
9.497000
0.299000
19.236000
11.238000
2.416000
3.791000
6.200000
8.092000
6.017000
3.794000
15.152000
11.242000
7.257000
4.399000
14.367000
5.920000
3.563000
7.971000
7.247000
1.934000
10.533000
7.753000
6.109000
6.637000
4.322000
5.532000
7.102000
9.117000
6.051000
2.447000
7.991000
1.515000
9.064000
11.925000
8.823000
12.596000
8.045000
17.856000
11.178000
1.210000
17.913000
8.832000
7.847000
9.809000
3.597000
8.939000
5.806000
6.640000
11.334000
9.797000
3.798000
7.228000
5.801000
0.622000
6.674000
6.822000
1.610000
6.353000
15.268000
5.737000
0.548000
9.351000
16.820000
9.429000
2.611000
9.242000
17.853000
0.000000
5.596000
13.973000
9.168000
9.167000
12.536000
11.322000
0.743000
9.558000
15.218000
11.374000
14.126000
12.285000
2.410000
8.123000
11.237000
4.547000
12.373000
15.585000
7.406000
8.701000
2.390000
10.167000
7.925000
0.140000
12.996000
11.806000
9.843000
13.598000
5.376000
13.579000
13.049000
9.699000
7.290000
11.706000
8.183000
12.004000
6.578000
3.484000
7.950000
12.105000
12.126000
7.479000
11.010000
20.794000
9.014000
13.199000
12.189000
5.793000
6.958000
13.301000
11.448000
10.228000
12.315000
10.856000
8.836000
16.049000
11.298000
13.144000
13.505000
14.592000
2.363000
6.435000
12.271000
10.165000
9.539000
11.284000
5.024000
9.904000
11.422000
8.764000
14.496000
12.609000
12.673000
12.464000
13.434000
7.124000
12.113000
0.543000
5.148000
11.674000
8.146000
8.521000
6.617000
10.113000
10.558000
11.572000
13.018000
10.020000
12.320000
8.693000
11.839000
14.553000
10.132000
11.661000
5.615000
7.024000
5.308000
5.229000
12.830000
9.965000
11.341000
4.862000
7.731000
16.696000
15.099000
16.014000
18.367000
8.083000
0.000000
5.647000
8.441000
11.674000
8.743000
16.578000
10.465000
3.652000
6.888000
3.567000
10.383000
13.646000
8.107000
12.112000
10.186000
5.532000
10.879000
9.417000
21.082000
9.594000
9.108000
5.604000
10.267000
10.399000
17.259000
8.025000
7.376000
4.259000
4.296000
4.159000
7.588000
3.486000
5.246000
9.521000
13.712000
10.728000
5.777000
8.146000
3.354000
3.802000
11.279000
7.442000
8.945000
15.269000
8.517000
12.188000
8.305000
10.484000
5.673000
12.918000
1.419000
5.037000
6.550000
8.943000
9.597000
6.886000
6.348000
12.584000
7.713000
8.684000
6.014000
12.135000
6.458000
8.318000
8.780000
4.060000
12.294000
8.119000
4.340000
12.188000
14.198000
11.018000
5.583000
12.714000
8.341000
12.390000
6.451000
7.085000
4.596000
8.642000
6.771000
9.801000
11.915000
12.754000
9.699000
6.670000
10.306000
7.036000
13.135000
8.868000
17.107000
8.714000
9.689000
13.630000
7.262000
9.067000
5.818000
5.102000
5.810000
5.615000
11.957000
7.920000
12.596000
10.391000
11.856000
12.511000
4.355000
8.172000
8.357000
5.811000
10.350000
15.780000
7.491000
9.607000
12.827000
10.535000
8.392000
17.145000
7.825000
11.660000
0.930000
15.852000
8.641000
12.489000
8.853000
4.844000
9.716000
8.627000
14.305000
4.663000
6.308000
14.836000
10.045000
10.944000
7.331000
6.787000
7.748000
15.170000
3.662000
11.757000
10.333000
14.734000
11.555000
7.559000
14.346000
12.059000
17.368000
12.410000
12.082000
9.697000
11.845000
3.784000
8.853000
13.027000
10.037000
9.016000
8.681000
10.302000
9.627000
5.729000
11.237000
6.955000
7.190000
9.672000
11.198000
14.210000
5.956000
15.915000
6.575000
9.483000
12.346000
4.368000
11.817000
11.158000
14.607000
9.605000
10.902000
10.664000
7.594000
4.093000
9.722000
2.787000
7.200000
7.937000
12.405000
8.741000
12.512000
10.358000
10.168000
6.647000
11.080000
6.617000
12.202000
10.469000
5.068000
18.201000
4.834000
15.421000
7.602000
13.724000
9.799000
6.569000
12.577000
5.300000
5.419000
10.989000
9.567000
7.695000
8.963000
2.627000
10.607000
13.360000
7.844000
10.195000
7.659000
10.078000
12.138000
9.602000
8.816000
14.400000
10.160000
8.563000
4.298000
9.475000
16.282000
12.189000
10.808000
10.498000
3.500000
5.089000
10.799000
7.628000
6.006000
8.485000
7.262000
9.795000
7.036000
7.940000
10.406000
6.200000
5.572000
9.607000
19.665000
14.804000
2.793000
10.658000
11.405000
11.484000
17.377000
7.920000
8.493000
11.945000
11.102000
7.982000
10.601000
7.069000
6.185000
13.016000
15.415000
15.898000
15.680000
11.167000
15.801000
11.343000
11.052000
8.344000
11.222000
11.976000
13.554000
11.760000
6.414000
9.783000
9.584000
6.432000
18.852000
5.393000
11.985000
15.632000
8.306000
6.719000
9.724000
0.000000
9.340000
13.023000
17.314000
7.775000
10.147000
13.000000
12.447000
10.310000
17.108000
9.749000
22.822000
4.095000
3.218000
5.267000
10.819000
6.104000
11.892000
16.404000
5.344000
8.212000
5.040000
7.364000
10.689000
2.385000
5.095000
9.426000
5.536000
4.971000
13.487000
14.156000
20.078000
2.194000
12.043000
5.720000
7.113000
4.104000
21.734000
7.420000
8.238000
12.339000
10.213000
9.031000
10.548000
4.047000
8.689000
9.888000
6.363000
7.233000
8.495000
10.964000
15.056000
14.387000
4.733000
6.127000
3.460000
10.990000
14.888000
14.733000
7.488000
7.959000
5.672000
8.066000
11.487000
9.200000
11.103000
0.524000
11.817000
10.695000
11.386000
10.678000
8.770000
8.897000
14.863000
12.219000
6.340000
8.840000
13.045000
7.691000
10.708000
8.489000
10.172000
9.875000
7.983000
8.209000
9.583000
10.806000
7.247000
5.865000
24.069000
12.921000
13.168000
10.392000
11.809000
10.029000
9.207000
8.930000
13.970000
8.431000
6.574000
12.906000
11.185000
14.036000
12.478000
9.036000
8.460000
9.453000
9.903000
6.612000
14.052000
11.856000
16.559000
11.545000
16.111000
12.094000
15.350000
9.345000
15.780000
5.369000
9.973000
9.666000
6.509000
11.810000
11.547000
18.081000
12.246000
8.965000
11.112000
7.355000
14.287000
8.708000
6.358000
11.096000
4.513000
10.267000
4.896000
7.817000
6.997000
8.182000
3.906000
13.456000
11.453000
9.230000
7.529000
6.059000
7.640000
10.155000
10.202000
4.821000
10.440000
17.141000
10.563000
19.126000
14.317000
13.636000
12.025000
12.000000
3.999000
14.459000
8.454000
8.202000
14.516000
11.008000
6.854000
12.157000
12.265000
15.891000
12.949000
9.012000
6.680000
8.204000
12.470000
10.190000
20.551000
8.512000
14.657000
8.790000
8.480000
12.227000
15.136000
10.958000
13.506000
12.218000
8.980000
17.231000
11.343000
12.316000
11.293000
12.417000
10.901000
18.643000
10.622000
16.623000
13.289000
13.575000
9.580000
16.297000
9.705000
9.250000
11.406000
7.805000
18.180000
7.564000
12.580000
8.068000
13.762000
16.348000
13.999000
6.998000
13.010000
12.941000
7.175000
7.530000
9.940000
13.072000
8.982000
10.314000
14.639000
15.550000
13.501000
7.744000
16.283000
8.021000
7.240000
16.079000
10.441000
16.321000
11.402000
4.978000
9.783000
10.605000
6.993000
9.052000
14.967000
15.778000
9.479000
10.981000
7.985000
8.240000
3.614000
10.667000
7.996000
9.185000
13.631000
11.821000
14.375000
7.756000
10.941000
15.460000
17.674000
10.053000
6.009000
15.131000
11.697000
4.350000
21.928000
10.188000
9.140000
10.554000
12.765000
9.198000
9.406000
12.162000
13.602000
9.743000
8.791000
13.335000
11.127000
5.273000
10.584000
8.340000
6.364000
8.700000
9.723000
9.781000
11.026000
13.549000
21.628000
10.103000
14.457000
11.134000
10.233000
15.208000
22.146000
11.778000
2.794000
9.568000
13.949000
13.584000
10.920000
10.752000
5.040000
17.428000
14.290000
15.720000
8.800000
13.342000
7.075000
12.164000
7.787000
17.838000
6.291000
11.601000
8.256000
5.208000
13.380000
14.842000
5.891000
11.227000
12.422000
12.153000
15.102000
12.491000
9.395000
6.105000
9.473000
16.162000
15.124000
14.094000
9.264000
26.009000
7.208000
9.831000
6.562000
9.052000
5.092000
11.310000
16.527000
9.044000
8.492000
14.329000
10.753000
13.466000
7.713000
10.857000
8.527000
12.565000
8.529000
7.751000
12.518000
12.201000
8.558000
13.663000
9.357000
8.038000
7.758000
10.790000
7.665000
11.177000
13.647000
12.447000
9.587000
8.901000
10.544000
17.630000
13.707000
17.608000
5.700000
13.718000
11.725000
11.391000
15.817000
16.892000
8.835000
10.147000
11.464000
3.905000
8.363000
10.359000
10.546000
8.727000
4.541000
8.193000
9.749000
3.829000
6.646000
16.114000
16.606000
7.859000
10.855000
13.428000
10.655000
8.682000
4.952000
12.112000
16.093000
8.992000
11.536000
16.689000
10.150000
4.483000
11.196000
7.178000
10.709000
10.397000
5.787000
9.095000
7.875000
9.719000
10.553000
23.039000
10.619000
5.979000
11.093000
10.801000
5.109000
4.915000
12.664000
9.280000
9.979000
7.722000
12.321000
6.144000
10.703000
10.380000
4.506000
7.325000
6.706000
11.748000
8.914000
11.432000
5.415000
9.647000
12.656000
8.121000
2.598000
10.547000
9.394000
13.290000
4.859000
7.167000
9.588000
18.473000
3.955000
10.379000
11.286000
5.314000
3.172000
7.628000
4.038000
10.402000
8.948000
7.104000
5.635000
5.244000
4.280000
9.180000
7.482000
4.854000
4.011000
6.046000
7.761000
8.681000
5.913000
4.811000
9.178000
11.127000
13.519000
5.695000
6.829000
7.549000
7.713000
10.988000
12.085000
6.482000
5.110000
8.654000
5.657000
7.697000
10.497000
11.952000
12.262000
13.894000
10.526000
9.683000
6.496000
11.502000
4.585000
8.790000
5.273000
10.950000
7.960000
8.151000
11.700000
11.109000
8.315000
8.686000
0.738000
10.976000
4.448000
6.924000
2.290000
3.710000
11.368000
4.979000
5.803000
14.805000
18.401000
13.145000
9.430000
10.135000
9.506000
5.912000
12.436000
19.089000
4.306000
13.603000
9.194000
8.367000
10.402000
4.990000
9.958000
3.891000
12.336000
6.489000
13.297000
5.668000
5.428000
4.362000
7.837000
4.789000
9.105000
12.959000
13.233000
9.956000
9.707000
11.146000
10.361000
11.539000
11.642000
7.332000
15.307000
6.257000
6.453000
17.927000
16.490000
4.215000
7.283000
10.563000
11.186000
11.626000
7.927000
10.979000
8.754000
6.820000
7.568000
9.960000
4.741000
9.207000
8.233000
10.763000
18.749000
12.649000
14.488000
8.568000
16.014000
15.025000
4.426000
9.990000
9.806000
11.084000
15.902000
11.952000
8.496000
9.347000
4.910000
18.771000
10.238000
10.773000
11.643000
8.653000
11.026000
5.762000
10.398000
16.139000
15.396000
12.796000
5.721000
12.315000
9.456000
6.528000
14.276000
7.553000
13.003000
11.139000
14.583000
11.580000
11.870000
8.605000
13.352000
20.958000
15.181000
15.333000
16.645000
9.339000
11.531000
10.069000
12.010000
8.424000
8.401000
5.453000
6.531000
7.900000
11.518000
15.790000
7.559000
6.683000
7.531000
9.744000
9.054000
11.093000
6.742000
12.711000
8.760000
17.937000
9.327000
8.451000
14.929000
15.948000
17.636000
12.011000
13.537000
9.405000
6.799000
5.886000
11.137000
8.282000
11.498000
7.819000
16.651000
15.121000
9.079000
3.241000
12.524000
11.481000
13.819000
10.083000
10.456000
16.682000
9.329000
8.019000
7.679000
3.246000
8.982000
11.527000
14.545000
4.702000
11.298000
10.375000
12.024000
8.642000
5.536000
7.534000
12.974000
1.557000
12.320000
8.236000
15.115000
9.387000
12.717000
12.299000
4.790000
11.873000
13.176000
14.035000
14.361000
6.160000
9.863000
11.713000
12.638000
10.076000
8.838000
9.924000
9.372000
6.475000
10.998000
10.027000
10.902000
8.548000
10.725000
22.234000
10.383000
1.793000
7.867000
9.733000
13.426000
27.198000
8.340000
10.094000
8.524000
9.352000
9.040000
6.920000
5.214000
13.010000
11.344000
9.606000
5.481000
16.083000
11.191000
14.329000
10.391000
3.286000
19.116000
11.949000
8.700000
9.114000
11.740000
10.438000
21.797000
13.218000
10.873000
15.100000
7.001000
20.960000
12.335000
8.959000
8.965000
15.638000
8.888000
4.800000
13.620000
8.001000
18.027000
13.000000
15.066000
11.263000
14.641000
15.332000
11.214000
9.713000
24.739000
8.947000
5.043000
9.686000
16.191000
10.787000
10.253000
11.367000
7.497000
8.849000
7.653000
11.965000
6.339000
8.704000
10.516000
8.686000
18.180000
11.740000
12.034000
19.705000
10.701000
2.537000
12.011000
5.110000
12.870000
9.798000
9.235000
13.520000
6.886000
9.466000
9.067000
4.452000
10.883000
12.632000
11.479000
12.036000
12.799000
13.381000
15.785000
7.533000
13.252000
11.688000
10.732000
12.555000
9.929000
15.578000
21.358000
13.602000
7.000000
6.600000
10.401000
9.645000
10.020000
6.657000
6.254000
15.492000
10.312000
9.501000
16.484000
9.669000
16.759000
13.170000
12.579000
10.583000
11.756000
12.736000
10.149000
11.037000
5.602000
8.332000
7.518000
15.880000
8.935000
15.259000
14.484000
13.031000
9.396000
9.341000
10.588000
15.670000
10.289000
13.279000
16.070000
9.890000
8.660000
14.343000
9.041000
11.771000
8.758000
8.050000
14.757000
11.683000
13.304000
15.856000
16.210000
13.384000
12.003000
10.985000
17.669000
6.079000
14.588000
10.232000
11.070000
18.725000
12.736000
11.414000
11.743000
4.440000
10.809000
11.068000
10.460000
15.716000
8.040000
19.750000
8.783000
11.786000
11.969000
7.912000
8.763000
12.314000
10.181000
15.138000
17.119000
10.657000
11.414000
14.330000
16.358000
13.143000
13.788000
1.828000
16.848000
14.623000
12.375000
12.171000
16.083000
9.132000
14.803000
14.595000
5.773000
13.417000
11.602000
11.665000
11.623000
13.637000
11.890000
17.251000
16.583000
13.963000
15.180000
10.763000
13.227000
11.158000
10.350000
10.082000
10.645000
5.744000
9.738000
14.790000
10.555000
17.518000
11.741000
11.497000
13.394000
12.328000
14.591000
7.133000
15.119000
18.267000
12.955000
10.170000
7.597000
4.762000
11.743000
6.458000
12.644000
11.520000
9.986000
5.007000
9.157000
7.616000
10.813000
6.467000
7.173000
3.596000
6.004000
9.572000
10.297000
15.022000
13.371000
9.783000
9.463000
4.431000
3.020000
6.612000
9.128000
7.404000
6.983000
10.327000
9.785000
10.083000
5.810000
12.875000
4.431000
8.482000
6.076000
10.333000
8.294000
2.811000
7.763000
11.244000
8.375000
4.182000
10.351000
5.300000
7.621000
8.129000
6.598000
11.727000
7.771000
5.219000
6.373000
9.604000
6.107000
11.083000
12.949000
10.440000
10.834000
9.203000
8.895000
3.235000
10.496000
8.763000
15.536000
8.993000
7.165000
16.023000
11.192000
4.532000
9.268000
9.311000
11.753000
7.558000
8.136000
6.694000
19.910000
8.964000
7.406000
6.255000
8.002000
10.228000
4.759000
5.378000
7.611000
7.845000
12.332000
11.759000
9.635000
9.925000
9.066000
7.002000
6.910000
12.811000
13.665000
10.060000
9.852000
8.719000
7.781000
17.366000
5.416000
4.080000
9.433000
12.784000
10.377000
12.092000
8.565000
8.583000
11.940000
8.266000
6.394000
4.726000
7.544000
11.150000
18.356000
17.009000
5.487000
12.056000
12.346000
16.186000
8.838000
9.851000
9.483000
6.154000
8.086000
10.176000
11.964000
6.978000
8.027000
5.736000
6.751000
12.759000
5.215000
6.526000
8.963000
13.836000
9.394000
14.103000
15.225000
7.009000
7.379000
5.920000
10.878000
10.183000
10.921000
5.957000
9.867000
8.614000
7.077000
11.551000
9.209000
6.902000
9.900000
4.797000
8.541000
11.662000
11.227000
11.708000
8.028000
7.601000
8.915000
6.380000
4.093000
11.322000
7.020000
8.428000
15.406000
11.512000
6.119000
8.698000
5.971000
8.953000
6.590000
17.090000
6.732000
10.437000
9.064000
11.234000
10.498000
5.581000
9.180000
11.094000
5.792000
8.625000
14.258000
9.306000
7.888000
3.193000
8.007000
0.729000
6.673000
5.626000
1.475000
6.309000
7.255000
2.193000
6.054000
13.527000
8.139000
9.760000
3.558000
7.197000
7.639000
9.931000
7.705000
11.055000
8.331000
5.270000
5.776000
8.738000
10.094000
3.556000
10.216000
5.842000
10.831000
10.231000
2.308000
5.210000
4.482000
7.056000
9.413000
9.343000
5.054000
9.074000
9.164000
8.608000
19.761000
2.874000
9.616000
5.725000
3.516000
5.939000
22.295000
3.493000
5.761000
15.052000
4.893000
8.346000
7.131000
12.230000
4.715000
4.141000
14.789000
11.313000
10.000000
0.000000
1.225000
9.351000
7.778000
3.977000
7.733000
9.579000
5.464000
9.458000
8.472000
10.806000
9.323000
9.599000
9.733000
5.458000
3.514000
11.644000
8.316000
9.040000
5.100000
10.632000
10.242000
9.852000
6.822000
3.920000
8.916000
8.318000
15.943000
3.683000
8.432000
13.662000
4.113000
3.023000
7.178000
17.084000
17.246000
11.924000
10.878000
5.514000
5.587000
4.908000
11.481000
10.689000
9.349000
14.047000
5.050000
2.943000
11.160000
9.088000
14.028000
6.402000
13.300000
8.077000
15.591000
3.806000
9.722000
3.474000
9.313000
7.388000
12.083000
4.655000
9.178000
11.943000
8.058000
7.791000
5.497000
8.048000
4.459000
9.315000
6.506000
4.621000
11.621000
2.547000
6.258000
9.933000
10.614000
8.958000
6.814000
9.536000
8.420000
8.068000
6.264000
4.633000
8.065000
15.078000
3.000000
4.754000
16.623000
12.421000
6.499000
13.132000
8.965000
4.545000
4.200000
7.750000
11.156000
7.358000
7.464000
6.949000
7.496000
8.101000
7.822000
12.184000
13.908000
7.419000
5.154000
10.908000
7.361000
7.125000
12.211000
8.509000
6.803000
8.786000
11.897000
11.679000
5.237000
10.174000
4.337000
7.519000
12.472000
8.793000
5.802000
10.119000
12.054000
9.952000
10.594000
10.225000
9.753000
13.689000
7.067000
10.396000
3.331000
8.505000
11.628000
9.228000
1.369000
5.522000
9.067000
12.480000
7.924000
9.115000
14.683000
11.727000
5.933000
15.490000
7.571000
2.101000
11.560000
10.415000
6.323000
8.331000
12.588000
6.155000
13.258000
2.397000
9.547000
11.561000
14.270000
10.325000
11.832000
8.248000
12.041000
15.763000
11.105000
7.911000
8.669000
12.812000
12.754000
8.810000
7.691000
11.349000
12.719000
13.692000
9.341000
12.502000
9.464000
7.730000
9.287000
11.622000
7.364000
10.966000
11.099000
5.611000
10.996000
11.137000
4.223000
6.727000
6.584000
6.311000
11.861000
8.039000
10.865000
11.563000
9.190000
3.153000
11.690000
11.871000
11.725000
10.812000
10.769000
10.078000
8.892000
3.414000
9.928000
4.481000
14.157000
13.657000
12.297000
12.327000
13.780000
5.741000
16.166000
9.947000
15.192000
14.614000
5.036000
9.732000
13.583000
10.068000
16.053000
8.069000
10.214000
4.845000
7.809000
12.809000
6.271000
13.469000
9.897000
7.562000
17.229000
1.590000
1.651000
18.548000
10.117000
11.395000
8.899000
7.846000
9.015000
8.129000
12.021000
9.865000
8.862000
12.180000
9.934000
4.995000
11.481000
11.999000
14.940000
9.377000
25.072000
1.010000
9.431000
6.492000
7.869000
8.947000
3.156000
10.727000
4.969000
7.437000
13.485000
20.476000
6.752000
9.840000
6.046000
15.810000
7.265000
9.115000
16.294000
9.938000
7.332000
14.030000
10.314000
14.132000
7.591000
8.670000
4.377000
10.876000
13.698000
8.313000
13.396000
4.571000
6.515000
9.420000
9.030000
12.829000
14.734000
11.866000
17.555000
12.025000
14.568000
14.579000
11.034000
14.055000
10.442000
13.704000
6.760000
8.199000
8.271000
22.137000
6.724000
9.092000
14.032000
9.836000
17.672000
17.592000
7.533000
23.394000
9.162000
11.034000
17.960000
12.057000
3.077000
8.296000
16.056000
7.817000
15.110000
9.287000
6.985000
15.280000
8.039000
12.678000
8.554000
10.463000
12.485000
7.829000
15.126000
6.663000
14.904000
13.457000
12.961000
7.078000
13.611000
7.024000
18.129000
8.611000
7.254000
11.203000
11.159000
11.393000
11.366000
13.044000
15.770000
7.245000
11.769000
5.792000
9.419000
14.384000
8.437000
7.730000
9.239000
10.401000
15.252000
17.407000
6.387000
9.019000
15.911000
21.880000
16.997000
14.612000
10.866000
14.143000
21.342000
10.432000
6.337000
10.490000
18.252000
9.852000
13.917000
8.930000
8.021000
11.886000
13.753000
10.006000
12.698000
6.950000
12.508000
7.289000
22.655000
19.026000
3.183000
11.088000
10.052000
9.351000
10.652000
16.148000
11.401000
11.224000
7.662000
16.811000
11.021000
12.005000
12.253000
9.594000
13.026000
12.032000
14.730000
10.308000
15.812000
15.073000
11.042000
10.638000
10.395000
12.707000
14.772000
7.720000
7.341000
10.739000
17.126000
10.157000
10.880000
4.669000
10.453000
10.505000
10.856000
13.069000
10.641000
13.412000
15.446000
11.853000
13.447000
14.552000
11.357000
10.354000
7.568000
13.556000
7.333000
10.003000
9.208000
10.177000
11.855000
10.236000
10.771000
9.796000
6.489000
11.647000
14.424000
9.607000
8.561000
14.743000
20.072000
8.978000
7.888000
10.771000
12.141000
11.684000
7.648000
10.713000
13.110000
14.700000
11.501000
10.093000
8.322000
11.582000
16.948000
10.168000
17.277000
11.497000
11.269000
19.896000
10.101000
15.763000
9.618000
11.865000
14.005000
8.901000
14.188000
11.942000
14.880000
10.983000
13.835000
7.728000
17.958000
16.783000
7.478000
10.108000
13.711000
10.419000
7.588000
9.881000
9.035000
16.277000
11.737000
12.814000
14.271000
7.435000
10.754000
11.549000
8.530000
14.313000
10.044000
10.571000
8.934000
14.753000
14.777000
17.294000
13.689000
12.050000
14.134000
13.624000
9.256000
10.451000
14.337000
13.521000
10.140000
25.800000
15.042000
9.128000
10.364000
13.160000
5.490000
7.920000
13.623000
11.402000
13.474000
6.643000
13.873000
9.385000
17.212000
9.462000
15.912000
19.134000
15.267000
9.300000
16.238000
13.643000
6.940000
10.161000
11.745000
17.803000
11.731000
6.931000
12.049000
12.192000
14.470000
9.416000
12.900000
10.077000
9.897000
14.020000
6.232000
17.529000
9.731000
12.053000
6.809000
10.191000
15.501000
12.272000
13.307000
16.212000
15.826000
11.629000
19.292000
8.561000
14.192000
10.810000
5.221000
12.876000
2.642000
12.563000
8.207000
10.115000
12.197000
5.517000
11.103000
11.479000
11.462000
12.731000
7.155000
12.154000
12.151000
10.449000
12.391000
11.978000
12.030000
10.556000
4.875000
9.122000
9.741000
11.746000
13.835000
10.608000
13.443000
14.414000
15.564000
16.437000
7.472000
11.463000
11.540000
10.048000
14.738000
13.598000
8.385000
11.406000
11.265000
9.282000
11.542000
14.793000
8.388000
15.481000
11.336000
13.522000
14.763000
14.144000
11.798000
17.947000
7.917000
10.250000
8.772000
12.018000
16.515000
5.650000
14.572000
12.346000
14.000000
16.580000
9.462000
8.071000
13.950000
12.279000
11.892000
9.821000
9.442000
10.574000
7.410000
3.184000
12.819000
13.197000
11.930000
8.963000
7.787000
8.581000
11.129000
11.976000
17.190000
19.029000
9.402000
14.524000
13.355000
16.853000
7.937000
11.295000
5.066000
10.353000
11.398000
14.596000
7.205000
5.571000
15.138000
11.411000
10.593000
8.420000
12.340000
15.022000
11.628000
12.413000
4.218000
13.302000
16.948000
15.220000
16.194000
11.702000
15.183000
17.093000
15.445000
11.861000
15.270000
11.342000
15.634000
16.286000
15.831000
14.062000
14.330000
15.783000
9.781000
14.635000
19.060000
10.393000
12.377000
10.714000
4.496000
14.448000
13.718000
9.217000
10.474000
15.128000
7.298000
14.477000
8.999000
10.941000
11.339000
3.468000
14.318000
4.578000
7.550000
16.673000
14.607000
12.248000
11.694000
18.471000
14.552000
9.423000
10.059000
14.430000
10.309000
12.112000
5.901000
16.534000
13.555000
11.419000
9.273000
12.571000
15.525000
16.855000
16.858000
13.066000
11.896000
8.272000
14.963000
8.829000
14.042000
11.153000
10.808000
17.298000
9.435000
11.844000
7.124000
11.181000
16.922000
14.770000
11.944000
14.058000
7.636000
13.511000
20.250000
11.748000
16.370000
8.436000
6.479000
14.751000
11.420000
12.923000
15.931000
15.289000
5.735000
12.777000
10.211000
4.652000
10.561000
17.165000
9.272000
21.158000
10.968000
12.483000
10.295000
20.977000
9.614000
13.476000
8.051000
11.963000
20.144000
15.893000
8.394000
12.353000
7.564000
7.833000
23.531000
11.615000
12.930000
10.647000
13.064000
8.240000
5.526000
11.134000
3.191000
10.185000
9.236000
8.755000
17.214000
9.973000
13.085000
4.751000
6.064000
3.522000
11.726000
9.947000
17.394000
11.916000
5.499000
12.278000
9.174000
12.851000
7.739000
11.428000
10.460000
10.044000
13.573000
7.548000
15.141000
7.123000
11.767000
8.259000
11.547000
9.184000
6.791000
12.392000
8.179000
13.086000
5.431000
13.318000
10.616000
18.982000
12.420000
12.522000
10.683000
16.348000
10.240000
15.090000
21.677000
15.124000
11.645000
11.579000
6.531000
5.823000
11.491000
8.387000
14.320000
13.199000
14.654000
12.098000
9.163000
9.223000
12.084000
11.579000
13.177000
14.516000
13.301000
16.552000
14.036000
9.140000
13.198000
8.760000
9.438000
9.255000
21.823000
10.718000
11.152000
11.177000
13.494000
11.918000
20.475000
9.080000
17.420000
8.352000
16.289000
12.935000
20.113000
15.636000
6.433000
13.031000
10.583000
13.576000
9.123000
9.653000
12.663000
9.335000
15.109000
10.643000
12.612000
13.609000
18.143000
19.456000
9.846000
11.348000
7.466000
12.116000
20.253000
12.179000
10.066000
9.536000
13.626000
13.502000
6.510000
9.697000
10.033000
12.890000
8.054000
15.395000
8.828000
9.035000
14.905000
11.541000
12.197000
12.265000
5.663000
9.600000
13.451000
10.906000
15.755000
9.461000
13.372000
7.957000
9.392000
17.184000
11.398000
13.770000
14.650000
14.417000
12.769000
10.425000
8.379000
17.486000
13.439000
14.378000
11.513000
10.655000
18.085000
5.843000
14.753000
12.318000
16.003000
10.626000
9.306000
16.726000
8.157000
11.295000
16.878000
14.064000
13.203000
5.826000
11.616000
10.738000
13.440000
4.878000
10.569000
7.711000
7.936000
17.450000
13.904000
7.647000
7.804000
7.440000
10.902000
15.583000
12.700000
5.086000
20.951000
5.468000
11.705000
9.315000
5.520000
12.310000
17.469000
20.307000
9.156000
12.495000
17.543000
14.179000
10.216000
12.115000
13.250000
16.425000
10.551000
8.675000
9.118000
12.244000
9.152000
14.736000
11.015000
11.763000
15.149000
9.384000
6.887000
23.147000
9.188000
10.211000
10.685000
10.610000
6.657000
9.455000
7.999000
12.744000
7.015000
10.425000
9.771000
17.307000
12.397000
10.677000
20.107000
4.816000
13.398000
12.007000
7.900000
9.883000
16.558000
12.255000
11.574000
13.971000
12.674000
12.104000
11.200000
7.985000
11.648000
12.862000
8.729000
10.928000
11.178000
6.701000
12.723000
13.035000
13.956000
7.016000
11.219000
13.493000
7.859000
8.939000
4.508000
9.802000
15.088000
6.801000
4.563000
7.993000
5.054000
8.621000
11.227000
7.286000
9.435000
11.552000
6.838000
8.990000
11.569000
15.478000
14.832000
7.396000
16.121000
12.398000
12.073000
9.358000
17.398000
5.210000
7.901000
15.973000
13.215000
6.818000
10.298000
11.329000
5.844000
15.480000
21.157000
6.552000
11.674000
10.015000
7.178000
9.922000
10.492000
4.731000
17.854000
9.388000
12.829000
10.839000
11.429000
14.246000
10.016000
8.963000
5.519000
15.405000
10.897000
18.833000
7.198000
13.731000
12.310000
6.262000
8.176000
9.451000
8.935000
14.506000
6.615000
10.742000
9.580000
15.993000
11.367000
7.695000
13.396000
13.907000
12.703000
11.820000
6.576000
11.291000
20.635000
12.377000
6.092000
11.580000
12.124000
16.138000
17.803000
7.798000
5.211000
9.369000
9.306000
18.788000
7.811000
14.025000
13.816000
8.775000
4.329000
7.029000
9.015000
14.085000
10.950000
8.532000
5.551000
10.076000
10.743000
6.806000
4.358000
8.788000
6.780000
8.039000
14.021000
10.756000
14.016000
10.520000
7.224000
14.589000
9.966000
7.059000
5.437000
15.422000
23.099000
5.794000
10.003000
8.931000
7.287000
6.998000
6.595000
9.578000
14.234000
10.022000
9.890000
8.643000
4.945000
11.910000
14.834000
16.399000
20.614000
9.499000
12.627000
13.918000
5.601000
8.259000
11.161000
5.183000
9.452000
16.182000
7.914000
12.885000
7.478000
12.760000
8.937000
18.072000
8.438000
8.613000
5.769000
7.534000
9.325000
13.826000
11.435000
13.692000
11.806000
11.906000
18.136000
10.109000
12.344000
14.006000
15.575000
16.138000
15.455000
12.181000
11.454000
10.413000
16.915000
9.025000
9.041000
8.797000
3.570000
10.031000
7.698000
14.312000
14.096000
10.423000
16.805000
15.255000
9.866000
4.928000
11.672000
13.268000
7.737000
11.164000
8.785000
15.124000
20.645000
7.523000
13.955000
11.682000
7.522000
7.432000
14.175000
6.798000
18.898000
10.412000
7.474000
12.468000
9.384000
12.385000
12.784000
6.164000
8.815000
11.528000
14.311000
12.405000
4.311000
10.552000
8.285000
10.934000
9.969000
18.865000
12.862000
5.066000
12.243000
14.984000
8.625000
13.620000
14.813000
6.957000
14.089000
11.807000
18.868000
12.524000
15.826000
12.940000
15.288000
4.198000
1.187000
13.214000
7.352000
13.506000
9.687000
6.964000
4.426000
12.360000
6.790000
10.669000
11.576000
10.081000
9.153000
11.844000
9.926000
3.257000
10.517000
10.364000
10.629000
13.915000
4.593000
5.625000
14.506000
9.885000
6.691000
11.781000
7.872000
13.953000
9.485000
13.568000
13.005000
10.698000
9.942000
4.627000
10.736000
14.268000
10.825000
8.127000
9.930000
10.694000
7.234000
15.228000
6.331000
9.797000
6.159000
5.547000
9.135000
10.867000
8.793000
11.040000
12.931000
11.404000
16.831000
12.383000
8.624000
8.878000
14.025000
11.640000
11.532000
12.839000
11.472000
13.348000
10.477000
9.116000
8.977000
9.327000
14.932000
8.913000
13.615000
6.364000
8.360000
6.780000
8.712000
10.439000
8.573000
13.972000
14.270000
14.272000
10.512000
13.031000
10.429000
8.701000
16.805000
14.759000
11.886000
8.978000
13.198000
12.786000
10.357000
17.129000
10.078000
15.094000
16.605000
12.158000
9.080000
9.991000
11.393000
14.162000
15.168000
11.098000
13.287000
5.684000
8.248000
11.341000
12.328000
24.912000
16.193000
10.316000
15.183000
14.545000
15.842000
10.790000
15.684000
13.616000
15.666000
13.668000
15.953000
18.214000
9.068000
14.064000
6.407000
9.049000
13.769000
15.548000
13.887000
16.238000
12.041000
17.043000
16.320000
14.821000
17.634000
8.965000
15.355000
12.177000
8.635000
0.570000
15.292000
10.702000
12.460000
11.964000
17.584000
12.975000
11.010000
11.401000
20.809000
14.371000
16.073000
10.141000
12.362000
11.627000
12.907000
9.083000
5.222000
15.822000
19.114000
13.855000
6.879000
7.225000
7.191000
14.900000
9.966000
11.547000
15.126000
15.100000
20.046000
13.311000
11.929000
0.995000
19.004000
13.774000
11.376000
12.698000
12.700000
10.746000
11.614000
9.496000
16.883000
13.083000
10.428000
12.599000
6.312000
14.412000
14.606000
8.079000
7.696000
11.211000
15.496000
15.742000
11.363000
15.589000
9.462000
11.967000
17.094000
11.749000
7.383000
7.869000
9.230000
9.959000
10.797000
5.263000
2.683000
7.352000
8.719000
14.513000
14.471000
5.305000
13.887000
7.372000
12.868000
9.861000
8.214000
17.934000
12.477000
15.124000
12.890000
16.747000
10.463000
13.863000
10.313000
9.052000
12.527000
9.280000
12.563000
12.694000
12.132000
12.514000
12.794000
19.804000
4.410000
9.909000
22.044000
14.903000
13.199000
10.502000
10.621000
9.352000
7.190000
12.489000
14.316000
10.714000
12.768000
9.998000
12.234000
15.965000
19.195000
16.534000
13.112000
9.160000
11.159000
10.188000
12.571000
11.116000
10.473000
9.997000
11.821000
18.071000
8.509000
9.916000
6.845000
7.565000
5.746000
13.029000
11.627000
7.681000
3.092000
15.067000
12.977000
13.949000
4.773000
10.874000
12.155000
1.635000
7.848000
8.227000
4.032000
5.238000
10.453000
10.515000
10.877000
4.834000
12.596000
15.798000
8.783000
4.472000
10.766000
24.578000
4.410000
10.993000
7.306000
5.934000
3.718000
1.750000
4.062000
11.654000
4.319000
1.044000
6.945000
3.030000
9.828000
3.517000
8.147000
10.914000
3.495000
6.569000
7.014000
8.984000
12.541000
3.103000
6.306000
5.883000
6.420000
7.034000
6.987000
3.795000
8.862000
9.353000
7.172000
4.091000
10.854000
9.339000
14.317000
2.261000
5.821000
6.982000
4.707000
3.118000
8.011000
2.054000
4.308000
4.121000
15.322000
12.917000
0.000000
8.468000
13.831000
9.262000
15.346000
10.686000
3.822000
5.606000
9.687000
15.205000
12.015000
5.727000
2.436000
5.495000
8.042000
16.489000
9.711000
8.253000
14.606000
10.301000
9.375000
10.357000
8.565000
17.021000
15.488000
12.086000
17.586000
14.686000
5.925000
10.555000
18.288000
14.510000
13.927000
6.286000
7.224000
5.604000
14.543000
14.993000
6.843000
12.220000
8.013000
11.086000
0.000000
4.190000
8.748000
8.062000
15.298000
1.849000
11.596000
11.673000
12.845000
17.492000
11.649000
4.702000
8.914000
23.681000
8.458000
5.300000
5.329000
3.521000
7.740000
11.905000
11.980000
9.183000
17.512000
11.563000
2.713000
14.201000
3.004000
15.060000
24.634000
4.992000
1.954000
8.798000
19.657000
1.772000
15.217000
0.814000
7.124000
10.835000
14.242000
9.895000
0.774000
10.067000
15.857000
13.313000
6.758000
11.978000
9.402000
14.871000
10.696000
16.974000
9.533000
2.732000
12.678000
4.975000
12.706000
8.952000
8.948000
10.071000
8.058000
5.576000
3.841000
10.074000
5.970000
13.092000
11.035000
10.275000
6.136000
5.985000
9.402000
8.128000
12.639000
16.758000
14.154000
8.871000
1.328000
9.058000
10.012000
1.113000
10.714000
16.977000
13.701000
9.181000
11.406000
5.027000
13.075000
15.101000
8.249000
12.781000
13.536000
7.954000
6.835000
12.721000
14.090000
10.275000
11.164000
12.000000
6.516000
11.108000
11.723000
21.182000
10.550000
10.603000
17.625000
10.526000
21.152000
15.659000
17.142000
4.010000
16.512000
13.902000
7.697000
8.373000
7.328000
9.885000
15.815000
4.447000
15.619000
10.275000
10.126000
9.085000
13.257000
13.298000
6.711000
6.762000
10.414000
17.461000
8.973000
12.218000
7.129000
11.414000
9.625000
15.019000
14.286000
10.788000
11.943000
4.440000
7.701000
16.340000
6.260000
15.945000
12.256000
14.446000
9.255000
11.511000
16.896000
7.483000
8.300000
7.539000
9.801000
6.723000
23.773000
14.128000
10.428000
14.060000
15.329000
21.881000
6.222000
2.750000
3.482000
11.877000
7.394000
11.394000
7.523000
12.689000
8.357000
11.032000
10.179000
10.089000
13.840000
12.478000
4.010000
11.411000
12.558000
16.086000
3.141000
6.901000
6.922000
1.708000
2.573000
10.889000
8.414000
10.382000
6.033000
19.689000
2.649000
11.211000
5.453000
9.233000
4.500000
7.028000
7.115000
8.923000
6.338000
6.820000
8.850000
9.279000
8.444000
0.456000
12.168000
12.484000
11.145000
9.174000
10.416000
19.523000
22.158000
5.155000
9.049000
8.806000
18.822000
21.476000
14.405000
7.543000
6.869000
15.919000
4.148000
5.367000
8.695000
6.409000
6.739000
7.004000
3.842000
4.167000
9.091000
9.110000
7.495000
15.753000
6.952000
18.594000
8.000000
9.172000
11.221000
15.866000
4.687000
3.888000
3.788000
9.186000
6.408000
7.715000
8.102000
6.497000
9.425000
8.181000
14.418000
3.645000
9.881000
4.933000
15.704000
10.558000
13.317000
7.072000
7.698000
10.144000
20.082000
10.349000
5.946000
2.490000
13.480000
8.467000
17.272000
9.750000
15.419000
9.860000
4.614000
15.520000
7.610000
22.413000
8.990000
9.457000
12.889000
24.091000
7.303000
2.347000
14.224000
15.884000
7.037000
6.087000
10.204000
11.879000
14.214000
15.640000
9.523000
13.235000
7.480000
10.818000
12.348000
13.032000
4.674000
13.783000
9.177000
8.259000
8.882000
9.924000
17.223000
6.856000
12.912000
7.612000
15.566000
11.001000
11.056000
8.726000
8.072000
16.014000
16.382000
3.320000
15.914000
19.380000
10.168000
20.291000
9.492000
12.513000
15.925000
14.247000
6.435000
21.319000
4.399000
9.495000
17.544000
19.432000
14.176000
7.707000
15.377000
8.205000
15.016000
20.727000
18.093000
17.945000
18.663000
2.469000
13.666000
9.937000
20.773000
7.155000
9.150000
8.107000
3.939000
5.244000
12.690000
11.823000
9.267000
12.371000
22.688000
20.834000
23.076000
14.517000
7.266000
9.189000
9.901000
17.816000
19.053000
2.394000
8.639000
4.805000
9.181000
10.664000
11.633000
14.122000
16.165000
7.564000
11.549000
6.396000
11.860000
16.068000
14.843000
10.124000
6.418000
12.034000
14.018000
16.563000
13.461000
14.195000
9.856000
13.153000
8.516000
10.630000
15.204000
16.186000
9.548000
18.311000
12.837000
6.491000
14.182000
13.808000
9.440000
11.508000
17.005000
18.080000
11.826000
11.064000
8.352000
6.611000
10.913000
10.679000
17.116000
15.679000
15.449000
12.057000
12.410000
15.613000
10.385000
7.478000
2.371000
9.697000
5.350000
10.176000
14.965000
5.012000
9.397000
10.377000
9.462000
8.047000
10.247000
10.445000
8.218000
8.920000
15.667000
25.219000
5.143000
15.193000
12.022000
12.843000
17.488000
17.611000
16.158000
16.841000
8.365000
19.652000
13.883000
10.462000
12.152000
15.273000
16.950000
13.793000
13.243000
11.674000
10.982000
13.396000
21.629000
11.174000
13.167000
8.089000
16.271000
15.179000
17.909000
16.455000
14.277000
14.926000
11.899000
15.985000
17.239000
15.675000
12.497000
13.275000
12.447000
14.500000
9.069000
12.101000
4.822000
12.413000
17.771000
7.329000
16.643000
20.401000
15.218000
9.133000
10.941000
10.906000
16.655000
17.782000
14.351000
16.288000
12.183000
17.862000
10.211000
20.136000
11.032000
17.661000
10.534000
12.782000
14.175000
6.452000
2.424000
17.565000
14.956000
17.535000
19.963000
11.186000
18.468000
14.231000
17.531000
10.701000
18.189000
16.298000
11.623000
6.069000
11.776000
14.858000
16.138000
10.550000
16.745000
14.755000
17.505000
13.831000
14.695000
11.563000
12.232000
6.193000
17.232000
13.708000
7.236000
15.042000
7.905000
18.836000
12.962000
18.701000
8.065000
17.138000
6.370000
13.339000
16.103000
10.516000
17.835000
20.072000
11.945000
17.482000
16.383000
7.506000
15.839000
13.917000
12.759000
14.767000
21.089000
16.793000
6.570000
12.603000
10.452000
15.857000
15.721000
6.178000
15.927000
9.807000
20.634000
16.639000
11.594000
13.270000
8.697000
15.115000
10.374000
15.685000
10.839000
18.719000
9.593000
8.995000
17.455000
9.761000
9.964000
1.947000
17.054000
12.046000
13.030000
16.741000
16.089000
17.990000
9.604000
18.774000
18.991000
7.202000
19.354000
18.787000
11.836000
17.765000
15.980000
21.589000
18.269000
16.725000
12.586000
8.444000
13.746000
7.977000
15.519000
18.625000
11.113000
17.167000
5.634000
6.845000
12.951000
10.179000
12.216000
8.854000
13.485000
12.423000
14.237000
8.849000
18.203000
10.501000
15.287000
14.997000
17.296000
9.647000
12.745000
17.577000
14.023000
14.528000
17.430000
16.756000
10.670000
12.743000
12.288000
15.751000
16.031000
17.874000
19.933000
12.705000
14.941000
15.085000
17.444000
0.000000
9.367000
16.348000
9.867000
15.809000
9.664000
13.118000
17.759000
12.185000
11.344000
20.806000
11.114000
17.025000
4.742000
23.591000
1.647000
17.165000
14.494000
13.848000
8.120000
17.072000
16.203000
15.146000
17.775000
9.890000
18.909000
9.910000
7.561000
18.509000
29.075000
13.673000
13.496000
15.160000
10.679000
12.316000
14.148000
7.512000
14.704000
0.000000
15.456000
14.241000
13.065000
7.281000
19.283000
20.816000
5.363000
13.749000
11.961000
11.318000
12.722000
3.885000
11.751000
12.588000
14.508000
0.000000
13.677000
2.348000
13.899000
15.725000
2.020000
12.090000
7.146000
14.570000
10.468000
0.448000
7.449000
11.380000
12.748000
14.553000
11.228000
20.863000
5.596000
0.442000
8.934000
4.356000
1.755000
5.163000
15.195000
9.616000
16.090000
11.944000
17.684000
3.683000
10.863000
0.000000
0.000000
16.260000
7.761000
7.408000
3.313000
6.518000
11.530000
14.543000
11.085000
1.353000
6.188000
1.609000
17.634000
4.584000
2.841000
1.103000
9.653000
0.000000
4.490000
0.106000
0.982000
0.993000
0.000000
5.470000
6.047000
16.157000
9.233000
14.191000
1.216000
2.829000
3.313000
0.668000
4.875000
7.650000
5.841000
5.228000
18.023000
9.627000
15.426000
14.600000
15.513000
4.165000
19.013000
12.802000
12.558000
3.347000
17.491000
1.939000
3.881000
0.000000
3.846000
12.410000
4.376000
9.098000
19.956000
16.294000
0.955000
3.667000
4.098000
9.512000
12.847000
13.175000
0.000000
0.520000
2.332000
5.791000
12.138000
4.827000
2.229000
12.123000
9.861000
12.048000
0.718000
0.805000
5.355000
4.923000
18.013000
14.941000
6.332000
3.926000
10.036000
9.178000
8.276000
9.976000
6.401000
3.336000
2.288000
0.000000
6.307000
10.410000
9.676000
14.236000
12.480000
13.180000
8.401000
3.689000
7.223000
12.712000
0.000000
0.000000
6.505000
21.282000
26.747000
0.000000
26.444000
14.427000
12.551000
15.249000
9.440000
8.290000
16.535000
6.243000
14.313000
11.211000
13.387000
1.086000
12.194000
15.397000
2.578000
8.632000
2.232000
7.821000
0.000000
13.290000
14.330000
2.797000
3.985000
0.000000
11.587000
14.058000
4.336000
7.521000
13.799000
9.762000
19.782000
8.810000
11.989000
12.172000
16.471000
12.306000
9.876000
7.429000
6.593000
11.335000
15.836000
13.315000
18.314000
13.995000
15.436000
15.754000
1.873000
7.734000
13.114000
9.324000
12.200000
20.836000
13.707000
8.297000
20.263000
11.319000
7.766000
14.933000
25.267000
9.623000
12.848000
11.347000
9.196000
10.526000
14.907000
9.845000
0.000000
9.136000
13.341000
13.364000
6.621000
9.718000
5.098000
16.383000
17.745000
3.481000
15.913000
11.017000
5.013000
7.436000
14.574000
15.266000
17.731000
19.993000
4.158000
4.034000
10.096000
14.513000
0.913000
16.372000
1.338000
11.395000
13.769000
5.765000
12.259000
20.367000
12.786000
16.075000
10.667000
8.869000
17.545000
17.009000
9.011000
15.761000
15.957000
13.387000
17.716000
15.329000
0.000000
15.470000
21.122000
20.187000
6.488000
11.228000
15.530000
21.768000
9.953000
5.986000
14.489000
9.592000
19.649000
11.178000
17.472000
6.056000
7.233000
13.699000
10.850000
12.320000
14.363000
13.309000
19.017000
9.664000
16.019000
11.477000
15.549000
12.935000
20.098000
15.214000
15.047000
15.296000
10.937000
18.268000
17.594000
15.623000
14.978000
8.537000
8.960000
17.077000
20.317000
2.024000
16.120000
13.097000
11.092000
10.887000
13.865000
16.479000
1.454000
4.589000
10.785000
12.080000
12.289000
19.526000
15.478000
11.772000
11.779000
12.635000
15.869000
14.824000
16.243000
10.146000
16.693000
6.797000
18.510000
8.119000
13.434000
9.854000
5.052000
9.698000
16.500000
12.442000
13.912000
17.582000
11.425000
13.737000
10.038000
13.716000
13.457000
11.708000
14.039000
17.561000
11.096000
14.383000
12.524000
10.385000
11.617000
15.411000
10.044000
11.362000
3.272000
10.536000
7.153000
14.809000
14.460000
7.929000
11.428000
4.645000
7.458000
3.895000
4.318000
5.860000
9.508000
2.758000
1.735000
3.775000
12.485000
13.484000
14.569000
6.733000
3.508000
5.978000
5.469000
5.281000
3.039000
3.525000
6.115000
10.967000
4.013000
15.701000
3.280000
7.403000
6.691000
2.443000
2.215000
2.944000
4.118000
11.716000
13.053000
6.527000
5.931000
0.437000
6.177000
5.053000
5.348000
6.540000
3.038000
5.410000
6.689000
2.928000
2.112000
13.290000
13.974000
2.966000
5.596000
14.112000
5.229000
14.586000
15.662000
1.897000
7.972000
16.191000
17.254000
4.291000
5.270000
14.492000
7.468000
8.756000
6.089000
15.336000
20.513000
0.947000
16.186000
5.259000
8.756000
4.377000
9.225000
10.023000
15.337000
4.883000
5.469000
2.348000
15.744000
13.445000
24.234000
0.324000
5.891000
3.278000
12.188000
2.766000
15.310000
14.736000
4.711000
7.677000
13.769000
18.109000
2.657000
7.657000
4.846000
12.207000
9.712000
0.000000
5.174000
13.203000
15.187000
13.578000
12.211000
1.866000
2.727000
4.486000
10.173000
17.066000
14.646000
15.131000
5.597000
18.403000
1.150000
10.693000
8.362000
9.406000
3.952000
16.130000
13.990000
15.345000
11.649000
5.833000
9.671000
13.214000
16.630000
11.885000
4.908000
4.898000
12.924000
9.164000
7.488000
4.166000
8.190000
13.238000
4.481000
16.155000
13.974000
5.837000
4.678000
14.315000
0.617000
8.253000
1.851000
3.987000
10.623000
10.047000
9.890000
8.501000
17.399000
14.276000
13.083000
10.222000
2.246000
7.456000
6.758000
11.616000
8.854000
0.603000
8.947000
7.778000
12.448000
20.548000
11.113000
16.395000
6.530000
9.829000
1.600000
10.081000
4.220000
1.181000
5.055000
8.322000
7.282000
7.722000
12.426000
7.528000
7.971000
6.270000
6.196000
6.777000
7.319000
7.657000
11.905000
7.425000
3.790000
6.247000
3.961000
7.160000
10.509000
5.182000
4.821000
13.723000
6.380000
17.003000
6.855000
22.649000
2.696000
6.570000
10.198000
18.322000
6.017000
1.642000
4.861000
10.687000
11.250000
22.822000
8.285000
7.521000
8.567000
4.771000
7.590000
13.221000
1.567000
8.264000
12.011000
6.534000
10.563000
8.412000
8.377000
2.634000
7.333000
8.162000
11.857000
12.648000
4.352000
15.652000
18.243000
4.033000
6.359000
21.818000
9.250000
7.982000
12.509000
11.999000
5.881000
13.492000
13.223000
4.506000
6.499000
7.604000
17.991000
4.932000
9.545000
10.704000
4.292000
5.533000
20.634000
12.977000
4.250000
13.600000
8.692000
19.163000
12.909000
3.375000
10.717000
16.173000
14.858000
26.517000
18.305000
5.638000
19.334000
13.293000
11.503000
9.001000
3.813000
8.167000
11.019000
7.097000
10.125000
15.120000
8.325000
10.523000
14.958000
7.572000
7.942000
15.178000
4.630000
10.124000
15.112000
9.537000
18.077000
15.470000
14.927000
2.728000
14.956000
15.940000
6.498000
15.365000
12.454000
12.769000
14.889000
10.173000
14.982000
6.307000
14.040000
6.532000
8.437000
8.713000
16.107000
8.370000
11.168000
17.738000
12.597000
10.340000
13.096000
3.410000
7.742000
15.240000
18.373000
10.268000
14.674000
16.285000
15.597000
7.942000
4.533000
9.111000
14.031000
10.759000
6.261000
12.910000
29.917000
13.244000
8.382000
7.407000
10.401000
10.904000
8.287000
6.403000
16.343000
5.728000
14.998000
6.632000
18.705000
24.436000
5.217000
13.440000
9.434000
7.180000
15.265000
14.698000
13.600000
11.991000
15.145000
8.372000
7.574000
10.148000
5.197000
14.741000
3.810000
10.127000
9.779000
2.835000
19.364000
8.271000
15.878000
14.722000
12.607000
4.765000
17.097000
12.040000
13.086000
7.555000
6.435000
9.963000
8.486000
10.277000
11.212000
17.249000
13.136000
8.496000
10.772000
12.720000
6.756000
12.451000
8.969000
4.481000
10.294000
9.699000
5.733000
15.593000
12.526000
11.576000
11.951000
5.949000
11.356000
17.907000
11.835000
14.925000
10.746000
18.463000
10.728000
14.305000
5.405000
7.587000
9.039000
14.332000
12.868000
5.749000
4.286000
10.015000
9.050000
20.715000
18.165000
10.612000
15.190000
10.831000
12.453000
13.615000
17.680000
6.879000
6.451000
13.169000
8.033000
7.429000
8.562000
12.808000
10.226000
7.233000
12.687000
7.833000
14.287000
11.348000
1.672000
5.461000
11.023000
10.176000
13.080000
4.475000
10.225000
15.191000
7.902000
3.337000
8.756000
4.434000
6.941000
14.204000
9.563000
14.612000
11.467000
9.300000
7.030000
11.694000
9.631000
6.123000
17.855000
8.255000
11.043000
4.634000
8.027000
10.247000
6.260000
11.192000
11.486000
15.384000
9.583000
7.538000
7.250000
13.510000
8.657000
6.969000
3.457000
11.677000
14.739000
7.510000
6.716000
10.535000
15.146000
11.131000
5.650000
11.103000
5.913000
15.435000
3.254000
11.010000
9.078000
14.331000
15.947000
8.448000
10.202000
13.000000
7.505000
14.265000
9.065000
17.406000
17.281000
10.726000
10.036000
10.303000
17.046000
14.908000
15.395000
14.330000
4.441000
14.185000
12.043000
16.500000
12.266000
15.076000
18.857000
12.177000
16.092000
16.762000
11.792000
9.393000
17.204000
17.552000
12.303000
5.648000
7.841000
12.495000
15.151000
13.456000
15.675000
16.024000
17.938000
14.137000
9.924000
12.782000
7.384000
14.292000
10.374000
8.703000
11.725000
9.421000
5.009000
8.570000
11.921000
8.002000
13.038000
17.641000
12.811000
5.816000
13.192000
12.379000
16.715000
10.400000
15.976000
4.076000
15.622000
14.366000
7.681000
10.696000
10.646000
10.993000
2.921000
15.477000
8.402000
7.314000
15.637000
16.656000
20.017000
14.392000
14.874000
6.052000
4.088000
11.059000
8.909000
4.928000
12.806000
13.499000
11.948000
17.995000
14.773000
6.450000
13.043000
9.922000
10.416000
8.348000
11.662000
8.872000
12.394000
13.474000
10.090000
12.688000
10.411000
16.557000
11.181000
8.752000
15.907000
21.863000
5.483000
7.690000
20.011000
9.114000
7.857000
11.350000
14.871000
17.554000
14.261000
19.318000
8.894000
16.337000
16.912000
17.167000
17.268000
13.354000
22.807000
15.982000
16.209000
12.903000
10.650000
7.758000
9.799000
10.245000
16.339000
16.203000
6.180000
11.824000
8.944000
5.303000
15.534000
20.468000
25.525000
14.332000
17.153000
9.373000
1.013000
5.898000
21.836000
6.565000
14.859000
10.167000
12.622000
11.537000
14.948000
16.578000
16.596000
15.901000
6.232000
8.647000
21.306000
15.787000
9.480000
8.496000
16.303000
11.032000
11.001000
11.031000
13.763000
12.832000
14.535000
8.256000
7.973000
8.652000
13.384000
8.890000
11.743000
8.391000
13.311000
10.409000
9.236000
11.460000
8.718000
8.558000
9.319000
3.573000
13.813000
1.721000
8.741000
10.799000
6.246000
15.016000
17.316000
9.260000
7.618000
14.745000
8.394000
6.855000
11.717000
14.179000
12.862000
7.503000
12.707000
11.402000
2.997000
20.895000
24.591000
13.243000
13.866000
9.818000
15.689000
10.173000
11.330000
8.556000
4.662000
22.240000
7.995000
20.836000
6.986000
8.784000
7.620000
13.561000
11.236000
12.471000
7.049000
20.319000
7.650000
12.283000
9.734000
6.199000
11.625000
12.855000
4.986000
7.868000
12.977000
6.613000
11.492000
3.377000
13.997000
12.314000
11.417000
12.142000
12.136000
13.529000
11.320000
5.220000
4.354000
1.755000
8.374000
16.528000
11.678000
5.093000
16.988000
8.997000
18.192000
13.353000
8.281000
8.419000
12.210000
8.616000
12.901000
11.138000
13.837000
5.006000
12.321000
4.330000
11.173000
6.966000
11.710000
12.000000
10.574000
8.563000
12.908000
7.931000
8.335000
5.943000
10.954000
7.859000
12.415000
16.551000
4.952000
7.621000
12.936000
15.866000
12.051000
4.794000
14.367000
12.100000
9.844000
9.651000
4.926000
8.485000
13.392000
12.925000
8.939000
11.553000
10.390000
11.788000
12.964000
11.553000
11.865000
7.895000
11.475000
16.263000
1.888000
19.338000
12.782000
14.395000
13.821000
4.438000
13.616000
7.444000
18.547000
10.706000
12.836000
10.538000
7.230000
11.879000
13.217000
5.484000
7.911000
13.311000
8.509000
7.626000
14.918000
15.194000
3.362000
12.936000
14.181000
14.311000
7.888000
6.276000
13.035000
9.933000
12.530000
14.466000
5.333000
16.196000
11.360000
13.175000
11.343000
12.929000
14.111000
7.354000
12.180000
13.754000
12.662000
4.368000
3.860000
15.963000
4.460000
15.376000
11.573000
11.071000
5.856000
10.471000
9.858000
12.594000
13.431000
13.155000
12.721000
5.216000
13.895000
9.961000
16.983000
13.044000
11.845000
10.111000
13.074000
4.867000
8.716000
11.120000
5.972000
19.320000
16.238000
20.784000
11.875000
16.285000
12.296000
6.540000
7.428000
9.217000
14.186000
10.767000
9.143000
11.379000
18.627000
14.081000
14.673000
10.868000
13.376000
7.839000
6.618000
12.348000
10.511000
13.564000
10.583000
10.296000
9.169000
2.780000
11.479000
19.111000
7.248000
4.375000
8.060000
19.940000
16.777000
6.432000
20.619000
11.853000
8.083000
11.088000
4.860000
11.626000
7.100000
6.854000
14.481000
10.867000
15.107000
5.196000
13.967000
2.411000
6.254000
6.478000
8.105000
11.307000
10.538000
5.793000
6.606000
8.910000
14.027000
4.992000
10.455000
7.827000
10.134000
10.541000
22.890000
10.440000
14.754000
17.142000
10.637000
15.018000
8.037000
10.488000
9.157000
13.716000
13.019000
11.308000
17.837000
7.443000
10.080000
8.558000
6.683000
17.707000
13.496000
12.391000
15.850000
16.954000
10.761000
11.667000
9.579000
10.654000
12.233000
7.991000
18.505000
13.602000
13.713000
5.014000
12.031000
11.464000
10.893000
17.103000
14.112000
11.864000
8.675000
12.811000
9.549000
19.079000
15.756000
10.100000
7.066000
9.120000
9.096000
15.841000
7.291000
6.606000
17.196000
11.785000
9.770000
12.622000
5.877000
13.964000
14.402000
18.779000
20.527000
13.057000
13.423000
22.282000
11.686000
13.872000
13.554000
7.670000
19.025000
14.474000
10.656000
12.471000
5.842000
8.660000
10.171000
11.502000
9.047000
11.763000
14.116000
10.537000
14.162000
14.782000
7.480000
6.799000
11.821000
15.756000
14.888000
11.761000
5.576000
11.977000
13.886000
11.192000
12.898000
14.378000
7.098000
8.413000
9.543000
13.209000
23.253000
9.111000
11.776000
10.751000
11.810000
12.318000
10.412000
12.911000
11.965000
9.175000
5.652000
10.280000
11.645000
8.670000
14.077000
13.442000
13.004000
16.668000
9.260000
6.977000
6.879000
14.499000
7.514000
20.256000
8.493000
13.656000
21.205000
7.982000
5.445000
7.327000
11.070000
7.754000
4.909000
12.030000
13.834000
19.118000
5.308000
6.339000
8.140000
10.427000
11.175000
19.961000
9.976000
13.268000
7.369000
10.165000
15.804000
12.299000
10.653000
13.660000
9.141000
6.756000
5.328000
12.624000
6.956000
8.493000
9.984000
2.989000
13.149000
6.043000
9.735000
9.728000
9.685000
8.589000
8.296000
7.860000
7.922000
8.125000
5.494000
5.529000
12.150000
7.823000
17.343000
20.821000
9.974000
16.804000
7.100000
10.967000
8.924000
12.596000
11.237000
8.615000
23.161000
11.043000
14.123000
6.726000
11.525000
5.698000
11.465000
6.047000
9.436000
20.037000
13.475000
13.891000
8.062000
7.285000
9.007000
18.158000
10.525000
6.553000
15.547000
5.623000
8.295000
16.414000
15.396000
14.304000
16.263000
14.805000
10.521000
12.841000
17.463000
15.679000
8.778000
15.620000
9.273000
10.530000
4.114000
7.452000
3.307000
13.766000
16.547000
10.907000
6.407000
6.626000
10.664000
13.132000
7.213000
14.470000
7.745000
11.040000
6.882000
16.179000
16.759000
9.177000
7.771000
15.963000
9.947000
7.947000
15.534000
7.937000
6.637000
7.916000
11.087000
3.738000
8.551000
8.595000
12.584000
14.135000
8.029000
13.377000
15.760000
6.668000
15.303000
8.806000
6.984000
10.153000
6.016000
13.883000
5.204000
8.255000
7.269000
8.823000
6.363000
16.051000
10.197000
0.506000
4.632000
15.259000
15.220000
7.957000
15.965000
12.622000
11.819000
17.636000
17.587000
9.054000
16.154000
18.028000
9.865000
6.022000
10.154000
14.703000
17.949000
15.130000
16.252000
15.095000
12.622000
16.038000
10.109000
8.767000
9.971000
10.683000
8.190000
13.918000
17.610000
8.310000
7.723000
3.484000
11.903000
8.834000
9.921000
7.750000
12.901000
4.466000
9.845000
13.936000
13.711000
4.395000
9.151000
9.791000
6.368000
8.438000
8.060000
19.674000
5.894000
13.925000
16.689000
10.869000
11.579000
3.829000
6.928000
12.740000
5.756000
7.355000
9.042000
6.107000
6.803000
10.864000
14.289000
12.145000
7.738000
2.555000
11.947000
11.475000
15.106000
7.619000
10.962000
9.967000
9.928000
7.301000
7.077000
14.885000
6.442000
8.169000
14.959000
5.282000
6.141000
24.521000
4.378000
3.357000
12.443000
9.355000
11.957000
21.148000
9.194000
17.022000
11.129000
12.381000
11.953000
9.638000
7.319000
13.277000
7.751000
4.485000
13.124000
10.794000
16.309000
14.692000
8.240000
6.393000
10.633000
14.883000
10.730000
12.065000
8.984000
11.547000
12.714000
8.343000
9.256000
8.423000
13.617000
13.677000
6.966000
17.743000
9.888000
8.654000
6.636000
12.207000
6.121000
20.765000
8.026000
16.990000
11.731000
9.458000
5.401000
15.081000
7.468000
15.720000
16.660000
6.424000
4.931000
12.832000
7.801000
4.919000
17.253000
15.227000
12.739000
8.356000
8.190000
8.367000
9.029000
4.912000
12.884000
8.137000
13.109000
5.063000
10.619000
7.024000
12.165000
8.204000
11.725000
8.932000
12.840000
12.001000
8.322000
11.773000
13.227000
7.575000
11.095000
8.369000
12.089000
10.960000
15.728000
8.666000
12.936000
11.164000
11.186000
11.761000
6.188000
13.920000
10.914000
10.704000
18.259000
16.912000
6.069000
14.164000
6.282000
8.729000
10.614000
13.079000
13.776000
10.705000
11.370000
0.679000
7.604000
11.825000
7.503000
22.344000
8.107000
11.335000
10.023000
13.107000
5.872000
11.515000
12.736000
10.675000
15.816000
7.697000
13.267000
18.457000
15.795000
15.223000
7.169000
8.195000
8.761000
11.666000
6.227000
25.068000
6.564000
10.421000
0.000000
12.254000
23.281000
8.633000
9.671000
10.770000
8.939000
5.922000
9.863000
11.691000
7.595000
9.959000
8.915000
13.961000
12.163000
10.866000
13.232000
8.592000
7.035000
11.089000
6.962000
6.715000
5.927000
21.313000
7.829000
14.744000
10.229000
10.841000
13.173000
15.210000
7.935000
8.506000
13.854000
8.954000
11.101000
7.692000
7.192000
24.657000
8.712000
15.198000
9.739000
7.106000
6.713000
12.908000
11.374000
5.222000
12.891000
11.045000
9.530000
9.065000
5.859000
14.656000
10.158000
10.949000
11.952000
12.369000
12.256000
16.122000
13.581000
11.450000
7.327000
23.106000
7.459000
11.520000
13.148000
7.884000
12.683000
16.395000
11.693000
12.686000
11.750000
9.384000
8.654000
15.134000
12.793000
14.632000
10.697000
10.484000
15.967000
13.729000
11.077000
17.770000
13.932000
13.244000
3.863000
14.480000
18.708000
11.301000
15.069000
12.536000
4.267000
15.359000
15.577000
14.512000
7.102000
14.267000
11.201000
18.680000
10.447000
17.151000
11.510000
5.278000
9.997000
7.354000
13.303000
12.223000
10.277000
9.843000
10.293000
16.870000
16.396000
15.455000
5.173000
13.353000
17.883000
10.704000
10.323000
15.776000
12.352000
12.212000
14.328000
12.691000
2.927000
14.626000
16.693000
14.573000
10.165000
10.560000
10.691000
14.936000
11.697000
16.696000
11.173000
20.329000
14.307000
11.160000
14.469000
14.330000
12.308000
11.170000
10.239000
11.239000
11.279000
3.072000
5.632000
14.860000
12.332000
8.776000
18.386000
6.605000
8.915000
14.300000
9.288000
6.792000
22.326000
19.086000
11.386000
23.605000
16.232000
18.045000
8.538000
14.390000
4.807000
14.765000
11.049000
15.408000
12.408000
17.556000
10.939000
10.010000
11.552000
8.404000
18.316000
4.403000
10.444000
15.425000
6.420000
22.715000
17.860000
9.754000
17.337000
10.049000
4.932000
13.005000
18.743000
13.526000
6.594000
9.620000
9.249000
15.123000
25.992000
7.951000
20.006000
10.825000
7.370000
10.984000
8.512000
15.882000
0.000000
11.583000
7.394000
11.357000
8.499000
5.433000
4.139000
13.593000
12.705000
13.319000
12.723000
16.147000
10.146000
0.000000
0.000000
9.992000
1.544000
9.573000
15.331000
17.045000
10.487000
12.341000
12.063000
9.561000
16.188000
13.227000
10.176000
5.374000
15.048000
5.384000
7.266000
10.583000
10.881000
13.290000
13.468000
5.511000
13.302000
7.614000
8.592000
8.032000
7.367000
16.214000
8.499000
7.189000
10.329000
10.554000
11.639000
12.562000
9.717000
20.989000
0.000000
10.636000
6.489000
12.139000
0.000000
12.377000
19.032000
19.963000
7.539000
13.336000
7.933000
15.704000
13.461000
7.830000
11.264000
10.176000
12.777000
11.211000
10.048000
18.329000
0.000000
0.000000
9.985000
8.858000
12.076000
9.613000
9.871000
7.038000
14.592000
0.000000
9.280000
8.517000
10.955000
17.294000
8.036000
9.992000
0.000000
7.997000
4.567000
0.000000
0.000000
0.000000
0.000000
0.000000
6.560000
0.000000
0.000000
0.000000
0.535000
0.000000
0.000000
0.000000
0.161000
2.309000
0.682000
1.197000
21.160000
0.000000
7.216000
0.000000
0.000000
1.814000
11.707000
7.940000
0.000000
2.737000
0.000000
6.142000
14.143000
10.281000
0.000000
0.956000
7.374000
0.223000
0.000000
0.000000
6.285000
0.000000
0.000000
10.970000
0.000000
18.258000
4.118000
4.952000
10.522000
17.879000
15.358000
10.565000
2.143000
8.850000
0.000000
0.508000
7.439000
2.322000
8.709000
0.000000
0.000000
0.000000
14.188000
0.000000
11.967000
0.000000
6.797000
0.282000
0.000000
0.000000
9.636000
0.000000
0.000000
15.820000
0.000000
12.735000
2.090000
8.560000
9.935000
0.598000
0.000000
3.052000
6.361000
13.789000
13.344000
12.305000
9.128000
3.071000
11.417000
14.212000
15.071000
12.109000
17.925000
4.609000
0.000000
0.000000
5.543000
13.178000
11.099000
11.083000
0.000000
8.692000
0.761000
0.000000
11.073000
16.024000
0.000000
14.513000
7.960000
7.126000
3.214000
11.806000
7.694000
4.290000
10.697000
5.098000
6.633000
0.000000
0.000000
6.269000
9.790000
3.840000
0.000000
1.155000
7.662000
6.512000
10.340000
13.896000
12.869000
0.711000
8.491000
22.392000
0.000000
14.124000
6.937000
9.135000
12.266000
10.758000
0.000000
6.977000
9.040000
0.000000
7.867000
0.304000
10.876000
10.009000
10.348000
11.015000
4.642000
7.208000
0.000000
18.050000
5.184000
11.533000
14.137000
1.476000
2.038000
4.257000
4.134000
0.000000
7.451000
3.940000
18.508000
0.000000
5.751000
4.998000
6.841000
6.196000
0.000000
5.351000
12.432000
5.046000
5.228000
3.599000
0.000000
0.000000
3.089000
6.240000
3.856000
1.873000
18.286000
5.446000
9.645000
5.866000
3.902000
2.617000
2.872000
12.769000
10.400000
8.145000
4.382000
6.012000
6.848000
12.291000
4.057000
6.298000
4.754000
0.952000
21.004000
3.309000
1.575000
0.000000
4.507000
4.909000
6.717000
4.699000
7.451000
14.238000
6.660000
0.000000
6.100000
4.321000
13.454000
2.879000
0.000000
2.013000
18.804000
0.000000
10.603000
4.104000
8.546000
0.000000
6.206000
10.925000
11.237000
2.895000
15.429000
10.158000
8.998000
13.464000
14.372000
0.000000
4.345000
7.101000
6.939000
16.020000
14.953000
4.079000
0.000000
5.016000
6.895000
5.509000
10.218000
6.322000
5.795000
6.879000
3.391000
20.346000
6.911000
9.711000
10.015000
9.262000
0.000000
0.000000
10.492000
11.386000
10.182000
19.911000
13.956000
13.622000
0.000000
9.712000
5.934000
6.121000
2.395000
11.577000
4.387000
16.132000
6.161000
5.800000
15.055000
10.103000
9.688000
3.735000
5.308000
19.257000
13.492000
11.488000
27.419000
14.306000
7.613000
13.465000
6.253000
3.230000
10.768000
20.637000
11.224000
4.223000
8.981000
5.694000
11.230000
6.631000
6.528000
9.905000
5.141000
7.733000
12.849000
9.552000
9.783000
6.398000
7.987000
8.732000
12.697000
8.529000
12.559000
11.612000
12.926000
13.911000
7.982000
0.000000
12.000000
7.500000
11.745000
9.114000
6.303000
10.189000
13.182000
10.124000
8.956000
6.177000
15.499000
12.220000
7.753000
12.337000
5.223000
14.198000
12.098000
18.028000
11.939000
4.044000
0.620000
6.665000
10.519000
14.095000
14.264000
15.774000
2.338000
8.308000
7.614000
13.342000
14.780000
17.486000
5.873000
1.424000
5.945000
5.052000
7.301000
12.923000
13.336000
6.812000
12.937000
12.670000
1.352000
5.822000
18.207000
12.187000
7.068000
11.195000
2.782000
7.526000
8.304000
9.023000
5.893000
8.284000
15.540000
9.277000
8.781000
8.618000
9.402000
10.983000
12.641000
7.316000
2.987000
11.824000
17.248000
5.080000
11.144000
7.362000
8.782000
4.828000
10.666000
13.285000
10.268000
11.150000
26.265000
6.776000
21.558000
9.122000
15.366000
16.554000
7.681000
12.164000
12.653000
11.451000
10.402000
6.504000
4.084000
9.707000
9.255000
8.657000
12.999000
13.090000
15.336000
11.450000
1.746000
17.942000
8.919000
12.407000
9.525000
1.119000
4.911000
10.409000
9.799000
15.022000
9.480000
11.972000
6.804000
3.012000
10.127000
12.444000
15.716000
10.896000
13.763000
4.336000
7.788000
0.000000
8.572000
12.773000
12.352000
15.867000
13.502000
11.951000
16.519000
12.674000
4.679000
15.400000
9.372000
11.258000
3.385000
7.101000
4.516000
3.781000
4.976000
14.754000
11.887000
6.579000
11.382000
11.787000
8.216000
7.951000
7.683000
15.085000
11.963000
2.773000
10.737000
7.826000
10.691000
10.992000
12.501000
7.685000
4.419000
10.790000
2.757000
7.535000
11.110000
7.562000
8.533000
6.120000
9.120000
10.284000
11.306000
17.015000
9.551000
10.738000
15.289000
13.933000
7.305000
10.196000
12.363000
9.117000
0.000000
11.105000
8.754000
0.000000
9.090000
10.115000
6.307000
6.990000
8.838000
17.028000
8.364000
10.073000
14.626000
9.982000
8.458000
13.110000
13.536000
3.449000
8.484000
10.224000
10.403000
16.156000
5.905000
11.719000
12.149000
10.110000
11.341000
9.270000
14.699000
8.325000
10.187000
3.436000
8.442000
11.203000
7.534000
4.793000
12.658000
13.241000
18.930000
6.874000
11.084000
12.428000
4.856000
13.973000
11.092000
13.836000
15.753000
13.685000
7.143000
9.633000
3.555000
11.651000
11.940000
17.835000
7.240000
14.050000
8.075000
9.258000
11.732000
2.249000
9.543000
8.809000
7.519000
7.740000
15.855000
8.486000
9.941000
12.850000
7.971000
12.261000
6.307000
10.269000
13.370000
10.489000
15.007000
3.974000
8.887000
9.512000
6.774000
9.520000
13.154000
10.759000
6.567000
10.927000
12.517000
3.189000
9.640000
7.654000
11.100000
8.065000
7.901000
11.958000
8.842000
9.461000
16.931000
12.451000
9.059000
16.412000
5.051000
11.748000
9.682000
9.547000
12.231000
11.759000
6.273000
7.564000
7.085000
8.755000
9.563000
9.189000
12.942000
9.418000
9.888000
8.202000
11.946000
15.151000
12.585000
9.856000
13.120000
7.681000
5.130000
6.701000
10.084000
12.294000
7.162000
15.113000
11.426000
14.461000
8.097000
14.541000
9.316000
12.075000
12.048000
8.290000
12.752000
5.837000
8.762000
13.909000
5.118000
12.594000
15.383000
16.718000
8.155000
12.074000
9.347000
13.577000
10.020000
9.557000
7.912000
13.252000
3.602000
5.202000
14.708000
8.781000
10.945000
10.770000
11.716000
11.463000
8.750000
10.364000
4.144000
5.941000
11.726000
9.178000
9.028000
3.654000
11.676000
7.206000
13.217000
9.617000
12.630000
6.136000
8.257000
13.247000
13.691000
13.843000
4.856000
18.768000
12.069000
6.101000
5.022000
9.263000
11.848000
10.117000
12.369000
7.330000
7.110000
12.106000
3.778000
7.312000
5.466000
16.774000
9.613000
8.060000
6.594000
14.125000
10.349000
8.647000
10.006000
11.882000
8.811000
11.069000
8.253000
14.491000
13.319000
10.599000
6.225000
6.399000
11.134000
7.627000
13.647000
7.138000
5.251000
10.198000
3.689000
8.981000
8.780000
7.405000
14.575000
2.845000
8.151000
18.288000
9.594000
13.856000
1.905000
15.202000
9.113000
14.314000
5.390000
10.304000
10.092000
8.425000
4.937000
13.014000
10.881000
8.932000
7.967000
3.929000
9.999000
7.458000
5.940000
4.082000
12.308000
7.208000
6.174000
10.541000
6.440000
14.776000
9.809000
4.329000
2.573000
5.368000
5.604000
10.950000
9.565000
11.086000
7.600000
4.691000
12.648000
8.867000
8.580000
8.411000
8.833000
12.470000
8.357000
10.675000
5.390000
5.040000
11.870000
11.030000
7.018000
3.132000
7.521000
6.671000
0.645000
5.989000
13.658000
6.117000
8.267000
5.671000
4.419000
13.026000
15.334000
10.737000
5.684000
13.095000
8.773000
4.699000
5.402000
5.447000
4.890000
10.180000
8.622000
7.873000
9.773000
5.076000
7.757000
3.131000
3.009000
9.707000
9.355000
6.913000
5.763000
0.000000
5.312000
2.127000
9.160000
8.634000
8.921000
7.415000
10.894000
3.065000
9.684000
11.770000
6.833000
9.052000
14.493000
9.293000
7.567000
3.039000
0.279000
4.222000
4.331000
6.840000
7.958000
19.328000
18.472000
0.308000
0.658000
12.926000
20.852000
1.593000
6.577000
3.793000
3.182000
4.263000
6.154000
3.158000
6.133000
4.943000
0.876000
0.000000
0.000000
5.184000
4.808000
4.322000
7.523000
6.135000
9.492000
3.443000
8.351000
3.695000
5.691000
4.689000
3.557000
9.675000
9.408000
2.653000
0.000000
11.287000
4.182000
3.131000
15.051000
2.620000
21.761000
6.279000
8.926000
11.196000
11.898000
9.446000
15.801000
7.995000
7.455000
17.331000
5.828000
7.325000
0.084000
5.817000
4.663000
4.872000
5.584000
1.324000
6.178000
15.762000
0.247000
4.814000
5.293000
15.659000
3.500000
2.748000
2.446000
5.072000
15.138000
17.469000
0.000000
0.000000
4.151000
0.782000
19.285000
9.944000
4.548000
16.946000
4.804000
8.025000
6.780000
4.203000
9.039000
6.059000
4.410000
6.716000
7.539000
5.149000
2.319000
0.000000
19.198000
15.954000
3.386000
19.133000
7.859000
17.328000
6.949000
3.896000
8.397000
0.000000
7.033000
8.372000
9.904000
5.095000
5.420000
8.295000
7.005000
2.424000
11.683000
16.262000
12.380000
0.711000
2.724000
3.029000
0.000000
14.221000
3.874000
1.469000
10.502000
8.974000
2.777000
14.680000
5.717000
13.491000
16.983000
10.424000
7.398000
7.132000
9.071000
15.967000
4.804000
14.840000
3.445000
7.822000
1.668000
9.946000
13.347000
3.375000
5.605000
15.992000
5.103000
10.551000
9.309000
15.480000
3.841000
9.115000
9.462000
5.856000
12.452000
7.040000
16.241000
12.309000
17.796000
7.924000
12.906000
0.935000
13.257000
7.364000
4.128000
6.629000
11.412000
14.087000
8.276000
4.288000
8.939000
12.693000
6.390000
10.058000
15.599000
6.860000
12.476000
16.120000
10.935000
13.876000
12.854000
12.068000
16.490000
9.633000
18.529000
5.586000
11.482000
14.843000
19.355000
5.504000
11.005000
6.046000
10.109000
9.513000
7.275000
9.784000
10.795000
5.522000
13.613000
3.934000
18.291000
7.510000
17.278000
2.675000
8.774000
4.105000
15.591000
1.861000
8.845000
3.847000
9.723000
12.211000
5.285000
2.819000
10.726000
5.556000
1.397000
8.305000
11.773000
5.436000
20.847000
14.922000
11.343000
1.522000
1.995000
9.896000
4.616000
3.155000
5.008000
11.395000
11.437000
5.463000
9.825000
9.083000
5.378000
8.818000
13.184000
5.503000
10.866000
4.947000
6.966000
2.342000
10.667000
4.124000
13.465000
9.439000
10.039000
13.081000
5.072000
16.831000
7.348000
5.837000
14.078000
7.897000
3.801000
6.569000
17.464000
10.374000
12.423000
5.599000
12.883000
8.072000
2.689000
16.362000
14.530000
8.948000
2.626000
15.845000
1.968000
10.542000
6.088000
7.288000
8.753000
7.583000
17.241000
4.818000
5.004000
8.253000
10.352000
5.674000
8.661000
4.978000
6.461000
0.488000
2.435000
6.525000
15.130000
7.314000
5.664000
6.572000
6.105000
3.354000
12.387000
6.656000
8.821000
4.224000
5.585000
7.150000
10.743000
8.954000
3.538000
11.816000
4.761000
0.681000
11.643000
5.630000
11.804000
11.768000
3.968000
15.316000
4.274000
16.427000
17.186000
11.953000
12.081000
2.689000
5.335000
12.107000
9.344000
17.566000
10.636000
7.047000
8.907000
15.232000
5.926000
10.245000
1.827000
6.413000
2.517000
11.612000
12.611000
15.538000
1.283000
5.065000
1.062000
8.049000
4.667000
7.500000
2.125000
3.904000
2.285000
8.960000
9.706000
6.305000
5.991000
5.145000
3.902000
6.003000
2.139000
14.744000
12.143000
12.459000
17.823000
5.668000
10.818000
9.885000
16.725000
3.779000
10.117000
3.700000
6.625000
5.084000
3.582000
4.609000
19.132000
4.086000
8.326000
9.868000
11.407000
2.429000
9.745000
7.076000
14.990000
3.008000
6.501000
17.502000
11.515000
11.240000
3.764000
14.204000
4.086000
10.523000
16.153000
5.444000
5.069000
11.640000
1.388000
5.877000
6.016000
6.728000
19.934000
11.232000
11.591000
11.944000
8.199000
7.289000
13.179000
8.436000
7.363000
12.682000
10.159000
11.500000
9.314000
11.651000
19.868000
14.160000
10.825000
13.319000
14.175000
11.473000
12.987000
7.685000
5.981000
8.145000
8.751000
15.236000
4.917000
10.958000
13.175000
8.474000
7.142000
0.000000
5.625000
7.967000
6.887000
8.873000
7.822000
12.558000
19.696000
3.994000
4.961000
5.947000
5.987000
9.351000
7.060000
10.139000
13.481000
16.621000
5.302000
22.753000
6.258000
13.050000
10.145000
16.506000
6.585000
11.773000
18.552000
5.151000
9.667000
7.682000
0.000000
15.915000
9.789000
6.689000
10.273000
14.341000
15.328000
12.008000
6.957000
13.545000
7.642000
7.853000
2.711000
15.944000
13.380000
4.167000
2.484000
14.002000
8.334000
13.433000
8.281000
19.003000
9.924000
12.319000
10.717000
11.754000
12.352000
15.732000
2.081000
15.796000
8.507000
5.700000
3.714000
6.951000
13.280000
7.103000
13.040000
9.090000
15.287000
3.242000
4.628000
9.469000
8.130000
10.222000
6.215000
5.439000
12.589000
11.308000
9.980000
8.892000
7.746000
15.259000
14.410000
9.805000
16.312000
9.642000
11.632000
8.003000
3.789000
3.674000
0.915000
7.698000
20.773000
8.608000
5.345000
5.296000
5.660000
15.450000
10.931000
16.355000
7.876000
13.540000
7.687000
5.671000
9.611000
9.006000
17.053000
6.903000
7.636000
11.854000
9.823000
13.335000
5.835000
13.268000
9.295000
11.832000
16.035000
14.168000
7.669000
13.748000
10.802000
6.660000
12.965000
6.335000
14.147000
13.275000
10.130000
8.977000
13.028000
11.587000
0.000000
3.787000
3.902000
8.601000
10.810000
11.626000
12.308000
4.966000
14.608000
12.744000
11.078000
13.551000
0.628000
15.194000
14.713000
13.900000
5.106000
6.793000
5.202000
15.857000
8.091000
10.999000
7.421000
14.368000
16.604000
11.479000
9.257000
11.179000
10.045000
0.000000
4.777000
11.945000
10.247000
14.524000
6.491000
5.704000
14.804000
3.011000
12.052000
9.385000
6.580000
9.175000
7.563000
9.596000
10.113000
16.531000
10.333000
8.168000
4.529000
4.857000
4.165000
3.770000
6.058000
10.364000
6.594000
13.344000
10.320000
7.017000
6.706000
12.512000
5.301000
13.840000
10.946000
5.397000
11.872000
6.902000
7.006000
11.948000
9.125000
1.657000
17.231000
8.354000
13.988000
11.155000
14.158000
10.955000
4.538000
7.190000
0.000000
2.419000
12.736000
16.277000
3.344000
12.314000
16.014000
10.993000
8.776000
6.302000
15.383000
7.926000
7.295000
6.446000
1.433000
4.082000
3.330000
6.150000
16.068000
6.365000
5.329000
13.357000
6.681000
5.493000
12.657000
11.791000
13.080000
2.828000
5.688000
5.755000
15.796000
13.541000
15.104000
16.014000
10.808000
3.856000
9.471000
10.037000
6.137000
6.347000
3.807000
10.743000
9.590000
6.637000
6.878000
12.887000
8.397000
15.086000
3.429000
5.156000
8.880000
5.953000
7.830000
6.155000
4.348000
7.912000
6.140000
9.629000
13.112000
9.144000
10.886000
0.000000
5.421000
17.984000
6.524000
5.318000
6.299000
12.445000
8.115000
15.946000
11.651000
12.502000
12.071000
5.543000
2.904000
3.606000
0.186000
7.113000
8.525000
4.312000
8.524000
7.628000
13.088000
8.644000
8.033000
7.700000
9.836000
7.392000
7.140000
11.091000
10.179000
0.000000
0.139000
0.000000
3.527000
10.850000
6.408000
7.332000
3.857000
5.316000
10.714000
12.933000
13.124000
6.559000
2.262000
10.236000
7.236000
6.283000
8.676000
0.000000
7.552000
5.906000
3.466000
5.845000
4.935000
11.733000
9.863000
4.663000
14.442000
11.341000
10.876000
6.679000
10.054000
0.000000
5.404000
6.007000
9.712000
0.000000
4.940000
8.385000
0.000000
5.167000
0.000000
0.000000
0.000000
9.530000
0.000000
12.318000
10.301000
5.478000
7.434000
8.626000
11.126000
14.007000
7.551000
7.109000
6.199000
0.000000
0.000000
0.000000
7.004000
7.529000
0.000000
0.000000
0.000000
1.520000
0.000000
0.000000
7.239000
3.889000
16.080000
2.412000
3.669000
3.483000
0.000000
0.000000
0.000000
0.000000
6.408000
0.000000
0.000000
0.000000
11.675000
3.014000
11.894000
0.000000
5.988000
0.466000
0.000000
11.373000
0.000000
9.171000
11.305000
1.928000
0.000000
2.053000
5.903000
2.925000
4.742000
0.000000
12.039000
0.000000
11.474000
0.000000
12.026000
12.147000
2.186000
0.000000
0.000000
9.833000
1.372000
5.133000
8.407000
3.347000
0.000000
7.008000
0.019000
0.000000
9.414000
0.000000
2.300000
0.000000
6.422000
0.000000
1.191000
9.469000
13.089000
0.000000
0.000000
16.317000
0.000000
8.415000
0.689000
0.000000
3.575000
12.931000
0.000000
6.175000
12.615000
1.557000
2.773000
0.000000
8.033000
14.261000
10.653000
3.337000
4.974000
1.478000
1.536000
8.654000
0.000000
13.564000
13.634000
5.249000
0.000000
8.504000
0.000000
0.000000
9.690000
7.859000
3.113000
6.135000
2.184000
6.692000
0.000000
0.000000
11.307000
0.000000
0.000000
9.454000
0.000000
11.705000
0.110000
5.354000
0.000000
7.429000
4.171000
5.702000
4.117000
4.274000
6.997000
4.706000
6.511000
7.092000
0.000000
0.000000
11.883000
9.164000
0.000000
0.000000
0.000000
6.466000
6.748000
9.501000
1.694000
0.000000
0.000000
9.453000
5.772000
6.042000
0.000000
0.000000
11.620000
0.148000
0.000000
0.000000
0.000000
2.908000
14.220000
0.000000
0.000000
0.000000
0.006000
0.000000
4.082000
0.000000
0.000000
0.000000
3.382000
2.233000
4.426000
0.000000
0.000000
0.000000
0.000000
1.483000
0.000000
0.000000
0.000000
0.000000
10.186000
4.394000
14.406000
5.123000
5.793000
1.660000
0.000000
0.000000
0.000000
0.000000
0.000000
6.357000
0.838000
0.000000
2.352000
0.000000
6.525000
1.402000
8.611000
0.000000
0.000000
0.856000
0.000000
0.000000
2.097000
4.513000
0.000000
0.000000
0.000000
0.000000
3.881000
0.000000
4.267000
0.523000
0.000000
3.623000
0.000000
0.000000
0.000000
1.990000
0.000000
0.000000
2.305000
7.130000
7.613000
0.933000
9.206000
0.549000
4.082000
0.000000
6.386000
0.000000
0.000000
0.000000
0.000000
5.649000
0.000000
0.000000
0.000000
7.871000
8.820000
0.459000
1.287000
0.000000
0.000000
0.000000
3.035000
0.000000
9.872000
0.000000
0.000000
0.000000
0.000000
0.460000
0.000000
0.000000
2.007000
0.000000
0.000000
0.000000
1.477000
0.000000
2.526000
0.000000
3.050000
0.000000
0.000000
0.048000
3.409000
0.000000
0.000000
0.000000
1.211000
0.000000
0.000000
1.335000
0.000000
1.091000
1.594000
0.000000
0.000000
0.000000
0.000000
0.000000
5.570000
0.000000
0.000000
1.040000
0.000000
0.761000
0.000000
3.619000
2.522000
0.000000
2.860000
0.000000
0.000000
0.000000
0.000000
0.000000
5.545000
2.057000
0.000000
0.000000
4.579000
0.000000
0.618000
0.000000
2.354000
0.000000
0.000000
0.000000
2.303000
7.168000
0.000000
0.000000
0.000000
0.000000
0.000000
7.793000
0.677000
0.000000
0.000000
0.000000
0.000000
6.066000
0.000000
0.000000
0.000000
0.000000
0.000000
1.792000
0.000000
7.751000
0.000000
2.574000
0.000000
2.782000
0.351000
6.852000
0.000000
3.634000
8.116000
5.348000
2.745000
0.000000
3.066000
0.000000
0.000000
5.508000
1.246000
0.123000
0.000000
3.855000
0.000000
2.022000
0.000000
4.305000
0.000000
0.000000
0.000000
0.000000
0.020000
0.000000
0.000000
0.000000
0.160000
3.444000
0.085000
0.220000
2.562000
4.028000
0.000000
2.067000
3.203000
3.899000
7.175000
0.000000
0.000000
5.645000
0.297000
0.000000
0.811000
0.412000
0.000000
0.786000
4.071000
0.000000
2.040000
0.343000
3.887000
1.708000
2.004000
2.982000
0.302000
0.000000
0.000000
0.000000
0.000000
0.000000
0.000000
5.771000
5.133000
0.000000
0.000000
0.045000
3.641000
0.000000
5.617000
0.000000
0.000000
0.000000
0.000000
0.000000
4.486000
3.718000
0.000000
0.000000
1.050000
0.014000
0.562000
2.302000
0.000000
0.000000
0.000000
5.378000
3.758000
0.000000
4.638000
0.000000
0.387000
1.174000
2.519000
4.195000
6.971000
0.000000
2.862000
2.332000
0.000000
0.238000
0.770000
5.458000
0.000000
0.000000
1.504000
0.000000
0.000000
0.874000
1.505000
4.119000
3.988000
1.536000
2.024000
0.000000
0.000000
0.000000
0.000000
0.000000
5.759000
0.000000
0.000000
1.107000
0.787000
3.065000
1.220000
2.582000
3.047000
0.000000
0.821000
0.000000
0.000000
0.000000
0.532000
0.000000
0.000000
3.716000
0.009000
0.759000
4.067000
3.326000
4.244000
0.000000
0.000000
0.000000
7.230000
4.711000
0.000000
2.386000
0.000000
0.000000
0.954000
0.000000
4.339000
0.000000
0.000000
1.105000
2.824000
0.000000
0.000000
0.000000
0.746000
2.011000
4.730000
0.000000
0.378000
0.000000
0.618000
0.000000
1.043000
0.000000
0.418000
0.000000
2.291000
5.519000
2.972000
4.842000
7.133000
0.000000
7.748000
0.000000
3.417000
0.000000
0.000000
4.407000
0.000000
0.000000
5.432000
4.147000
2.427000
2.720000
0.669000
2.415000
0.000000
3.413000
0.968000
0.000000
0.094000
2.749000
4.233000
4.080000
0.732000
0.000000
0.738000
0.000000
5.300000
0.000000
0.000000
7.809000
0.000000
2.548000
0.000000
1.505000
6.732000
0.000000
3.333000
0.729000
0.000000
0.411000
0.000000
0.000000
0.868000
0.000000
0.000000
1.106000
1.321000
0.000000
0.000000
0.000000
0.000000
0.000000
0.000000
4.815000
0.000000
0.000000
0.000000
0.000000
1.579000
2.724000
5.212000
0.000000
0.000000
0.000000
6.190000
3.910000
0.000000
0.000000
0.000000
6.261000
0.000000
0.000000
0.000000
0.000000
0.688000
0.151000
4.058000
5.041000
5.201000
0.000000
1.065000
0.000000
1.604000
0.000000
1.618000
3.365000
0.000000
2.236000
5.405000
0.000000
3.643000
0.000000
0.000000
0.000000
2.649000
0.000000
0.000000
1.645000
0.237000
0.000000
0.000000
2.431000
0.000000
3.863000
3.950000
7.930000
4.620000
0.000000
1.334000
0.000000
0.000000
5.739000
0.000000
0.000000
0.000000
0.000000
4.639000
0.000000
0.000000
0.741000
0.598000
8.660000
5.372000
5.431000
0.000000
5.919000
0.416000
1.273000
7.604000
0.444000
0.000000
2.899000
0.000000
0.000000
4.810000
0.000000
0.000000
1.128000
0.000000
2.398000
2.517000
2.630000
0.000000
0.000000
2.900000
0.000000
0.000000
0.000000
0.000000
4.182000
0.000000
0.000000
0.000000
0.000000
0.711000
1.141000
2.281000
0.196000
0.232000
0.000000
0.000000
0.000000
0.000000
0.000000
1.450000
0.000000
1.527000
0.000000
0.000000
0.000000
0.674000
0.000000
1.199000
0.000000
0.000000
2.795000
0.000000
0.282000
0.000000
1.549000
0.989000
0.364000
0.000000
2.982000
0.009000
3.326000
0.000000
1.403000
2.205000
0.000000
1.022000
0.000000
0.000000
0.357000
0.000000
0.000000
0.000000
0.693000
2.980000
1.019000
3.175000
0.000000
0.000000
0.000000
3.332000
0.401000
0.851000
1.807000
0.000000
0.232000
0.000000
0.000000
0.000000
0.589000
0.000000
0.468000
0.000000
0.000000
1.498000
0.000000
0.000000
0.000000
0.000000
5.879000
2.968000
0.684000
0.000000
1.857000
0.000000
0.000000
0.000000
0.000000
0.000000
0.000000
0.000000
3.653000
2.706000
1.886000
0.400000
1.067000
0.449000
0.000000
0.596000
0.000000
0.000000
0.000000
0.932000
2.399000
0.000000
0.206000
0.000000
4.706000
0.000000
1.132000
6.157000
1.772000
0.000000
1.774000
0.811000
0.000000
0.000000
3.644000
1.748000
0.000000
0.000000
0.000000
0.708000
0.147000
0.000000
0.000000
0.278000
0.000000
0.000000
0.348000
0.000000
0.000000
0.000000
0.472000
0.000000
0.000000
0.000000
1.053000
1.111000
0.000000
1.417000
0.574000
0.000000
0.000000
0.000000
0.000000
1.790000
0.000000
0.000000
0.993000
3.578000
1.759000
0.000000
0.000000
2.182000
0.000000
0.267000
0.164000
6.683000
6.292000
0.000000
0.000000
0.000000
3.605000
0.000000
0.000000
0.000000
0.000000
0.000000
0.000000
0.000000
0.000000
0.000000
0.000000
0.000000
0.789000
0.000000
0.000000
0.000000
0.609000
1.625000
1.161000
3.291000
1.227000
0.000000
0.000000
0.000000
0.336000
0.000000
0.000000
0.284000
0.000000
1.864000
0.000000
3.140000
2.731000
0.550000
0.350000
0.000000
1.721000
0.000000
0.000000
0.000000
0.000000
0.000000
0.000000
0.000000
0.000000
0.000000
1.410000
0.000000
0.000000
3.080000
0.000000
0.000000
0.635000
0.636000
0.479000
0.762000
2.107000
0.000000
0.000000
1.927000
0.000000
0.000000
0.000000
0.000000
1.354000
0.523000
2.733000
0.000000
3.059000
0.000000
1.542000
0.000000
1.802000
0.832000
2.076000
1.122000
0.000000
0.000000
0.000000
0.007000
1.809000
1.161000
0.000000
0.000000
3.569000
0.000000
0.000000
1.380000
1.849000
0.000000
0.000000
1.350000
1.313000
0.000000
0.000000
0.000000
0.851000
0.000000
0.000000
3.255000
4.704000
1.247000
0.000000
0.786000
0.376000
0.841000
0.000000
0.000000
0.541000
0.000000
1.922000
0.000000
3.451000
0.000000
0.000000
0.000000
0.000000
0.000000
0.768000
0.000000
0.000000
0.159000
0.550000
0.000000
0.000000
0.000000
0.019000
1.649000
0.000000
3.848000
0.214000
0.000000
0.785000
1.215000
1.733000
0.302000
3.721000
0.000000
0.000000
0.000000
1.097000
0.548000
0.775000
0.000000
2.410000
1.369000
0.000000
0.000000
3.212000
0.382000
0.000000
0.000000
1.885000
2.682000
0.000000
3.218000
0.000000
0.383000
0.120000
0.485000
0.000000
0.000000
0.000000
0.306000
0.000000
0.673000
1.035000
0.740000
2.865000
0.000000
3.424000
0.641000
0.000000
4.754000
0.000000
0.000000
0.474000
0.330000
0.000000
0.735000
1.655000
0.000000
0.000000
0.031000
0.000000
0.000000
0.000000
0.000000
0.294000
0.000000
1.297000
0.000000
0.000000
0.000000
0.000000
0.608000
0.000000
0.000000
0.852000
1.800000
0.000000
0.000000
0.000000
1.105000
0.000000
0.881000
0.000000
0.981000
0.000000
1.253000
0.000000
2.514000
1.369000
0.334000
0.466000
1.917000
0.000000
0.000000
0.000000
3.866000
0.000000
1.787000
1.276000
0.000000
0.000000
2.706000
0.000000
0.610000
0.949000
0.460000
1.646000
0.306000
1.591000
2.598000
0.000000
0.114000
2.217000
0.369000
0.000000
0.000000
0.005000
0.062000
2.004000
0.634000
2.847000
0.333000
1.997000
1.269000
0.034000
0.000000
3.786000
0.000000
0.265000
1.979000
0.000000
0.000000
0.000000
0.010000
2.062000
0.103000
0.000000
2.015000
2.238000
0.000000
0.000000
0.000000
1.373000
2.628000
0.000000
0.000000
0.621000
0.000000
1.229000
0.000000
0.000000
0.000000
0.458000
0.000000
2.791000
1.994000
1.212000
0.318000
1.707000
2.211000
0.000000
0.000000
0.958000
1.331000
0.000000
2.911000
0.154000
3.234000
0.000000
0.000000
1.255000
2.036000
0.000000
0.000000
0.000000
1.775000
4.546000
1.050000
0.000000
0.855000
2.713000
3.092000
1.952000
1.729000
0.000000
0.952000
0.000000
2.243000
0.000000
3.427000
1.196000
0.000000
0.000000
0.000000
0.438000
0.223000
0.000000
0.000000
0.091000
0.000000
0.000000
0.000000
0.762000
0.000000
1.692000
0.000000
0.000000
0.000000
0.606000
1.026000
1.261000
2.469000
0.000000
0.315000
1.760000
3.287000
0.000000
0.617000
1.750000
0.000000
0.940000
0.507000
0.000000
0.000000
0.000000
2.811000
0.000000
0.000000
0.754000
0.943000
0.000000
1.709000
1.358000
0.809000
0.000000
0.658000
1.943000
0.570000
0.000000
0.155000
1.838000
0.000000
0.428000
0.000000
1.142000
0.000000
0.000000
0.000000
0.000000
0.000000
0.000000
0.000000
0.058000
0.220000
2.728000
1.260000
0.000000
2.343000
0.000000
2.214000
0.000000
1.440000
1.588000
0.501000
0.000000
3.226000
0.158000
0.325000
1.374000
0.000000
0.000000
1.904000
0.000000
0.000000
0.000000
0.000000
0.293000
0.190000
0.000000
0.654000
0.000000
0.000000
0.000000
2.261000
1.802000
0.787000
0.000000
1.158000
0.000000
0.104000
0.000000
0.000000
0.000000
3.659000
0.000000
0.648000
2.322000
0.000000
1.919000
1.954000
0.533000
0.000000
0.916000
0.000000
0.000000
0.000000
0.000000
0.016000
1.359000
0.135000
0.443000
0.000000
0.000000
2.226000
0.000000
0.000000
0.000000
0.659000
0.000000
0.000000
0.000000
0.000000
1.229000
0.000000
0.460000
2.081000
0.929000
0.630000
0.932000
0.711000
0.019000
0.973000
2.854000
0.126000
3.058000
0.000000
0.408000
1.174000
0.000000
0.000000
3.371000
0.000000
0.816000
1.699000
0.000000
0.000000
0.000000
0.000000
0.000000
1.528000
0.000000
0.000000
0.000000
2.746000
0.043000
0.000000
0.000000
0.000000
0.507000
1.711000
0.000000
0.000000
0.000000
1.726000
4.278000
2.746000
0.077000
1.101000
0.167000
0.000000
2.077000
0.000000
0.000000
0.762000
1.728000
0.000000
0.018000
0.831000
0.000000
0.000000
0.900000
1.671000
0.060000
0.058000
0.433000
1.839000
0.397000
0.000000
0.142000
0.708000
0.980000
1.062000
0.290000
0.648000
0.074000
1.158000
0.000000
0.465000
2.085000
0.151000
0.000000
1.900000
0.000000
0.000000
0.000000
0.000000
0.000000
1.021000
1.844000
0.607000
0.041000
0.000000
0.000000
0.128000
0.000000
0.000000
1.441000
0.000000
6.158000
0.000000
0.000000
0.000000
1.072000
0.464000
0.390000
0.000000
0.261000
0.000000
2.186000
0.897000
0.320000
1.541000
0.060000
1.027000
0.167000
0.000000
0.000000
2.109000
0.000000
0.420000
0.000000
0.047000
0.000000
0.124000
0.707000
2.785000
0.000000
0.000000
0.906000
3.533000
0.000000
3.576000
0.000000
1.064000
0.000000
0.000000
0.000000
0.000000
0.000000
0.000000
0.000000
0.125000
0.312000
0.000000
0.000000
2.558000
0.000000
0.000000
0.000000
1.617000
0.869000
3.441000
0.070000
0.000000
0.000000
0.000000
1.522000
1.544000
0.000000
0.000000
0.000000
0.000000
0.086000
0.000000
0.000000
0.000000
1.238000
0.000000
0.000000
0.000000
0.323000
0.000000
2.286000
0.000000
1.347000
0.047000
1.716000
0.654000
0.000000
0.000000
0.000000
0.000000
0.000000
0.000000
0.000000
3.385000
1.085000
0.000000
0.000000
0.000000
1.397000
2.109000
0.000000
0.000000
2.689000
0.669000
0.126000
1.028000
0.101000
0.000000
0.767000
2.542000
0.000000
0.244000
0.000000
1.543000
0.000000
0.162000
0.000000
0.000000
0.000000
0.000000
0.000000
0.581000
0.000000
0.390000
1.211000
0.000000
0.000000
0.549000
0.000000
0.057000
0.000000
0.729000
0.000000
0.000000
0.056000
0.000000
0.000000
0.000000
0.000000
0.000000
1.013000
0.000000
0.000000
0.551000
0.000000
0.000000
1.246000
0.867000
0.000000
2.575000
0.187000
0.000000
0.000000
0.282000
0.000000
2.869000
0.000000
0.000000
2.868000
0.000000
0.000000
0.000000
0.293000
2.959000
0.000000
0.000000
0.000000
0.000000
0.945000
0.000000
0.000000
0.000000
0.289000
0.000000
0.000000
0.107000
0.078000
0.329000
0.000000
0.507000
0.000000
0.278000
0.607000
0.000000
0.000000
0.257000
0.315000
0.000000
0.000000
0.000000
0.955000
0.000000
0.378000
0.000000
0.066000
0.319000
0.406000
0.000000
0.000000
0.000000
0.000000
0.000000
0.000000
0.294000
0.000000
0.000000
0.000000
0.253000
0.066000
0.000000
0.000000
0.000000
0.000000
0.000000
0.000000
0.628000
0.000000
0.000000
0.220000
0.518000
0.000000
0.681000
1.432000
0.540000
0.000000
0.000000
0.000000
0.000000
0.000000
0.000000
0.939000
0.399000
0.848000
0.400000
0.013000
0.000000
0.000000
2.931000
0.000000
0.000000
0.000000
0.000000
0.000000
0.717000
0.000000
0.000000
0.000000
0.000000
0.000000
0.000000
1.286000
0.000000
1.936000
0.000000
0.000000
1.912000
0.000000
0.991000
0.000000
0.000000
0.000000
0.000000
0.000000
0.000000
0.491000
0.000000
0.000000
1.705000
0.000000
1.480000
3.163000
0.000000
0.379000
1.612000
0.000000
0.671000
2.808000
0.941000
0.399000
0.607000
0.000000
1.513000
1.106000
0.000000
0.000000
0.000000
0.000000
0.000000
0.558000
0.000000
0.000000
0.000000
0.519000
0.000000
0.000000
0.167000
0.000000
0.000000
0.000000
0.000000
0.000000
0.000000
0.216000
0.000000
0.231000
0.000000
0.000000
0.000000
0.000000
0.000000
0.087000
0.000000
0.916000
0.000000
0.000000
1.311000
1.258000
0.111000
0.132000
0.000000
0.000000
0.097000
0.000000
0.862000
0.000000
0.000000
0.000000
0.000000
0.000000
0.181000
0.000000
0.553000
0.000000
0.000000
0.000000
0.000000
0.000000
0.183000
0.000000
0.650000
1.479000
0.697000
0.000000
0.000000
0.000000
3.234000
1.638000
0.177000
2.644000
0.507000
0.000000
0.000000
0.000000
0.000000
0.707000
2.686000
0.000000
0.880000
0.000000
0.000000
0.259000
0.639000
0.607000
0.000000
0.000000
0.345000
0.000000
0.000000
0.000000
1.026000
0.144000
0.138000
0.000000
0.000000
0.000000
0.000000
0.000000
0.000000
0.000000
0.000000
0.000000
0.000000
0.170000
0.000000
0.000000
0.566000
0.319000
1.284000
0.000000
0.372000
0.000000
0.312000
0.000000
0.000000
0.347000
0.000000
0.142000
4.068000
0.356000
0.290000
1.891000
1.221000
0.000000
1.027000
0.000000
0.000000
0.000000
0.000000
0.000000
0.000000
0.000000
0.000000
0.000000
0.000000
0.000000
0.000000
0.000000
0.000000
0.000000
0.000000
0.513000
0.000000
1.294000
0.569000
0.000000
0.351000
0.756000
0.383000
0.422000
0.165000
0.000000
0.000000
0.000000
0.000000
1.605000
0.000000
0.142000
0.000000
0.830000
0.294000
0.800000
0.000000
0.000000
0.000000
0.000000
1.173000
0.000000
0.000000
0.000000
0.000000
0.519000
0.000000
0.715000
0.000000
0.247000
0.220000
0.980000
0.000000
0.733000
0.759000
0.000000
0.000000
0.000000
0.000000
0.000000
0.000000
0.234000
0.000000
0.000000
0.473000
0.000000
0.363000
0.027000
0.000000
1.275000
0.000000
0.000000
0.039000
0.000000
0.000000
0.000000
0.336000
0.000000
0.358000
0.000000
0.417000
0.000000
0.000000
0.144000
0.000000
0.000000
0.507000
0.000000
0.071000
0.610000
0.000000
0.000000
0.000000
0.309000
1.233000
0.000000
0.000000
0.000000
0.000000
0.470000
0.000000
0.000000
0.041000
1.049000
0.722000
0.083000
0.000000
0.000000
0.000000
0.672000
0.000000
0.000000
0.000000
0.000000
0.610000
0.000000
0.311000
0.000000
0.000000
0.810000
0.908000
0.000000
0.000000
0.000000
0.000000
2.088000
0.000000
0.000000
0.000000
0.527000
0.000000
1.106000
0.267000
0.000000
0.000000
0.000000
0.606000
1.136000
0.000000
0.000000
0.176000
0.693000
0.000000
0.000000
2.128000
0.000000
0.000000
0.633000
0.000000
0.000000
0.000000
0.000000
0.094000
0.000000
0.389000
0.000000
0.000000
0.675000
0.000000
0.000000
0.045000
0.000000
0.300000
0.000000
0.001000
0.000000
0.086000
0.260000
0.000000
0.000000
0.610000
0.550000
0.056000
0.000000
0.000000
2.392000
1.067000
0.000000
0.316000
0.645000
0.585000
0.000000
0.000000
0.000000
0.648000
0.000000
0.000000
0.726000
0.000000
0.403000
0.000000
0.000000
0.000000
0.000000
0.000000
0.151000
1.089000
0.404000
0.000000
0.069000
0.592000
0.000000
0.331000
1.443000
0.090000
0.000000
0.839000
0.000000
2.043000
0.229000
0.000000
0.054000
0.325000
0.000000
0.000000
0.000000
0.000000
0.000000
0.000000
0.000000
0.000000
0.000000
0.000000
0.637000
1.540000
1.105000
0.191000
0.000000
0.000000
0.201000
0.000000
0.000000
0.000000
0.772000
0.000000
0.000000
1.698000
0.000000
1.917000
0.000000
2.020000
0.000000
0.581000
1.087000
0.910000
0.000000
0.000000
0.733000
0.000000
0.000000
0.029000
0.000000
0.000000
0.000000
0.144000
0.000000
0.000000
2.059000
0.334000
1.266000
0.919000
0.000000
0.891000
1.448000
0.924000
0.000000
0.534000
0.000000
0.000000
0.000000
0.000000
0.631000
0.000000
0.000000
0.000000
0.000000
0.000000
0.000000
0.000000
0.000000
0.000000
0.000000
0.000000
0.105000
0.000000
0.000000
0.637000
0.188000
0.000000
0.000000
0.484000
0.355000
0.000000
0.258000
0.486000
0.065000
0.000000
0.000000
0.000000
0.000000
0.000000
0.000000
0.000000
0.361000
0.000000
0.704000
0.000000
0.000000
0.000000
0.000000
0.000000
0.000000
0.000000
0.306000
0.000000
0.985000
0.000000
0.157000
0.074000
0.000000
0.595000
0.415000
0.109000
0.000000
0.000000
0.000000
0.000000
0.267000
0.000000
0.000000
0.000000
0.000000
0.074000
0.000000
0.000000
1.489000
1.664000
0.000000
0.000000
0.000000
1.219000
0.864000
0.000000
0.000000
0.000000
0.000000
0.000000
0.000000
0.230000
0.000000
0.505000
0.000000
0.000000
0.000000
0.000000
0.000000
0.000000
0.399000
0.150000
0.000000
0.090000
0.000000
0.343000
0.032000
0.941000
0.000000
0.423000
0.000000
0.818000
0.616000
0.000000
0.000000
0.000000
0.000000
0.176000
0.766000
0.568000
0.000000
0.000000
0.000000
0.000000
0.000000
0.904000
0.401000
0.053000
0.000000
0.000000
0.683000
0.000000
0.091000
0.000000
0.000000
0.000000
0.000000
0.000000
0.000000
0.000000
0.000000
0.000000
0.573000
0.000000
0.000000
0.965000
0.000000
0.000000
0.289000
0.910000
0.439000
0.000000
0.000000
0.000000
0.000000
0.000000
0.000000
0.000000
0.000000
0.000000
0.000000
0.000000
0.107000
0.859000
0.000000
0.000000
0.031000
0.000000
0.000000
0.000000
0.000000
0.507000
0.000000
0.697000
0.696000
0.000000
0.000000
0.000000
0.000000
0.265000
0.000000
0.000000
0.000000
0.627000
0.000000
0.000000
0.000000
0.532000
1.391000
0.000000
0.000000
0.668000
0.000000
0.000000
0.000000
0.030000
0.000000
0.000000
0.265000
0.000000
0.000000
0.000000
0.000000
0.620000
0.111000
0.000000
0.223000
0.276000
0.522000
0.285000
0.954000
0.000000
0.000000
0.251000
1.030000
0.000000
0.000000
0.332000
0.000000
0.077000
1.454000
0.000000
0.000000
0.000000
0.455000
0.000000
0.278000
0.000000
0.000000
0.000000
0.000000
0.000000
0.000000
0.515000
0.000000
0.000000
0.000000
0.000000
0.000000
0.000000
0.000000
0.039000
0.473000
0.163000
0.564000
0.000000
0.000000
0.000000
1.195000
0.000000
0.004000
1.615000
1.285000
0.944000
0.954000
2.099000
0.216000
0.000000
0.122000
0.000000
0.000000
0.000000
0.000000
0.000000
0.968000
0.000000
0.889000
0.456000
0.000000
1.130000
0.000000
0.000000
0.646000
0.000000
0.000000
0.547000
0.204000
0.000000
0.000000
0.000000
0.000000
0.415000
1.113000
1.187000
0.000000
0.345000
1.618000
0.477000
0.000000
0.000000
0.000000
0.092000
0.044000
0.748000
0.000000
0.000000
0.000000
