19.557000
21.055000
14.443000
18.259000
15.422000
19.460000
13.746000
15.918000
13.269000
14.578000
19.343000
7.583000
15.972000
15.528000
12.013000
11.508000
15.167000
14.969000
14.941000
15.456000
15.747000
18.838000
19.676000
14.889000
19.234000
13.355000
15.481000
9.647000
15.513000
15.429000
9.582000
15.376000
22.326000
12.172000
16.211000
12.366000
21.765000
19.847000
16.521000
12.046000
15.527000
24.179000
18.743000
14.309000
14.489000
19.993000
21.826000
20.787000
13.631000
10.895000
20.366000
22.062000
18.511000
13.290000
19.015000
19.375000
23.727000
9.627000
12.570000
9.440000
17.759000
13.555000
18.521000
20.792000
19.150000
12.282000
4.630000
15.146000
19.769000
22.147000
17.116000
16.122000
16.355000
13.461000
7.449000
14.936000
17.165000
20.821000
11.945000
18.023000
16.089000
19.210000
18.262000
15.473000
8.934000
13.677000
18.625000
17.064000
10.364000
13.496000
9.821000
17.318000
12.926000
17.254000
12.697000
15.092000
18.109000
18.314000
11.450000
12.705000
16.416000
16.383000
20.634000
12.511000
15.160000
15.839000
12.898000
17.546000
14.698000
10.839000
11.232000
15.214000
20.317000
14.571000
17.765000
12.032000
16.252000
11.114000
15.456000
18.774000
18.080000
12.048000
21.782000
10.052000
14.703000
14.448000
18.836000
19.082000
19.082000
21.558000
14.998000
15.751000
17.535000
15.725000
17.223000
12.839000
12.214000
18.269000
7.364000
20.267000
14.241000
13.602000
14.005000
11.594000
12.253000
11.365000
12.745000
11.624000
10.023000
18.268000
7.548000
16.263000
12.101000
15.227000
8.464000
19.895000
20.188000
7.905000
15.280000
17.199000
19.963000
12.265000
17.743000
14.449000
16.974000
14.277000
11.623000
19.940000
14.313000
16.895000
15.943000
15.770000
14.220000
12.963000
15.411000
17.277000
16.337000
10.419000
11.203000
4.372000
9.402000
12.197000
13.317000
15.311000
8.965000
15.963000
15.124000
17.009000
10.225000
10.211000
14.656000
7.287000
18.013000
13.110000
11.896000
8.444000
11.131000
18.403000
19.031000
10.453000
10.550000
10.574000
9.127000
11.860000
11.684000
9.351000
10.309000
15.912000
14.772000
16.375000
8.322000
11.745000
17.636000
10.439000
17.239000
7.410000
9.462000
11.545000
13.008000
15.345000
13.203000
9.523000
6.879000
9.030000
11.886000
16.049000
13.190000
14.596000
12.707000
6.141000
14.384000
11.748000
14.743000
12.234000
10.161000
11.821000
9.618000
9.092000
11.017000
16.756000
8.077000
19.788000
14.953000
13.749000
12.688000
15.755000
13.865000
14.180000
14.500000
8.947000
8.329000
13.126000
15.770000
12.049000
21.263000
8.366000
13.808000
12.811000
17.205000
13.457000
11.892000
14.803000
9.750000
9.081000
16.961000
15.809000
13.069000
9.875000
11.660000
10.679000
14.065000
8.604000
17.328000
12.139000
12.113000
11.998000
9.983000
11.932000
15.470000
13.529000
9.367000
13.568000
8.806000
10.053000
12.658000
17.794000
12.245000
10.233000
6.981000
17.582000
13.843000
12.232000
9.963000
11.863000
11.339000
14.068000
14.449000
9.829000
16.566000
16.722000
10.896000
11.415000
4.940000
11.547000
11.855000
11.034000
10.729000
13.970000
11.648000
11.221000
16.651000
12.957000
10.778000
6.532000
6.823000
17.175000
9.792000
13.304000
15.417000
19.283000
17.307000
11.783000
19.734000
9.287000
15.225000
12.725000
19.963000
9.735000
15.202000
15.636000
11.013000
20.187000
11.659000
11.205000
17.049000
9.355000
10.743000
14.619000
14.264000
14.838000
12.084000
5.014000
21.152000
14.626000
12.125000
14.196000
16.535000
11.237000
18.415000
8.892000
11.564000
17.717000
17.212000
21.768000
15.667000
16.203000
9.427000
11.651000
14.579000
11.150000
17.897000
2.113000
15.859000
19.454000
12.603000
9.664000
15.756000
13.673000
11.484000
10.111000
11.205000
15.296000
9.387000
7.503000
13.396000
11.694000
11.776000
8.434000
9.967000
10.165000
11.192000
11.941000
14.782000
11.064000
4.821000
10.630000
10.124000
3.863000
12.782000
10.745000
9.226000
11.116000
10.455000
14.558000
6.047000
16.950000
17.022000
13.656000
15.919000
7.468000
5.576000
12.904000
3.790000
12.602000
17.594000
7.747000
11.746000
13.595000
12.209000
9.399000
11.070000
12.142000
14.304000
12.020000
8.140000
7.063000
10.035000
13.152000
11.374000
10.907000
10.653000
6.188000
9.458000
13.149000
12.411000
10.868000
16.547000
11.842000
10.751000
9.134000
12.627000
21.205000
9.434000
19.156000
10.683000
12.030000
10.232000
12.698000
15.579000
13.132000
13.004000
21.476000
7.169000
11.819000
13.354000
10.427000
21.589000
15.754000
12.150000
6.420000
11.645000
4.379000
13.783000
12.977000
9.674000
15.320000
17.607000
13.766000
10.030000
5.217000
9.462000
4.441000
6.879000
14.192000
11.903000
5.055000
4.794000
11.295000
9.001000
5.494000
16.132000
6.196000
8.618000
11.181000
9.111000
9.069000
7.480000
5.053000
13.573000
7.384000
3.562000
4.197000
9.728000
11.577000
11.616000
9.358000
15.815000
6.499000
15.175000
7.841000
12.855000
13.883000
21.568000
2.835000
5.842000
8.282000
11.991000
11.341000
4.127000
9.914000
4.685000
6.435000
10.226000
9.545000
8.322000
6.017000
8.412000
8.273000
10.081000
15.047000
6.534000
11.043000
6.307000
11.145000
7.333000
8.947000
8.362000
23.598000
9.497000
7.030000
6.260000
6.941000
8.070000
7.456000
13.609000
12.003000
16.283000
4.434000
5.837000
4.166000
5.949000
8.377000
13.423000
8.567000
16.433000
12.040000
19.910000
8.756000
15.294000
7.282000
11.771000
7.574000
16.256000
8.374000
17.229000
7.703000
13.272000
12.781000
2.144000
16.222000
13.047000
8.713000
20.144000
9.717000
6.537000
6.855000
11.113000
12.233000
6.756000
15.483000
4.932000
7.590000
13.019000
5.749000
6.056000
10.649000
9.451000
7.658000
11.749000
13.713000
19.047000
10.570000
2.777000
9.361000
8.542000
15.073000
11.087000
17.564000
10.198000
9.739000
7.436000
10.173000
1.647000
16.976000
16.309000
12.868000
16.666000
7.942000
6.359000
17.990000
17.248000
8.631000
12.316000
12.526000
8.998000
12.059000
7.429000
14.237000
12.396000
14.496000
10.414000
11.761000
12.782000
8.869000
12.057000
7.572000
14.021000
12.748000
5.881000
6.176000
9.020000
10.196000
16.093000
0.628000
7.778000
18.909000
9.250000
8.854000
4.678000
13.485000
13.387000
13.964000
9.856000
14.392000
10.378000
14.930000
14.716000
11.772000
9.039000
14.368000
15.902000
13.506000
16.108000
8.125000
12.962000
9.549000
15.977000
4.908000
11.064000
15.913000
4.649000
11.761000
14.036000
2.634000
7.370000
7.764000
5.461000
12.885000
10.340000
12.901000
18.716000
10.603000
11.318000
8.546000
13.620000
13.080000
4.740000
10.357000
12.446000
7.571000
10.656000
13.057000
12.794000
4.845000
7.800000
15.120000
11.379000
9.506000
12.163000
5.193000
15.092000
12.855000
13.883000
6.507000
17.430000
12.495000
7.521000
13.615000
12.348000
17.556000
10.788000
9.078000
12.700000
9.152000
15.191000
5.650000
12.107000
15.549000
12.030000
8.558000
11.844000
11.092000
18.719000
7.528000
6.054000
7.234000
14.755000
16.713000
13.909000
12.848000
15.733000
10.704000
10.571000
9.164000
6.570000
10.412000
11.192000
13.257000
10.207000
13.887000
4.909000
13.198000
21.797000
9.153000
12.784000
11.467000
7.982000
15.395000
11.723000
17.634000
23.659000
6.199000
7.468000
10.670000
12.155000
14.381000
13.659000
13.296000
12.465000
15.675000
12.073000
6.012000
6.707000
8.068000
13.317000
13.136000
11.725000
8.562000
15.355000
8.271000
13.206000
15.178000
14.741000
6.464000
11.948000
7.049000
11.493000
14.427000
15.866000
11.356000
12.011000
1.010000
9.159000
18.057000
17.437000
11.743000
3.352000
6.565000
1.721000
10.394000
10.374000
6.855000
14.799000
6.232000
7.620000
7.379000
4.113000
8.984000
17.938000
17.899000
8.027000
5.733000
14.939000
12.769000
6.673000
14.956000
8.339000
13.092000
4.765000
7.210000
16.103000
15.614000
7.681000
4.861000
17.305000
7.135000
11.899000
10.774000
16.665000
16.725000
11.944000
15.037000
20.298000
8.048000
14.916000
2.398000
11.503000
14.892000
9.808000
11.951000
10.015000
19.760000
10.416000
9.328000
21.452000
5.924000
16.617000
15.953000
14.025000
14.778000
13.186000
7.056000
10.714000
14.864000
5.154000
11.147000
12.720000
14.612000
13.378000
11.775000
4.736000
12.808000
21.869000
18.925000
7.840000
6.180000
8.117000
6.946000
4.545000
11.461000
4.632000
12.940000
9.699000
9.194000
11.043000
7.712000
16.492000
10.400000
11.677000
20.475000
10.006000
10.608000
8.752000
15.406000
15.653000
12.451000
16.381000
17.740000
8.965000
10.886000
3.235000
9.065000
7.971000
5.741000
5.784000
6.879000
18.463000
4.337000
9.900000
10.148000
8.253000
7.291000
3.493000
8.331000
5.270000
8.346000
4.481000
11.897000
11.348000
15.807000
23.169000
2.943000
5.880000
15.267000
6.506000
4.715000
5.054000
3.810000
7.778000
4.655000
11.979000
3.193000
5.626000
9.040000
16.411000
4.969000
3.977000
14.066000
11.010000
3.558000
6.499000
7.571000
9.341000
11.174000
20.063000
12.138000
7.178000
7.544000
16.947000
12.522000
8.687000
12.470000
4.482000
3.474000
8.784000
5.464000
7.587000
7.358000
9.087000
3.920000
5.514000
2.397000
7.419000
5.499000
5.802000
10.015000
19.113000
9.927000
7.733000
11.481000
6.949000
9.088000
9.413000
14.231000
14.435000
13.305000
3.000000
3.514000
13.956000
17.308000
9.798000
8.318000
10.247000
6.602000
6.264000
9.105000
9.984000
7.809000
11.678000
7.911000
1.475000
17.991000
10.133000
21.723000
11.010000
6.394000
10.648000
2.230000
7.388000
2.874000
9.733000
10.214000
2.193000
15.931000
4.726000
14.332000
15.860000
9.712000
6.119000
21.381000
14.754000
11.119000
10.655000
12.489000
11.777000
12.731000
6.684000
15.086000
4.459000
17.132000
12.030000
10.275000
7.888000
9.803000
9.788000
16.009000
5.458000
4.908000
14.241000
13.729000
5.228000
7.374000
13.215000
6.822000
5.036000
9.579000
7.486000
9.604000
11.719000
8.608000
5.939000
0.729000
2.130000
11.181000
11.060000
17.455000
4.141000
11.778000
12.266000
13.399000
7.505000
0.000000
18.099000
6.072000
12.291000
21.817000
12.982000
15.791000
15.499000
5.465000
9.421000
17.500000
14.755000
12.123000
13.192000
13.709000
17.614000
8.139000
14.165000
12.565000
18.945000
13.085000
15.099000
5.050000
15.146000
11.647000
16.890000
15.915000
17.046000
18.401000
11.725000
7.510000
9.349000
14.426000
20.347000
10.301000
12.217000
2.308000
17.817000
11.293000
11.891000
7.968000
16.283000
12.722000
12.424000
11.563000
16.490000
12.806000
18.203000
5.497000
17.211000
19.458000
13.874000
14.545000
4.200000
8.446000
16.741000
17.678000
21.757000
11.576000
9.730000
4.754000
5.929000
13.313000
14.176000
16.858000
11.731000
8.356000
14.850000
16.849000
11.945000
18.964000
11.186000
16.621000
12.796000
16.075000
1.369000
14.155000
17.419000
4.754000
15.947000
3.574000
15.073000
3.556000
11.644000
13.382000
13.668000
11.974000
14.700000
18.788000
14.146000
10.840000
14.606000
12.177000
2.101000
5.716000
13.949000
4.038000
13.270000
6.752000
15.018000
7.949000
6.181000
20.157000
3.902000
6.416000
11.723000
15.637000
6.580000
4.321000
6.528000
10.982000
12.907000
15.973000
8.381000
13.353000
17.582000
17.456000
7.589000
7.036000
12.112000
13.067000
7.043000
16.969000
11.724000
3.271000
24.018000
10.870000
7.058000
8.295000
7.365000
5.898000
6.422000
10.974000
5.160000
14.241000
8.556000
5.761000
4.978000
10.436000
16.424000
6.167000
8.651000
5.422000
16.747000
9.000000
4.243000
10.479000
5.981000
4.092000
16.100000
11.198000
12.508000
8.002000
11.110000
8.536000
5.384000
6.000000
5.266000
2.559000
11.709000
6.760000
12.643000
19.125000
7.598000
11.541000
16.137000
6.194000
4.271000
1.013000
7.587000
6.206000
4.840000
7.292000
7.534000
10.340000
6.859000
8.473000
7.572000
12.887000
10.277000
18.314000
22.017000
7.109000
17.844000
10.165000
5.587000
7.256000
13.681000
15.004000
6.803000
22.234000
8.348000
8.659000
14.751000
6.481000
9.864000
7.731000
14.313000
9.056000
9.425000
7.528000
10.261000
5.237000
15.267000
8.354000
4.889000
11.931000
3.735000
10.746000
4.423000
9.949000
18.258000
8.033000
8.145000
4.363000
21.038000
2.495000
9.743000
10.629000
17.105000
18.876000
20.614000
13.203000
9.409000
9.062000
9.150000
6.403000
14.585000
9.513000
10.756000
6.583000
17.913000
17.650000
11.016000
17.167000
7.214000
8.347000
13.333000
7.616000
15.154000
11.006000
6.633000
13.373000
17.853000
6.752000
6.620000
13.260000
15.478000
14.548000
15.316000
7.202000
2.278000
16.958000
11.954000
19.132000
10.486000
12.228000
21.540000
13.224000
14.513000
12.752000
20.064000
13.357000
1.836000
1.575000
19.180000
12.868000
15.093000
10.653000
8.575000
9.478000
11.528000
13.105000
11.622000
14.632000
2.987000
3.317000
3.781000
16.279000
9.395000
4.384000
7.025000
7.052000
17.155000
17.739000
2.972000
14.090000
5.859000
16.448000
14.384000
15.804000
19.622000
8.570000
10.311000
14.710000
6.545000
16.876000
15.960000
3.391000
16.079000
16.655000
13.060000
9.001000
10.789000
11.572000
12.152000
17.377000
16.139000
18.509000
11.211000
8.181000
15.501000
9.077000
4.508000
2.460000
10.616000
13.474000
18.552000
20.072000
8.372000
8.417000
21.082000
10.097000
3.924000
13.224000
18.085000
6.839000
18.906000
14.900000
12.000000
3.747000
3.995000
5.377000
9.593000
3.967000
1.486000
4.082000
6.254000
14.159000
19.541000
9.596000
5.080000
15.126000
3.176000
6.460000
5.289000
0.000000
14.927000
12.698000
5.512000
20.253000
12.799000
5.822000
4.928000
4.185000
5.863000
1.577000
0.970000
2.290000
5.956000
3.492000
15.232000
2.029000
4.408000
5.640000
21.419000
4.976000
11.299000
4.401000
6.366000
6.606000
6.436000
3.902000
6.940000
17.316000
2.681000
10.985000
9.922000
4.053000
14.932000
2.517000
6.599000
3.842000
5.395000
2.582000
5.437000
5.763000
6.899000
11.625000
5.589000
2.476000
1.787000
12.551000
2.955000
4.517000
9.685000
16.445000
3.353000
11.287000
6.196000
15.093000
5.422000
14.612000
13.992000
5.030000
15.151000
2.299000
7.161000
12.870000
10.176000
1.483000
24.081000
13.835000
7.825000
9.571000
3.408000
8.959000
4.283000
6.154000
16.820000
16.689000
13.005000
3.629000
1.858000
0.000000
3.940000
16.092000
5.144000
12.721000
10.303000
10.240000
8.684000
0.933000
8.616000
0.000000
17.528000
10.711000
3.452000
20.634000
8.245000
3.773000
5.502000
17.153000
12.318000
12.063000
12.185000
4.288000
12.806000
4.373000
12.541000
9.799000
13.548000
10.623000
11.088000
12.183000
8.573000
6.618000
12.721000
21.474000
5.577000
14.773000
5.680000
7.098000
21.788000
7.179000
1.888000
9.322000
11.792000
0.563000
1.117000
14.162000
3.227000
7.833000
13.320000
5.829000
10.799000
14.185000
11.124000
5.018000
15.837000
6.099000
11.973000
7.359000
4.368000
0.411000
11.857000
12.413000
5.898000
17.796000
13.384000
4.105000
14.027000
11.237000
5.885000
7.401000
12.471000
8.961000
4.977000
10.563000
7.503000
14.330000
4.713000
7.683000
12.136000
18.411000
11.034000
11.334000
10.008000
6.932000
8.944000
6.953000
1.085000
8.405000
8.793000
6.380000
13.352000
3.841000
18.257000
12.321000
7.101000
14.204000
9.175000
15.329000
8.772000
4.930000
4.203000
5.557000
5.375000
5.546000
9.137000
3.354000
6.434000
8.097000
5.093000
10.411000
4.361000
17.167000
5.138000
8.798000
7.681000
5.664000
21.280000
8.568000
2.547000
9.493000
11.120000
6.076000
18.503000
5.822000
13.043000
8.823000
15.115000
6.657000
13.188000
6.355000
7.581000
3.437000
7.898000
6.554000
6.746000
14.673000
1.438000
7.431000
3.016000
6.058000
4.410000
15.095000
13.287000
6.571000
7.425000
8.163000
11.829000
17.165000
11.703000
8.872000
5.493000
9.980000
2.795000
3.509000
5.040000
14.275000
15.910000
10.176000
3.375000
6.671000
5.779000
6.640000
15.017000
12.043000
14.757000
15.880000
7.433000
11.769000
4.364000
7.545000
7.521000
11.486000
8.652000
15.743000
11.643000
7.232000
6.690000
15.411000
13.813000
11.925000
17.672000
15.146000
3.801000
4.095000
10.535000
16.500000
17.003000
5.428000
6.589000
4.199000
10.581000
24.000000
11.298000
17.610000
6.890000
16.777000
19.062000
5.509000
8.124000
4.016000
11.857000
17.094000
16.586000
11.689000
4.734000
11.420000
20.817000
19.478000
3.100000
7.018000
11.918000
20.389000
14.137000
8.825000
14.490000
15.492000
15.492000
19.795000
14.874000
8.517000
10.268000
10.981000
7.109000
14.258000
9.976000
13.289000
10.678000
15.478000
16.218000
4.699000
12.240000
4.129000
17.434000
7.677000
8.563000
1.939000
16.014000
18.083000
15.857000
3.079000
8.125000
12.216000
20.204000
12.568000
12.754000
11.192000
9.749000
8.854000
21.684000
13.912000
12.832000
14.317000
9.870000
11.979000
1.464000
7.520000
12.509000
7.568000
15.110000
14.234000
6.461000
15.576000
15.778000
11.893000
18.189000
4.274000
10.103000
16.339000
9.893000
10.091000
13.636000
6.862000
9.384000
16.351000
16.148000
17.680000
19.026000
15.756000
13.622000
10.065000
13.494000
15.209000
16.623000
6.798000
9.629000
8.959000
18.347000
17.920000
11.350000
6.234000
10.768000
9.432000
9.373000
11.890000
16.027000
6.450000
10.809000
20.327000
18.875000
14.170000
16.736000
16.023000
6.828000
19.498000
9.399000
14.268000
4.082000
17.036000
13.689000
8.703000
11.756000
14.261000
10.937000
15.038000
14.162000
15.022000
0.955000
17.995000
4.921000
12.109000
13.726000
9.246000
17.890000
18.373000
9.572000
16.038000
6.919000
14.722000
12.288000
13.243000
13.379000
14.036000
6.188000
16.528000
14.332000
15.826000
8.595000
13.654000
6.998000
14.317000
11.224000
14.429000
15.214000
11.985000
11.214000
12.444000
14.683000
12.813000
22.500000
9.483000
12.926000
8.391000
2.505000
6.691000
16.747000
14.402000
13.175000
13.117000
9.314000
15.534000
9.607000
14.191000
13.949000
10.809000
11.475000
22.649000
16.586000
20.548000
8.448000
11.989000
6.437000
10.689000
15.223000
17.426000
7.777000
18.657000
12.903000
5.671000
14.579000
8.960000
13.469000
6.377000
3.691000
15.016000
9.890000
5.591000
7.884000
15.477000
12.392000
16.118000
13.973000
7.825000
13.043000
11.587000
18.643000
12.835000
8.901000
7.145000
9.913000
17.819000
11.785000
12.410000
11.425000
7.429000
18.500000
18.868000
11.178000
11.037000
11.333000
18.214000
6.346000
11.097000
5.006000
14.116000
11.890000
13.240000
9.381000
12.136000
18.180000
15.967000
4.705000
18.356000
8.335000
7.097000
15.957000
10.127000
14.517000
13.987000
7.987000
14.363000
3.847000
11.401000
18.303000
0.000000
11.104000
5.124000
6.225000
13.699000
17.658000
12.211000
12.259000
11.211000
13.742000
16.805000
2.578000
12.196000
0.947000
6.826000
20.124000
8.980000
11.576000
15.426000
8.702000
10.296000
13.847000
2.928000
13.836000
13.315000
5.363000
9.324000
12.943000
10.333000
16.916000
23.754000
9.011000
3.313000
5.986000
6.797000
10.785000
0.520000
16.068000
9.718000
12.206000
2.288000
9.415000
19.971000
10.850000
10.889000
3.683000
7.403000
4.490000
6.140000
5.791000
14.058000
7.408000
14.559000
4.846000
8.297000
15.076000
13.484000
3.985000
1.441000
1.216000
2.829000
0.000000
2.145000
5.841000
17.545000
8.276000
0.000000
6.845000
22.504000
5.228000
9.233000
18.496000
0.993000
5.770000
3.336000
4.356000
14.778000
4.336000
0.000000
13.958000
1.812000
15.761000
2.841000
5.596000
4.997000
20.173000
1.338000
18.091000
0.000000
0.000000
1.609000
0.000000
1.429000
5.355000
6.178000
8.290000
0.000000
3.353000
3.481000
0.000000
2.232000
18.024000
11.999000
6.115000
3.885000
15.266000
8.147000
2.904000
21.103000
9.178000
1.353000
17.271000
19.917000
13.238000
7.223000
0.668000
18.367000
10.096000
15.901000
0.000000
12.562000
17.328000
5.978000
18.669000
9.458000
0.718000
9.098000
14.522000
13.311000
2.101000
14.011000
6.307000
10.487000
12.624000
10.240000
1.755000
6.047000
19.091000
1.103000
16.934000
2.229000
20.549000
6.518000
14.704000
3.347000
8.858000
16.766000
14.651000
9.744000
13.995000
13.620000
4.923000
12.087000
0.773000
13.342000
11.507000
11.090000
16.425000
1.086000
6.188000
8.810000
3.846000
8.880000
20.704000
20.757000
10.887000
14.948000
4.589000
10.374000
7.233000
1.897000
0.982000
15.057000
13.290000
10.953000
8.733000
3.926000
15.840000
9.023000
9.625000
10.038000
4.827000
16.558000
18.234000
16.746000
5.816000
18.234000
11.779000
3.313000
9.876000
5.902000
12.485000
17.685000
6.635000
12.343000
19.657000
7.146000
10.447000
9.789000
12.460000
15.480000
11.319000
16.573000
20.784000
17.100000
17.835000
21.274000
12.728000
13.087000
17.749000
0.805000
18.005000
7.650000
17.850000
4.098000
8.401000
4.376000
0.000000
12.777000
20.060000
12.342000
19.985000
15.107000
12.306000
13.223000
4.875000
0.000000
14.882000
12.164000
17.207000
19.596000
20.406000
21.020000
12.854000
18.676000
13.948000
16.104000
12.235000
11.450000
4.433000
16.879000
10.226000
9.985000
16.372000
3.667000
12.687000
15.240000
13.490000
4.742000
11.574000
18.752000
2.797000
2.424000
16.758000
13.887000
12.194000
18.884000
25.605000
9.953000
17.299000
16.030000
7.808000
13.928000
15.288000
21.630000
14.424000
16.021000
22.295000
15.030000
11.127000
13.561000
16.539000
10.271000
16.025000
14.077000
9.196000
13.462000
12.896000
16.121000
13.340000
7.857000
8.537000
9.592000
16.839000
19.698000
9.845000
1.493000
17.190000
8.836000
3.939000
16.677000
7.249000
1.454000
4.662000
13.341000
5.470000
8.982000
7.766000
10.044000
22.330000
14.493000
0.000000
16.753000
14.183000
25.961000
13.114000
10.509000
17.405000
3.423000
14.893000
18.749000
15.855000
14.736000
17.554000
0.448000
7.723000
10.981000
10.383000
20.645000
13.193000
19.514000
21.522000
19.568000
8.068000
13.180000
6.505000
12.254000
10.429000
16.117000
12.812000
20.816000
8.018000
10.770000
15.146000
21.384000
18.845000
0.000000
12.989000
5.138000
10.526000
20.761000
19.071000
16.500000
11.847000
13.290000
14.908000
15.057000
9.808000
12.119000
15.076000
19.102000
13.414000
13.224000
5.329000
10.441000
15.295000
24.154000
16.305000
12.682000
10.012000
18.869000
10.723000
13.434000
7.120000
13.990000
20.693000
10.461000
15.337000
15.455000
9.441000
17.674000
5.106000
11.085000
10.812000
6.914000
10.954000
15.168000
12.777000
19.680000
9.549000
2.332000
12.843000
9.544000
9.217000
12.134000
17.907000
8.900000
11.991000
12.841000
14.293000
16.822000
18.986000
20.294000
10.955000
12.422000
12.631000
11.212000
18.670000
16.730000
7.455000
14.148000
14.476000
19.675000
15.508000
10.338000
13.482000
13.244000
15.944000
6.787000
12.836000
14.287000
13.737000
22.300000
21.818000
16.412000
15.395000
5.639000
17.519000
14.153000
11.929000
6.243000
10.358000
11.480000
16.735000
12.524000
4.793000
11.592000
18.699000
15.191000
22.490000
13.615000
14.361000
14.628000
19.318000
10.682000
14.553000
9.956000
12.225000
11.862000
13.545000
14.871000
10.520000
9.136000
16.333000
24.820000
6.941000
11.289000
13.377000
14.037000
14.273000
9.478000
17.616000
6.749000
11.286000
12.255000
12.362000
21.701000
6.401000
18.535000
12.828000
8.350000
15.170000
17.698000
10.553000
17.084000
3.891000
19.740000
6.076000
19.919000
20.690000
9.280000
11.177000
16.214000
12.911000
10.194000
13.753000
10.687000
18.003000
12.328000
14.350000
12.701000
19.518000
13.654000
7.001000
13.707000
19.881000
12.851000
18.694000
17.589000
13.266000
9.762000
7.985000
11.152000
8.558000
15.706000
10.911000
13.495000
7.240000
11.323000
21.801000
15.790000
17.009000
15.124000
3.722000
11.856000
4.950000
0.000000
8.957000
5.255000
15.703000
20.715000
8.763000
8.382000
8.151000
3.829000
8.605000
9.479000
13.016000
18.459000
10.020000
5.040000
19.390000
12.209000
13.456000
16.606000
12.011000
11.344000
16.111000
15.384000
4.551000
8.454000
4.038000
11.614000
3.881000
11.976000
13.773000
15.910000
7.920000
10.440000
13.426000
8.846000
4.135000
7.245000
9.473000
11.406000
17.918000
4.190000
10.950000
14.215000
13.894000
12.870000
8.741000
8.414000
12.649000
7.837000
5.817000
12.807000
13.466000
18.388000
3.353000
8.655000
7.602000
9.724000
15.110000
12.426000
7.713000
5.532000
6.785000
10.703000
8.680000
9.783000
12.100000
10.806000
4.269000
9.406000
15.857000
9.477000
18.705000
6.393000
11.335000
5.648000
4.431000
6.670000
3.600000
10.864000
8.072000
9.178000
4.564000
14.392000
6.233000
6.853000
3.119000
9.375000
2.794000
15.396000
0.000000
4.763000
9.178000
7.763000
7.333000
8.502000
8.086000
11.045000
11.931000
6.346000
9.323000
12.813000
1.435000
12.578000
6.308000
6.337000
11.760000
12.010000
7.863000
2.899000
1.395000
9.417000
12.707000
4.355000
4.872000
10.784000
3.934000
5.268000
17.856000
12.754000
7.580000
5.672000
13.945000
5.764000
6.477000
3.562000
15.763000
16.892000
6.960000
1.411000
11.629000
3.263000
7.579000
6.647000
8.770000
13.618000
11.809000
7.479000
3.906000
5.818000
5.735000
8.940000
10.798000
2.596000
13.631000
8.305000
14.615000
2.398000
8.212000
0.000000
7.518000
12.046000
12.227000
10.306000
9.806000
17.700000
13.417000
6.209000
6.799000
11.105000
6.401000
6.470000
14.626000
15.078000
5.694000
12.193000
14.982000
15.132000
10.554000
13.497000
5.716000
6.683000
5.873000
16.114000
8.172000
10.139000
11.134000
5.647000
4.060000
7.956000
5.246000
9.280000
1.861000
8.517000
1.016000
7.056000
16.574000
2.706000
14.589000
4.752000
7.789000
5.271000
7.085000
8.406000
8.693000
3.577000
5.068000
4.234000
6.146000
11.661000
13.949000
4.663000
7.784000
5.475000
7.691000
14.310000
4.340000
5.748000
10.252000
9.605000
7.069000
10.515000
9.014000
9.992000
9.729000
15.409000
8.306000
10.312000
2.753000
11.520000
7.191000
8.099000
7.572000
12.053000
0.000000
16.056000
3.650000
14.105000
24.912000
8.114000
5.086000
14.973000
18.043000
3.662000
16.147000
9.809000
10.029000
5.228000
6.645000
17.980000
4.093000
13.680000
4.443000
7.102000
16.029000
10.281000
12.000000
3.652000
20.006000
12.248000
6.046000
5.184000
10.720000
9.452000
4.452000
9.288000
23.403000
23.535000
7.262000
1.005000
9.651000
20.542000
6.676000
15.911000
8.146000
5.604000
12.964000
12.007000
19.032000
14.080000
4.139000
3.130000
21.284000
8.602000
5.956000
9.689000
10.694000
8.943000
24.233000
7.713000
11.171000
0.000000
12.485000
6.348000
0.000000
9.597000
11.427000
12.942000
9.840000
2.979000
8.336000
12.265000
8.627000
6.089000
15.454000
11.238000
12.562000
10.324000
6.797000
11.993000
11.135000
8.660000
3.109000
12.536000
4.405000
6.886000
9.670000
5.371000
9.986000
17.212000
18.843000
8.193000
8.653000
11.077000
9.966000
8.800000
10.331000
7.301000
13.107000
10.538000
7.647000
6.972000
9.035000
11.363000
5.485000
11.462000
10.941000
17.251000
10.701000
11.610000
10.753000
9.941000
16.500000
12.935000
5.607000
17.527000
14.443000
5.162000
8.267000
14.871000
16.756000
11.693000
16.527000
5.837000
3.921000
11.347000
6.000000
11.529000
8.981000
8.932000
8.842000
10.035000
21.586000
13.662000
12.881000
13.226000
9.722000
12.147000
9.236000
11.724000
16.073000
10.111000
9.295000
21.863000
13.502000
8.862000
8.813000
8.392000
8.714000
7.963000
13.527000
6.139000
9.229000
8.934000
6.888000
14.170000
7.498000
7.208000
17.394000
8.896000
2.787000
11.030000
7.912000
9.799000
12.930000
5.496000
1.828000
6.353000
16.826000
3.664000
16.490000
11.264000
12.541000
11.547000
3.354000
9.390000
7.985000
15.983000
13.906000
14.179000
10.049000
15.785000
10.444000
10.237000
11.159000
15.371000
5.673000
10.763000
7.200000
13.170000
7.352000
10.983000
9.945000
9.749000
12.489000
14.049000
17.232000
0.414000
9.699000
13.715000
5.891000
4.596000
14.860000
8.563000
12.042000
17.937000
16.913000
8.838000
10.856000
6.771000
8.680000
9.947000
12.157000
11.023000
15.136000
3.470000
13.728000
9.357000
14.028000
9.264000
1.376000
6.748000
9.472000
12.135000
16.370000
12.800000
14.096000
8.199000
15.806000
2.656000
13.789000
11.963000
8.499000
9.557000
11.109000
4.568000
11.664000
4.428000
11.164000
12.656000
6.909000
11.093000
11.453000
3.784000
12.991000
16.359000
10.908000
10.253000
15.492000
9.665000
7.825000
11.932000
10.119000
9.194000
12.962000
13.445000
11.170000
2.700000
10.979000
7.336000
6.160000
10.584000
3.930000
14.303000
12.678000
13.704000
0.744000
14.300000
6.059000
8.736000
13.335000
3.802000
8.042000
20.061000
11.338000
9.435000
10.239000
14.900000
5.509000
6.600000
8.064000
15.350000
2.663000
2.472000
20.124000
5.951000
18.154000
7.290000
15.521000
4.080000
0.000000
13.647000
12.974000
5.431000
6.696000
13.767000
8.736000
9.146000
5.216000
13.003000
11.781000
15.181000
0.181000
0.000000
0.269000
17.952000
17.108000
0.000000
6.026000
8.144000
5.371000
3.769000
2.463000
9.557000
1.356000
9.574000
0.000000
11.416000
3.609000
1.559000
4.955000
1.985000
16.754000
5.135000
3.557000
1.279000
1.949000
13.138000
2.105000
3.219000
13.091000
7.944000
5.813000
1.566000
0.000000
3.369000
3.709000
11.263000
0.985000
0.000000
4.916000
12.148000
6.295000
3.945000
2.750000
4.270000
1.423000
15.725000
9.230000
12.487000
9.967000
3.122000
1.736000
4.627000
5.359000
9.052000
4.924000
9.327000
2.866000
10.272000
17.142000
5.539000
5.858000
2.901000
13.891000
0.114000
16.079000
19.309000
2.874000
19.667000
14.974000
4.576000
9.895000
2.508000
10.667000
12.514000
8.907000
4.733000
5.748000
10.295000
17.511000
4.395000
5.819000
0.446000
12.444000
14.103000
9.105000
5.461000
10.546000
16.182000
0.054000
0.000000
8.214000
4.188000
4.504000
0.542000
1.038000
13.334000
9.410000
3.205000
2.780000
7.777000
11.763000
2.113000
1.529000
12.000000
3.963000
6.954000
2.294000
4.637000
14.096000
12.644000
1.464000
23.032000
7.525000
7.959000
5.474000
2.918000
0.660000
7.555000
14.587000
7.404000
5.255000
2.488000
11.705000
16.294000
16.279000
19.983000
12.172000
5.270000
10.188000
5.357000
21.646000
3.017000
6.577000
12.581000
8.567000
10.089000
11.323000
0.228000
0.000000
2.980000
9.578000
4.025000
7.094000
20.468000
10.737000
7.507000
2.118000
4.777000
8.954000
1.550000
1.902000
4.042000
4.921000
6.195000
7.190000
12.408000
8.571000
12.076000
14.329000
7.239000
10.188000
10.923000
3.704000
12.862000
3.307000
8.441000
5.705000
7.022000
3.994000
1.672000
1.495000
9.936000
1.529000
9.321000
19.341000
6.284000
12.205000
10.664000
8.965000
6.716000
2.073000
16.186000
3.538000
6.705000
5.844000
14.424000
4.537000
3.791000
6.193000
4.741000
2.785000
13.215000
5.054000
16.138000
8.973000
1.144000
13.353000
1.930000
1.740000
8.640000
4.606000
7.169000
5.979000
11.376000
3.634000
4.495000
0.000000
10.484000
8.977000
9.231000
7.097000
13.169000
9.429000
7.941000
0.000000
4.136000
8.200000
9.296000
6.092000
13.537000
16.073000
0.613000
10.654000
6.308000
7.540000
11.110000
3.932000
4.841000
10.830000
6.246000
6.378000
6.988000
1.220000
10.713000
11.142000
7.989000
19.089000
14.836000
14.114000
16.696000
15.208000
6.521000
9.179000
16.974000
7.503000
12.112000
0.000000
5.333000
4.021000
7.621000
4.821000
15.729000
20.124000
5.808000
1.323000
4.297000
10.204000
0.000000
8.751000
7.899000
10.657000
6.024000
1.579000
12.785000
13.693000
11.700000
1.807000
14.246000
15.914000
12.622000
9.065000
10.825000
14.736000
5.274000
3.889000
9.623000
1.062000
5.430000
8.173000
10.594000
16.827000
20.635000
8.529000
3.807000
2.453000
10.183000
11.627000
4.126000
3.930000
15.843000
4.009000
5.993000
10.596000
11.580000
7.008000
1.297000
7.292000
12.703000
12.523000
10.740000
3.870000
7.496000
10.332000
14.626000
14.299000
5.338000
10.517000
12.949000
3.700000
9.377000
10.756000
8.683000
0.184000
13.199000
12.377000
5.991000
16.948000
13.097000
3.326000
10.559000
12.330000
17.469000
7.103000
11.274000
2.329000
14.221000
2.136000
12.453000
10.842000
8.527000
10.755000
17.420000
8.815000
10.385000
11.592000
9.941000
7.975000
11.886000
9.546000
8.592000
16.941000
10.867000
6.212000
10.422000
11.295000
20.426000
14.578000
7.292000
4.530000
13.145000
6.875000
9.909000
10.160000
13.929000
13.803000
6.811000
10.929000
14.565000
13.099000
2.405000
4.603000
5.437000
10.165000
9.300000
16.448000
10.266000
10.918000
14.268000
6.158000
12.339000
8.624000
5.229000
6.915000
11.708000
11.443000
4.367000
6.955000
16.173000
9.781000
19.919000
10.754000
13.630000
9.905000
12.377000
13.254000
11.625000
12.874000
10.857000
10.279000
10.330000
9.116000
11.369000
5.392000
13.035000
12.021000
5.413000
13.952000
10.605000
10.286000
17.282000
9.107000
12.328000
4.373000
4.528000
13.318000
17.491000
4.247000
7.101000
16.050000
6.963000
6.888000
11.127000
7.362000
16.645000
9.495000
19.649000
8.686000
15.901000
24.013000
6.111000
15.826000
9.838000
6.043000
12.413000
11.374000
9.267000
8.293000
12.816000
8.253000
7.383000
15.575000
7.717000
13.345000
1.550000
10.517000
8.888000
14.312000
13.893000
4.011000
11.324000
13.072000
12.128000
14.141000
8.512000
10.846000
12.518000
14.269000
12.605000
7.954000
10.787000
10.702000
20.367000
12.066000
7.036000
21.973000
6.419000
11.839000
8.936000
10.053000
14.780000
10.428000
4.971000
13.487000
14.162000
11.674000
9.255000
3.205000
11.329000
4.207000
15.228000
10.906000
6.168000
13.010000
11.182000
9.809000
11.782000
11.693000
13.639000
15.852000
11.080000
10.695000
6.534000
2.400000
9.427000
14.613000
15.292000
9.571000
9.585000
12.477000
13.726000
8.451000
10.810000
9.005000
9.151000
21.136000
11.062000
7.486000
11.054000
10.754000
16.689000
8.249000
9.162000
16.765000
10.267000
11.318000
17.164000
9.772000
4.403000
5.402000
5.733000
14.944000
7.464000
15.183000
11.647000
3.683000
12.271000
13.584000
11.302000
9.928000
13.488000
14.267000
10.390000
11.422000
7.517000
18.521000
13.697000
11.414000
6.501000
13.721000
14.503000
11.261000
7.150000
8.805000
12.590000
7.784000
2.615000
15.481000
10.895000
8.783000
12.437000
12.556000
12.723000
10.453000
7.445000
13.501000
8.435000
8.248000
7.461000
3.505000
20.758000
7.469000
10.317000
10.746000
9.716000
14.931000
12.870000
9.505000
10.460000
12.077000
12.864000
6.477000
18.077000
11.441000
11.730000
14.641000
10.107000
5.372000
7.471000
8.006000
8.878000
23.605000
5.326000
12.651000
7.366000
15.728000
18.023000
10.607000
9.258000
7.632000
15.189000
26.967000
20.107000
11.810000
3.424000
6.331000
11.230000
7.787000
12.098000
20.663000
11.030000
8.465000
7.881000
11.969000
12.325000
3.774000
17.190000
9.999000
7.983000
7.149000
9.037000
5.233000
14.064000
16.772000
9.658000
6.569000
10.395000
12.763000
7.940000
7.487000
11.541000
18.833000
12.004000
7.180000
10.583000
4.755000
13.233000
27.198000
5.795000
10.127000
12.448000
13.045000
12.423000
12.374000
14.638000
17.271000
6.499000
9.149000
8.941000
6.961000
13.505000
6.996000
7.024000
10.628000
12.553000
10.181000
5.553000
12.620000
7.609000
10.872000
6.872000
8.041000
9.049000
9.556000
6.034000
5.481000
9.607000
13.702000
7.379000
4.641000
10.229000
8.092000
17.529000
8.727000
10.549000
14.612000
10.513000
6.980000
10.095000
7.592000
9.730000
15.801000
5.990000
9.973000
12.040000
8.742000
8.062000
11.928000
10.429000
12.571000
11.582000
11.152000
11.899000
10.618000
9.500000
8.140000
8.319000
14.064000
10.616000
15.141000
4.386000
22.918000
8.421000
13.205000
11.244000
13.354000
13.366000
19.540000
6.120000
10.462000
7.038000
9.924000
14.343000
15.370000
14.683000
12.596000
10.621000
12.417000
3.373000
19.550000
4.221000
10.685000
14.892000
2.291000
10.842000
11.231000
8.621000
8.682000
21.874000
13.923000
12.740000
8.905000
13.918000
13.217000
14.588000
11.892000
10.612000
13.431000
6.977000
10.679000
7.643000
15.026000
8.496000
10.775000
9.245000
9.205000
8.501000
8.783000
8.625000
12.262000
12.662000
10.287000
14.330000
9.177000
13.654000
9.645000
10.460000
10.727000
12.819000
10.121000
11.579000
10.273000
8.560000
8.807000
13.311000
7.944000
12.285000
6.510000
11.414000
11.573000
18.708000
14.848000
11.831000
15.836000
10.469000
7.626000
12.468000
10.941000
17.096000
11.165000
15.589000
7.059000
11.688000
13.299000
10.947000
13.732000
11.256000
14.181000
11.706000
13.971000
10.934000
7.364000
3.233000
12.412000
12.217000
14.064000
13.304000
9.998000
14.179000
15.088000
14.962000
8.213000
8.760000
13.963000
15.503000
8.935000
11.502000
7.518000
12.579000
11.649000
9.512000
11.843000
8.548000
9.456000
10.413000
11.344000
14.560000
14.015000
14.330000
8.275000
9.754000
17.034000
10.169000
10.229000
7.759000
12.321000
15.223000
13.164000
7.435000
11.827000
12.909000
21.282000
10.100000
14.855000
12.360000
9.132000
7.935000
12.471000
13.197000
15.583000
10.220000
11.512000
12.160000
11.623000
5.480000
13.628000
14.132000
10.839000
10.693000
16.783000
9.804000
10.644000
13.595000
9.170000
11.502000
10.178000
12.335000
8.221000
8.093000
13.210000
6.852000
8.360000
10.856000
7.927000
10.412000
14.236000
11.280000
17.337000
7.861000
8.704000
11.284000
14.307000
16.438000
15.536000
11.539000
11.184000
12.678000
12.258000
25.072000
8.045000
9.041000
8.064000
13.371000
12.536000
11.296000
8.913000
14.988000
19.637000
12.299000
12.285000
15.259000
13.549000
12.294000
16.237000
10.527000
16.759000
9.458000
15.220000
15.795000
9.069000
8.977000
7.580000
12.890000
8.887000
16.285000
6.299000
21.823000
9.606000
13.750000
13.718000
13.665000
11.731000
13.733000
14.417000
12.606000
16.922000
6.074000
12.385000
11.903000
7.899000
10.164000
9.374000
13.561000
14.367000
15.583000
13.381000
13.936000
10.537000
14.272000
14.174000
8.174000
5.843000
15.345000
11.963000
10.880000
16.829000
14.591000
17.862000
11.596000
10.397000
12.177000
7.112000
9.965000
12.244000
14.888000
14.302000
13.297000
14.506000
11.401000
8.729000
7.500000
7.287000
8.698000
15.763000
12.299000
11.483000
16.054000
11.577000
6.846000
12.332000
13.442000
15.834000
10.291000
15.882000
10.766000
13.085000
12.769000
11.355000
16.596000
14.499000
8.220000
7.428000
7.234000
9.014000
15.094000
13.052000
6.275000
23.932000
16.828000
8.284000
16.912000
7.941000
8.706000
13.379000
14.657000
12.891000
9.017000
14.002000
12.582000
9.236000
9.330000
21.524000
9.521000
11.460000
10.752000
17.587000
6.189000
10.601000
11.035000
7.344000
15.965000
12.245000
10.080000
12.180000
4.789000
9.104000
10.031000
5.438000
11.197000
13.086000
12.820000
4.744000
12.571000
6.531000
14.604000
8.547000
14.387000
10.083000
26.517000
11.335000
13.698000
17.126000
10.420000
10.516000
12.868000
11.824000
11.597000
12.736000
16.111000
8.360000
11.870000
13.189000
17.624000
12.304000
9.352000
17.674000
18.471000
9.976000
9.533000
12.165000
14.317000
9.128000
12.302000
10.482000
10.866000
13.074000
5.623000
12.377000
12.670000
12.906000
11.674000
12.879000
12.004000
8.953000
9.155000
8.759000
9.090000
8.007000
6.433000
5.933000
5.540000
6.598000
8.829000
11.393000
13.769000
7.066000
7.420000
14.790000
8.407000
4.447000
12.540000
12.909000
11.307000
11.248000
7.151000
17.433000
5.115000
14.216000
14.932000
9.727000
9.992000
12.420000
8.032000
12.811000
14.035000
15.163000
5.510000
9.358000
16.855000
11.677000
7.139000
10.554000
13.030000
17.450000
9.207000
16.668000
11.665000
2.809000
9.788000
13.267000
11.532000
5.398000
8.963000
6.161000
7.845000
6.939000
10.616000
15.830000
12.549000
8.383000
10.079000
8.804000
10.236000
6.752000
7.294000
5.428000
15.455000
2.575000
11.759000
8.856000
7.430000
6.707000
10.516000
7.120000
6.557000
5.180000
5.016000
9.280000
3.988000
10.264000
5.729000
9.680000
8.248000
9.920000
11.185000
11.744000
7.880000
8.281000
9.217000
13.915000
7.682000
15.045000
16.068000
14.091000
9.485000
12.383000
11.580000
6.942000
13.933000
14.000000
6.958000
4.291000
7.328000
1.895000
7.846000
5.154000
7.046000
9.691000
10.852000
12.310000
11.549000
14.615000
6.576000
9.894000
7.278000
9.786000
8.828000
7.114000
13.299000
3.821000
9.942000
11.673000
6.266000
10.033000
9.840000
5.598000
5.084000
10.211000
6.626000
8.162000
13.515000
11.981000
14.149000
11.654000
9.205000
14.903000
9.705000
8.183000
5.360000
4.878000
14.745000
6.451000
12.256000
12.314000
16.162000
8.988000
8.766000
12.340000
10.359000
5.794000
8.712000
9.067000
8.478000
14.128000
11.726000
10.760000
11.530000
7.217000
15.447000
13.214000
15.850000
14.513000
12.993000
12.086000
6.219000
13.816000
9.442000
12.320000
13.854000
10.425000
4.164000
13.144000
14.162000
8.778000
8.117000
5.737000
12.740000
6.978000
13.038000
12.447000
7.419000
8.277000
12.935000
12.209000
6.084000
7.470000
10.819000
6.675000
11.411000
12.034000
17.742000
11.179000
7.544000
11.686000
12.158000
16.578000
8.317000
9.357000
6.567000
10.634000
12.869000
9.083000
7.475000
6.420000
12.700000
8.447000
6.682000
11.788000
9.204000
9.921000
9.080000
15.548000
6.312000
8.457000
9.061000
7.927000
6.407000
12.694000
8.058000
12.923000
17.593000
14.316000
12.110000
10.067000
5.585000
15.818000
10.409000
5.353000
4.207000
10.463000
8.536000
5.672000
16.154000
12.045000
12.767000
10.693000
20.487000
11.627000
9.922000
15.666000
7.495000
12.977000
11.360000
12.073000
9.574000
12.027000
4.624000
11.568000
9.307000
9.190000
6.267000
9.959000
8.538000
4.057000
9.277000
10.647000
8.877000
9.031000
6.012000
8.128000
7.435000
7.977000
8.840000
18.296000
8.132000
13.000000
5.608000
5.043000
6.801000
4.350000
4.822000
7.181000
7.418000
6.642000
7.872000
7.823000
25.174000
7.425000
10.429000
10.677000
8.775000
12.301000
6.262000
4.280000
11.552000
11.964000
12.862000
13.031000
6.751000
10.071000
5.769000
9.802000
17.296000
10.275000
8.054000
9.455000
9.496000
4.816000
7.178000
10.881000
11.686000
13.956000
6.780000
3.692000
12.759000
6.503000
6.199000
2.923000
7.016000
17.586000
9.930000
10.059000
10.428000
8.937000
10.738000
10.906000
14.474000
7.999000
9.306000
7.809000
8.894000
13.875000
10.874000
13.102000
10.742000
9.388000
9.058000
8.697000
14.286000
11.539000
13.398000
8.930000
8.509000
9.655000
7.506000
15.704000
8.424000
9.310000
12.036000
9.230000
4.032000
9.064000
17.072000
6.905000
7.091000
9.921000
10.064000
19.991000
8.510000
6.552000
13.598000
7.286000
16.489000
9.392000
7.987000
4.845000
7.859000
17.021000
15.255000
12.104000
11.545000
6.348000
10.176000
10.438000
8.871000
8.648000
10.994000
4.272000
11.845000
15.785000
7.516000
8.438000
10.863000
9.783000
9.761000
10.445000
17.480000
14.320000
7.601000
9.118000
8.797000
8.129000
7.352000
10.897000
19.079000
10.296000
6.673000
8.698000
7.914000
4.298000
8.915000
15.420000
9.394000
9.406000
12.765000
15.126000
14.753000
8.106000
8.734000
10.610000
11.367000
6.928000
9.906000
7.055000
9.924000
13.029000
9.036000
10.410000
5.369000
8.259000
9.101000
9.846000
13.907000
13.953000
9.015000
14.270000
12.056000
9.734000
13.821000
16.747000
11.519000
13.217000
14.311000
5.725000
7.885000
6.188000
8.283000
9.687000
7.936000
9.619000
11.178000
8.541000
10.507000
8.772000
12.768000
8.815000
9.771000
9.457000
12.563000
4.093000
13.831000
5.865000
14.319000
4.762000
14.508000
9.375000
16.382000
14.366000
10.996000
11.943000
10.076000
6.526000
7.381000
10.390000
11.412000
12.524000
10.440000
6.535000
11.746000
8.862000
9.760000
5.416000
8.102000
4.477000
6.318000
6.665000
4.751000
10.950000
13.474000
8.932000
5.792000
8.136000
3.929000
7.139000
11.679000
5.957000
6.489000
12.607000
5.511000
9.185000
8.625000
7.845000
14.195000
8.266000
11.086000
4.686000
8.482000
13.017000
5.445000
8.763000
10.473000
8.242000
10.806000
10.242000
11.961000
9.852000
12.219000
4.182000
7.373000
7.002000
9.066000
14.300000
7.472000
8.285000
7.621000
22.843000
16.520000
14.446000
14.058000
11.001000
17.052000
7.257000
5.994000
9.744000
13.529000
11.103000
3.934000
10.176000
7.682000
12.639000
4.405000
15.273000
12.949000
4.080000
11.461000
10.812000
7.169000
11.366000
9.940000
9.262000
7.256000
10.391000
10.364000
15.679000
11.464000
6.414000
7.936000
15.742000
10.327000
4.122000
15.679000
16.024000
5.007000
10.621000
10.550000
9.916000
5.319000
13.913000
4.831000
10.964000
5.711000
10.396000
13.855000
6.694000
16.534000
7.331000
14.162000
9.842000
7.727000
9.245000
4.385000
8.066000
5.114000
6.552000
9.748000
7.696000
6.760000
7.305000
4.760000
6.330000
7.529000
6.229000
7.379000
10.351000
11.414000
4.412000
10.155000
10.901000
6.447000
5.032000
9.430000
12.090000
12.690000
2.074000
8.964000
11.244000
15.520000
7.197000
11.654000
2.268000
14.414000
10.144000
7.738000
11.402000
11.885000
9.555000
6.598000
18.053000
13.668000
9.925000
14.414000
17.043000
11.083000
3.289000
6.373000
9.579000
13.000000
12.951000
7.406000
8.935000
7.981000
11.031000
6.612000
10.877000
11.170000
11.237000
15.323000
8.860000
9.207000
14.371000
13.243000
18.072000
12.876000
7.891000
14.803000
15.613000
9.976000
14.457000
14.570000
9.041000
10.941000
7.587000
11.220000
7.173000
8.838000
10.272000
12.591000
10.771000
8.204000
15.056000
10.449000
4.749000
16.286000
10.873000
17.611000
4.371000
15.357000
15.553000
11.741000
12.124000
5.273000
9.268000
15.449000
12.638000
11.250000
18.450000
7.983000
14.459000
11.429000
5.514000
10.538000
9.875000
0.000000
7.640000
6.983000
4.350000
9.453000
12.530000
6.657000
4.828000
11.890000
11.056000
11.492000
12.843000
11.662000
11.094000
17.837000
7.256000
8.018000
8.199000
6.625000
10.012000
11.227000
9.012000
10.314000
8.741000
7.594000
11.727000
12.837000
7.599000
8.065000
13.974000
7.227000
13.863000
7.558000
11.776000
18.787000
7.497000
16.559000
12.862000
12.454000
16.696000
17.054000
5.776000
10.176000
10.641000
12.112000
17.407000
14.186000
6.222000
8.754000
11.508000
16.003000
13.793000
8.375000
5.913000
12.218000
9.713000
18.288000
10.047000
5.536000
13.387000
10.958000
11.404000
9.885000
7.868000
15.228000
9.340000
17.207000
13.620000
13.521000
12.597000
8.829000
6.387000
8.489000
7.722000
10.558000
17.102000
10.612000
13.692000
7.530000
8.248000
11.032000
5.770000
16.209000
9.096000
10.364000
9.138000
10.989000
10.452000
11.953000
12.827000
7.221000
8.206000
6.475000
9.440000
6.968000
7.940000
12.586000
10.010000
4.018000
10.280000
9.215000
17.782000
16.383000
7.819000
13.552000
17.067000
10.905000
13.023000
13.456000
11.330000
9.861000
8.826000
10.415000
4.278000
7.994000
7.215000
12.440000
11.177000
19.001000
8.660000
13.396000
8.995000
15.415000
11.391000
16.621000
13.358000
9.454000
9.915000
10.172000
16.656000
13.472000
10.078000
12.478000
10.459000
12.782000
10.222000
14.889000
13.872000
10.179000
13.112000
1.651000
16.191000
15.120000
11.264000
10.548000
9.607000
12.705000
11.185000
9.426000
6.742000
16.252000
16.343000
10.993000
10.913000
10.244000
11.826000
6.898000
16.298000
7.247000
7.796000
12.663000
13.499000
13.435000
12.909000
9.306000
10.879000
14.646000
6.643000
15.478000
9.937000
9.933000
17.231000
7.715000
4.104000
17.249000
4.481000
16.196000
13.317000
9.580000
14.331000
9.938000
16.289000
10.664000
9.881000
14.315000
14.918000
14.923000
8.182000
9.536000
9.947000
4.859000
9.924000
9.243000
15.940000
7.859000
18.071000
7.993000
7.396000
8.248000
13.711000
10.904000
12.599000
13.168000
7.995000
5.275000
13.476000
8.162000
1.821000
9.479000
15.100000
5.320000
11.633000
7.021000
11.682000
12.689000
9.583000
12.847000
3.414000
13.268000
11.428000
9.264000
7.337000
7.512000
13.493000
4.917000
15.300000
13.762000
12.054000
7.787000
7.155000
7.032000
7.447000
11.737000
6.584000
13.258000
9.591000
9.375000
9.753000
16.896000
20.002000
12.485000
8.259000
10.294000
15.442000
14.276000
1.590000
5.792000
7.588000
7.750000
17.641000
4.415000
12.094000
6.147000
15.069000
8.331000
17.196000
8.378000
7.298000
12.678000
0.000000
10.236000
1.369000
5.494000
9.734000
10.174000
1.998000
16.395000
11.560000
4.286000
9.499000
11.019000
10.191000
15.016000
5.154000
11.999000
5.240000
13.485000
5.747000
2.796000
13.600000
0.000000
6.154000
9.952000
8.355000
9.228000
13.763000
17.461000
8.420000
10.865000
10.101000
15.195000
9.223000
12.426000
12.472000
6.515000
9.377000
3.795000
7.496000
12.811000
4.633000
13.384000
8.420000
9.200000
9.236000
13.221000
14.151000
8.101000
10.440000
12.961000
10.109000
15.533000
12.936000
9.324000
13.286000
11.853000
6.106000
9.053000
9.157000
5.611000
4.886000
10.968000
15.357000
12.143000
7.265000
6.202000
11.213000
8.582000
15.763000
6.727000
11.481000
11.001000
9.408000
5.715000
9.547000
11.320000
2.028000
9.369000
9.067000
11.844000
8.509000
9.256000
13.510000
9.074000
10.877000
9.741000
8.878000
8.313000
5.928000
14.470000
7.448000
5.363000
12.925000
6.054000
14.183000
10.068000
13.439000
11.173000
7.534000
9.687000
10.843000
9.188000
8.786000
5.924000
10.984000
8.645000
1.756000
11.861000
15.179000
17.161000
12.705000
6.277000
10.511000
12.550000
6.798000
9.039000
10.990000
12.889000
0.000000
6.782000
8.283000
11.637000
7.942000
6.328000
0.000000
2.632000
11.866000
7.522000
9.895000
14.016000
12.005000
9.419000
16.630000
4.150000
14.545000
3.787000
4.397000
8.000000
5.773000
12.929000
10.893000
2.855000
4.010000
11.059000
8.318000
10.314000
3.257000
6.615000
13.293000
8.561000
7.957000
4.426000
6.899000
12.405000
8.635000
8.918000
12.398000
12.563000
6.802000
0.000000
13.918000
6.432000
6.476000
8.874000
9.865000
2.619000
10.423000
7.593000
7.067000
7.110000
7.995000
8.316000
8.033000
5.918000
5.222000
7.225000
7.224000
0.164000
7.474000
7.292000
13.873000
11.687000
4.377000
10.698000
0.000000
0.000000
0.000000
8.623000
7.695000
10.308000
9.726000
13.491000
10.048000
11.435000
14.312000
1.187000
13.469000
9.454000
0.332000
11.751000
5.519000
12.184000
14.134000
0.324000
0.000000
0.661000
3.255000
10.594000
0.000000
10.439000
8.930000
4.698000
5.547000
7.281000
0.000000
6.964000
0.000000
8.722000
0.000000
0.000000
9.106000
0.000000
0.000000
2.430000
2.433000
10.908000
0.000000
0.000000
9.276000
7.075000
11.938000
0.000000
0.000000
0.000000
6.851000
4.199000
0.000000
0.000000
0.000000
5.366000
0.000000
0.000000
0.000000
3.297000
11.465000
11.373000
10.050000
7.190000
0.000000
2.656000
0.000000
1.603000
0.000000
9.177000
3.082000
13.532000
1.377000
6.317000
7.342000
0.000000
2.160000
0.000000
0.000000
2.708000
0.000000
11.490000
6.139000
3.040000
6.304000
0.000000
0.000000
12.172000
7.934000
0.000000
0.239000
9.852000
0.000000
5.924000
8.281000
8.839000
0.000000
0.000000
0.000000
10.153000
0.000000
0.000000
8.425000
0.000000
0.000000
0.000000
11.267000
7.826000
6.825000
5.075000
1.995000
0.202000
4.444000
2.352000
8.888000
9.198000
0.000000
0.000000
9.165000
3.546000
7.355000
0.000000
8.867000
12.888000
0.000000
0.158000
0.000000
0.000000
0.000000
8.171000
4.573000
0.000000
9.468000
12.166000
0.000000
9.385000
0.000000
8.416000
19.043000
0.000000
10.475000
0.000000
6.036000
5.092000
3.561000
6.860000
0.000000
0.113000
6.882000
0.000000
7.383000
9.288000
8.276000
3.524000
9.715000
5.792000
7.435000
0.000000
0.413000
16.248000
5.454000
9.938000
0.480000
0.000000
8.452000
1.973000
0.000000
7.532000
5.634000
10.467000
8.688000
4.452000
12.759000
8.592000
0.000000
0.000000
2.213000
7.353000
8.271000
0.000000
3.833000
11.264000
11.475000
5.064000
12.011000
5.101000
11.207000
5.131000
6.524000
0.000000
10.342000
5.722000
0.000000
1.729000
2.961000
7.730000
5.190000
6.933000
9.626000
8.195000
6.278000
0.000000
12.421000
8.046000
7.875000
10.280000
0.000000
8.294000
3.901000
5.690000
6.193000
9.099000
3.311000
0.000000
10.745000
0.000000
11.250000
10.813000
8.117000
7.298000
0.000000
0.000000
6.775000
11.587000
5.289000
8.100000
0.000000
5.139000
0.390000
3.270000
10.391000
4.782000
5.693000
7.740000
2.256000
7.314000
3.336000
10.505000
10.121000
3.565000
9.364000
4.236000
2.092000
7.830000
8.808000
4.772000
0.000000
0.558000
4.659000
3.932000
11.532000
11.054000
2.922000
3.955000
8.226000
6.451000
9.006000
9.101000
1.475000
6.131000
4.269000
17.893000
5.540000
3.059000
8.351000
6.700000
8.010000
4.538000
3.983000
4.775000
8.673000
7.780000
3.156000
7.441000
0.767000
9.010000
5.186000
2.677000
0.101000
13.025000
6.706000
4.358000
0.000000
7.361000
7.742000
7.963000
5.786000
5.218000
2.545000
12.541000
1.215000
11.469000
0.000000
3.194000
2.030000
0.000000
4.544000
6.448000
3.845000
11.740000
5.445000
0.000000
12.731000
4.888000
7.030000
0.137000
1.916000
6.817000
10.790000
0.155000
1.434000
1.181000
0.739000
0.000000
4.660000
4.866000
6.160000
3.452000
0.000000
13.133000
4.848000
0.000000
18.465000
0.053000
0.231000
3.277000
8.341000
4.976000
1.896000
0.000000
1.124000
0.605000
7.504000
4.919000
15.603000
3.700000
0.812000
11.967000
0.000000
6.552000
4.134000
4.793000
6.295000
3.153000
7.876000
2.302000
18.325000
1.027000
1.759000
24.556000
3.321000
2.834000
0.000000
7.833000
3.917000
4.255000
2.103000
7.615000
0.000000
7.010000
3.319000
2.296000
0.000000
5.980000
6.625000
0.752000
2.366000
0.069000
11.883000
0.184000
5.367000
6.159000
0.502000
6.663000
3.013000
6.551000
0.000000
3.228000
7.348000
4.084000
8.359000
0.000000
24.747000
0.359000
2.010000
3.923000
5.484000
5.706000
2.189000
6.702000
7.682000
5.881000
5.115000
2.895000
10.366000
6.981000
17.584000
5.832000
7.091000
2.867000
2.070000
4.247000
5.322000
7.663000
3.604000
7.014000
5.270000
13.511000
11.257000
6.416000
6.088000
8.783000
5.672000
2.675000
0.589000
0.000000
4.811000
4.846000
3.580000
7.480000
2.752000
5.399000
4.756000
7.929000
0.000000
11.362000
1.141000
11.217000
8.246000
6.512000
2.197000
10.197000
1.780000
5.123000
0.811000
4.040000
7.976000
9.594000
11.646000
5.922000
5.718000
7.137000
9.438000
4.902000
10.340000
2.498000
4.026000
4.340000
0.000000
3.649000
0.000000
10.031000
16.101000
11.223000
4.048000
2.525000
0.000000
4.237000
1.525000
6.054000
3.116000
4.188000
7.016000
1.479000
0.000000
0.342000
7.193000
2.999000
5.594000
1.636000
5.114000
8.720000
7.037000
6.000000
7.198000
3.987000
3.177000
0.000000
2.819000
10.151000
1.835000
3.472000
5.964000
0.000000
5.156000
3.471000
3.598000
10.961000
8.792000
2.974000
1.073000
6.474000
1.249000
2.971000
6.001000
8.310000
0.633000
6.694000
6.728000
8.063000
0.000000
8.761000
4.519000
4.374000
3.939000
3.520000
6.704000
0.000000
5.193000
0.000000
2.429000
4.385000
0.000000
7.993000
7.489000
0.311000
6.999000
5.702000
9.572000
1.604000
5.268000
6.335000
7.648000
5.705000
4.070000
8.164000
4.963000
10.479000
6.284000
3.712000
0.772000
10.578000
5.422000
7.418000
7.064000
4.364000
5.212000
2.957000
8.432000
19.869000
7.929000
8.638000
9.257000
0.000000
1.185000
8.137000
8.110000
2.124000
3.936000
6.103000
1.429000
7.529000
6.174000
6.828000
15.149000
7.656000
5.255000
4.642000
11.327000
4.888000
3.472000
5.348000
3.715000
5.196000
5.075000
1.084000
5.376000
7.522000
5.927000
3.188000
1.728000
2.392000
7.003000
5.714000
2.625000
0.000000
1.966000
1.101000
4.483000
1.893000
6.243000
6.429000
5.092000
10.722000
10.667000
8.272000
3.191000
5.977000
0.700000
4.586000
7.684000
6.623000
0.000000
2.228000
3.143000
1.129000
7.522000
5.909000
0.000000
10.562000
5.087000
6.098000
5.003000
14.576000
2.918000
10.918000
6.743000
1.527000
7.094000
6.548000
7.434000
6.753000
7.256000
3.635000
0.000000
9.944000
2.843000
8.619000
3.209000
1.453000
4.706000
1.975000
11.165000
13.412000
0.300000
0.000000
3.651000
20.247000
4.900000
2.966000
3.239000
0.000000
1.803000
3.259000
0.000000
15.509000
0.731000
8.012000
0.000000
0.000000
0.000000
0.817000
0.518000
8.763000
1.451000
7.971000
4.693000
1.609000
8.770000
8.142000
3.748000
3.266000
0.000000
4.784000
0.000000
5.028000
4.644000
5.837000
1.450000
5.477000
8.188000
0.000000
2.850000
2.615000
3.024000
5.606000
0.000000
8.914000
7.404000
5.232000
5.454000
3.850000
0.000000
4.600000
0.000000
2.053000
0.000000
0.000000
5.559000
1.994000
3.307000
0.000000
0.000000
0.960000
0.194000
0.000000
0.496000
5.522000
0.000000
0.903000
4.755000
2.969000
4.800000
0.000000
7.628000
6.955000
7.036000
7.363000
9.142000
0.000000
0.000000
0.469000
0.000000
10.412000
2.401000
6.983000
1.697000
1.962000
3.397000
9.028000
6.066000
13.104000
4.778000
6.780000
0.000000
3.661000
6.509000
1.992000
6.445000
8.911000
2.822000
1.782000
1.158000
2.997000
6.488000
1.684000
5.337000
0.000000
2.035000
5.686000
9.225000
7.770000
1.113000
7.615000
3.406000
9.752000
5.072000
8.608000
4.761000
8.496000
11.344000
3.190000
6.375000
0.368000
0.000000
2.442000
6.111000
6.272000
1.978000
0.000000
5.821000
5.710000
8.412000
7.487000
6.480000
0.112000
4.669000
4.449000
6.732000
3.880000
5.108000
6.198000
11.793000
5.966000
8.866000
7.473000
1.442000
2.277000
0.281000
0.178000
8.878000
1.621000
5.555000
2.214000
1.356000
2.923000
8.146000
10.007000
10.994000
8.362000
11.026000
3.686000
5.596000
8.813000
1.631000
7.349000
2.685000
7.060000
7.494000
9.125000
3.107000
9.324000
5.755000
6.364000
10.617000
3.204000
3.559000
4.100000
6.016000
2.625000
8.791000
1.928000
0.000000
6.824000
11.381000
8.420000
3.301000
5.749000
12.665000
3.537000
2.910000
8.957000
8.681000
1.318000
1.821000
7.834000
8.146000
8.526000
12.903000
5.123000
1.201000
4.414000
9.339000
0.000000
8.538000
2.579000
10.126000
12.176000
4.512000
11.019000
10.726000
8.034000
9.080000
12.883000
10.686000
2.124000
0.051000
2.715000
5.480000
6.104000
3.887000
1.811000
8.668000
3.721000
15.118000
2.403000
10.371000
6.784000
8.346000
7.346000
11.425000
0.000000
10.094000
0.123000
8.407000
6.113000
5.248000
7.380000
4.954000
11.413000
13.277000
7.845000
12.513000
1.973000
5.727000
3.638000
13.412000
6.420000
3.581000
11.570000
1.831000
3.936000
13.490000
4.855000
14.823000
9.361000
0.527000
3.141000
7.675000
6.005000
4.300000
13.981000
9.558000
11.021000
11.687000
11.623000
10.004000
14.003000
4.041000
2.514000
22.421000
9.386000
7.974000
4.278000
5.432000
9.487000
8.802000
8.736000
8.553000
5.149000
0.883000
6.487000
4.410000
5.252000
8.588000
0.078000
3.948000
2.711000
3.426000
6.822000
8.073000
11.173000
2.582000
2.142000
1.083000
9.123000
5.914000
5.819000
1.489000
4.643000
8.670000
18.339000
17.519000
3.257000
6.609000
5.802000
17.511000
9.686000
10.416000
10.538000
8.626000
2.427000
17.630000
5.775000
7.310000
8.580000
1.178000
8.412000
8.536000
13.113000
4.694000
9.176000
6.442000
3.579000
4.472000
8.792000
1.098000
5.176000
5.413000
8.093000
12.021000
10.922000
5.129000
14.559000
7.756000
4.456000
11.005000
7.177000
6.733000
5.637000
12.048000
7.911000
17.485000
2.910000
9.807000
14.551000
4.769000
8.264000
11.060000
5.511000
7.633000
9.279000
4.017000
8.010000
11.128000
6.228000
4.958000
12.734000
6.182000
6.053000
2.427000
10.092000
9.289000
1.523000
8.636000
7.820000
4.413000
12.649000
7.853000
8.971000
8.333000
8.392000
5.883000
13.338000
9.122000
6.369000
11.291000
7.107000
0.873000
2.622000
4.752000
6.003000
9.840000
12.441000
4.798000
8.656000
5.479000
8.100000
6.563000
3.693000
8.127000
0.267000
9.792000
2.123000
13.736000
7.804000
6.918000
8.864000
15.736000
7.752000
5.731000
8.136000
13.050000
10.470000
4.276000
5.575000
1.365000
4.685000
7.732000
6.255000
9.452000
11.331000
5.203000
13.167000
9.270000
10.437000
17.353000
6.719000
11.755000
3.555000
6.100000
15.041000
13.486000
21.571000
21.409000
12.485000
4.634000
7.701000
4.807000
6.342000
9.853000
3.114000
6.600000
8.247000
10.508000
5.426000
4.149000
0.744000
6.965000
6.701000
8.319000
6.204000
8.593000
3.517000
7.268000
5.883000
11.542000
7.566000
2.248000
7.821000
6.436000
8.231000
8.718000
7.792000
1.501000
8.400000
9.289000
9.127000
6.742000
8.369000
3.787000
6.266000
3.066000
8.058000
13.445000
7.316000
4.980000
7.703000
16.514000
13.345000
8.997000
3.168000
9.699000
9.060000
5.802000
2.943000
3.272000
7.508000
7.803000
7.855000
12.139000
2.446000
9.160000
5.778000
12.843000
8.303000
6.820000
12.315000
4.694000
4.898000
9.902000
6.936000
5.534000
0.000000
8.688000
6.530000
3.282000
3.643000
11.616000
9.093000
7.062000
10.409000
14.175000
6.015000
10.866000
6.779000
10.009000
7.720000
12.068000
0.056000
5.786000
0.000000
6.794000
14.894000
5.607000
6.026000
5.876000
7.944000
3.058000
1.585000
4.692000
6.075000
9.158000
6.146000
6.811000
9.685000
12.279000
8.120000
7.183000
6.370000
7.600000
13.429000
8.134000
5.024000
9.524000
0.482000
6.123000
8.466000
6.326000
7.273000
4.437000
4.483000
9.231000
5.493000
8.182000
0.475000
4.661000
12.094000
3.047000
6.802000
6.455000
2.320000
11.487000
3.922000
2.204000
9.092000
9.555000
2.838000
1.450000
5.663000
4.623000
5.496000
8.878000
8.143000
6.429000
7.907000
16.433000
9.524000
5.958000
5.320000
4.982000
10.791000
2.221000
8.881000
7.339000
5.553000
8.422000
7.569000
3.944000
8.657000
12.069000
8.396000
10.834000
9.919000
3.705000
5.591000
6.635000
1.698000
6.105000
5.861000
6.866000
1.931000
5.583000
11.295000
7.444000
13.902000
6.617000
10.508000
8.503000
3.501000
7.044000
15.369000
10.818000
6.680000
0.000000
8.397000
1.934000
7.615000
8.675000
10.884000
4.027000
11.731000
4.559000
6.701000
6.793000
8.149000
2.004000
8.297000
8.295000
9.423000
10.701000
8.684000
2.119000
8.565000
12.194000
13.215000
7.329000
7.826000
8.691000
4.973000
6.502000
1.988000
8.149000
6.286000
6.620000
6.170000
5.621000
8.491000
8.892000
10.851000
8.511000
6.054000
10.268000
10.690000
5.180000
10.149000
11.150000
6.709000
12.939000
11.829000
1.088000
11.357000
7.659000
8.906000
11.327000
4.412000
9.002000
16.342000
3.118000
11.453000
4.181000
6.236000
8.414000
9.032000
9.147000
4.690000
9.598000
5.786000
8.506000
14.471000
9.197000
0.000000
13.190000
13.030000
8.404000
9.869000
9.132000
9.765000
11.993000
5.880000
10.548000
13.453000
10.618000
2.968000
4.912000
10.908000
7.282000
11.791000
2.716000
0.000000
4.520000
6.246000
5.555000
8.831000
7.476000
8.705000
8.859000
3.747000
11.065000
12.064000
16.660000
10.949000
5.164000
0.000000
4.127000
16.386000
1.292000
6.531000
12.500000
10.074000
8.007000
3.796000
14.036000
2.597000
2.789000
11.600000
3.435000
4.189000
5.321000
9.056000
1.625000
9.181000
8.141000
14.220000
1.834000
9.444000
4.783000
8.052000
0.000000
11.765000
8.098000
5.188000
3.244000
7.356000
6.473000
8.766000
8.793000
9.449000
5.485000
9.920000
13.832000
10.329000
6.568000
0.830000
0.000000
5.248000
11.687000
6.028000
9.151000
11.217000
6.804000
7.354000
8.736000
3.764000
5.288000
5.961000
0.681000
6.910000
0.000000
2.014000
3.120000
4.569000
13.924000
5.595000
9.649000
4.184000
4.119000
0.829000
8.426000
11.496000
0.954000
2.885000
1.923000
5.614000
4.905000
7.872000
9.760000
16.158000
0.166000
10.233000
7.479000
5.504000
11.139000
3.667000
9.668000
1.645000
6.053000
2.520000
2.560000
0.000000
10.749000
2.285000
6.744000
3.297000
8.768000
7.172000
12.428000
1.599000
2.442000
2.086000
10.133000
0.241000
10.765000
9.497000
2.866000
3.190000
11.389000
2.463000
3.334000
1.269000
5.731000
1.772000
11.964000
0.252000
5.290000
3.576000
0.000000
3.931000
7.434000
3.488000
5.432000
9.684000
5.962000
3.465000
4.630000
4.143000
5.453000
0.000000
1.255000
1.098000
1.091000
6.479000
0.000000
0.000000
3.642000
10.826000
2.043000
0.000000
6.248000
3.526000
0.694000
1.689000
6.699000
0.219000
3.580000
3.728000
0.718000
3.833000
4.159000
0.000000
0.523000
6.258000
0.517000
6.019000
11.107000
9.416000
10.493000
0.000000
0.793000
0.000000
9.222000
5.502000
5.524000
1.163000
5.550000
4.065000
1.571000
12.895000
3.786000
5.610000
7.144000
5.714000
5.023000
0.000000
7.975000
7.876000
10.798000
8.344000
7.996000
9.543000
1.620000
5.551000
12.560000
10.564000
9.719000
3.727000
9.081000
8.073000
15.739000
5.945000
8.749000
5.470000
6.330000
5.207000
14.317000
12.188000
7.717000
0.392000
3.392000
6.522000
8.974000
2.533000
4.271000
8.819000
5.170000
10.780000
3.370000
7.352000
8.246000
5.929000
5.385000
1.608000
2.940000
7.599000
7.943000
1.399000
2.956000
7.792000
12.289000
7.122000
6.579000
6.973000
9.416000
8.249000
1.208000
9.969000
4.068000
8.002000
7.418000
4.002000
0.000000
12.546000
2.626000
15.818000
0.000000
9.775000
3.368000
9.085000
4.147000
7.974000
10.123000
8.288000
7.805000
5.174000
7.597000
1.994000
2.912000
2.543000
0.000000
7.918000
9.297000
8.880000
4.357000
4.635000
5.426000
5.604000
4.699000
7.216000
8.225000
1.670000
3.438000
14.969000
7.614000
6.332000
7.273000
14.911000
8.750000
9.745000
4.985000
5.570000
4.056000
3.999000
8.300000
3.995000
3.773000
8.550000
1.545000
5.439000
7.064000
4.683000
6.432000
3.838000
3.377000
10.400000
2.812000
6.527000
2.114000
9.937000
3.291000
3.449000
6.284000
7.494000
9.810000
6.324000
0.201000
2.962000
6.350000
8.300000
8.230000
2.498000
7.868000
4.202000
6.018000
6.036000
0.000000
7.264000
4.246000
2.550000
6.982000
5.445000
3.288000
9.190000
4.431000
1.252000
4.155000
10.837000
3.748000
6.675000
6.021000
0.000000
7.152000
2.075000
2.530000
4.027000
1.150000
7.604000
2.175000
4.141000
8.255000
8.218000
11.314000
8.879000
5.905000
7.376000
11.205000
13.850000
5.660000
2.699000
4.244000
2.970000
5.319000
1.361000
8.510000
4.348000
7.386000
8.389000
7.197000
4.413000
3.752000
5.990000
8.629000
6.478000
9.254000
1.092000
4.080000
5.929000
7.703000
3.926000
2.356000
8.145000
9.057000
2.184000
10.798000
8.862000
5.608000
2.940000
6.935000
8.394000
6.873000
6.083000
7.644000
5.955000
2.349000
7.074000
6.531000
5.773000
5.034000
2.905000
7.172000
10.446000
4.468000
10.147000
7.788000
3.559000
3.153000
4.306000
5.052000
1.968000
6.180000
17.221000
2.106000
3.342000
3.234000
2.880000
8.509000
1.106000
12.195000
0.010000
12.031000
5.951000
9.909000
2.510000
4.835000
2.625000
7.819000
9.666000
6.227000
5.486000
0.000000
9.497000
7.200000
6.750000
9.967000
4.359000
5.527000
2.664000
6.486000
4.404000
6.261000
6.238000
9.145000
0.000000
6.659000
6.569000
2.966000
5.772000
7.538000
2.360000
3.411000
7.256000
7.849000
9.864000
5.057000
2.753000
5.274000
11.673000
7.357000
8.674000
8.662000
6.250000
15.031000
6.815000
8.663000
11.076000
5.615000
10.746000
9.050000
9.462000
11.134000
8.068000
0.877000
3.947000
8.509000
5.136000
5.012000
13.086000
2.771000
5.274000
18.526000
10.742000
4.848000
5.948000
2.783000
12.473000
9.268000
6.318000
0.000000
3.549000
3.826000
6.884000
10.083000
9.091000
0.413000
3.390000
5.081000
3.315000
7.424000
7.113000
10.113000
5.105000
3.767000
2.732000
5.350000
8.205000
4.707000
8.336000
4.817000
9.938000
6.114000
6.622000
8.832000
8.829000
7.432000
2.945000
5.796000
8.625000
8.160000
9.131000
0.660000
3.318000
7.722000
11.930000
7.742000
0.000000
5.373000
6.546000
3.091000
5.727000
7.719000
10.007000
7.435000
0.864000
7.621000
6.042000
3.542000
4.618000
8.651000
5.116000
6.141000
7.164000
3.444000
6.531000
10.194000
4.561000
5.947000
4.553000
9.369000
0.000000
10.262000
7.768000
2.923000
1.675000
3.074000
5.433000
5.983000
3.519000
7.237000
0.000000
2.136000
4.004000
0.000000
7.081000
2.292000
1.626000
8.026000
4.102000
10.214000
0.000000
1.855000
9.247000
3.116000
0.000000
0.000000
3.159000
10.867000
4.686000
8.127000
1.751000
6.737000
7.120000
1.556000
0.000000
9.587000
3.489000
15.845000
2.095000
4.385000
7.979000
3.797000
3.783000
1.850000
0.137000
2.044000
0.234000
3.387000
6.196000
1.672000
5.013000
0.000000
5.862000
12.248000
2.741000
10.745000
0.387000
3.907000
3.831000
6.486000
4.506000
1.925000
7.934000
0.000000
7.580000
0.000000
0.802000
4.401000
9.414000
1.091000
2.232000
3.312000
3.123000
0.150000
6.316000
10.630000
11.877000
1.154000
3.321000
10.665000
5.244000
1.234000
16.991000
8.354000
11.322000
4.906000
3.545000
8.195000
4.349000
0.000000
0.788000
5.352000
1.169000
6.194000
6.083000
0.211000
2.551000
1.941000
1.719000
6.400000
7.514000
9.917000
10.923000
3.400000
1.035000
6.573000
0.000000
3.081000
8.564000
9.457000
0.000000
6.497000
2.700000
7.179000
7.029000
5.401000
0.889000
0.000000
6.579000
3.054000
3.616000
7.240000
3.563000
3.701000
3.289000
12.750000
6.201000
10.036000
3.914000
7.952000
3.162000
1.061000
2.432000
1.388000
5.950000
2.402000
5.561000
0.304000
5.208000
11.085000
5.880000
0.791000
3.471000
2.644000
1.510000
7.560000
3.582000
5.470000
1.486000
5.056000
2.969000
4.888000
4.646000
0.995000
2.652000
1.895000
4.736000
1.685000
12.086000
5.130000
0.480000
2.022000
1.906000
9.457000
5.198000
5.894000
5.349000
12.813000
0.000000
1.394000
7.033000
3.285000
7.451000
6.401000
8.924000
7.637000
1.435000
11.237000
2.992000
1.410000
8.163000
3.893000
0.308000
4.907000
6.840000
4.424000
3.360000
4.919000
0.000000
21.024000
8.040000
0.080000
4.066000
0.000000
2.225000
2.891000
4.676000
0.000000
4.131000
2.874000
1.314000
2.898000
4.301000
16.743000
0.489000
6.741000
1.219000
4.171000
4.466000
0.031000
4.945000
2.175000
9.785000
3.475000
0.000000
0.171000
1.499000
5.256000
5.899000
4.862000
1.157000
3.753000
10.027000
5.395000
5.086000
0.000000
1.069000
1.086000
2.216000
2.462000
1.418000
4.388000
9.711000
0.000000
4.445000
5.611000
0.951000
5.374000
4.180000
4.814000
4.935000
5.000000
7.805000
7.808000
1.456000
2.837000
4.873000
0.000000
13.399000
8.816000
15.188000
2.804000
7.809000
0.640000
15.796000
2.341000
5.491000
0.048000
1.019000
2.834000
2.370000
3.905000
1.291000
5.175000
4.504000
4.317000
9.567000
8.513000
5.653000
8.022000
4.761000
3.779000
6.600000
12.494000
5.528000
2.814000
0.878000
0.809000
4.456000
5.745000
3.881000
1.927000
3.858000
0.111000
5.154000
0.000000
2.319000
10.515000
5.008000
9.084000
8.150000
13.486000
5.075000
5.037000
0.580000
5.331000
2.903000
5.000000
8.538000
1.118000
0.000000
2.943000
4.628000
4.445000
8.330000
13.015000
1.182000
5.125000
10.516000
4.642000
8.119000
3.627000
9.161000
4.339000
8.232000
13.221000
9.899000
1.191000
13.528000
2.304000
8.302000
7.859000
9.689000
11.506000
9.552000
7.538000
1.353000
0.000000
6.006000
1.562000
2.898000
4.538000
10.919000
4.840000
0.000000
9.340000
6.258000
8.213000
3.309000
5.444000
0.007000
1.136000
17.299000
3.520000
10.156000
0.000000
1.845000
12.415000
1.239000
9.429000
0.000000
5.646000
4.115000
4.793000
11.250000
9.015000
4.763000
8.324000
5.740000
3.935000
13.062000
0.000000
8.335000
7.727000
5.901000
11.749000
17.467000
7.486000
6.943000
14.130000
2.350000
2.752000
8.650000
7.831000
5.991000
0.000000
17.524000
10.785000
0.000000
7.588000
8.300000
3.267000
4.636000
0.000000
9.743000
4.784000
15.401000
7.703000
5.511000
3.031000
3.443000
9.542000
3.960000
1.110000
2.967000
9.791000
3.130000
3.688000
12.899000
0.000000
0.723000
8.666000
4.582000
10.541000
11.823000
10.260000
12.131000
9.023000
8.891000
11.270000
5.186000
5.418000
4.354000
9.063000
3.506000
10.569000
6.343000
9.436000
6.042000
17.558000
4.389000
10.687000
10.994000
6.828000
7.421000
2.058000
10.726000
4.868000
6.241000
7.662000
10.627000
7.836000
5.254000
2.222000
3.748000
5.124000
17.561000
2.197000
2.767000
0.000000
12.114000
6.464000
15.682000
19.373000
6.135000
8.674000
8.863000
3.643000
5.450000
1.260000
6.258000
0.000000
4.339000
10.413000
1.501000
7.813000
2.581000
8.100000
3.440000
4.950000
6.665000
6.266000
1.590000
4.460000
5.003000
5.096000
7.928000
7.399000
9.316000
6.168000
5.323000
1.481000
1.962000
4.571000
2.881000
4.908000
4.388000
13.253000
5.261000
8.634000
0.000000
15.887000
9.259000
12.677000
6.961000
3.998000
5.209000
7.885000
2.825000
7.175000
5.413000
0.000000
1.841000
6.784000
0.000000
3.856000
6.028000
0.388000
5.100000
5.109000
9.568000
0.000000
1.191000
4.968000
6.749000
3.390000
1.618000
7.073000
4.832000
4.529000
7.141000
4.288000
5.120000
1.544000
18.974000
3.016000
4.948000
4.605000
7.361000
11.805000
1.689000
7.550000
9.352000
14.514000
7.942000
1.937000
2.823000
8.668000
4.098000
8.472000
10.541000
0.000000
5.490000
14.014000
5.856000
4.104000
13.675000
9.562000
1.315000
8.164000
2.828000
7.628000
6.331000
5.705000
2.358000
8.412000
13.248000
1.818000
4.627000
12.332000
9.214000
7.102000
7.206000
8.400000
0.886000
6.176000
5.711000
8.760000
6.519000
12.545000
6.316000
2.356000
5.624000
5.012000
4.023000
7.644000
7.033000
4.060000
5.263000
4.102000
5.065000
8.840000
3.045000
4.381000
2.794000
4.739000
6.546000
10.515000
8.058000
9.912000
0.000000
9.934000
10.036000
6.865000
5.715000
4.900000
11.926000
1.871000
9.635000
1.666000
2.773000
2.235000
2.721000
1.244000
4.844000
8.808000
2.467000
8.466000
10.534000
2.854000
5.554000
14.258000
5.340000
2.547000
11.717000
4.990000
5.045000
1.579000
6.304000
3.427000
6.129000
11.329000
3.037000
7.027000
7.364000
1.034000
1.497000
9.395000
8.824000
0.000000
2.851000
6.429000
1.452000
5.155000
7.286000
0.000000
3.046000
9.457000
9.634000
8.575000
7.124000
2.823000
5.267000
5.352000
6.210000
0.458000
5.776000
7.285000
0.000000
13.829000
8.237000
5.353000
0.686000
5.181000
7.436000
0.119000
7.105000
8.313000
7.231000
7.733000
1.876000
2.793000
6.606000
2.999000
2.505000
7.849000
6.805000
3.193000
11.411000
1.141000
1.265000
6.944000
9.876000
4.757000
6.387000
10.072000
0.219000
9.743000
7.117000
8.018000
6.522000
6.066000
10.099000
8.680000
10.562000
2.291000
8.968000
5.805000
3.453000
1.121000
8.677000
4.840000
0.434000
3.474000
12.790000
2.320000
1.453000
3.087000
4.736000
10.758000
7.452000
7.039000
3.188000
0.000000
1.479000
9.199000
10.755000
11.576000
6.534000
3.073000
7.976000
11.615000
5.377000
7.357000
2.577000
0.106000
15.415000
2.857000
0.521000
9.386000
9.691000
4.512000
3.856000
8.502000
1.588000
12.259000
8.463000
4.245000
0.000000
10.072000
7.830000
8.998000
4.326000
5.860000
7.869000
1.242000
2.947000
3.762000
13.158000
6.835000
12.597000
2.608000
12.591000
7.514000
11.708000
0.717000
2.660000
10.003000
2.191000
2.790000
9.891000
8.729000
6.039000
0.000000
21.549000
14.625000
0.000000
4.674000
7.972000
14.769000
6.702000
16.825000
0.510000
5.588000
5.902000
12.162000
2.730000
3.477000
16.865000
2.377000
7.087000
6.909000
8.431000
9.767000
4.154000
4.005000
6.873000
7.826000
11.568000
5.995000
13.782000
7.789000
3.697000
4.216000
5.723000
2.322000
13.940000
2.041000
12.796000
9.341000
12.625000
4.994000
7.752000
8.579000
5.087000
10.462000
11.053000
9.679000
0.000000
2.694000
12.526000
4.190000
0.562000
9.418000
17.811000
9.260000
1.517000
4.671000
7.172000
9.103000
1.297000
2.290000
1.945000
12.625000
0.000000
5.866000
13.364000
20.682000
5.091000
0.000000
0.000000
4.854000
1.778000
3.176000
5.385000
9.378000
10.822000
8.518000
5.864000
5.884000
6.489000
5.669000
10.678000
12.859000
8.232000
11.866000
4.327000
17.074000
6.102000
6.376000
7.809000
7.525000
10.404000
6.640000
4.225000
9.290000
0.000000
5.154000
15.998000
15.370000
0.000000
0.000000
0.387000
11.557000
0.000000
14.307000
9.136000
14.119000
12.005000
0.733000
2.644000
7.307000
8.503000
2.173000
1.832000
4.226000
4.757000
4.990000
6.404000
17.255000
11.865000
0.000000
7.846000
0.000000
14.905000
5.428000
11.361000
0.000000
13.381000
3.682000
2.895000
2.541000
9.880000
0.000000
9.908000
9.017000
2.183000
0.000000
0.000000
7.738000
4.126000
13.216000
0.587000
5.431000
2.209000
15.795000
0.000000
0.000000
6.988000
16.236000
5.733000
3.505000
6.069000
10.393000
8.192000
2.753000
11.035000
0.000000
1.597000
11.033000
12.450000
12.316000
9.179000
0.000000
0.000000
0.000000
4.786000
13.569000
3.808000
7.071000
4.374000
6.050000
15.158000
0.297000
2.720000
17.590000
2.536000
10.659000
16.294000
0.483000
5.174000
1.212000
19.353000
6.898000
14.824000
4.294000
14.551000
3.911000
0.000000
4.513000
5.265000
3.519000
0.000000
14.548000
6.330000
3.589000
2.985000
0.000000
21.663000
6.671000
15.018000
15.763000
16.888000
10.903000
5.095000
9.060000
8.322000
6.943000
0.000000
10.079000
9.124000
6.371000
5.716000
3.675000
5.449000
0.000000
0.000000
5.432000
0.000000
0.000000
10.982000
2.989000
9.661000
7.251000
0.000000
0.000000
14.344000
0.000000
1.029000
12.188000
3.441000
1.380000
0.000000
1.987000
2.708000
9.554000
5.774000
5.717000
7.635000
0.000000
6.492000
0.000000
1.214000
9.071000
3.361000
0.000000
0.576000
2.096000
12.037000
4.454000
6.195000
8.939000
2.351000
2.466000
6.046000
10.045000
8.527000
5.068000
9.461000
11.822000
0.000000
6.836000
13.317000
4.874000
0.000000
6.314000
5.104000
6.900000
3.486000
0.000000
8.522000
0.000000
5.251000
1.095000
0.000000
0.000000
6.423000
1.517000
5.647000
9.598000
5.871000
0.000000
0.000000
5.257000
13.450000
9.862000
4.692000
0.218000
0.127000
9.374000
0.000000
6.536000
0.000000
2.504000
0.000000
0.000000
0.000000
5.322000
0.000000
0.000000
10.863000
0.000000
0.000000
2.941000
0.000000
0.000000
0.000000
0.000000
0.449000
0.000000
5.757000
0.000000
8.008000
0.000000
0.000000
0.000000
0.000000
0.000000
0.000000
0.000000
0.000000
3.209000
0.000000
0.000000
3.940000
3.895000
0.000000
0.000000
0.000000
0.000000
1.932000
0.000000
0.000000
0.000000
0.000000
1.702000
0.000000
0.000000
3.113000
2.718000
0.000000
0.000000
5.593000
0.000000
0.000000
0.000000
0.000000
1.053000
0.996000
0.000000
0.000000
5.054000
0.000000
0.000000
2.024000
0.000000
0.000000
0.000000
0.000000
0.000000
0.000000
0.000000
0.000000
0.000000
2.649000
0.000000
0.000000
1.229000
0.330000
0.000000
2.712000
0.000000
0.000000
0.000000
0.000000
0.000000
5.463000
0.000000
0.034000
2.157000
0.000000
4.034000
6.091000
0.000000
0.000000
0.000000
0.000000
2.005000
5.275000
0.000000
0.000000
0.000000
0.000000
0.574000
5.353000
2.484000
0.511000
0.000000
4.912000
0.000000
3.569000
0.568000
0.000000
0.000000
0.000000
0.947000
4.954000
0.000000
0.000000
0.000000
0.000000
0.000000
0.000000
0.000000
2.978000
0.000000
5.106000
2.821000
4.263000
1.836000
5.248000
1.150000
3.509000
3.406000
4.578000
2.417000
1.825000
0.000000
0.000000
0.000000
0.000000
0.986000
0.000000
0.551000
0.000000
4.460000
1.197000
0.000000
1.539000
2.603000
3.557000
1.008000
0.000000
1.648000
4.931000
0.000000
0.000000
2.860000
0.218000
0.041000
0.000000
0.000000
3.809000
0.000000
3.448000
3.527000
3.811000
0.322000
1.632000
3.487000
3.103000
1.011000
0.000000
4.160000
0.000000
0.000000
0.000000
2.847000
0.000000
0.240000
0.000000
2.394000
0.000000
0.000000
0.283000
0.091000
3.070000
0.000000
1.115000
0.000000
2.882000
3.831000
0.000000
0.699000
1.225000
0.000000
1.551000
1.028000
0.000000
4.377000
0.000000
0.000000
0.000000
0.000000
0.000000
1.774000
0.504000
0.000000
4.349000
0.000000
1.290000
0.000000
1.955000
0.000000
0.000000
3.306000
0.000000
0.000000
1.616000
0.397000
0.692000
4.837000
0.000000
5.097000
0.000000
3.695000
0.000000
0.000000
0.322000
1.145000
2.567000
0.000000
0.000000
0.000000
1.294000
2.074000
4.517000
0.000000
0.000000
0.663000
0.000000
2.405000
0.000000
0.000000
0.000000
0.000000
0.000000
1.172000
0.000000
0.000000
0.000000
0.000000
0.000000
0.000000
2.394000
9.929000
0.000000
0.961000
4.363000
1.218000
0.000000
0.520000
0.000000
0.000000
4.550000
2.414000
2.540000
0.000000
3.275000
2.183000
1.176000
0.000000
5.010000
0.000000
0.350000
0.000000
4.525000
3.044000
0.000000
0.000000
3.726000
4.913000
0.990000
0.000000
2.176000
1.622000
1.426000
0.000000
0.000000
0.265000
0.233000
1.899000
1.656000
2.658000
2.735000
0.000000
0.000000
0.000000
0.000000
1.155000
0.000000
0.000000
0.000000
2.289000
7.028000
2.038000
0.000000
1.531000
0.485000
2.576000
0.000000
0.000000
0.000000
1.963000
1.916000
0.000000
2.161000
4.553000
4.405000
2.182000
0.000000
0.000000
0.000000
0.000000
2.643000
0.000000
5.206000
3.925000
0.000000
2.049000
0.000000
0.000000
3.433000
0.000000
0.000000
2.656000
0.000000
0.000000
0.000000
0.746000
0.000000
2.845000
0.000000
1.023000
0.000000
0.000000
0.845000
0.000000
2.657000
5.130000
0.000000
0.000000
1.351000
0.000000
6.370000
0.312000
1.951000
1.091000
0.413000
2.271000
0.000000
0.303000
0.000000
0.753000
1.390000
0.845000
0.000000
1.835000
4.363000
0.000000
0.000000
2.181000
0.406000
0.000000
0.000000
2.848000
1.347000
2.759000
5.292000
1.088000
0.000000
6.178000
0.000000
1.248000
1.878000
0.544000
3.290000
2.177000
0.000000
0.246000
0.743000
1.825000
1.565000
0.000000
0.000000
0.000000
0.171000
1.083000
0.551000
0.000000
0.950000
0.825000
3.698000
1.810000
0.654000
3.138000
0.754000
0.000000
2.160000
1.928000
0.381000
0.632000
0.000000
5.448000
0.000000
0.000000
2.097000
0.000000
0.102000
1.430000
0.000000
2.288000
4.991000
4.270000
1.512000
0.000000
0.000000
0.982000
0.000000
0.000000
1.849000
0.000000
2.394000
1.694000
0.000000
1.157000
0.500000
0.129000
1.081000
0.797000
0.000000
0.000000
0.000000
0.000000
0.000000
2.050000
0.829000
0.000000
2.468000
0.000000
3.167000
0.000000
0.977000
1.573000
1.231000
4.150000
0.000000
0.000000
1.448000
0.000000
0.405000
0.000000
0.000000
0.000000
0.000000
1.591000
5.007000
0.000000
0.908000
1.684000
0.696000
2.791000
0.000000
0.000000
0.000000
0.000000
0.000000
0.234000
0.328000
0.172000
0.000000
0.000000
1.620000
0.000000
0.000000
0.743000
0.000000
0.000000
1.447000
1.652000
3.375000
0.127000
0.000000
0.520000
2.577000
4.863000
0.000000
1.054000
0.000000
0.000000
5.756000
1.680000
0.351000
0.834000
1.786000
2.142000
0.000000
0.000000
0.000000
4.568000
1.418000
0.413000
3.114000
2.802000
0.000000
0.332000
0.905000
0.000000
3.471000
1.777000
1.573000
0.949000
1.179000
0.909000
0.239000
0.000000
0.000000
2.846000
0.461000
0.000000
0.302000
9.315000
0.000000
1.098000
0.000000
0.000000
1.015000
3.132000
2.078000
0.773000
3.267000
0.000000
0.000000
0.000000
0.000000
0.000000
0.000000
0.000000
2.432000
0.258000
0.000000
0.000000
4.699000
0.006000
0.000000
0.483000
1.797000
0.000000
0.000000
2.412000
0.650000
0.000000
2.668000
2.579000
5.441000
0.000000
0.000000
2.400000
4.609000
2.303000
0.661000
0.806000
0.000000
0.508000
1.683000
0.000000
2.039000
2.410000
0.000000
2.507000
0.000000
5.467000
2.924000
1.373000
0.000000
0.000000
0.000000
1.276000
7.475000
0.000000
0.000000
3.737000
2.903000
0.496000
1.031000
5.308000
5.306000
0.000000
1.512000
0.000000
0.000000
0.141000
0.996000
0.000000
0.498000
0.000000
1.914000
0.000000
0.000000
0.000000
0.000000
0.000000
0.000000
0.881000
0.113000
2.252000
5.301000
0.000000
0.000000
0.000000
0.000000
1.306000
0.000000
0.000000
2.796000
0.000000
0.000000
0.000000
0.000000
0.000000
0.194000
3.198000
0.000000
0.000000
2.244000
1.791000
0.000000
2.090000
2.061000
0.866000
0.356000
2.855000
2.328000
1.366000
0.817000
0.000000
0.852000
0.000000
1.786000
3.938000
1.554000
0.000000
3.483000
3.491000
0.000000
1.170000
0.279000
1.243000
1.610000
3.263000
1.366000
5.059000
1.150000
2.269000
0.000000
1.898000
0.000000
0.000000
0.665000
0.310000
0.284000
3.001000
0.045000
0.000000
0.000000
0.000000
0.000000
1.326000
4.404000
0.645000
0.000000
0.336000
2.586000
3.152000
0.000000
2.686000
3.590000
0.000000
1.949000
0.000000
0.000000
0.000000
1.764000
1.491000
1.717000
1.072000
0.000000
1.938000
0.664000
0.000000
0.000000
2.917000
0.878000
0.000000
0.627000
0.000000
1.625000
0.000000
0.000000
2.197000
1.589000
0.000000
0.693000
4.383000
1.157000
0.000000
1.210000
1.589000
1.280000
6.511000
1.756000
1.894000
2.701000
0.176000
0.475000
0.319000
0.478000
0.000000
0.000000
1.939000
0.000000
0.346000
1.005000
1.216000
0.440000
1.907000
0.659000
0.000000
0.535000
0.000000
0.000000
1.338000
2.695000
1.613000
0.596000
0.123000
2.257000
0.000000
2.720000
0.823000
3.563000
0.000000
0.335000
1.103000
0.000000
3.029000
0.000000
1.586000
4.657000
0.969000
2.892000
0.600000
0.000000
1.458000
0.000000
0.000000
4.641000
0.537000
0.000000
0.000000
0.741000
0.000000
0.000000
0.000000
0.000000
0.000000
0.000000
1.564000
0.000000
2.419000
1.355000
0.000000
1.198000
0.000000
1.936000
0.000000
1.615000
0.788000
1.857000
0.339000
0.000000
0.086000
5.384000
0.093000
0.000000
1.105000
1.307000
1.574000
0.000000
0.464000
0.000000
1.302000
2.384000
0.000000
0.698000
0.000000
0.000000
0.000000
1.194000
0.761000
1.437000
6.150000
4.875000
4.934000
0.000000
2.320000
0.970000
3.508000
1.402000
0.231000
2.276000
3.099000
4.384000
0.829000
0.135000
1.271000
0.000000
0.000000
0.000000
0.000000
0.000000
2.129000
0.051000
0.000000
1.407000
1.731000
5.484000
0.000000
0.406000
0.655000
2.625000
2.206000
0.000000
0.000000
0.000000
1.541000
0.345000
6.985000
4.417000
1.835000
3.133000
2.199000
0.000000
4.686000
0.000000
3.433000
0.000000
2.569000
2.027000
2.381000
0.000000
0.000000
5.526000
4.600000
0.975000
0.000000
0.000000
2.674000
3.411000
0.870000
0.434000
3.162000
0.000000
2.438000
1.263000
0.178000
0.000000
1.259000
3.766000
1.210000
0.000000
2.112000
1.276000
0.000000
0.000000
0.744000
0.000000
0.203000
0.000000
1.734000
2.847000
4.457000
1.903000
1.872000
0.784000
0.000000
0.000000
2.264000
0.000000
4.364000
0.000000
0.000000
0.208000
0.529000
0.761000
0.000000
4.680000
0.389000
0.059000
0.000000
0.000000
0.000000
0.219000
0.000000
2.666000
1.649000
1.891000
2.607000
0.000000
0.000000
0.000000
0.000000
0.260000
0.000000
3.607000
0.000000
2.319000
0.000000
0.000000
0.000000
1.448000
0.000000
2.405000
2.061000
0.000000
0.501000
1.008000
0.487000
0.000000
0.000000
0.000000
2.025000
0.000000
0.578000
0.000000
0.000000
2.106000
4.681000
0.520000
1.085000
0.000000
0.831000
1.451000
0.385000
0.000000
0.000000
3.231000
0.029000
2.234000
0.000000
0.000000
0.693000
0.000000
0.000000
1.492000
0.884000
0.000000
0.000000
0.000000
0.000000
0.000000
0.000000
0.000000
2.613000
0.000000
0.000000
0.458000
0.551000
1.736000
0.000000
0.000000
0.000000
2.043000
0.000000
0.000000
0.000000
0.000000
0.000000
0.362000
0.062000
0.372000
1.744000
1.102000
1.450000
0.000000
3.986000
2.865000
0.000000
0.765000
0.000000
0.000000
9.359000
0.000000
1.227000
0.000000
0.821000
0.000000
0.000000
2.940000
0.000000
0.910000
1.541000
1.372000
0.000000
0.000000
1.311000
1.563000
1.034000
1.868000
0.000000
1.473000
0.000000
0.000000
0.000000
1.222000
3.194000
2.948000
4.120000
0.000000
0.000000
0.000000
0.000000
1.353000
2.199000
2.398000
0.919000
1.683000
0.000000
0.000000
1.266000
0.000000
0.993000
0.027000
0.000000
0.000000
0.000000
0.000000
0.093000
0.000000
1.792000
0.738000
0.000000
0.673000
0.000000
0.000000
0.373000
0.000000
0.608000
2.775000
0.000000
0.000000
0.000000
1.487000
1.031000
1.043000
4.293000
5.010000
2.805000
1.084000
1.191000
0.000000
0.000000
0.846000
0.804000
0.000000
0.351000
0.122000
0.000000
0.000000
1.161000
0.000000
0.000000
3.614000
0.863000
0.000000
0.000000
0.341000
0.189000
1.476000
0.000000
0.714000
1.878000
0.825000
0.000000
1.180000
0.000000
0.374000
0.000000
0.000000
0.000000
0.000000
3.421000
0.378000
2.110000
1.533000
2.898000
0.000000
0.992000
0.000000
0.000000
0.075000
0.000000
3.822000
1.032000
1.585000
1.471000
0.000000
1.052000
1.790000
0.000000
1.229000
0.000000
0.000000
0.000000
0.000000
0.000000
0.000000
0.000000
1.859000
0.000000
0.000000
0.000000
1.709000
1.817000
1.141000
0.000000
0.276000
1.627000
0.000000
1.127000
1.173000
0.399000
0.000000
0.000000
2.448000
0.975000
0.041000
3.204000
0.000000
2.522000
0.000000
0.000000
0.727000
0.000000
0.000000
0.000000
0.000000
0.051000
0.000000
0.000000
1.377000
1.085000
0.000000
0.000000
0.000000
0.000000
0.000000
2.944000
1.219000
0.000000
3.393000
1.938000
1.054000
0.000000
2.148000
4.055000
1.488000
2.603000
0.000000
2.545000
0.000000
0.000000
0.533000
3.936000
2.141000
0.000000
1.462000
0.806000
0.000000
0.905000
1.672000
1.881000
0.616000
1.117000
0.000000
0.000000
0.000000
0.162000
0.000000
0.090000
5.599000
0.848000
1.129000
0.000000
0.492000
2.014000
0.202000
0.766000
1.320000
0.000000
1.467000
1.106000
0.109000
0.502000
0.828000
1.820000
0.000000
0.000000
2.741000
0.000000
0.491000
0.000000
1.010000
1.554000
0.000000
0.000000
3.705000
0.570000
0.896000
0.000000
1.140000
0.000000
0.000000
2.642000
0.000000
0.000000
0.000000
0.631000
0.652000
0.000000
0.369000
0.000000
1.343000
2.526000
7.565000
0.000000
0.000000
2.609000
0.383000
0.000000
3.361000
0.564000
0.024000
0.000000
0.183000
3.217000
2.421000
2.250000
0.000000
0.000000
0.000000
0.000000
0.000000
1.090000
0.000000
0.000000
0.217000
0.529000
0.916000
1.380000
1.180000
0.000000
1.040000
0.000000
0.000000
0.000000
0.711000
0.000000
0.000000
0.000000
0.000000
0.390000
0.000000
0.000000
0.206000
0.637000
0.000000
0.000000
0.887000
0.000000
0.000000
0.000000
2.103000
1.649000
0.237000
0.000000
2.952000
0.000000
0.000000
1.522000
1.071000
0.266000
1.212000
0.000000
0.567000
0.670000
0.000000
1.735000
1.764000
0.000000
0.000000
0.000000
0.995000
0.000000
0.000000
1.753000
0.335000
0.373000
0.789000
3.378000
0.000000
2.016000
0.429000
0.972000
0.000000
0.648000
0.386000
0.832000
1.658000
0.000000
0.000000
0.000000
0.000000
2.224000
0.000000
0.209000
0.302000
1.138000
0.174000
0.756000
1.785000
0.768000
1.218000
3.069000
0.000000
1.123000
1.056000
0.000000
0.614000
0.000000
0.000000
0.605000
0.000000
0.000000
0.000000
0.000000
0.000000
2.861000
0.000000
1.411000
0.479000
3.339000
0.930000
0.973000
0.000000
0.577000
0.000000
0.295000
0.000000
0.573000
1.279000
2.579000
0.083000
2.530000
0.042000
0.000000
0.000000
1.660000
0.000000
0.545000
2.935000
0.000000
0.650000
0.000000
0.000000
0.048000
0.505000
0.000000
1.185000
0.507000
2.014000
1.095000
2.033000
0.000000
1.829000
0.000000
0.573000
0.000000
0.000000
3.025000
0.000000
0.144000
0.000000
2.845000
0.342000
2.334000
0.000000
0.760000
0.036000
0.300000
2.222000
2.505000
1.798000
0.000000
0.000000
0.000000
0.000000
0.357000
0.954000
0.000000
0.000000
2.340000
0.000000
0.000000
0.000000
4.033000
1.919000
1.146000
0.000000
0.000000
0.000000
0.000000
0.000000
0.415000
0.000000
0.973000
0.686000
0.000000
0.429000
1.898000
0.000000
0.067000
0.328000
0.000000
4.229000
0.000000
1.717000
2.962000
0.987000
0.989000
0.000000
0.000000
0.015000
1.104000
1.311000
3.000000
0.000000
1.760000
2.534000
0.392000
0.037000
1.211000
0.135000
4.126000
1.449000
0.158000
0.000000
0.000000
2.352000
3.097000
0.000000
0.000000
0.000000
0.000000
0.547000
0.000000
0.000000
0.000000
1.994000
1.674000
0.000000
0.000000
4.535000
0.000000
2.582000
0.000000
0.000000
0.000000
0.070000
0.000000
0.350000
0.000000
0.165000
0.000000
0.000000
0.000000
1.958000
2.314000
0.000000
1.960000
2.962000
0.149000
0.000000
0.000000
0.000000
2.998000
0.745000
0.000000
0.000000
0.000000
0.000000
1.289000
0.000000
0.605000
1.812000
0.000000
0.760000
0.000000
0.000000
2.420000
3.059000
0.284000
1.521000
0.000000
0.040000
4.189000
0.000000
0.000000
0.000000
0.000000
0.000000
0.000000
2.891000
0.000000
2.091000
0.000000
0.000000
1.221000
0.000000
0.000000
0.444000
2.067000
0.528000
0.009000
0.000000
1.147000
1.480000
1.796000
0.000000
1.114000
1.588000
1.676000
0.416000
0.000000
0.000000
2.783000
0.000000
0.000000
1.516000
1.308000
0.000000
0.000000
0.603000
0.000000
0.000000
0.000000
0.000000
3.084000
0.550000
0.321000
2.954000
0.000000
0.000000
0.000000
0.399000
0.162000
1.046000
0.762000
1.805000
0.000000
0.000000
0.967000
0.000000
1.015000
0.679000
0.895000
0.017000
0.029000
0.930000
3.330000
0.526000
0.410000
0.000000
1.032000
1.025000
0.000000
0.000000
2.222000
0.000000
0.000000
0.000000
0.000000
0.000000
0.958000
0.000000
0.000000
0.000000
0.306000
0.000000
0.000000
0.365000
0.813000
0.000000
0.564000
0.000000
0.000000
0.638000
0.000000
0.332000
0.000000
0.000000
1.647000
0.000000
0.269000
0.000000
0.294000
0.000000
0.000000
0.369000
0.000000
0.000000
0.784000
0.000000
0.000000
0.000000
0.000000
0.000000
0.074000
1.961000
0.000000
0.840000
2.101000
0.437000
0.000000
0.000000
1.841000
0.000000
0.158000
0.000000
2.070000
0.000000
0.000000
0.103000
1.259000
0.000000
0.614000
1.047000
0.996000
0.000000
0.000000
0.000000
2.636000
0.068000
0.055000
0.510000
0.057000
0.263000
0.000000
0.000000
0.188000
1.096000
0.047000
0.000000
0.000000
0.000000
0.661000
0.222000
0.000000
0.000000
0.000000
1.207000
0.000000
0.551000
0.000000
0.000000
1.046000
0.000000
0.000000
0.674000
0.000000
0.000000
0.000000
0.442000
1.187000
0.607000
0.000000
0.122000
0.453000
0.000000
0.000000
0.000000
0.257000
0.000000
1.960000
0.000000
0.000000
0.547000
0.460000
1.242000
0.584000
0.000000
0.000000
1.849000
0.000000
0.167000
0.364000
0.280000
0.000000
0.742000
0.000000
0.482000
0.000000
0.284000
1.758000
0.906000
1.349000
1.275000
0.000000
0.000000
0.977000
0.143000
3.658000
0.000000
1.499000
0.316000
0.000000
2.921000
0.590000
0.000000
0.000000
0.000000
0.572000
0.000000
0.000000
0.000000
0.000000
4.040000
2.321000
0.465000
0.000000
0.000000
0.937000
0.000000
2.094000
0.000000
0.000000
0.390000
0.743000
0.138000
1.593000
0.000000
0.543000
0.000000
0.000000
0.000000
0.000000
0.765000
0.579000
0.000000
0.000000
0.000000
0.000000
0.000000
0.422000
1.000000
2.239000
0.000000
1.800000
1.911000
2.647000
0.000000
1.293000
1.327000
1.499000
0.000000
0.795000
0.237000
0.278000
0.412000
0.259000
0.610000
0.036000
0.000000
0.934000
0.000000
1.787000
0.000000
0.000000
0.000000
0.000000
1.463000
0.745000
0.000000
0.000000
3.916000
0.959000
0.000000
5.031000
1.705000
0.910000
1.319000
0.000000
0.000000
0.000000
0.000000
0.000000
0.000000
0.005000
1.892000
0.000000
0.614000
0.000000
0.000000
0.000000
4.564000
1.127000
1.559000
0.000000
0.000000
1.176000
0.685000
1.154000
0.000000
0.000000
0.033000
1.608000
1.101000
0.000000
0.000000
0.000000
2.329000
1.834000
0.000000
0.000000
1.252000
0.000000
0.228000
0.000000
1.137000
0.000000
0.939000
0.000000
0.000000
0.000000
0.000000
0.274000
0.000000
0.000000
0.000000
0.000000
2.373000
0.000000
0.000000
0.000000
0.515000
0.000000
0.891000
0.000000
0.651000
0.000000
0.000000
0.000000
2.687000
0.000000
0.000000
1.729000
2.133000
0.167000
0.608000
2.864000
0.710000
0.811000
1.951000
0.000000
0.000000
0.107000
0.000000
0.000000
0.000000
0.566000
1.327000
0.000000
0.000000
0.000000
0.000000
0.000000
0.000000
0.000000
1.158000
0.941000
0.000000
0.000000
1.512000
0.000000
0.000000
0.000000
0.000000
0.000000
0.000000
0.000000
1.643000
0.000000
2.051000
4.350000
4.454000
0.534000
0.000000
0.000000
0.354000
0.000000
0.000000
0.000000
0.000000
0.000000
0.000000
0.000000
0.829000
4.435000
0.735000
1.181000
0.000000
0.000000
0.000000
0.045000
1.617000
0.000000
0.000000
0.000000
0.095000
0.000000
0.000000
0.647000
0.000000
0.000000
0.764000
0.000000
0.000000
0.000000
1.152000
0.000000
0.000000
0.861000
0.000000
1.359000
0.000000
0.000000
0.000000
1.584000
1.896000
0.000000
0.000000
0.000000
0.612000
1.431000
0.000000
0.000000
0.000000
0.000000
0.300000
0.000000
2.809000
1.371000
0.423000
0.766000
0.000000
0.000000
0.000000
0.000000
0.000000
0.714000
3.750000
0.000000
0.000000
0.000000
0.000000
2.778000
0.756000
0.000000
0.000000
1.163000
1.014000
1.719000
0.000000
2.746000
0.000000
0.106000
0.000000
1.087000
0.000000
0.000000
0.000000
0.000000
2.498000
0.000000
0.000000
0.000000
4.381000
0.455000
0.135000
0.000000
0.000000
0.000000
1.768000
0.598000
0.000000
0.000000
1.479000
1.660000
0.000000
0.383000
2.467000
0.000000
0.000000
0.000000
0.000000
0.217000
0.000000
0.701000
0.000000
0.106000
1.429000
0.000000
0.000000
0.000000
0.000000
0.635000
0.369000
0.000000
0.016000
2.046000
0.000000
4.026000
0.000000
0.220000
1.806000
1.366000
0.000000
3.298000
1.285000
1.275000
2.509000
3.082000
0.483000
0.564000
0.000000
2.277000
3.661000
1.030000
1.203000
0.000000
0.954000
0.081000
4.560000
2.099000
1.819000
6.104000
0.000000
0.764000
0.344000
0.456000
0.000000
0.000000
0.073000
0.433000
0.900000
0.000000
1.110000
0.000000
1.999000
0.000000
0.000000
0.415000
1.528000
2.849000
1.269000
0.000000
0.000000
0.074000
0.000000
0.000000
0.000000
0.502000
0.000000
0.000000
0.132000
0.000000
0.000000
0.000000
0.000000
1.236000
0.000000
0.000000
0.000000
