15.782000
3.519000
8.817000
8.217000
5.252000
8.082000
9.439000
8.176000
8.663000
9.523000
10.250000
5.503000
8.707000
12.302000
5.803000
14.606000
6.520000
5.625000
4.769000
8.407000
13.126000
8.752000
10.726000
5.991000
10.225000
11.034000
6.967000
5.442000
11.203000
7.679000
8.745000
7.981000
11.034000
11.173000
6.683000
10.380000
9.462000
10.615000
9.852000
7.548000
6.258000
15.912000
13.710000
7.980000
4.015000
8.104000
5.586000
14.384000
5.453000
11.034000
12.415000
12.904000
11.855000
3.538000
8.322000
11.592000
9.713000
8.491000
17.277000
10.550000
4.925000
4.827000
11.088000
10.239000
10.453000
8.352000
10.667000
14.749000
12.032000
13.454000
11.896000
12.707000
17.430000
2.621000
13.795000
12.262000
7.410000
13.573000
14.743000
8.152000
9.876000
13.110000
10.763000
13.069000
15.332000
17.437000
11.975000
4.353000
7.781000
9.743000
7.167000
17.009000
14.772000
13.452000
17.165000
12.084000
7.653000
7.287000
10.600000
15.225000
7.466000
13.832000
12.688000
17.964000
9.852000
10.419000
10.692000
11.949000
8.208000
21.811000
12.216000
12.569000
13.488000
14.803000
12.154000
16.266000
7.205000
10.645000
6.254000
17.660000
12.891000
7.363000
6.548000
4.790000
7.559000
12.829000
6.143000
13.044000
14.727000
15.396000
8.507000
11.873000
9.025000
12.721000
11.263000
5.415000
5.219000
14.116000
10.289000
10.883000
13.737000
5.979000
15.578000
11.518000
8.654000
12.320000
11.131000
10.563000
12.580000
6.046000
7.124000
6.489000
10.410000
12.717000
4.811000
13.252000
13.611000
16.673000
11.191000
6.265000
12.478000
6.998000
10.392000
10.280000
11.402000
8.754000
6.706000
4.541000
10.792000
7.361000
2.537000
12.532000
10.976000
12.189000
7.761000
5.110000
3.956000
11.146000
10.361000
3.771000
12.937000
4.910000
7.975000
11.026000
5.913000
4.741000
5.787000
9.351000
9.588000
8.686000
8.685000
3.172000
11.344000
4.448000
11.139000
7.549000
13.506000
7.178000
15.716000
17.803000
4.990000
3.596000
5.244000
16.262000
3.955000
16.191000
8.121000
7.167000
9.040000
3.241000
10.135000
4.483000
7.665000
13.568000
7.531000
8.340000
6.496000
12.495000
9.683000
11.084000
5.428000
5.762000
5.356000
9.864000
5.273000
5.110000
1.557000
7.568000
14.370000
6.144000
10.988000
13.858000
4.362000
12.632000
11.579000
12.392000
3.710000
9.866000
13.494000
5.635000
0.738000
7.332000
4.979000
12.711000
10.631000
6.079000
12.555000
12.079000
15.025000
7.996000
3.246000
5.065000
2.598000
7.867000
7.070000
4.167000
7.075000
16.714000
14.264000
11.684000
10.622000
4.011000
4.215000
9.352000
15.124000
10.211000
3.891000
13.663000
6.069000
9.506000
17.212000
10.998000
17.504000
8.907000
11.694000
9.135000
7.628000
8.233000
11.727000
4.306000
14.712000
7.257000
8.681000
6.257000
5.378000
12.197000
17.837000
14.448000
10.309000
9.699000
11.925000
4.853000
8.858000
13.203000
8.401000
5.773000
13.646000
7.534000
9.760000
12.011000
4.789000
6.829000
9.843000
10.099000
12.596000
15.810000
12.921000
2.793000
15.119000
11.568000
10.558000
4.585000
9.433000
14.595000
13.450000
25.267000
9.669000
16.690000
16.900000
9.707000
9.797000
4.702000
7.822000
10.383000
10.113000
11.697000
9.733000
15.345000
13.018000
9.054000
7.960000
16.272000
10.228000
12.996000
8.863000
7.132000
5.721000
13.135000
14.496000
16.375000
11.660000
5.695000
7.950000
10.402000
12.315000
7.991000
18.799000
7.104000
17.373000
11.572000
11.196000
7.713000
16.508000
8.329000
14.005000
7.805000
11.186000
15.436000
10.216000
19.130000
7.753000
11.137000
14.375000
15.780000
11.743000
11.359000
13.783000
8.832000
15.963000
14.592000
6.719000
10.020000
12.235000
8.681000
1.671000
14.583000
9.844000
7.406000
12.436000
10.195000
11.242000
14.234000
4.426000
14.313000
12.512000
12.271000
9.904000
20.002000
4.513000
17.295000
9.306000
8.045000
5.615000
9.825000
17.021000
6.453000
7.000000
11.788000
8.146000
9.672000
15.998000
11.116000
5.069000
12.447000
18.156000
13.959000
5.218000
13.951000
13.494000
8.849000
9.539000
1.793000
14.548000
11.623000
12.346000
14.367000
9.178000
11.952000
12.126000
15.355000
8.947000
7.066000
13.431000
11.190000
8.939000
8.807000
5.040000
11.662000
8.521000
14.545000
20.895000
7.598000
7.491000
13.711000
12.145000
14.474000
15.127000
4.797000
13.380000
10.350000
7.875000
14.554000
16.252000
8.039000
10.375000
12.820000
12.540000
9.747000
13.074000
15.614000
15.763000
12.860000
15.073000
12.165000
17.246000
5.920000
8.764000
12.049000
11.568000
7.020000
11.502000
5.842000
14.030000
12.471000
8.948000
9.821000
17.307000
7.937000
11.232000
12.188000
11.475000
11.531000
7.245000
13.049000
6.255000
9.173000
15.280000
10.354000
2.559000
11.579000
7.009000
11.150000
7.731000
12.346000
14.064000
7.325000
11.553000
11.845000
9.343000
13.190000
6.271000
15.899000
12.811000
12.784000
11.234000
11.953000
10.151000
9.239000
16.285000
11.238000
10.060000
8.719000
8.965000
15.645000
11.055000
13.541000
10.797000
15.547000
4.973000
10.632000
13.886000
10.727000
6.732000
9.851000
11.753000
8.282000
12.332000
10.563000
17.519000
10.027000
7.639000
11.127000
8.895000
9.480000
8.065000
12.941000
9.157000
8.021000
23.281000
8.028000
11.686000
12.643000
11.479000
16.988000
14.378000
9.035000
10.080000
12.245000
11.940000
12.326000
12.609000
9.596000
9.016000
9.217000
11.798000
6.580000
11.329000
9.831000
8.659000
12.630000
11.844000
7.829000
7.077000
13.351000
8.565000
17.692000
8.183000
10.228000
11.725000
3.806000
7.165000
5.668000
10.831000
5.215000
11.417000
10.498000
7.604000
10.490000
7.705000
11.745000
13.000000
22.822000
7.109000
11.537000
7.364000
16.346000
5.478000
13.788000
12.031000
12.480000
11.943000
10.280000
11.951000
10.183000
3.020000
10.571000
8.039000
10.413000
13.213000
7.868000
12.244000
11.236000
9.463000
9.734000
8.558000
10.878000
15.943000
9.096000
9.162000
12.210000
6.912000
11.662000
24.000000
11.512000
10.157000
18.316000
7.920000
10.511000
7.601000
10.996000
8.086000
12.391000
10.893000
9.785000
8.002000
13.763000
9.723000
9.060000
9.111000
11.563000
13.173000
11.717000
10.391000
10.974000
11.156000
12.862000
12.782000
5.517000
4.092000
13.967000
14.387000
21.280000
11.856000
14.112000
16.715000
7.354000
8.428000
9.536000
6.941000
8.480000
6.246000
7.968000
13.895000
7.572000
7.292000
8.332000
12.622000
17.855000
12.092000
13.872000
6.422000
11.708000
4.271000
13.456000
14.028000
10.377000
5.220000
16.083000
9.000000
5.102000
6.814000
11.031000
4.978000
10.399000
5.160000
10.437000
7.731000
10.383000
8.583000
8.953000
11.873000
20.487000
8.027000
10.245000
9.796000
7.589000
6.780000
6.902000
6.940000
8.288000
7.256000
17.103000
10.789000
6.760000
13.218000
11.725000
10.574000
5.024000
9.394000
3.940000
16.114000
12.196000
6.859000
11.293000
11.460000
5.657000
21.881000
8.295000
6.291000
10.436000
14.980000
7.528000
9.570000
8.741000
13.891000
16.668000
10.261000
12.447000
9.230000
16.759000
9.629000
7.052000
8.536000
17.937000
13.647000
14.940000
26.444000
13.729000
20.614000
4.378000
5.981000
8.354000
6.194000
10.173000
11.690000
10.461000
8.529000
8.570000
4.889000
9.864000
18.459000
3.902000
6.000000
8.651000
11.572000
11.124000
9.743000
7.794000
8.335000
5.422000
11.016000
5.898000
11.525000
3.317000
4.840000
10.756000
8.347000
16.343000
12.328000
17.419000
6.633000
8.510000
7.662000
7.025000
8.575000
6.684000
15.902000
7.597000
11.674000
14.733000
9.858000
7.036000
5.910000
8.980000
13.175000
10.583000
9.928000
7.822000
20.794000
18.243000
6.403000
6.167000
17.413000
11.464000
13.417000
11.360000
9.801000
20.723000
25.961000
6.602000
10.546000
4.321000
12.530000
11.860000
2.130000
4.243000
10.538000
7.534000
9.949000
10.852000
16.596000
6.803000
8.548000
10.340000
8.701000
7.217000
6.364000
7.359000
9.611000
10.810000
10.253000
9.522000
6.531000
7.043000
5.266000
9.920000
7.538000
12.057000
12.925000
4.978000
18.154000
9.396000
5.929000
10.857000
10.100000
14.103000
12.299000
12.662000
9.327000
5.384000
11.110000
7.731000
13.457000
15.220000
11.821000
4.754000
11.709000
6.620000
15.785000
11.159000
15.016000
13.267000
12.502000
12.974000
6.583000
14.470000
9.001000
8.281000
9.339000
11.402000
6.626000
14.276000
6.528000
7.481000
22.631000
14.311000
1.787000
7.912000
13.928000
8.581000
16.383000
9.483000
15.583000
7.959000
8.381000
18.008000
8.934000
5.043000
10.979000
6.752000
10.984000
8.766000
10.236000
7.650000
15.350000
9.485000
5.522000
8.068000
13.529000
12.265000
11.520000
11.464000
7.551000
11.700000
10.479000
16.732000
9.052000
10.650000
5.481000
5.627000
10.359000
9.039000
9.965000
5.822000
3.017000
10.410000
13.299000
9.077000
9.056000
10.654000
7.151000
8.828000
10.211000
4.423000
9.705000
7.430000
9.442000
8.447000
16.490000
5.608000
7.245000
15.690000
8.417000
13.178000
20.017000
10.679000
8.988000
15.952000
6.481000
13.503000
8.836000
15.755000
14.307000
17.045000
10.425000
5.509000
24.629000
6.206000
11.551000
3.821000
17.102000
6.084000
9.061000
10.083000
9.754000
8.162000
11.093000
6.939000
7.880000
8.033000
8.128000
8.664000
11.160000
9.471000
6.161000
14.962000
6.316000
17.594000
7.931000
11.185000
16.415000
6.854000
15.100000
10.773000
6.012000
8.145000
2.616000
10.516000
1.529000
12.501000
14.002000
7.420000
9.680000
13.052000
6.802000
1.575000
3.527000
5.877000
6.219000
6.160000
14.803000
3.369000
7.845000
10.732000
11.320000
13.701000
5.080000
10.584000
14.351000
13.451000
14.700000
8.277000
6.600000
10.679000
11.339000
6.432000
5.270000
9.069000
19.550000
15.785000
15.069000
14.554000
6.408000
23.039000
10.440000
11.201000
5.219000
5.835000
10.516000
7.120000
6.958000
14.091000
16.257000
2.419000
1.828000
8.798000
10.537000
20.413000
19.079000
13.894000
6.580000
1.356000
7.809000
7.539000
3.889000
10.760000
8.680000
3.550000
0.495000
4.384000
2.663000
4.788000
10.739000
5.729000
2.463000
13.561000
2.753000
2.294000
2.412000
4.080000
7.900000
10.616000
18.719000
15.915000
6.679000
1.579000
5.847000
10.165000
4.136000
6.716000
2.918000
0.744000
3.963000
5.951000
15.856000
5.539000
2.472000
8.457000
3.524000
10.528000
0.414000
12.010000
0.000000
3.505000
13.918000
1.279000
4.504000
21.128000
2.780000
4.921000
4.025000
3.709000
5.760000
11.853000
2.901000
4.126000
2.529000
1.559000
2.163000
5.208000
3.219000
4.924000
4.270000
1.372000
11.821000
0.000000
0.228000
4.576000
3.930000
0.000000
24.076000
10.727000
0.054000
23.223000
9.655000
8.119000
15.208000
7.418000
8.776000
1.423000
1.038000
16.533000
22.146000
1.551000
24.455000
2.113000
11.706000
13.999000
17.424000
17.781000
0.660000
12.314000
3.609000
3.307000
13.716000
6.026000
1.785000
11.597000
1.297000
4.777000
15.183000
11.448000
6.705000
5.180000
14.579000
3.987000
8.754000
13.780000
3.634000
23.274000
10.554000
1.989000
12.811000
19.665000
7.435000
2.704000
2.712000
22.770000
3.205000
5.759000
3.557000
9.050000
3.945000
11.502000
7.082000
3.921000
8.283000
2.488000
10.881000
4.841000
15.809000
10.079000
11.303000
6.799000
16.902000
7.332000
11.886000
13.128000
11.179000
25.348000
10.176000
11.414000
19.025000
9.788000
11.870000
4.595000
8.275000
7.100000
16.520000
12.556000
6.059000
13.632000
13.529000
14.290000
9.150000
10.625000
13.318000
16.348000
2.053000
0.000000
5.933000
12.678000
16.840000
8.149000
18.898000
13.595000
3.326000
3.362000
5.398000
10.793000
8.892000
15.859000
1.566000
2.508000
6.136000
19.001000
10.634000
8.183000
9.838000
16.321000
15.532000
17.960000
1.736000
5.819000
10.910000
9.215000
8.806000
7.520000
0.706000
14.657000
10.448000
19.882000
9.760000
14.161000
18.963000
21.518000
4.395000
13.008000
15.091000
10.244000
14.035000
16.941000
5.813000
1.949000
11.713000
11.783000
11.744000
13.199000
6.557000
16.390000
8.451000
6.613000
11.142000
10.667000
1.928000
19.081000
11.892000
13.804000
12.234000
11.773000
9.744000
12.200000
7.701000
11.477000
15.176000
3.014000
13.461000
14.892000
9.587000
18.549000
3.929000
15.131000
5.453000
6.409000
9.361000
17.096000
10.958000
8.838000
14.080000
8.383000
9.322000
14.864000
12.113000
13.335000
18.708000
11.109000
11.197000
7.523000
8.760000
3.645000
14.888000
10.158000
0.000000
18.680000
8.227000
9.992000
12.658000
13.047000
7.046000
10.351000
7.910000
12.959000
7.002000
6.295000
3.488000
6.488000
5.143000
8.128000
4.167000
14.414000
11.924000
4.148000
12.901000
6.739000
9.492000
5.012000
12.557000
11.205000
9.697000
6.260000
22.870000
4.531000
7.266000
5.912000
8.266000
7.610000
3.122000
9.150000
12.194000
6.820000
9.189000
8.923000
7.004000
8.850000
8.990000
8.877000
16.566000
8.444000
9.203000
4.933000
9.750000
14.068000
8.072000
13.396000
2.490000
9.233000
11.094000
6.491000
4.614000
9.030000
9.091000
1.494000
5.946000
7.115000
7.480000
20.033000
6.418000
7.845000
11.221000
9.049000
10.563000
4.117000
9.732000
7.475000
8.129000
6.107000
2.573000
10.073000
4.674000
4.975000
10.396000
10.385000
3.482000
7.133000
9.860000
4.372000
9.604000
10.834000
2.780000
11.863000
10.124000
4.762000
8.467000
13.435000
17.072000
7.543000
16.623000
6.901000
6.856000
4.500000
7.173000
13.521000
1.740000
6.611000
1.672000
12.718000
7.169000
4.080000
10.701000
7.197000
9.783000
4.793000
11.205000
8.695000
7.539000
0.000000
6.373000
4.789000
7.558000
3.784000
11.941000
5.416000
21.055000
2.124000
4.916000
11.761000
5.210000
12.955000
10.391000
21.122000
1.376000
3.692000
18.925000
10.242000
9.645000
4.477000
11.244000
7.379000
13.617000
6.033000
5.810000
2.750000
7.072000
2.811000
10.133000
8.541000
7.495000
5.957000
5.300000
6.598000
6.869000
9.186000
8.375000
6.396000
8.604000
1.708000
5.736000
8.952000
7.028000
11.659000
6.309000
5.725000
8.365000
7.451000
6.982000
14.880000
26.585000
11.374000
4.440000
24.267000
2.700000
5.487000
19.991000
10.594000
9.226000
10.393000
11.727000
9.066000
7.323000
7.682000
19.071000
6.293000
12.232000
15.965000
11.341000
13.192000
7.406000
23.740000
14.619000
7.621000
10.608000
18.256000
25.610000
9.021000
19.354000
12.134000
26.185000
7.055000
7.994000
9.963000
2.035000
8.982000
6.338000
11.679000
12.342000
8.136000
7.472000
12.041000
6.983000
14.929000
14.499000
9.750000
8.916000
17.977000
13.624000
12.065000
11.150000
11.842000
6.612000
10.447000
8.107000
7.329000
11.725000
5.792000
6.737000
11.759000
13.704000
17.608000
10.771000
6.952000
3.574000
7.494000
6.751000
5.367000
8.701000
12.308000
5.924000
4.749000
20.958000
6.526000
10.076000
16.484000
14.186000
17.407000
6.489000
10.439000
14.716000
7.611000
8.915000
11.667000
14.997000
18.463000
8.373000
15.417000
7.771000
9.078000
9.397000
14.805000
13.501000
11.748000
9.421000
7.139000
8.482000
14.094000
17.958000
8.964000
10.729000
6.063000
11.348000
16.233000
8.181000
4.800000
10.876000
8.366000
6.464000
9.858000
8.040000
10.905000
14.471000
13.709000
8.946000
8.698000
6.497000
9.585000
9.997000
7.971000
8.763000
9.268000
5.027000
4.940000
15.809000
11.046000
12.056000
12.725000
8.631000
10.176000
10.485000
15.679000
10.247000
10.778000
9.153000
7.616000
12.602000
8.998000
8.810000
7.037000
9.983000
11.083000
5.733000
9.829000
24.747000
20.046000
9.005000
12.030000
5.925000
10.809000
9.279000
12.139000
11.740000
12.526000
7.255000
7.612000
6.565000
7.497000
10.496000
8.862000
6.673000
10.233000
8.027000
7.491000
13.854000
11.853000
15.202000
1.721000
15.146000
12.024000
7.505000
11.493000
6.232000
11.010000
9.413000
6.087000
12.011000
10.774000
5.924000
6.694000
9.264000
8.752000
13.215000
10.641000
12.451000
7.587000
9.925000
8.339000
7.620000
6.640000
15.178000
6.855000
10.394000
11.660000
14.612000
8.199000
10.746000
11.503000
6.180000
5.007000
12.949000
13.080000
4.495000
8.002000
10.374000
7.571000
26.580000
6.879000
14.134000
12.266000
8.431000
10.886000
12.141000
6.890000
11.034000
11.192000
12.809000
10.132000
6.940000
9.127000
11.463000
9.019000
13.333000
11.181000
15.191000
11.295000
11.678000
9.781000
8.930000
2.858000
11.677000
10.327000
8.414000
11.341000
10.440000
9.311000
13.698000
9.699000
7.178000
9.865000
14.381000
9.921000
8.346000
13.304000
9.875000
7.255000
8.562000
1.013000
5.776000
12.209000
5.465000
8.608000
7.436000
14.060000
8.331000
6.974000
11.965000
7.049000
9.431000
9.138000
8.611000
18.180000
6.380000
4.459000
12.253000
16.158000
4.715000
7.648000
12.495000
8.348000
8.313000
12.110000
6.949000
7.544000
13.003000
8.379000
9.618000
8.092000
15.151000
11.064000
2.403000
7.935000
11.861000
5.939000
6.752000
6.506000
7.519000
13.279000
10.364000
10.308000
11.393000
12.314000
15.395000
13.439000
7.419000
6.823000
1.369000
4.655000
5.458000
12.005000
11.951000
10.214000
5.054000
4.969000
7.058000
9.840000
6.264000
4.200000
7.778000
20.645000
12.310000
1.934000
14.196000
8.965000
5.228000
2.943000
8.625000
5.626000
8.139000
5.050000
3.514000
16.878000
5.270000
3.493000
5.499000
5.761000
2.230000
5.587000
11.481000
5.784000
4.845000
3.983000
7.358000
5.716000
10.374000
5.155000
9.341000
5.036000
9.081000
12.018000
5.625000
7.056000
6.941000
7.571000
5.237000
13.067000
5.802000
8.606000
9.040000
19.195000
12.769000
9.236000
7.733000
2.854000
3.920000
6.822000
2.713000
11.467000
5.806000
10.449000
9.394000
14.741000
10.781000
0.000000
11.897000
9.349000
4.754000
7.247000
9.152000
12.125000
6.978000
10.442000
4.441000
9.900000
7.809000
9.088000
5.431000
13.044000
7.568000
8.561000
0.729000
7.102000
10.115000
8.329000
15.446000
2.308000
0.543000
7.647000
13.469000
6.514000
8.123000
0.548000
6.499000
23.601000
5.514000
6.119000
6.637000
9.733000
1.755000
1.010000
2.101000
4.726000
13.136000
9.164000
4.807000
9.852000
0.299000
7.591000
6.550000
5.521000
2.193000
8.783000
15.204000
1.179000
6.458000
9.242000
20.808000
9.897000
10.031000
16.238000
6.752000
4.908000
5.399000
5.532000
3.977000
13.932000
5.464000
0.743000
1.515000
9.429000
10.648000
3.791000
4.249000
7.237000
0.622000
20.437000
7.847000
13.198000
2.491000
16.111000
14.226000
11.886000
4.545000
16.133000
8.025000
10.048000
7.388000
3.193000
2.390000
6.822000
7.513000
7.533000
2.447000
14.192000
21.406000
21.082000
9.167000
9.208000
4.482000
12.180000
4.547000
8.318000
4.259000
3.576000
12.003000
5.810000
7.971000
4.216000
11.751000
2.700000
2.363000
1.610000
1.475000
14.932000
11.746000
5.801000
7.403000
14.904000
0.140000
9.521000
0.000000
9.171000
12.855000
0.000000
5.875000
6.200000
7.228000
17.913000
2.537000
18.281000
3.315000
18.367000
4.340000
11.359000
13.639000
11.651000
19.798000
7.258000
9.442000
18.832000
4.159000
9.168000
5.772000
6.578000
20.490000
2.397000
9.416000
2.416000
12.721000
17.854000
9.395000
1.595000
3.794000
19.238000
15.278000
1.984000
18.669000
9.432000
9.777000
9.691000
14.146000
6.435000
19.236000
15.426000
11.785000
13.412000
21.734000
4.113000
5.308000
5.941000
10.802000
13.835000
3.556000
11.127000
13.381000
2.611000
6.185000
4.588000
12.835000
9.925000
16.527000
16.372000
6.674000
7.911000
13.970000
15.761000
5.055000
9.798000
8.271000
9.497000
13.026000
15.282000
14.789000
19.031000
17.838000
5.741000
11.001000
6.017000
3.235000
4.669000
13.520000
16.512000
4.337000
16.777000
8.207000
2.874000
5.148000
11.143000
11.484000
11.845000
0.000000
14.704000
8.281000
22.688000
7.888000
7.233000
17.337000
10.097000
9.064000
12.444000
4.995000
11.395000
11.335000
14.016000
12.097000
9.115000
11.344000
15.415000
14.710000
9.876000
8.748000
1.419000
6.134000
11.644000
11.042000
9.064000
11.821000
21.649000
11.918000
11.173000
12.705000
13.186000
9.108000
13.974000
6.109000
11.353000
10.015000
11.356000
14.287000
14.596000
12.314000
10.465000
7.752000
4.141000
11.980000
17.584000
18.401000
11.299000
19.674000
5.920000
13.358000
8.784000
9.098000
7.588000
9.419000
18.046000
6.126000
8.048000
13.218000
7.521000
10.968000
8.558000
11.362000
1.911000
11.501000
14.020000
10.006000
16.961000
4.793000
7.845000
18.865000
13.973000
9.594000
14.652000
4.441000
21.157000
5.274000
6.643000
13.912000
11.310000
17.636000
7.720000
10.340000
7.655000
11.347000
10.967000
13.114000
4.073000
13.657000
8.033000
12.306000
9.011000
9.913000
22.326000
9.762000
10.613000
22.044000
8.776000
2.410000
9.873000
19.881000
11.836000
7.464000
12.211000
8.670000
11.727000
8.806000
13.384000
14.492000
12.870000
13.302000
8.561000
14.019000
17.545000
12.562000
23.535000
8.554000
9.953000
14.182000
12.153000
9.415000
9.614000
7.791000
10.127000
3.691000
11.576000
8.568000
9.190000
12.720000
13.990000
9.840000
0.000000
21.170000
14.671000
16.561000
13.917000
11.178000
13.434000
8.297000
9.156000
2.944000
1.210000
9.164000
13.238000
15.913000
6.401000
15.408000
19.523000
12.698000
16.656000
13.227000
14.058000
11.547000
11.890000
15.232000
5.154000
6.760000
12.259000
16.630000
12.485000
11.425000
11.743000
19.540000
12.030000
13.290000
11.137000
11.032000
14.734000
14.449000
7.280000
4.377000
4.399000
9.845000
10.119000
19.021000
13.180000
13.315000
5.210000
9.579000
16.760000
5.961000
9.924000
8.892000
14.331000
8.958000
11.779000
17.271000
9.387000
12.020000
7.215000
8.472000
15.868000
14.880000
13.847000
7.125000
9.722000
9.502000
5.145000
10.463000
8.927000
15.057000
10.806000
13.221000
6.199000
11.227000
11.948000
22.843000
6.323000
10.003000
9.315000
9.579000
19.645000
11.342000
15.120000
13.556000
6.232000
16.988000
10.996000
11.265000
5.792000
8.000000
12.808000
13.353000
8.531000
10.325000
17.853000
11.153000
15.638000
9.594000
9.934000
3.563000
16.728000
11.375000
13.583000
12.782000
12.687000
14.777000
12.522000
9.631000
9.385000
4.893000
13.317000
7.131000
6.931000
14.211000
7.920000
3.537000
11.160000
7.341000
18.783000
11.835000
13.636000
10.078000
6.803000
9.458000
7.097000
9.623000
11.889000
2.729000
9.852000
12.051000
7.817000
11.628000
3.077000
11.621000
11.587000
9.313000
5.962000
8.292000
15.957000
11.694000
9.580000
13.649000
8.162000
14.032000
14.055000
15.112000
12.083000
9.547000
10.409000
19.769000
6.950000
8.810000
10.047000
8.941000
12.570000
15.831000
8.296000
10.349000
18.419000
14.047000
9.334000
15.619000
7.562000
9.664000
4.018000
10.432000
16.029000
11.929000
10.921000
6.663000
13.561000
10.294000
11.103000
12.511000
9.172000
10.878000
5.986000
6.140000
15.940000
10.884000
9.092000
6.590000
13.396000
10.787000
16.209000
5.638000
15.675000
10.804000
3.000000
10.638000
16.578000
8.838000
13.391000
14.918000
12.811000
7.429000
12.607000
12.930000
20.002000
7.730000
5.913000
14.885000
10.728000
11.228000
7.742000
9.282000
10.416000
25.072000
18.045000
11.211000
14.993000
17.680000
11.322000
13.711000
19.917000
13.293000
13.387000
19.557000
11.542000
18.975000
15.265000
15.442000
8.582000
7.556000
10.103000
2.642000
11.746000
10.525000
13.774000
8.978000
10.612000
18.833000
16.130000
5.985000
10.425000
5.574000
14.923000
14.157000
11.330000
7.202000
10.623000
13.083000
16.974000
16.193000
13.769000
9.890000
13.355000
8.310000
17.249000
14.543000
7.236000
19.113000
9.114000
19.961000
18.260000
9.324000
10.275000
14.011000
10.074000
7.155000
14.889000
16.726000
16.895000
15.120000
9.976000
5.666000
10.377000
3.847000
10.012000
9.287000
15.791000
13.737000
9.287000
11.415000
13.268000
20.817000
9.184000
6.452000
7.328000
6.505000
15.904000
14.305000
6.569000
7.857000
21.038000
3.813000
5.495000
10.904000
7.373000
7.129000
10.686000
9.885000
15.725000
14.803000
6.981000
15.456000
11.264000
12.612000
10.094000
10.679000
10.044000
10.689000
9.933000
22.234000
9.533000
12.410000
7.124000
9.209000
6.963000
9.033000
18.787000
9.020000
13.153000
10.386000
8.748000
15.205000
12.917000
8.011000
11.428000
10.089000
19.335000
12.678000
13.083000
7.629000
11.164000
10.126000
11.542000
14.994000
16.210000
8.565000
11.475000
17.280000
13.595000
11.406000
4.523000
21.358000
12.389000
14.188000
5.883000
8.042000
19.675000
8.357000
18.758000
15.183000
8.984000
13.484000
12.185000
3.484000
8.798000
17.339000
16.025000
10.275000
8.574000
8.929000
7.160000
7.561000
16.305000
11.357000
18.511000
6.615000
4.010000
19.895000
19.612000
16.547000
9.375000
12.908000
6.435000
8.849000
14.510000
21.102000
7.740000
12.627000
16.118000
8.039000
17.088000
11.059000
11.401000
10.179000
8.686000
17.298000
8.018000
9.592000
11.703000
11.885000
22.655000
9.430000
13.117000
8.639000
11.857000
10.652000
17.318000
18.187000
12.220000
9.402000
13.733000
12.426000
14.090000
8.948000
9.136000
15.329000
11.905000
16.283000
6.516000
6.987000
12.465000
11.099000
9.388000
19.091000
14.315000
8.253000
13.453000
11.841000
6.222000
18.783000
11.851000
8.537000
15.167000
18.050000
9.177000
12.477000
9.015000
6.711000
14.400000
10.702000
9.163000
13.342000
14.276000
12.328000
9.462000
12.909000
15.779000
16.448000
10.835000
16.117000
2.469000
13.224000
16.822000
17.626000
8.047000
15.747000
9.217000
11.838000
24.233000
12.350000
5.431000
12.759000
10.516000
15.583000
8.573000
13.357000
12.597000
22.155000
10.546000
17.204000
15.422000
14.969000
5.066000
11.879000
14.065000
11.319000
10.555000
19.234000
10.253000
6.225000
9.583000
18.833000
9.973000
7.315000
9.495000
17.641000
14.963000
11.492000
16.977000
9.947000
10.240000
6.910000
10.743000
5.571000
13.451000
11.181000
5.526000
16.337000
7.734000
11.398000
15.073000
2.189000
15.322000
13.804000
17.046000
12.443000
12.353000
7.943000
9.830000
17.196000
15.533000
12.397000
20.693000
7.818000
4.751000
15.445000
7.014000
9.201000
5.520000
16.395000
19.910000
14.405000
8.733000
17.874000
9.914000
6.701000
13.840000
13.235000
5.901000
10.515000
10.772000
9.300000
9.536000
15.918000
13.066000
11.723000
11.420000
4.313000
10.512000
10.071000
5.826000
14.471000
2.516000
13.188000
10.364000
10.211000
16.121000
7.900000
15.637000
3.958000
20.787000
7.172000
14.111000
11.563000
11.748000
13.511000
4.687000
14.330000
11.428000
20.329000
11.905000
0.456000
7.938000
1.635000
6.510000
3.495000
8.960000
8.352000
18.100000
8.154000
0.774000
5.606000
10.889000
8.760000
14.770000
16.078000
12.712000
12.719000
8.999000
9.306000
10.983000
7.453000
9.273000
4.834000
4.190000
12.041000
10.561000
2.732000
15.088000
12.230000
15.893000
9.068000
3.118000
11.726000
6.791000
5.934000
5.300000
12.100000
0.000000
15.734000
21.714000
6.835000
13.199000
11.944000
15.041000
7.957000
6.945000
7.394000
17.184000
1.849000
0.000000
7.869000
19.150000
4.091000
10.714000
20.475000
10.718000
7.797000
10.448000
7.124000
4.319000
11.511000
3.841000
3.822000
6.843000
11.673000
13.087000
3.517000
5.576000
3.521000
13.026000
8.675000
7.995000
9.861000
7.565000
7.483000
5.925000
17.138000
1.044000
5.305000
4.992000
16.186000
17.956000
5.263000
5.893000
23.322000
2.371000
13.215000
3.842000
10.914000
2.261000
6.758000
16.252000
5.604000
2.394000
4.410000
14.973000
4.472000
18.845000
7.306000
11.615000
0.814000
18.884000
7.034000
2.683000
12.104000
7.063000
16.315000
10.887000
16.479000
10.583000
5.329000
3.522000
3.004000
18.098000
8.147000
17.022000
10.785000
9.402000
8.385000
11.365000
5.821000
14.058000
9.183000
16.267000
20.267000
14.085000
14.449000
20.518000
9.587000
21.247000
12.283000
13.086000
3.795000
2.483000
21.055000
6.370000
18.763000
4.308000
20.948000
1.113000
5.823000
22.162000
11.211000
4.062000
6.479000
23.830000
11.978000
9.062000
4.410000
10.357000
4.032000
19.847000
2.054000
12.115000
18.689000
7.848000
5.727000
7.564000
13.662000
0.000000
23.989000
15.094000
15.891000
15.090000
14.795000
14.062000
8.687000
11.954000
14.201000
14.940000
4.707000
14.736000
14.309000
1.328000
16.741000
11.134000
4.491000
8.862000
12.013000
10.044000
13.301000
15.972000
18.936000
5.663000
19.622000
11.916000
10.349000
18.259000
12.890000
11.213000
12.551000
11.450000
16.539000
18.663000
13.228000
21.005000
8.829000
6.510000
12.544000
14.745000
12.851000
9.272000
15.310000
18.288000
2.436000
12.421000
18.329000
15.927000
15.042000
13.995000
18.496000
18.296000
14.639000
13.511000
10.768000
9.339000
16.742000
10.993000
13.313000
11.089000
14.368000
3.547000
17.377000
11.479000
17.938000
9.923000
10.687000
13.070000
11.547000
12.644000
13.732000
13.118000
8.387000
9.196000
20.757000
12.251000
12.278000
12.057000
5.411000
8.432000
12.142000
12.926000
13.668000
11.366000
11.932000
20.426000
12.323000
19.132000
11.999000
7.092000
18.804000
5.238000
9.271000
0.570000
16.811000
17.762000
2.713000
8.235000
8.328000
10.250000
15.266000
11.373000
11.679000
13.542000
8.241000
9.230000
7.584000
7.905000
4.508000
14.075000
8.809000
13.510000
14.233000
13.572000
9.435000
11.675000
14.153000
11.986000
23.350000
11.722000
9.998000
10.888000
9.928000
15.478000
6.403000
17.239000
11.549000
17.223000
10.789000
12.015000
19.134000
7.737000
15.370000
10.254000
21.589000
13.548000
12.230000
10.810000
10.897000
11.232000
10.664000
14.844000
17.399000
9.174000
10.854000
3.092000
15.157000
4.121000
11.525000
11.487000
14.686000
14.650000
20.618000
12.910000
9.039000
13.974000
11.532000
11.981000
11.367000
18.067000
14.754000
11.956000
11.639000
13.495000
11.336000
17.678000
0.000000
13.121000
10.937000
14.626000
21.643000
17.587000
1.772000
12.048000
12.596000
12.986000
18.347000
6.306000
10.125000
16.780000
10.023000
10.764000
9.278000
13.659000
21.158000
13.118000
15.518000
11.704000
12.869000
16.754000
8.840000
16.726000
14.656000
14.036000
13.620000
13.354000
19.693000
7.566000
8.374000
11.085000
13.313000
20.401000
12.705000
15.882000
15.481000
17.925000
14.808000
20.405000
8.361000
7.413000
13.159000
12.482000
12.172000
11.580000
11.961000
10.941000
15.851000
12.536000
12.119000
10.353000
17.204000
16.089000
12.884000
8.478000
21.244000
11.973000
15.490000
15.376000
8.661000
8.394000
8.660000
11.772000
12.046000
15.314000
12.230000
11.771000
3.718000
10.517000
12.245000
13.167000
6.715000
12.209000
16.404000
13.032000
10.554000
13.036000
7.684000
10.380000
4.496000
15.910000
12.864000
15.639000
17.684000
13.579000
12.320000
11.287000
14.264000
18.268000
14.323000
12.673000
17.899000
21.152000
16.196000
12.793000
8.446000
7.617000
11.594000
3.336000
8.834000
12.115000
17.990000
11.448000
14.363000
11.546000
10.011000
8.281000
14.998000
23.418000
4.907000
16.203000
14.889000
14.237000
15.296000
5.773000
22.686000
9.944000
10.949000
11.522000
8.473000
13.438000
12.898000
15.644000
18.705000
10.745000
10.861000
11.961000
18.493000
8.653000
15.813000
1.609000
15.214000
12.588000
14.330000
9.954000
13.808000
12.706000
21.768000
13.699000
15.980000
13.177000
16.187000
13.631000
15.411000
16.981000
14.703000
15.038000
6.178000
17.535000
19.649000
9.711000
7.942000
10.503000
11.202000
17.486000
15.991000
18.909000
12.109000
13.504000
13.423000
11.529000
16.689000
17.658000
16.263000
9.792000
17.594000
13.825000
8.460000
7.975000
14.224000
17.491000
10.293000
14.143000
15.376000
9.476000
16.144000
12.603000
6.963000
12.399000
7.636000
15.100000
9.178000
15.345000
14.162000
19.940000
7.507000
12.180000
11.649000
14.141000
11.369000
6.649000
12.358000
9.345000
11.295000
9.613000
13.549000
15.706000
12.040000
12.066000
4.662000
11.806000
8.248000
10.755000
7.829000
14.535000
10.974000
11.985000
10.183000
12.053000
1.954000
25.219000
6.227000
2.288000
6.501000
10.894000
4.052000
7.486000
12.723000
13.899000
21.522000
4.297000
11.062000
4.329000
12.216000
1.454000
10.589000
12.653000
7.150000
11.019000
9.781000
16.416000
12.101000
13.233000
11.461000
12.743000
10.863000
6.188000
10.923000
10.164000
10.390000
6.307000
10.624000
2.797000
14.553000
12.868000
14.143000
12.377000
10.644000
7.192000
10.742000
10.772000
8.435000
19.963000
6.168000
16.448000
11.301000
10.330000
6.158000
10.720000
6.996000
13.863000
0.000000
14.891000
13.099000
16.024000
1.086000
12.059000
0.106000
11.175000
4.971000
11.827000
11.045000
0.000000
0.947000
6.662000
12.523000
11.401000
4.584000
3.985000
9.050000
0.955000
1.103000
4.589000
20.934000
15.613000
1.216000
10.038000
6.518000
6.915000
10.323000
7.146000
11.689000
7.408000
5.470000
8.401000
0.982000
1.750000
2.841000
9.098000
1.077000
0.000000
9.178000
4.923000
0.718000
4.841000
0.000000
4.098000
5.363000
8.686000
9.809000
3.846000
2.229000
0.000000
10.154000
0.386000
12.586000
12.832000
3.881000
12.212000
0.448000
0.000000
7.584000
10.048000
9.406000
16.298000
2.348000
16.031000
0.000000
9.029000
7.223000
9.495000
0.000000
12.453000
0.993000
13.480000
0.000000
0.000000
15.530000
11.798000
14.503000
8.858000
10.487000
2.395000
4.336000
0.000000
4.827000
9.248000
6.797000
10.560000
1.274000
6.478000
14.512000
18.749000
8.207000
5.841000
2.578000
20.366000
11.731000
0.520000
10.071000
18.233000
1.338000
11.170000
8.712000
12.172000
8.173000
9.233000
11.173000
7.266000
0.913000
8.169000
0.000000
9.863000
13.526000
23.403000
8.954000
18.053000
5.596000
13.010000
10.296000
12.077000
3.689000
14.088000
5.005000
5.563000
0.805000
14.105000
3.313000
14.549000
9.843000
5.309000
9.719000
14.565000
3.313000
3.481000
6.043000
8.939000
13.299000
5.791000
8.915000
8.296000
1.897000
8.725000
11.900000
8.630000
1.947000
10.945000
14.480000
5.355000
0.000000
10.658000
6.547000
2.928000
5.793000
13.392000
4.846000
2.332000
18.254000
5.484000
21.492000
11.138000
7.911000
9.845000
10.706000
15.878000
8.622000
13.995000
3.683000
11.520000
2.940000
12.686000
7.285000
8.283000
6.629000
5.333000
8.718000
11.879000
10.190000
5.145000
9.249000
6.928000
0.000000
4.375000
3.885000
13.821000
11.104000
14.313000
5.222000
8.290000
14.064000
4.867000
1.135000
12.936000
10.914000
7.650000
19.478000
6.069000
5.366000
8.633000
13.155000
8.804000
6.476000
13.341000
0.000000
6.849000
8.592000
6.986000
8.335000
4.356000
10.360000
11.017000
8.120000
12.782000
15.194000
17.782000
13.112000
8.062000
8.682000
13.731000
18.836000
11.952000
7.100000
12.639000
7.935000
8.939000
11.071000
3.926000
12.957000
9.260000
12.889000
13.616000
8.493000
10.473000
8.538000
9.230000
15.130000
15.198000
9.961000
9.061000
13.742000
14.659000
7.859000
5.770000
13.217000
4.490000
8.997000
7.024000
6.047000
11.334000
7.444000
13.118000
10.538000
12.524000
4.883000
13.311000
10.771000
9.818000
3.667000
16.383000
8.276000
9.042000
6.552000
10.245000
13.865000
5.214000
11.860000
17.634000
9.200000
11.404000
15.944000
12.330000
15.816000
9.120000
15.867000
12.332000
9.671000
12.000000
9.371000
14.395000
17.840000
7.230000
10.874000
4.076000
15.303000
8.683000
10.452000
19.432000
18.779000
19.514000
10.621000
14.765000
8.275000
11.343000
8.037000
11.686000
4.376000
12.296000
9.065000
10.541000
20.821000
16.068000
19.657000
13.017000
11.967000
18.505000
15.156000
0.000000
12.964000
4.986000
7.870000
11.697000
8.516000
11.553000
10.758000
16.119000
10.574000
15.376000
15.743000
16.505000
15.679000
10.377000
15.527000
4.354000
16.309000
5.943000
15.359000
9.651000
11.465000
2.411000
16.725000
3.362000
7.289000
8.083000
15.249000
10.898000
6.691000
4.742000
2.927000
15.579000
10.746000
9.764000
8.496000
10.704000
18.459000
3.484000
10.471000
3.072000
8.823000
8.485000
21.348000
3.860000
6.723000
4.875000
14.195000
9.143000
18.071000
1.939000
7.873000
13.254000
5.233000
7.895000
4.553000
12.377000
20.317000
17.611000
9.004000
7.460000
12.301000
6.942000
19.047000
13.269000
10.400000
16.104000
8.815000
12.689000
12.759000
17.072000
11.870000
7.354000
9.937000
13.928000
12.874000
10.767000
6.442000
14.154000
5.859000
11.865000
15.377000
12.975000
12.484000
16.535000
20.542000
17.480000
16.977000
18.922000
6.540000
14.179000
10.445000
7.098000
19.961000
6.105000
8.499000
8.941000
7.531000
12.690000
14.638000
18.080000
9.991000
9.944000
2.829000
10.841000
7.991000
1.353000
14.646000
10.697000
13.837000
11.978000
10.488000
13.831000
14.978000
10.558000
14.978000
9.998000
16.382000
7.821000
11.378000
3.357000
11.530000
9.049000
13.927000
12.929000
6.823000
11.569000
8.404000
4.331000
11.964000
12.086000
8.259000
10.144000
12.487000
14.508000
7.032000
18.774000
16.103000
12.911000
8.205000
10.664000
7.977000
9.881000
7.936000
8.913000
6.956000
11.056000
9.311000
4.596000
7.727000
12.951000
11.105000
11.549000
20.973000
15.273000
14.815000
11.909000
8.509000
11.961000
14.712000
4.952000
11.806000
10.364000
14.122000
7.751000
7.916000
9.924000
5.204000
12.485000
5.529000
8.995000
9.267000
9.801000
9.901000
7.951000
11.826000
13.953000
16.563000
14.944000
7.621000
9.906000
6.984000
8.627000
3.454000
11.411000
10.422000
10.438000
15.419000
6.966000
9.440000
16.696000
11.943000
8.466000
13.536000
4.926000
10.866000
10.766000
14.286000
7.595000
10.705000
7.823000
8.293000
10.036000
15.099000
10.948000
7.839000
8.716000
17.064000
11.414000
6.276000
17.021000
15.300000
10.161000
5.461000
5.922000
8.092000
2.679000
7.597000
11.633000
5.698000
11.023000
9.761000
20.424000
8.654000
9.457000
13.552000
10.550000
7.728000
8.834000
17.625000
6.636000
11.750000
11.086000
8.190000
6.363000
4.267000
14.160000
6.230000
7.715000
8.615000
8.060000
9.687000
9.867000
8.438000
26.786000
8.551000
6.668000
15.520000
7.516000
11.379000
13.298000
6.726000
13.855000
10.704000
7.670000
7.957000
16.182000
11.040000
8.195000
5.401000
7.285000
13.376000
6.617000
7.829000
6.756000
14.312000
6.799000
5.308000
5.756000
14.591000
6.637000
4.708000
3.738000
16.049000
2.555000
9.974000
9.140000
7.723000
8.697000
16.489000
5.970000
5.877000
8.419000
12.624000
12.013000
9.177000
5.282000
5.806000
11.077000
8.778000
7.104000
7.750000
9.141000
4.466000
7.745000
10.521000
8.026000
12.415000
9.074000
10.301000
6.787000
12.714000
6.016000
8.786000
9.404000
8.075000
9.414000
6.606000
7.269000
6.626000
11.735000
7.860000
8.310000
13.666000
9.007000
2.989000
9.273000
7.461000
6.553000
8.062000
7.947000
10.153000
5.737000
7.629000
6.650000
6.606000
13.038000
5.632000
8.731000
14.162000
8.969000
5.505000
14.772000
7.791000
7.362000
6.895000
6.782000
8.029000
7.699000
9.627000
10.075000
12.320000
6.263000
9.436000
9.054000
11.374000
7.295000
7.616000
15.160000
14.732000
4.919000
12.855000
13.203000
3.798000
12.830000
15.513000
5.231000
12.938000
7.077000
11.761000
10.165000
4.817000
9.791000
5.021000
11.587000
8.788000
6.386000
8.862000
15.725000
10.825000
5.927000
10.517000
10.517000
9.130000
7.956000
11.112000
5.817000
12.988000
13.659000
10.063000
4.726000
15.884000
8.441000
6.600000
8.924000
14.936000
15.146000
9.693000
12.703000
5.104000
14.585000
9.869000
15.744000
13.899000
14.034000
6.284000
16.350000
2.836000
14.808000
11.385000
15.763000
9.762000
13.971000
13.749000
7.619000
7.798000
10.256000
10.541000
4.912000
3.832000
15.787000
7.949000
4.759000
7.478000
12.703000
5.610000
15.435000
5.438000
17.745000
9.151000
14.311000
14.268000
7.452000
8.360000
18.509000
6.187000
9.462000
11.341000
12.541000
12.722000
5.275000
12.651000
11.937000
9.916000
9.067000
16.639000
3.331000
7.487000
9.916000
9.117000
15.973000
7.841000
6.682000
12.935000
6.962000
7.954000
6.424000
8.621000
8.783000
9.890000
17.296000
7.319000
10.693000
7.877000
0.000000
8.907000
11.781000
7.731000
7.213000
12.137000
10.867000
7.771000
9.858000
8.780000
8.789000
5.437000
7.367000
14.272000
13.087000
8.318000
11.541000
14.246000
11.001000
6.022000
9.130000
19.210000
9.052000
3.888000
13.555000
11.625000
8.954000
8.031000
12.936000
14.241000
14.606000
7.956000
15.589000
3.032000
8.060000
11.763000
14.907000
7.496000
9.414000
5.623000
10.295000
9.896000
1.998000
6.515000
8.509000
11.340000
12.373000
9.895000
8.418000
7.982000
8.214000
12.413000
12.218000
8.655000
9.493000
21.089000
2.342000
9.571000
13.215000
13.628000
6.794000
5.259000
5.283000
8.815000
13.952000
6.595000
7.922000
9.296000
3.307000
16.456000
9.401000
6.318000
13.873000
6.121000
7.131000
8.602000
13.793000
11.576000
5.154000
15.659000
8.582000
14.384000
11.708000
12.705000
6.601000
10.713000
8.316000
12.527000
7.403000
11.737000
7.555000
10.167000
7.887000
5.190000
7.750000
6.390000
9.964000
18.426000
11.693000
4.863000
11.376000
7.365000
10.109000
8.173000
10.176000
11.349000
4.009000
9.753000
14.552000
19.733000
12.898000
14.932000
15.152000
6.154000
12.518000
7.691000
8.505000
1.873000
8.101000
12.000000
12.961000
18.013000
12.162000
17.688000
3.414000
5.359000
8.331000
16.138000
7.787000
10.415000
10.174000
1.119000
9.591000
12.795000
10.314000
13.338000
3.218000
4.580000
12.184000
4.375000
8.248000
7.621000
14.096000
11.196000
12.678000
13.754000
6.977000
4.741000
6.575000
6.155000
8.437000
7.189000
20.863000
10.239000
3.183000
20.792000
15.456000
16.383000
8.314000
13.602000
10.908000
11.110000
3.460000
6.193000
5.611000
6.957000
13.258000
3.791000
12.943000
0.000000
10.037000
7.396000
4.247000
12.272000
10.608000
9.909000
6.553000
11.481000
19.993000
3.156000
10.191000
5.258000
21.009000
9.938000
9.803000
7.869000
14.170000
11.308000
8.249000
10.068000
10.413000
14.686000
12.837000
8.441000
7.588000
14.698000
11.999000
10.101000
10.534000
11.561000
13.035000
10.865000
15.149000
17.077000
5.240000
8.420000
16.521000
18.940000
15.742000
8.355000
4.481000
6.346000
0.184000
14.261000
1.590000
10.236000
18.024000
13.132000
0.000000
2.563000
7.478000
4.367000
5.553000
10.204000
4.560000
5.359000
4.627000
7.555000
6.426000
0.000000
9.897000
10.484000
10.756000
2.405000
8.072000
9.228000
13.391000
5.979000
2.315000
11.560000
9.952000
5.402000
10.594000
0.998000
15.447000
6.877000
8.954000
13.353000
9.419000
12.377000
5.856000
7.404000
10.089000
7.503000
6.521000
7.265000
3.820000
13.217000
9.377000
4.338000
5.118000
1.981000
7.507000
6.284000
5.333000
9.300000
4.364000
4.950000
9.737000
5.371000
13.019000
9.429000
10.830000
5.684000
15.575000
14.587000
4.872000
8.973000
8.598000
6.378000
7.763000
9.357000
2.979000
9.179000
9.452000
4.733000
8.414000
7.094000
0.314000
7.097000
0.247000
8.977000
8.432000
10.324000
13.580000
16.232000
6.875000
0.910000
12.209000
5.392000
9.058000
0.000000
8.823000
14.215000
20.406000
5.991000
15.094000
6.111000
7.398000
16.805000
7.388000
5.873000
8.513000
0.714000
4.495000
0.000000
5.274000
4.405000
4.325000
9.546000
13.003000
11.163000
13.334000
9.905000
5.748000
10.411000
1.651000
8.058000
16.583000
11.318000
9.464000
6.387000
0.488000
3.562000
9.578000
11.343000
3.874000
7.899000
3.932000
15.801000
11.326000
8.443000
4.666000
10.798000
12.578000
8.295000
18.584000
16.387000
0.000000
12.853000
12.046000
6.337000
0.308000
10.842000
13.201000
6.216000
1.668000
4.114000
11.525000
4.633000
3.700000
3.704000
10.429000
7.579000
5.705000
7.528000
4.190000
4.373000
0.005000
14.513000
2.383000
9.477000
17.259000
2.400000
4.021000
4.793000
4.551000
9.178000
8.645000
1.324000
6.308000
8.406000
10.682000
8.267000
7.056000
6.853000
16.912000
8.567000
9.178000
2.447000
6.146000
8.813000
8.527000
5.543000
12.777000
8.502000
0.000000
3.994000
10.390000
6.363000
1.469000
2.596000
19.004000
14.606000
6.246000
13.929000
18.329000
13.816000
9.607000
13.476000
5.764000
7.784000
5.227000
11.627000
15.092000
11.357000
6.133000
6.407000
19.768000
11.386000
6.331000
7.503000
15.503000
11.480000
10.919000
8.550000
6.988000
3.119000
10.220000
0.000000
3.039000
14.982000
10.246000
5.957000
8.959000
4.564000
10.702000
15.145000
9.375000
13.915000
11.963000
7.604000
12.112000
16.696000
12.828000
0.000000
11.580000
7.749000
8.509000
6.058000
8.099000
6.584000
14.699000
15.288000
2.514000
10.332000
11.025000
9.267000
7.518000
4.537000
8.086000
7.352000
16.073000
11.958000
8.350000
13.214000
14.446000
0.000000
12.606000
1.491000
12.138000
0.000000
7.453000
14.513000
12.054000
10.538000
15.795000
13.899000
12.847000
12.514000
11.625000
15.163000
10.518000
12.691000
11.515000
11.839000
15.577000
7.110000
7.777000
9.108000
2.398000
6.578000
6.972000
9.628000
9.670000
4.145000
12.426000
9.358000
8.977000
9.005000
12.472000
0.000000
13.243000
8.712000
11.014000
7.026000
17.043000
3.130000
6.279000
13.144000
11.993000
14.317000
10.638000
8.871000
7.022000
6.401000
7.580000
15.960000
21.041000
2.985000
0.000000
8.193000
9.620000
3.600000
8.065000
7.383000
6.402000
6.470000
10.642000
14.569000
10.029000
6.092000
6.393000
7.674000
10.737000
7.191000
4.659000
11.026000
4.662000
12.285000
3.891000
8.888000
9.205000
11.523000
7.506000
14.204000
0.443000
12.052000
6.451000
4.928000
16.232000
7.236000
13.468000
10.804000
11.126000
12.768000
10.149000
8.616000
8.405000
7.443000
10.229000
12.832000
4.188000
4.134000
4.234000
8.362000
6.367000
16.138000
3.424000
17.909000
6.312000
6.420000
8.786000
7.580000
7.728000
12.644000
10.533000
7.299000
13.769000
16.425000
12.256000
17.547000
16.092000
10.397000
11.866000
13.721000
10.186000
6.328000
10.615000
12.191000
15.126000
10.207000
12.007000
10.428000
10.164000
15.604000
14.908000
13.148000
4.722000
13.783000
12.090000
12.048000
13.826000
14.903000
14.875000
17.066000
15.666000
17.009000
11.569000
18.003000
10.176000
8.652000
9.922000
9.174000
17.422000
9.321000
4.493000
8.193000
25.033000
5.716000
15.126000
13.381000
6.683000
14.613000
14.248000
9.947000
2.911000
16.320000
11.120000
18.677000
21.145000
12.158000
19.309000
4.368000
10.784000
7.352000
13.072000
4.447000
14.037000
17.612000
5.300000
4.570000
16.339000
17.406000
17.167000
14.185000
11.472000
14.672000
10.078000
11.443000
9.942000
3.515000
13.917000
10.954000
10.868000
9.799000
8.102000
14.941000
14.330000
5.754000
7.717000
7.287000
4.860000
8.200000
11.806000
15.393000
11.931000
11.032000
11.857000
6.486000
15.504000
2.885000
12.303000
9.175000
8.592000
8.752000
19.401000
8.749000
4.410000
10.696000
13.631000
16.873000
10.286000
16.528000
17.153000
7.681000
14.128000
8.032000
12.212000
11.776000
14.151000
12.291000
7.059000
13.670000
10.421000
9.894000
5.478000
10.850000
12.157000
10.188000
5.273000
13.243000
12.494000
5.712000
11.198000
12.097000
6.234000
17.316000
6.655000
7.232000
12.396000
9.280000
14.984000
18.473000
10.736000
6.254000
8.872000
11.792000
13.311000
8.751000
8.909000
18.026000
11.294000
9.969000
13.762000
16.243000
7.496000
8.580000
6.233000
9.692000
9.685000
12.536000
7.685000
9.099000
5.505000
8.811000
12.424000
7.903000
14.294000
12.949000
13.553000
15.449000
11.212000
14.332000
14.578000
14.553000
4.723000
6.742000
11.341000
11.350000
8.633000
5.006000
14.137000
12.321000
8.965000
14.430000
10.268000
14.313000
1.672000
9.067000
16.314000
3.577000
11.532000
14.162000
7.523000
8.703000
12.806000
9.118000
18.535000
7.690000
10.607000
13.632000
15.384000
16.186000
12.545000
18.812000
3.444000
9.114000
19.092000
14.625000
15.499000
11.997000
9.116000
16.519000
13.473000
7.349000
13.264000
12.112000
13.972000
5.278000
8.657000
9.513000
16.682000
13.489000
7.455000
10.179000
11.781000
13.031000
6.199000
15.534000
12.938000
14.626000
16.492000
18.228000
9.373000
16.297000
19.318000
11.945000
10.987000
18.971000
16.974000
16.197000
12.043000
12.936000
14.362000
19.446000
12.843000
13.813000
8.218000
19.086000
14.722000
13.303000
13.628000
16.515000
11.475000
23.449000
14.316000
17.254000
8.248000
8.025000
8.117000
15.703000
12.132000
13.043000
5.448000
8.023000
17.107000
8.038000
4.164000
15.606000
15.902000
14.085000
8.372000
24.234000
16.574000
9.793000
14.426000
16.150000
15.704000
20.098000
3.828000
9.893000
14.346000
3.673000
19.089000
10.879000
5.009000
9.328000
17.395000
1.364000
13.567000
12.282000
20.157000
13.470000
13.844000
12.429000
11.462000
14.836000
11.088000
11.060000
12.806000
7.469000
12.470000
4.878000
8.727000
13.776000
11.680000
9.517000
9.328000
9.557000
14.570000
13.958000
8.571000
13.602000
9.295000
8.933000
16.609000
10.678000
10.535000
13.105000
9.181000
15.037000
8.179000
16.943000
16.188000
12.053000
17.434000
12.563000
11.032000
11.786000
15.066000
5.138000
6.739000
13.843000
10.842000
15.729000
16.457000
8.056000
18.964000
13.224000
12.723000
12.471000
6.468000
11.269000
4.093000
6.727000
14.270000
17.142000
8.181000
11.536000
16.617000
15.134000
9.170000
8.624000
7.833000
9.937000
12.990000
14.933000
8.127000
14.330000
8.553000
6.886000
14.755000
12.870000
14.277000
12.417000
10.548000
4.822000
13.874000
15.983000
15.092000
12.000000
10.108000
10.954000
17.564000
12.918000
17.262000
5.848000
10.083000
10.379000
9.870000
0.792000
10.422000
17.155000
5.564000
6.646000
9.346000
11.333000
14.482000
9.743000
8.563000
16.348000
0.000000
0.039000
9.512000
6.163000
6.253000
9.890000
10.725000
11.460000
15.843000
12.968000
6.072000
9.320000
12.281000
6.528000
10.251000
10.449000
8.653000
13.597000
6.618000
10.380000
12.977000
5.485000
9.979000
6.373000
15.898000
7.318000
14.027000
12.146000
5.536000
5.469000
18.749000
9.765000
10.770000
13.495000
15.017000
13.639000
6.562000
9.080000
6.924000
9.647000
16.665000
10.117000
7.775000
9.352000
18.701000
10.083000
12.599000
8.558000
9.180000
10.297000
6.612000
12.796000
4.335000
14.183000
14.738000
7.644000
13.815000
9.990000
10.397000
8.914000
7.553000
20.715000
7.254000
17.403000
6.501000
11.748000
3.872000
15.067000
19.102000
19.367000
10.526000
13.649000
5.415000
13.290000
8.132000
5.886000
15.115000
7.804000
10.238000
11.093000
18.676000
9.991000
2.897000
14.871000
12.085000
12.080000
21.136000
10.492000
10.532000
6.339000
22.490000
13.040000
8.826000
8.533000
9.188000
14.871000
8.720000
11.158000
17.565000
3.573000
11.313000
18.945000
16.122000
11.368000
6.749000
8.901000
9.372000
5.700000
6.889000
17.650000
11.771000
6.886000
20.903000
19.675000
15.219000
15.837000
11.642000
7.845000
13.085000
10.149000
16.079000
11.033000
14.292000
5.214000
13.060000
13.311000
18.625000
10.544000
12.868000
6.377000
8.921000
11.052000
12.631000
22.157000
4.038000
9.806000
22.814000
9.394000
20.830000
9.409000
17.428000
5.687000
10.655000
11.289000
19.740000
10.486000
13.197000
9.812000
13.770000
20.602000
12.903000
10.082000
14.104000
7.238000
13.549000
4.673000
14.828000
14.042000
16.340000
17.305000
16.117000
15.138000
0.000000
12.247000
13.320000
11.119000
14.805000
5.054000
14.058000
23.197000
11.709000
11.563000
10.555000
12.291000
10.547000
8.438000
7.564000
19.125000
10.664000
12.664000
10.274000
13.342000
12.187000
12.782000
20.634000
11.068000
20.037000
10.674000
12.223000
15.365000
11.026000
12.596000
14.484000
14.607000
11.629000
10.966000
7.582000
12.087000
12.390000
6.577000
11.006000
10.657000
17.767000
13.233000
14.400000
13.950000
7.930000
9.119000
19.845000
9.242000
13.384000
15.335000
3.765000
13.266000
8.769000
0.000000
14.293000
3.884000
8.880000
13.834000
13.598000
10.146000
15.218000
15.866000
12.612000
15.442000
1.456000
19.985000
8.009000
11.263000
14.350000
0.000000
11.152000
16.009000
15.791000
10.456000
5.628000
12.342000
9.980000
19.701000
12.172000
14.541000
7.321000
0.324000
8.944000
0.000000
0.000000
12.911000
0.000000
15.076000
14.299000
12.649000
13.887000
0.000000
12.098000
13.707000
7.831000
0.000000
0.000000
0.000000
0.047000
0.000000
9.627000
0.000000
0.000000
3.605000
0.000000
11.547000
15.437000
7.758000
13.711000
0.000000
15.594000
0.000000
0.000000
9.829000
9.116000
0.000000
18.285000
0.000000
0.000000
0.000000
10.841000
1.339000
0.000000
0.000000
3.040000
0.000000
0.000000
3.012000
0.000000
0.000000
0.000000
8.809000
10.718000
12.357000
0.139000
0.000000
0.470000
0.506000
0.607000
0.000000
6.014000
0.000000
15.015000
11.574000
15.173000
10.854000
8.651000
1.544000
12.427000
0.000000
0.000000
0.000000
0.000000
0.000000
1.471000
0.000000
14.038000
0.000000
0.000000
0.000000
4.926000
0.000000
8.410000
6.016000
0.000000
0.000000
9.259000
2.318000
0.000000
0.000000
0.000000
12.535000
12.135000
5.281000
6.906000
9.728000
10.954000
0.000000
0.000000
11.734000
16.697000
10.106000
0.000000
0.000000
10.715000
0.000000
0.000000
0.304000
5.274000
0.000000
20.137000
13.486000
0.000000
4.417000
10.857000
8.431000
0.742000
0.000000
10.426000
9.772000
0.000000
4.112000
9.181000
0.000000
3.495000
6.957000
11.621000
10.809000
10.774000
0.237000
9.735000
0.000000
7.638000
11.469000
18.266000
0.000000
0.000000
7.987000
0.000000
10.862000
13.025000
0.000000
0.000000
4.396000
8.224000
8.243000
8.319000
11.610000
0.000000
17.190000
18.229000
10.287000
12.234000
0.000000
12.395000
9.235000
0.000000
12.806000
8.877000
8.536000
14.957000
6.516000
0.000000
7.340000
17.332000
11.624000
0.000000
0.161000
4.741000
10.404000
14.618000
5.467000
7.611000
11.128000
13.643000
13.015000
8.352000
9.211000
14.396000
8.699000
12.606000
0.000000
0.000000
0.000000
10.402000
12.392000
0.158000
12.812000
0.000000
11.237000
0.000000
6.755000
9.164000
11.052000
13.324000
11.839000
9.674000
19.327000
13.552000
16.147000
10.089000
8.364000
14.682000
11.581000
5.296000
10.083000
9.022000
14.484000
0.000000
9.026000
14.298000
7.213000
6.337000
9.345000
14.682000
7.576000
6.577000
13.813000
10.057000
0.000000
0.000000
8.164000
11.118000
0.000000
3.342000
8.175000
8.988000
9.451000
10.098000
0.000000
12.606000
12.508000
8.076000
12.348000
9.910000
14.473000
7.008000
10.688000
7.698000
0.000000
8.978000
11.807000
10.867000
8.460000
0.000000
12.965000
11.579000
13.478000
9.494000
13.286000
4.770000
9.389000
9.354000
10.395000
11.673000
13.136000
9.013000
9.075000
7.681000
12.586000
2.684000
4.937000
0.000000
5.890000
13.637000
15.007000
7.791000
10.154000
6.753000
11.712000
15.116000
11.486000
10.440000
3.773000
2.401000
13.037000
9.522000
11.238000
7.293000
9.375000
3.517000
18.258000
8.061000
7.407000
9.156000
5.254000
0.000000
10.065000
8.849000
6.090000
8.288000
8.201000
15.219000
8.309000
7.639000
7.005000
12.619000
7.850000
2.812000
10.161000
2.607000
6.740000
9.766000
5.516000
9.256000
5.024000
5.494000
7.624000
6.107000
15.140000
15.594000
4.885000
3.574000
7.469000
10.593000
8.272000
11.111000
9.304000
10.501000
10.953000
6.438000
5.244000
9.685000
7.424000
3.317000
2.133000
13.821000
9.899000
0.000000
12.538000
6.202000
4.978000
4.605000
7.169000
14.495000
8.027000
8.486000
8.862000
10.183000
6.254000
8.114000
6.988000
5.131000
12.702000
9.905000
12.880000
7.438000
1.955000
6.692000
6.648000
7.319000
6.588000
4.890000
1.496000
11.039000
9.458000
12.437000
10.237000
11.235000
8.194000
2.849000
4.333000
8.623000
12.026000
15.655000
8.877000
5.870000
6.109000
10.271000
3.873000
8.937000
8.415000
12.634000
7.130000
11.258000
0.000000
3.337000
5.230000
8.958000
0.000000
9.265000
7.601000
6.137000
12.158000
7.972000
9.414000
7.315000
13.382000
7.770000
8.229000
6.883000
8.434000
2.947000
11.145000
1.738000
7.366000
7.883000
3.882000
12.540000
0.000000
8.123000
7.879000
7.332000
5.195000
6.541000
5.925000
3.285000
4.880000
8.925000
10.122000
6.247000
6.868000
9.792000
5.498000
5.145000
9.134000
11.900000
6.738000
6.780000
8.752000
4.991000
7.921000
5.392000
9.216000
7.385000
9.574000
8.751000
6.258000
11.493000
1.079000
11.651000
1.035000
5.988000
8.663000
5.335000
3.948000
8.318000
6.345000
4.825000
9.006000
6.741000
5.823000
7.282000
5.175000
6.540000
10.037000
7.261000
7.167000
2.782000
5.884000
10.385000
6.617000
11.786000
3.500000
10.511000
2.560000
6.525000
6.661000
6.600000
7.452000
8.798000
7.038000
7.590000
7.468000
1.609000
11.702000
7.243000
7.695000
4.811000
5.856000
5.100000
4.302000
6.802000
7.358000
7.352000
11.043000
4.796000
12.903000
9.690000
7.628000
5.405000
3.612000
6.254000
7.415000
10.754000
2.609000
7.701000
9.050000
6.384000
5.640000
5.637000
5.958000
5.800000
9.602000
13.025000
7.570000
3.254000
3.654000
2.352000
9.131000
7.695000
3.945000
5.854000
3.512000
5.018000
7.723000
8.427000
8.547000
3.954000
10.866000
3.992000
13.782000
4.317000
4.720000
6.469000
10.684000
6.762000
10.142000
2.810000
8.009000
5.679000
11.300000
14.355000
12.852000
1.976000
5.217000
6.055000
11.354000
10.852000
8.379000
9.835000
10.570000
11.492000
6.869000
10.221000
3.761000
5.769000
9.958000
9.179000
6.650000
10.171000
2.166000
4.958000
0.000000
5.250000
6.813000
11.775000
8.082000
16.446000
8.156000
3.659000
1.004000
3.907000
7.113000
18.288000
6.102000
5.445000
9.550000
7.058000
7.373000
6.673000
9.228000
7.281000
6.763000
11.294000
5.074000
0.000000
4.250000
3.029000
7.320000
3.354000
7.591000
3.906000
10.319000
7.224000
5.411000
9.518000
0.967000
2.940000
1.538000
2.509000
1.026000
4.620000
3.375000
8.705000
7.288000
7.505000
6.450000
1.797000
17.132000
1.702000
12.491000
5.084000
0.000000
0.822000
9.331000
3.961000
11.409000
2.808000
13.117000
2.788000
9.648000
1.170000
2.703000
8.734000
1.453000
9.519000
7.776000
6.344000
10.086000
2.306000
13.612000
7.205000
2.022000
4.279000
2.845000
1.876000
9.673000
8.317000
4.250000
15.399000
0.241000
3.342000
2.305000
0.000000
3.895000
4.204000
7.179000
7.094000
14.161000
1.974000
4.636000
10.447000
5.346000
10.285000
2.478000
8.768000
4.255000
7.750000
12.022000
0.575000
7.711000
17.708000
11.241000
5.282000
3.092000
8.553000
3.739000
13.957000
7.392000
8.356000
0.752000
17.314000
11.077000
2.398000
10.294000
6.755000
0.000000
5.714000
6.377000
10.753000
2.607000
9.698000
4.628000
13.387000
2.987000
9.747000
14.207000
10.298000
15.298000
10.339000
10.813000
4.543000
7.559000
5.898000
7.285000
9.862000
5.985000
4.269000
13.892000
9.224000
11.781000
9.735000
5.942000
11.300000
3.197000
8.506000
11.251000
0.000000
11.399000
3.299000
15.615000
8.810000
7.445000
7.521000
3.083000
0.166000
12.370000
5.073000
8.202000
8.271000
6.821000
4.887000
3.389000
3.007000
3.965000
7.093000
3.555000
10.645000
10.047000
8.087000
8.134000
5.418000
10.604000
0.000000
9.825000
1.544000
6.903000
7.931000
5.261000
6.389000
8.932000
9.527000
4.537000
0.497000
4.005000
9.571000
9.414000
10.541000
10.520000
10.402000
7.517000
6.011000
6.642000
5.934000
3.257000
9.770000
1.734000
10.787000
4.824000
10.114000
11.454000
12.793000
7.678000
10.513000
2.733000
7.367000
3.697000
5.662000
6.098000
10.666000
6.178000
8.178000
7.687000
6.957000
9.094000
8.885000
12.106000
11.967000
4.883000
8.287000
13.362000
4.844000
16.071000
10.804000
5.306000
11.110000
5.874000
6.715000
8.992000
6.299000
6.902000
8.517000
9.871000
6.284000
6.283000
8.011000
8.767000
5.125000
5.993000
6.864000
10.399000
21.055000
1.718000
7.500000
1.171000
12.010000
4.440000
2.573000
5.683000
4.784000
3.111000
9.125000
5.222000
7.531000
5.175000
14.632000
8.586000
7.429000
6.151000
6.756000
10.400000
7.996000
7.868000
7.943000
0.682000
12.618000
3.856000
11.093000
3.942000
8.063000
2.313000
7.319000
7.579000
2.169000
8.429000
8.957000
3.777000
10.004000
5.962000
13.232000
15.258000
6.978000
6.890000
7.732000
9.412000
8.354000
4.829000
9.192000
7.141000
9.754000
7.282000
11.555000
5.990000
2.965000
7.261000
0.876000
8.202000
14.457000
10.060000
3.293000
8.789000
15.216000
9.865000
12.151000
6.280000
8.042000
6.809000
9.713000
7.235000
17.200000
8.225000
13.128000
9.633000
2.193000
6.766000
7.108000
5.804000
6.001000
0.783000
5.235000
8.900000
12.392000
10.489000
12.855000
3.331000
7.705000
6.236000
7.001000
9.311000
11.473000
4.881000
11.009000
10.696000
18.091000
8.562000
11.373000
10.925000
0.684000
9.609000
12.085000
9.715000
5.866000
6.660000
6.435000
6.762000
6.074000
12.071000
9.196000
8.844000
4.617000
8.977000
6.368000
2.377000
4.687000
6.769000
10.967000
21.402000
8.235000
4.019000
2.653000
5.374000
7.877000
9.272000
6.107000
13.432000
6.525000
13.951000
10.146000
6.933000
2.047000
15.393000
11.928000
13.705000
8.884000
8.669000
10.224000
6.471000
16.024000
13.609000
10.960000
8.491000
3.195000
6.515000
8.823000
11.591000
2.294000
4.911000
10.911000
10.911000
4.533000
4.004000
9.362000
10.444000
8.009000
10.257000
7.521000
11.619000
7.535000
0.000000
12.849000
6.425000
8.786000
12.806000
8.727000
6.179000
6.708000
5.627000
8.367000
3.940000
12.014000
9.596000
11.452000
7.543000
13.206000
8.629000
9.117000
9.955000
9.362000
8.656000
5.359000
9.929000
8.876000
7.388000
2.514000
9.884000
9.571000
5.141000
9.793000
3.032000
8.767000
9.783000
10.500000
1.934000
13.882000
3.507000
4.715000
6.540000
11.684000
10.466000
10.808000
11.305000
11.937000
10.721000
7.926000
10.419000
5.429000
7.411000
6.110000
2.847000
7.637000
4.427000
12.710000
9.526000
9.386000
9.046000
11.567000
5.389000
4.555000
12.016000
8.494000
13.285000
9.245000
8.255000
11.510000
7.716000
9.403000
5.249000
9.713000
9.206000
6.243000
10.210000
7.857000
7.611000
8.019000
3.588000
7.703000
12.454000
2.848000
9.948000
3.847000
10.305000
2.902000
13.721000
8.533000
6.845000
10.115000
12.012000
10.552000
9.185000
13.056000
15.856000
7.655000
7.302000
6.101000
12.740000
11.411000
7.754000
11.931000
4.659000
6.862000
9.520000
6.504000
11.278000
8.599000
12.197000
10.870000
5.399000
9.169000
4.507000
7.565000
4.902000
12.600000
11.195000
8.622000
11.847000
7.014000
7.152000
5.765000
10.132000
7.555000
8.889000
9.343000
6.518000
9.870000
14.564000
8.583000
18.542000
7.750000
11.657000
11.017000
7.571000
11.916000
10.096000
6.943000
7.289000
5.008000
10.426000
6.555000
11.932000
6.992000
12.993000
2.735000
7.509000
7.259000
8.227000
4.489000
10.646000
9.979000
9.386000
4.359000
2.111000
13.615000
10.485000
4.232000
7.281000
4.833000
14.069000
10.352000
0.093000
3.594000
11.387000
7.971000
13.380000
5.257000
4.197000
10.837000
14.426000
11.703000
5.957000
6.356000
9.539000
10.185000
5.313000
4.605000
9.243000
6.802000
2.281000
15.438000
10.658000
10.318000
10.179000
7.765000
7.501000
9.694000
11.300000
7.911000
8.521000
7.213000
17.594000
8.721000
9.908000
11.533000
6.786000
8.230000
4.676000
2.284000
3.449000
1.841000
3.923000
3.173000
9.888000
16.085000
6.112000
6.815000
7.685000
1.050000
9.471000
10.644000
2.625000
2.984000
10.603000
3.879000
2.307000
10.598000
6.563000
9.056000
9.261000
5.950000
16.816000
7.111000
4.575000
6.246000
8.884000
4.915000
11.122000
8.161000
9.002000
5.477000
12.547000
2.420000
8.730000
12.877000
5.832000
11.865000
7.237000
15.619000
8.743000
9.751000
5.507000
10.158000
14.082000
6.790000
5.820000
5.239000
8.231000
7.240000
7.587000
6.312000
3.398000
2.855000
12.324000
7.829000
9.953000
17.194000
8.003000
4.127000
8.512000
3.214000
13.933000
2.257000
13.843000
12.661000
13.738000
11.892000
8.423000
3.686000
9.467000
5.330000
1.720000
10.666000
2.497000
6.068000
19.682000
6.486000
5.212000
3.883000
8.383000
8.713000
18.207000
12.657000
19.375000
8.795000
12.919000
8.634000
8.501000
4.348000
10.564000
13.574000
2.427000
11.585000
8.471000
11.991000
10.295000
15.391000
6.229000
6.645000
5.223000
11.293000
5.710000
7.781000
9.313000
11.275000
5.785000
11.334000
1.707000
9.104000
5.625000
10.363000
5.746000
3.924000
8.709000
9.481000
4.124000
11.468000
5.317000
0.320000
11.364000
9.731000
7.681000
8.245000
7.829000
4.077000
10.183000
12.324000
9.856000
9.261000
15.815000
6.844000
8.695000
7.245000
10.470000
11.528000
9.803000
5.797000
10.345000
16.660000
17.446000
6.786000
10.837000
6.489000
10.469000
16.611000
3.365000
8.370000
9.454000
2.599000
9.273000
6.321000
7.408000
7.335000
9.413000
13.401000
6.402000
9.735000
7.271000
15.432000
6.313000
2.492000
8.217000
3.189000
4.968000
12.867000
5.977000
10.915000
8.952000
7.187000
12.141000
10.265000
11.456000
4.436000
12.142000
5.255000
4.532000
19.365000
9.664000
11.870000
9.813000
8.120000
11.072000
6.953000
10.557000
5.456000
15.538000
6.202000
8.364000
12.363000
19.831000
5.920000
3.587000
14.154000
5.054000
12.372000
5.852000
6.981000
7.534000
11.056000
12.658000
7.619000
3.955000
15.454000
17.814000
5.349000
13.640000
7.962000
15.881000
5.682000
10.593000
9.247000
7.675000
10.026000
9.356000
9.888000
3.714000
13.459000
11.418000
7.477000
8.928000
8.148000
11.745000
7.013000
7.525000
7.043000
3.069000
10.220000
6.220000
9.078000
10.372000
11.945000
8.642000
8.009000
7.925000
8.416000
7.448000
10.269000
11.924000
11.875000
10.091000
17.941000
10.825000
8.845000
10.306000
5.122000
9.204000
15.919000
8.364000
8.088000
9.042000
12.903000
13.098000
10.149000
10.819000
7.904000
6.343000
17.329000
10.909000
7.111000
13.398000
5.985000
14.737000
9.183000
10.559000
8.688000
11.524000
8.246000
9.196000
8.260000
7.729000
4.544000
15.288000
2.530000
12.375000
17.835000
7.374000
16.359000
6.581000
4.780000
12.593000
8.444000
3.833000
4.551000
8.631000
6.927000
5.221000
11.321000
10.266000
12.231000
4.679000
6.601000
0.000000
7.421000
6.267000
1.387000
15.584000
7.557000
3.901000
9.842000
8.626000
9.258000
10.696000
5.579000
6.499000
12.675000
9.194000
14.190000
8.458000
12.982000
6.866000
9.328000
9.211000
8.718000
10.594000
16.804000
8.940000
16.554000
12.619000
7.654000
10.559000
6.355000
11.702000
14.421000
3.619000
6.153000
5.106000
8.325000
11.215000
7.196000
7.682000
8.136000
10.209000
14.130000
10.769000
5.838000
5.975000
8.065000
6.105000
3.700000
11.408000
11.951000
13.286000
5.538000
8.628000
7.705000
8.204000
5.805000
6.877000
9.583000
10.652000
8.644000
11.104000
11.732000
9.941000
10.578000
9.792000
10.792000
10.413000
8.161000
12.986000
12.231000
12.313000
14.041000
12.400000
7.683000
17.623000
8.583000
9.874000
11.538000
8.837000
11.934000
9.242000
7.716000
9.857000
7.064000
10.522000
7.677000
8.419000
11.433000
8.599000
11.279000
8.679000
11.136000
12.877000
11.990000
14.666000
1.006000
3.095000
6.890000
12.470000
9.817000
6.498000
11.554000
17.732000
10.911000
8.278000
6.598000
11.292000
10.511000
0.586000
3.498000
5.303000
9.307000
9.929000
8.696000
9.522000
6.864000
12.582000
12.137000
3.969000
8.970000
3.898000
8.415000
6.980000
2.452000
15.532000
12.978000
6.411000
9.166000
7.819000
5.427000
10.785000
8.866000
13.050000
12.946000
9.986000
4.768000
2.649000
6.179000
6.773000
13.969000
8.352000
15.481000
10.451000
9.032000
8.698000
10.349000
20.593000
13.635000
7.051000
8.032000
10.723000
13.827000
5.795000
9.757000
8.485000
14.130000
3.684000
5.591000
15.967000
11.407000
14.360000
1.807000
9.289000
1.644000
12.178000
2.591000
14.778000
6.879000
7.963000
1.436000
8.021000
9.422000
7.793000
18.255000
8.298000
15.329000
13.580000
5.990000
14.930000
13.427000
5.991000
10.397000
4.490000
3.308000
10.937000
14.265000
6.833000
3.392000
13.357000
13.707000
8.642000
3.289000
3.641000
12.626000
8.301000
6.598000
9.628000
5.378000
9.863000
10.073000
9.671000
11.737000
6.942000
11.705000
9.504000
10.757000
7.706000
10.467000
6.922000
7.703000
14.262000
5.939000
3.545000
11.710000
9.714000
12.765000
8.002000
4.139000
11.350000
15.491000
13.010000
13.222000
10.135000
5.730000
0.000000
4.411000
11.939000
8.608000
9.091000
5.408000
10.277000
11.720000
11.771000
13.217000
1.746000
7.895000
9.935000
13.465000
13.170000
6.330000
4.628000
8.666000
16.362000
4.556000
11.095000
11.605000
6.573000
8.963000
11.630000
9.983000
1.001000
12.216000
10.755000
9.360000
12.026000
1.936000
10.306000
12.932000
7.950000
12.425000
5.412000
9.220000
8.496000
11.810000
8.738000
3.268000
11.898000
15.019000
6.946000
11.817000
8.227000
16.256000
8.156000
11.759000
17.294000
8.507000
9.774000
3.417000
14.123000
6.669000
6.155000
7.345000
6.829000
0.847000
11.849000
6.279000
7.516000
9.460000
5.075000
14.450000
8.569000
5.333000
15.936000
4.673000
5.903000
5.833000
8.470000
3.926000
3.704000
4.670000
16.194000
13.819000
2.009000
9.623000
7.592000
10.473000
15.146000
10.999000
15.813000
6.448000
1.006000
9.732000
8.246000
10.054000
8.439000
12.611000
18.219000
5.219000
14.659000
8.984000
12.859000
15.540000
7.292000
8.058000
8.415000
6.469000
5.487000
6.779000
12.416000
6.905000
15.742000
5.532000
7.457000
11.350000
6.344000
10.717000
13.539000
11.151000
3.639000
7.187000
5.874000
10.668000
9.741000
15.577000
9.680000
7.302000
8.912000
3.916000
4.529000
0.923000
5.977000
7.847000
1.592000
6.834000
13.069000
9.043000
9.653000
10.182000
14.782000
3.275000
7.382000
11.535000
10.337000
11.875000
11.101000
11.779000
13.352000
1.830000
7.920000
8.315000
4.395000
6.996000
6.312000
11.016000
4.433000
9.300000
10.427000
5.920000
13.132000
4.090000
9.178000
7.749000
9.027000
1.022000
12.485000
9.529000
11.642000
8.564000
13.182000
22.015000
10.133000
10.573000
8.699000
9.797000
10.961000
8.243000
8.192000
11.423000
7.764000
10.532000
9.275000
11.121000
5.967000
6.796000
12.924000
10.729000
11.656000
8.739000
7.263000
6.995000
12.869000
8.087000
7.650000
14.241000
10.691000
9.367000
9.801000
7.159000
7.679000
11.825000
14.570000
11.822000
13.798000
8.858000
3.566000
10.402000
12.444000
4.084000
7.268000
8.888000
6.603000
10.961000
7.327000
9.510000
7.393000
13.352000
9.302000
8.192000
12.237000
11.375000
12.226000
6.947000
13.610000
4.201000
1.132000
9.310000
8.158000
9.522000
3.045000
14.209000
7.573000
4.099000
7.077000
10.754000
10.219000
7.079000
1.985000
9.792000
12.674000
5.598000
6.901000
9.504000
8.728000
10.092000
9.527000
13.539000
14.979000
7.540000
3.442000
9.440000
11.042000
11.719000
3.441000
7.290000
4.193000
10.841000
9.121000
9.518000
7.602000
5.439000
12.479000
4.537000
3.930000
8.982000
8.507000
14.492000
9.747000
9.363000
7.995000
12.038000
11.828000
7.967000
9.346000
8.060000
11.458000
9.048000
11.525000
7.671000
10.290000
6.782000
17.992000
6.231000
9.631000
9.271000
8.480000
12.120000
9.423000
7.710000
13.421000
12.838000
9.828000
12.765000
8.069000
6.167000
6.712000
11.526000
14.183000
8.146000
5.342000
5.698000
6.504000
17.348000
8.957000
10.456000
3.850000
8.840000
11.282000
10.946000
14.141000
11.530000
16.308000
10.476000
10.945000
6.131000
5.724000
4.563000
6.217000
5.184000
11.149000
9.829000
10.717000
9.174000
5.759000
7.552000
15.931000
12.745000
7.809000
5.402000
9.740000
6.490000
17.945000
18.078000
17.502000
7.712000
6.264000
11.253000
26.242000
13.385000
10.790000
7.805000
5.448000
3.753000
6.211000
9.915000
12.621000
17.099000
13.601000
13.111000
22.268000
5.082000
4.723000
5.705000
6.794000
11.762000
6.448000
7.834000
4.949000
7.624000
6.755000
3.338000
3.654000
9.431000
6.461000
12.517000
13.058000
11.621000
8.615000
11.624000
3.726000
12.050000
0.000000
6.503000
8.926000
9.393000
9.941000
7.483000
8.474000
10.834000
8.885000
7.642000
7.404000
11.871000
10.022000
11.896000
7.310000
12.903000
8.491000
4.959000
4.418000
14.007000
4.639000
12.170000
11.006000
10.752000
11.808000
9.403000
17.944000
10.267000
10.215000
6.382000
8.703000
12.127000
10.441000
20.490000
9.676000
5.076000
13.934000
10.692000
9.574000
7.103000
11.023000
9.508000
13.154000
10.665000
9.553000
7.258000
4.116000
9.861000
11.726000
10.718000
11.709000
4.760000
5.957000
7.035000
12.907000
14.407000
9.104000
7.151000
5.221000
4.565000
13.651000
11.683000
9.114000
6.373000
1.665000
5.614000
9.637000
1.008000
10.756000
7.744000
12.096000
5.744000
3.805000
13.303000
6.995000
10.738000
5.993000
10.551000
12.417000
4.927000
7.969000
9.035000
6.954000
10.791000
13.090000
9.446000
7.764000
10.168000
13.280000
9.731000
8.601000
13.225000
10.082000
11.063000
11.832000
8.500000
8.186000
0.000000
6.121000
10.606000
12.531000
12.380000
0.328000
8.713000
15.062000
7.204000
7.168000
10.079000
11.109000
10.869000
4.025000
16.145000
7.269000
14.341000
12.369000
8.497000
10.622000
8.371000
4.358000
9.530000
4.968000
9.281000
8.910000
18.703000
1.788000
10.675000
12.907000
6.184000
10.378000
11.499000
4.980000
9.897000
11.951000
6.935000
10.786000
14.000000
17.152000
13.110000
12.401000
1.586000
7.786000
7.585000
9.034000
8.448000
9.439000
8.733000
19.956000
6.359000
5.069000
12.894000
16.604000
19.976000
5.052000
1.627000
10.601000
15.328000
4.032000
7.113000
12.485000
15.431000
4.164000
3.819000
2.542000
12.778000
8.191000
5.888000
5.948000
6.986000
7.295000
15.189000
9.685000
6.414000
3.949000
8.407000
7.831000
6.623000
10.301000
9.293000
0.000000
4.957000
13.360000
17.038000
8.006000
12.047000
10.503000
3.044000
11.980000
2.831000
3.470000
18.716000
9.835000
8.365000
14.277000
11.352000
2.634000
10.846000
12.319000
12.230000
4.104000
7.811000
12.100000
4.959000
9.083000
6.795000
11.703000
6.407000
19.205000
2.667000
7.921000
2.826000
10.963000
7.594000
10.207000
8.809000
9.187000
1.697000
11.710000
8.452000
5.489000
7.859000
7.781000
14.904000
4.484000
16.878000
6.281000
5.759000
3.640000
6.170000
3.739000
10.816000
9.066000
12.744000
12.234000
9.330000
12.178000
5.353000
2.546000
3.794000
8.889000
3.218000
14.668000
5.183000
4.311000
3.278000
3.857000
1.800000
11.475000
7.725000
14.700000
0.000000
9.581000
9.093000
3.133000
4.706000
3.719000
5.577000
10.058000
12.683000
11.411000
1.184000
8.390000
4.309000
12.319000
4.134000
15.664000
5.481000
8.187000
17.538000
15.509000
4.759000
13.589000
5.253000
4.901000
3.582000
6.597000
6.467000
3.798000
9.763000
9.068000
0.000000
10.026000
3.258000
4.653000
12.509000
11.386000
3.818000
12.630000
7.379000
13.255000
12.030000
11.901000
4.593000
6.813000
4.573000
13.739000
15.334000
10.680000
8.128000
8.441000
7.121000
0.000000
11.555000
1.892000
5.716000
12.096000
12.889000
5.486000
8.303000
7.559000
15.049000
6.082000
9.109000
10.158000
9.466000
6.782000
9.551000
12.595000
7.365000
5.706000
4.583000
10.992000
16.241000
15.506000
14.519000
9.286000
6.629000
5.507000
8.065000
12.913000
2.817000
2.127000
4.330000
16.430000
7.572000
1.847000
13.469000
6.477000
6.652000
5.364000
1.029000
6.736000
3.383000
0.878000
10.797000
2.180000
13.474000
0.780000
18.923000
3.265000
10.992000
11.381000
7.269000
9.986000
2.833000
9.044000
8.509000
6.142000
6.496000
9.384000
8.130000
2.686000
1.516000
9.716000
8.007000
5.565000
4.264000
8.938000
1.953000
13.515000
11.899000
5.060000
5.874000
2.899000
4.132000
5.138000
6.589000
4.425000
13.541000
12.427000
6.593000
2.818000
7.640000
7.176000
17.184000
13.930000
13.519000
2.779000
13.810000
3.985000
5.533000
12.841000
6.212000
4.438000
6.033000
8.962000
5.832000
11.896000
9.339000
10.212000
0.151000
14.161000
5.682000
8.592000
5.755000
10.357000
8.013000
9.008000
0.000000
12.355000
7.810000
9.489000
0.000000
0.000000
8.101000
1.279000
0.149000
10.611000
2.475000
5.118000
4.386000
0.000000
0.000000
7.690000
9.320000
2.115000
7.332000
17.776000
10.611000
14.431000
6.364000
6.457000
0.620000
2.660000
12.053000
5.820000
7.375000
1.643000
11.744000
7.892000
2.237000
1.832000
6.582000
9.970000
4.962000
15.642000
8.444000
0.000000
11.915000
0.000000
0.000000
0.000000
1.636000
0.000000
0.313000
0.000000
0.000000
0.507000
0.000000
0.000000
0.000000
14.506000
8.355000
0.034000
9.443000
0.000000
7.524000
6.485000
10.780000
0.000000
1.382000
9.169000
0.000000
12.354000
0.963000
6.930000
4.210000
0.757000
10.625000
0.000000
9.277000
0.000000
0.000000
15.050000
0.000000
1.451000
5.655000
4.933000
3.249000
1.226000
6.972000
12.686000
3.929000
0.000000
0.000000
9.513000
0.000000
12.855000
0.002000
13.269000
0.000000
0.000000
6.204000
0.107000
10.333000
3.966000
0.589000
5.926000
9.772000
2.977000
1.403000
0.000000
2.704000
7.488000
7.112000
5.893000
4.129000
12.201000
14.851000
6.846000
13.051000
13.722000
14.139000
0.000000
11.531000
12.761000
2.875000
1.714000
10.144000
0.000000
6.595000
0.071000
0.585000
7.118000
0.000000
3.006000
1.722000
0.000000
10.587000
0.000000
6.545000
11.618000
13.952000
9.517000
8.304000
5.542000
8.346000
7.665000
7.340000
7.619000
12.521000
7.657000
17.146000
17.041000
6.920000
5.737000
2.818000
2.300000
18.039000
8.731000
0.000000
14.111000
0.403000
13.481000
0.000000
1.829000
12.655000
7.270000
10.671000
10.449000
9.198000
7.204000
10.874000
13.068000
14.956000
11.533000
0.000000
3.733000
1.335000
10.134000
5.019000
6.492000
8.895000
11.980000
16.011000
0.000000
9.633000
9.726000
1.226000
0.000000
4.791000
17.922000
6.918000
6.447000
13.958000
11.671000
15.342000
10.957000
0.927000
7.393000
12.777000
0.000000
6.793000
1.372000
8.381000
14.381000
11.008000
5.451000
4.991000
11.086000
6.977000
10.539000
15.940000
7.356000
13.788000
10.627000
14.623000
8.423000
11.325000
0.000000
7.113000
6.184000
1.530000
8.353000
5.419000
11.624000
2.704000
12.766000
12.195000
3.654000
0.000000
6.894000
9.243000
16.216000
16.538000
14.243000
17.118000
5.535000
9.168000
5.941000
10.288000
7.561000
0.000000
11.979000
19.382000
15.395000
11.332000
3.904000
6.117000
6.747000
18.426000
0.621000
11.472000
5.544000
11.435000
6.084000
12.821000
9.998000
5.896000
5.666000
11.920000
12.631000
8.328000
8.042000
10.417000
7.613000
11.307000
5.433000
12.304000
2.170000
3.680000
4.353000
3.791000
5.440000
10.195000
10.010000
0.000000
8.568000
2.520000
9.068000
6.296000
6.651000
10.827000
5.136000
9.059000
10.223000
11.309000
12.069000
5.318000
0.000000
13.021000
17.299000
11.257000
4.298000
5.634000
9.248000
3.444000
11.808000
10.523000
16.215000
6.568000
9.311000
9.103000
10.198000
7.408000
15.986000
0.000000
12.510000
5.874000
9.943000
6.072000
0.000000
5.460000
0.728000
13.418000
7.131000
11.998000
14.973000
6.110000
9.128000
8.823000
16.464000
2.092000
0.000000
15.024000
7.064000
9.267000
17.372000
9.493000
5.989000
14.152000
4.405000
5.415000
12.707000
10.047000
2.261000
11.792000
14.572000
13.307000
9.341000
9.090000
19.742000
7.905000
11.342000
11.424000
7.262000
0.949000
13.153000
12.601000
10.088000
13.865000
5.556000
6.666000
15.524000
15.029000
10.874000
12.070000
10.278000
10.775000
3.753000
9.980000
10.327000
4.572000
7.231000
11.494000
8.561000
4.806000
12.476000
3.888000
11.833000
10.528000
6.648000
3.609000
14.676000
11.916000
12.520000
12.449000
9.660000
5.761000
11.379000
10.099000
8.526000
0.000000
5.171000
15.068000
11.466000
4.360000
15.664000
9.308000
3.107000
3.452000
2.874000
3.840000
10.280000
9.975000
6.863000
7.203000
1.125000
14.803000
0.000000
14.029000
10.186000
17.170000
4.373000
0.000000
9.667000
11.153000
11.699000
0.143000
10.756000
5.267000
0.331000
9.083000
3.758000
10.786000
0.000000
14.994000
6.761000
10.218000
9.078000
9.752000
0.000000
6.492000
5.223000
5.120000
11.498000
8.723000
7.889000
18.736000
4.887000
6.076000
11.410000
5.769000
12.385000
6.210000
3.372000
5.060000
8.651000
11.798000
17.707000
6.651000
9.082000
17.801000
8.198000
21.005000
9.074000
7.046000
12.000000
7.138000
0.000000
7.720000
7.525000
7.449000
1.797000
4.864000
14.001000
0.000000
0.601000
9.328000
5.857000
6.808000
15.036000
0.000000
9.285000
6.543000
5.245000
6.373000
6.535000
7.956000
17.642000
7.181000
5.624000
12.157000
8.428000
3.948000
5.596000
0.000000
1.580000
10.356000
8.453000
11.978000
10.730000
15.632000
6.069000
15.714000
1.266000
9.396000
0.000000
18.259000
9.853000
2.308000
0.000000
18.690000
14.062000
0.000000
11.388000
6.638000
9.153000
11.306000
8.333000
3.990000
12.939000
8.528000
0.000000
5.406000
0.000000
6.093000
7.120000
4.832000
10.624000
8.509000
0.000000
5.421000
0.000000
0.000000
8.960000
0.000000
11.158000
8.892000
9.979000
0.000000
0.000000
0.000000
0.558000
6.685000
0.000000
2.040000
2.964000
14.514000
7.120000
0.000000
3.631000
15.677000
6.628000
0.000000
6.445000
3.473000
0.000000
1.704000
1.186000
0.000000
2.043000
0.301000
4.120000
0.000000
4.212000
0.831000
0.000000
0.000000
6.895000
0.838000
0.377000
0.000000
2.029000
6.470000
1.360000
0.000000
0.000000
0.979000
3.938000
1.989000
6.523000
1.105000
4.407000
13.577000
3.215000
0.418000
1.971000
7.833000
0.000000
5.583000
2.935000
0.992000
0.000000
5.764000
1.576000
0.000000
2.780000
6.916000
0.624000
1.530000
5.140000
18.161000
0.000000
3.238000
6.476000
6.458000
0.000000
0.000000
11.678000
0.000000
0.000000
0.732000
8.101000
0.000000
0.000000
0.000000
0.000000
3.368000
6.442000
0.000000
7.286000
2.823000
0.688000
0.009000
0.000000
1.959000
9.373000
3.099000
17.866000
5.890000
3.104000
3.966000
0.000000
7.900000
1.212000
7.766000
0.695000
0.000000
2.012000
11.981000
0.000000
5.764000
0.000000
0.000000
9.064000
0.000000
3.551000
10.749000
0.000000
0.000000
0.000000
15.321000
0.000000
0.625000
0.000000
0.000000
0.596000
1.896000
0.000000
0.000000
0.000000
6.063000
4.401000
14.430000
0.000000
3.161000
0.000000
0.000000
0.000000
2.035000
9.183000
4.236000
0.000000
0.000000
0.000000
0.000000
0.212000
3.052000
0.000000
0.000000
0.000000
0.000000
8.669000
5.843000
5.478000
0.000000
0.000000
1.997000
15.183000
3.783000
2.266000
2.570000
6.178000
3.569000
15.290000
13.096000
1.448000
2.198000
0.000000
15.654000
8.673000
0.000000
0.813000
0.000000
5.389000
9.813000
9.867000
8.620000
0.000000
12.998000
0.000000
4.412000
0.623000
0.000000
8.701000
13.825000
0.000000
7.212000
5.965000
7.918000
0.000000
0.000000
0.000000
2.191000
8.753000
0.000000
0.000000
9.326000
0.000000
7.849000
5.226000
0.000000
4.575000
3.173000
1.497000
5.721000
6.079000
5.940000
0.000000
0.000000
8.348000
0.000000
6.680000
10.253000
8.925000
7.592000
0.000000
7.194000
2.115000
2.861000
0.000000
0.000000
0.000000
0.000000
0.000000
2.200000
6.046000
10.457000
0.000000
0.000000
4.995000
4.812000
0.000000
3.454000
8.233000
0.000000
2.954000
0.000000
0.000000
0.000000
0.000000
3.382000
4.141000
0.000000
0.000000
0.000000
13.159000
0.000000
0.000000
0.000000
6.331000
0.000000
3.491000
6.314000
10.069000
3.163000
2.359000
0.000000
0.000000
7.818000
4.513000
0.000000
7.617000
0.000000
0.000000
7.129000
0.000000
0.000000
0.000000
0.000000
0.000000
0.000000
4.667000
0.000000
5.004000
0.000000
6.074000
0.000000
0.000000
0.000000
0.000000
1.626000
0.000000
0.000000
17.379000
4.312000
2.416000
0.603000
3.162000
0.000000
7.081000
1.537000
0.000000
9.017000
5.435000
0.000000
0.000000
0.000000
4.125000
7.134000
0.000000
0.000000
2.533000
1.256000
1.695000
2.643000
0.000000
0.000000
0.000000
0.000000
2.938000
1.877000
0.243000
7.228000
0.000000
5.099000
0.000000
0.000000
5.358000
10.427000
0.231000
12.075000
1.849000
3.983000
0.000000
0.000000
0.000000
3.295000
4.225000
3.350000
0.000000
0.000000
7.843000
1.354000
0.000000
2.759000
0.000000
0.000000
5.135000
9.199000
10.937000
5.974000
0.000000
0.000000
8.826000
4.095000
12.682000
9.041000
5.098000
0.000000
3.275000
3.144000
0.000000
0.000000
0.000000
0.375000
7.791000
0.000000
1.008000
6.937000
0.000000
8.158000
4.759000
9.630000
0.000000
5.122000
5.289000
0.000000
4.573000
0.000000
3.026000
0.608000
0.000000
12.030000
0.000000
0.000000
0.617000
2.807000
5.936000
4.009000
0.335000
2.509000
0.000000
0.000000
0.886000
5.241000
8.501000
0.000000
0.000000
0.000000
0.000000
7.566000
5.609000
0.000000
0.000000
12.752000
3.819000
9.623000
9.290000
2.922000
1.089000
0.000000
0.000000
5.392000
0.000000
6.874000
0.000000
2.835000
9.648000
1.693000
9.505000
0.295000
0.545000
0.000000
0.025000
0.000000
6.381000
6.017000
12.517000
1.774000
4.149000
4.868000
0.000000
0.000000
6.415000
2.523000
0.000000
7.910000
0.000000
2.328000
5.358000
4.191000
3.489000
2.036000
0.000000
0.000000
0.000000
2.392000
0.000000
0.000000
7.994000
6.215000
4.859000
2.379000
5.775000
0.000000
10.317000
0.000000
4.450000
6.021000
7.216000
11.850000
0.000000
0.000000
1.371000
0.736000
1.725000
0.031000
0.000000
0.000000
0.000000
0.000000
0.000000
9.479000
5.030000
6.330000
0.000000
0.381000
0.000000
4.375000
0.194000
8.891000
1.962000
0.000000
0.000000
4.170000
11.090000
3.608000
0.000000
2.890000
0.000000
3.962000
6.183000
5.358000
6.755000
2.705000
2.245000
0.000000
8.945000
6.369000
13.092000
0.000000
4.081000
0.000000
3.821000
1.888000
4.070000
0.000000
6.129000
5.783000
2.829000
7.319000
0.000000
0.000000
0.000000
0.000000
0.000000
0.000000
6.449000
9.572000
10.651000
0.000000
10.646000
10.202000
2.741000
8.737000
0.000000
1.225000
4.834000
0.000000
0.000000
0.000000
0.000000
0.000000
0.000000
0.000000
5.534000
0.000000
0.000000
1.987000
0.000000
2.434000
5.680000
1.511000
0.000000
0.683000
0.460000
2.607000
0.000000
0.000000
0.000000
6.619000
3.473000
0.562000
1.422000
6.543000
0.000000
0.000000
1.050000
0.000000
0.000000
1.796000
0.000000
0.735000
0.000000
0.132000
1.825000
2.376000
2.656000
0.000000
0.000000
0.000000
0.000000
0.784000
0.000000
1.892000
0.000000
0.000000
0.000000
0.722000
0.000000
1.939000
0.000000
0.000000
0.000000
0.566000
0.926000
2.310000
0.507000
0.000000
1.041000
0.035000
0.000000
0.000000
1.869000
0.000000
1.968000
0.000000
0.000000
0.000000
2.197000
0.000000
2.495000
0.000000
0.000000
0.498000
0.000000
0.000000
0.000000
0.000000
4.201000
0.000000
0.000000
0.000000
0.000000
0.000000
0.000000
0.185000
3.411000
0.000000
0.000000
0.355000
0.000000
0.000000
0.000000
0.000000
0.000000
0.000000
0.000000
0.000000
0.025000
0.000000
0.000000
0.000000
1.967000
1.008000
0.000000
0.000000
0.895000
0.000000
0.000000
0.000000
0.131000
2.574000
0.000000
0.000000
0.000000
0.000000
0.000000
0.000000
0.000000
0.000000
0.000000
0.000000
0.887000
0.000000
0.000000
0.000000
0.000000
0.000000
0.000000
1.278000
0.000000
0.000000
6.331000
2.268000
0.000000
0.819000
2.132000
0.482000
3.270000
1.873000
0.000000
0.000000
0.194000
4.624000
0.000000
0.000000
0.014000
1.414000
0.000000
0.000000
3.290000
0.000000
0.000000
0.000000
0.595000
0.000000
0.000000
1.903000
0.000000
0.103000
1.863000
0.000000
0.000000
0.000000
0.178000
0.000000
0.023000
0.000000
5.513000
0.000000
0.000000
1.113000
0.000000
1.157000
0.000000
0.000000
0.000000
0.000000
0.081000
0.000000
0.000000
0.000000
0.000000
0.000000
0.000000
0.941000
0.000000
0.000000
0.380000
0.000000
0.000000
0.587000
0.000000
0.000000
0.802000
0.931000
0.000000
0.000000
1.485000
0.466000
1.938000
3.961000
1.520000
0.664000
0.000000
0.000000
1.065000
0.000000
0.000000
0.000000
0.139000
0.000000
0.000000
0.000000
2.117000
0.239000
0.000000
0.000000
0.867000
0.000000
2.456000
2.123000
0.000000
0.000000
0.000000
0.889000
0.000000
0.000000
0.000000
0.000000
0.453000
0.236000
4.017000
1.202000
0.000000
1.845000
1.730000
0.000000
0.000000
1.140000
0.423000
1.125000
0.408000
2.945000
0.000000
0.000000
0.000000
1.588000
0.000000
0.000000
0.000000
6.085000
0.990000
0.000000
0.000000
1.797000
0.656000
1.109000
2.296000
0.614000
0.000000
0.000000
1.897000
0.000000
0.000000
0.000000
0.000000
0.724000
3.338000
0.144000
0.328000
3.000000
2.787000
0.000000
2.393000
0.000000
1.158000
0.000000
0.000000
0.000000
1.671000
1.591000
0.000000
0.000000
1.463000
0.000000
0.000000
0.000000
0.000000
1.075000
1.440000
0.000000
0.000000
0.321000
0.610000
4.208000
1.094000
0.497000
0.000000
0.000000
0.685000
1.447000
0.000000
0.546000
1.968000
0.000000
2.580000
0.000000
7.481000
0.000000
1.692000
1.142000
0.000000
0.065000
0.083000
0.599000
0.171000
1.846000
1.328000
0.000000
3.208000
0.369000
0.431000
0.000000
1.409000
2.553000
0.000000
1.054000
0.347000
0.000000
0.000000
0.000000
0.000000
0.000000
0.287000
0.071000
3.570000
0.243000
0.000000
1.199000
2.311000
3.133000
0.159000
2.127000
1.694000
0.000000
0.231000
3.710000
0.000000
0.551000
0.000000
1.112000
0.179000
1.564000
0.000000
1.392000
0.000000
1.687000
2.078000
0.000000
0.000000
2.420000
0.000000
0.000000
0.000000
0.000000
0.000000
0.323000
0.000000
0.000000
0.940000
1.374000
0.000000
3.241000
0.000000
0.630000
0.000000
1.095000
0.000000
1.705000
0.000000
0.132000
0.000000
0.934000
0.000000
5.964000
0.000000
0.000000
1.563000
3.257000
0.000000
0.000000
0.000000
4.339000
3.674000
4.745000
0.000000
0.000000
1.802000
0.016000
3.693000
0.027000
0.000000
1.722000
3.271000
0.000000
2.743000
0.714000
0.000000
4.633000
0.000000
0.644000
3.388000
1.124000
1.994000
1.705000
0.000000
1.220000
1.434000
0.000000
0.000000
0.187000
0.000000
0.019000
6.489000
0.000000
0.000000
0.076000
0.973000
0.000000
0.000000
0.606000
0.000000
0.672000
0.318000
0.000000
0.000000
0.405000
0.000000
1.972000
0.000000
0.000000
0.000000
0.000000
1.309000
0.000000
0.000000
0.479000
0.659000
2.337000
0.552000
7.028000
1.570000
0.000000
0.428000
0.000000
0.000000
0.000000
0.982000
2.078000
0.375000
1.326000
0.000000
4.147000
0.548000
0.000000
0.000000
1.840000
1.402000
0.000000
0.000000
0.000000
1.160000
0.238000
0.000000
4.296000
3.152000
0.000000
0.234000
0.000000
0.000000
0.000000
1.219000
5.052000
0.441000
1.410000
0.000000
0.000000
0.000000
0.000000
2.352000
0.000000
0.000000
0.781000
0.000000
0.000000
1.951000
0.000000
0.000000
0.000000
0.624000
0.028000
0.000000
1.461000
0.000000
0.323000
0.000000
0.000000
0.019000
1.513000
3.383000
0.071000
0.000000
0.471000
1.173000
0.072000
0.000000
0.000000
0.000000
0.000000
0.019000
5.583000
0.765000
1.519000
0.000000
0.000000
0.000000
2.453000
0.000000
0.000000
1.562000
0.000000
3.256000
0.000000
1.039000
0.000000
0.000000
0.000000
0.000000
0.992000
1.252000
0.000000
0.000000
0.000000
0.764000
0.000000
1.443000
0.000000
1.340000
0.354000
0.926000
0.000000
0.006000
0.000000
0.000000
0.000000
0.000000
0.115000
0.000000
0.000000
5.301000
0.461000
0.000000
0.000000
0.000000
0.000000
0.090000
1.593000
0.000000
0.000000
0.331000
0.000000
1.863000
0.000000
4.230000
9.592000
0.009000
0.944000
0.000000
0.765000
0.706000
0.959000
2.952000
0.000000
2.126000
0.000000
0.075000
0.000000
0.000000
0.000000
1.453000
1.208000
0.601000
0.182000
0.000000
0.939000
0.000000
0.000000
0.947000
0.907000
0.000000
0.000000
0.000000
0.000000
3.172000
0.000000
0.000000
3.449000
0.000000
0.000000
0.000000
1.026000
0.967000
1.008000
1.512000
0.000000
0.911000
2.115000
0.980000
3.029000
0.000000
0.000000
0.564000
0.000000
0.515000
0.252000
0.000000
0.516000
2.245000
0.000000
0.825000
0.000000
0.000000
1.547000
0.000000
2.041000
0.000000
2.265000
0.300000
0.000000
6.526000
0.226000
0.000000
0.000000
0.863000
0.000000
0.000000
0.947000
0.026000
0.000000
0.000000
0.000000
0.410000
0.000000
0.685000
0.465000
0.000000
1.460000
3.426000
0.000000
0.000000
0.949000
0.856000
0.686000
0.000000
1.717000
2.101000
0.669000
0.861000
0.000000
0.000000
0.000000
0.000000
2.848000
3.256000
0.000000
0.000000
0.000000
0.000000
0.137000
0.000000
0.000000
0.000000
0.045000
0.000000
0.000000
1.578000
0.000000
0.620000
0.000000
0.890000
0.991000
0.000000
0.000000
0.000000
0.263000
0.109000
0.164000
0.000000
0.673000
0.000000
0.000000
0.000000
0.000000
0.000000
0.000000
3.431000
0.000000
0.000000
0.577000
0.000000
0.000000
0.766000
0.000000
0.000000
0.000000
0.168000
0.000000
0.000000
0.000000
0.000000
0.000000
0.812000
0.000000
0.000000
1.499000
0.184000
1.402000
0.000000
0.000000
0.232000
1.646000
0.000000
0.074000
0.000000
0.613000
0.000000
0.000000
0.000000
0.000000
0.000000
0.900000
2.354000
1.295000
0.661000
0.638000
0.000000
0.000000
0.023000
0.000000
0.000000
3.125000
0.000000
0.000000
0.000000
0.303000
0.000000
0.000000
0.000000
0.000000
0.000000
0.000000
0.824000
0.000000
2.379000
0.000000
0.390000
0.190000
0.000000
1.017000
1.028000
0.190000
0.339000
1.018000
0.827000
2.420000
0.000000
1.229000
1.064000
0.000000
3.011000
0.000000
0.335000
0.000000
0.030000
2.505000
0.000000
0.000000
0.000000
2.220000
0.000000
0.000000
0.000000
0.802000
0.000000
1.881000
0.000000
0.000000
0.000000
1.226000
0.000000
0.354000
0.816000
0.875000
1.921000
0.000000
1.018000
0.000000
0.852000
0.843000
0.070000
0.000000
0.363000
0.000000
0.057000
1.359000
0.724000
2.809000
0.000000
1.339000
0.000000
0.460000
0.000000
1.050000
0.000000
0.000000
0.752000
0.651000
0.938000
0.000000
0.000000
0.000000
0.000000
0.000000
1.960000
0.551000
0.000000
1.371000
1.768000
3.105000
0.000000
0.000000
0.000000
1.119000
1.431000
1.775000
3.647000
0.000000
0.993000
0.000000
0.000000
0.228000
0.099000
0.000000
1.713000
0.000000
0.000000
0.764000
1.430000
0.000000
0.701000
0.000000
1.010000
0.000000
0.000000
1.231000
0.182000
0.000000
0.464000
0.000000
0.000000
2.196000
0.000000
1.849000
0.000000
0.000000
0.000000
0.000000
0.000000
0.343000
0.369000
1.715000
0.000000
0.000000
0.000000
0.615000
2.134000
0.400000
0.000000
0.605000
1.353000
0.835000
2.088000
1.898000
0.000000
4.208000
0.265000
0.000000
0.000000
1.716000
1.262000
1.583000
0.000000
1.275000
2.552000
0.000000
0.401000
1.677000
0.936000
0.387000
0.000000
2.106000
0.000000
0.000000
1.332000
0.000000
0.000000
0.277000
1.456000
0.000000
1.215000
0.000000
0.119000
0.078000
0.000000
0.000000
0.000000
0.000000
0.740000
0.775000
0.000000
0.743000
0.594000
0.000000
0.000000
0.492000
0.000000
0.000000
0.000000
2.364000
2.446000
0.078000
0.000000
2.122000
0.992000
0.270000
0.000000
0.350000
0.000000
1.145000
0.000000
0.000000
0.602000
0.000000
0.000000
0.259000
0.000000
0.763000
0.000000
0.000000
0.000000
0.000000
0.000000
0.000000
0.000000
0.000000
0.000000
0.000000
2.607000
0.201000
0.653000
0.361000
0.178000
1.155000
0.000000
0.000000
0.000000
1.835000
0.000000
0.000000
0.000000
0.000000
0.000000
0.154000
0.000000
0.000000
0.000000
0.000000
1.062000
0.000000
2.687000
0.000000
0.001000
0.000000
1.807000
0.000000
1.938000
0.547000
0.000000
0.000000
0.594000
0.000000
4.191000
2.758000
0.267000
0.000000
0.000000
0.300000
0.000000
0.000000
0.000000
0.000000
0.612000
2.735000
0.000000
2.352000
0.000000
0.000000
0.000000
1.208000
1.082000
0.000000
0.000000
0.000000
0.080000
0.000000
0.000000
0.000000
0.000000
0.177000
0.000000
1.713000
1.087000
1.744000
0.000000
0.325000
0.000000
1.374000
0.013000
0.000000
0.460000
1.509000
0.000000
0.066000
2.314000
0.000000
0.000000
0.000000
0.000000
1.356000
0.000000
0.000000
0.404000
0.000000
3.655000
3.643000
0.000000
0.000000
0.000000
0.570000
0.688000
1.473000
0.000000
0.832000
2.295000
1.701000
0.000000
2.838000
0.000000
1.429000
0.000000
0.000000
0.000000
0.000000
2.936000
0.000000
2.085000
0.377000
0.000000
0.000000
1.410000
0.808000
0.000000
0.000000
0.841000
0.000000
0.000000
0.000000
0.000000
1.259000
0.000000
0.647000
1.318000
0.000000
1.555000
0.000000
0.000000
0.000000
1.496000
0.456000
0.000000
0.000000
0.000000
0.094000
4.182000
0.000000
1.220000
0.000000
0.880000
0.000000
0.303000
0.000000
0.000000
0.000000
0.000000
2.401000
0.000000
0.000000
0.000000
1.180000
0.293000
0.000000
0.000000
0.000000
0.000000
0.000000
3.416000
0.000000
0.000000
0.000000
0.766000
0.000000
0.000000
1.308000
0.399000
0.692000
0.000000
0.000000
2.438000
0.000000
0.000000
0.000000
2.038000
0.000000
0.000000
3.136000
0.091000
0.000000
0.298000
0.000000
0.966000
0.000000
0.000000
0.000000
0.973000
1.275000
0.000000
0.000000
0.000000
1.149000
0.000000
2.534000
0.000000
1.075000
0.000000
0.667000
0.000000
0.000000
0.000000
1.099000
0.000000
0.000000
0.991000
0.000000
1.323000
0.000000
1.315000
3.452000
2.613000
0.584000
0.000000
0.000000
1.364000
0.768000
0.000000
2.861000
0.000000
3.337000
1.347000
0.000000
0.000000
3.544000
0.000000
0.000000
0.000000
2.126000
0.000000
0.000000
0.000000
0.111000
0.000000
0.489000
0.000000
0.000000
0.000000
0.000000
0.000000
0.000000
0.278000
0.000000
0.000000
0.000000
0.000000
0.000000
1.030000
3.112000
0.000000
2.597000
0.766000
0.000000
0.000000
0.519000
0.000000
0.000000
1.203000
0.000000
0.000000
0.167000
0.000000
1.961000
1.395000
0.371000
0.000000
0.000000
1.733000
0.855000
0.000000
0.000000
0.000000
0.357000
0.000000
0.000000
0.000000
1.454000
0.000000
0.000000
2.390000
0.000000
0.000000
0.000000
2.494000
0.423000
0.000000
0.000000
1.214000
0.000000
0.754000
0.484000
0.910000
0.000000
0.000000
0.000000
2.080000
0.124000
0.426000
0.399000
1.917000
1.567000
0.000000
2.490000
0.867000
2.277000
0.000000
2.176000
3.661000
0.000000
0.000000
0.000000
0.934000
0.000000
0.000000
0.728000
0.000000
0.000000
0.573000
0.000000
0.000000
0.728000
1.854000
0.833000
0.000000
0.000000
1.389000
0.000000
0.954000
0.564000
0.000000
0.526000
1.285000
0.000000
0.367000
0.968000
0.764000
1.248000
0.456000
0.000000
1.703000
1.130000
1.057000
0.797000
0.000000
0.596000
0.000000
0.000000
0.000000
0.000000
0.099000
0.000000
0.415000
1.315000
1.187000
0.000000
0.000000
0.157000
1.189000
0.000000
0.836000
0.000000
0.000000
1.244000
0.008000
0.000000
0.000000
0.000000
