16.884000
16.078000
14.368000
15.231000
13.342000
20.061000
12.568000
13.017000
12.443000
16.118000
13.987000
18.459000
13.620000
16.029000
18.884000
19.518000
15.743000
20.426000
18.257000
14.159000
6.227000
10.697000
20.110000
15.802000
19.798000
6.355000
10.154000
20.757000
15.930000
14.160000
18.975000
17.204000
14.615000
18.505000
17.590000
16.456000
17.840000
7.801000
10.768000
5.040000
16.147000
15.303000
20.817000
8.404000
14.765000
7.911000
8.633000
18.496000
8.915000
16.387000
17.915000
19.919000
7.829000
12.834000
3.509000
11.697000
21.649000
6.649000
13.491000
12.686000
6.156000
7.367000
5.173000
9.266000
16.205000
4.203000
11.750000
7.189000
9.934000
10.048000
10.245000
9.355000
7.266000
19.091000
5.753000
10.676000
6.434000
17.658000
10.949000
6.715000
12.212000
11.301000
7.024000
13.526000
9.200000
15.149000
8.592000
12.332000
9.704000
8.654000
8.573000
11.952000
7.192000
10.323000
2.927000
6.798000
11.327000
16.121000
7.870000
5.546000
4.274000
8.802000
3.847000
4.705000
11.520000
6.890000
12.793000
7.545000
10.841000
11.173000
6.461000
7.723000
5.902000
8.499000
11.883000
5.428000
7.102000
9.399000
6.112000
9.065000
8.506000
8.219000
19.149000
15.198000
11.526000
6.953000
8.538000
14.480000
6.713000
18.023000
10.581000
10.091000
2.517000
9.322000
11.857000
5.138000
5.779000
6.932000
5.763000
10.487000
8.854000
11.089000
9.980000
7.249000
11.684000
16.650000
8.798000
10.711000
8.097000
12.754000
11.533000
8.245000
7.825000
9.663000
7.520000
10.981000
11.829000
8.793000
18.763000
12.563000
3.437000
11.420000
5.093000
17.762000
6.099000
4.444000
7.425000
17.402000
16.515000
15.310000
19.881000
7.898000
4.734000
9.137000
5.493000
6.690000
6.539000
6.554000
11.925000
5.680000
6.089000
8.514000
16.780000
13.117000
9.493000
9.280000
6.058000
4.082000
5.938000
9.607000
6.188000
7.677000
14.443000
7.145000
13.160000
13.227000
3.100000
8.499000
13.952000
12.832000
20.476000
3.354000
4.433000
8.173000
8.825000
6.571000
10.281000
7.109000
19.032000
9.314000
11.860000
8.823000
10.701000
7.401000
14.080000
18.922000
13.226000
14.179000
8.169000
11.462000
13.440000
10.239000
10.704000
10.658000
4.199000
4.364000
12.010000
15.816000
7.018000
11.230000
9.483000
14.512000
8.163000
6.862000
10.035000
5.705000
9.862000
10.694000
9.992000
14.310000
15.022000
12.562000
7.647000
12.930000
12.240000
7.935000
8.961000
9.249000
10.252000
15.806000
6.839000
9.218000
16.289000
5.859000
12.232000
12.042000
13.715000
15.289000
16.783000
10.866000
12.377000
11.627000
12.723000
12.377000
7.013000
6.177000
4.952000
5.222000
13.764000
15.409000
14.247000
4.930000
16.305000
3.236000
11.693000
11.129000
8.902000
15.620000
4.376000
10.329000
12.964000
8.858000
6.676000
13.394000
13.906000
9.845000
14.891000
6.043000
4.361000
3.079000
13.633000
9.950000
22.870000
16.238000
13.339000
13.170000
11.170000
15.359000
10.330000
13.010000
12.536000
12.777000
8.124000
11.705000
6.963000
16.822000
7.975000
17.751000
12.193000
16.765000
16.580000
13.091000
16.853000
9.530000
9.260000
8.862000
14.860000
10.293000
5.664000
10.511000
11.264000
15.675000
8.125000
8.037000
4.410000
4.288000
19.761000
11.723000
7.486000
14.132000
10.065000
10.226000
13.254000
6.332000
14.049000
11.329000
18.053000
4.917000
9.809000
21.927000
10.216000
10.755000
9.178000
14.414000
7.336000
12.868000
14.300000
9.966000
13.732000
2.505000
10.705000
9.843000
10.237000
11.664000
15.454000
10.974000
9.644000
23.085000
19.540000
14.944000
12.177000
11.844000
8.682000
5.648000
9.041000
14.162000
12.408000
12.651000
10.644000
11.985000
11.135000
11.374000
16.286000
10.049000
11.295000
17.469000
7.110000
10.171000
13.233000
6.746000
12.962000
12.864000
12.053000
5.184000
13.097000
6.552000
8.878000
15.636000
5.591000
16.448000
14.751000
10.772000
9.310000
5.773000
9.499000
15.993000
3.872000
13.214000
10.985000
11.651000
3.570000
13.893000
19.705000
8.680000
16.570000
14.096000
12.217000
15.783000
6.168000
7.717000
13.067000
8.613000
8.151000
11.398000
11.529000
8.279000
14.503000
12.176000
10.164000
10.390000
16.383000
1.794000
22.966000
13.043000
6.785000
7.739000
5.397000
17.811000
10.898000
11.401000
18.650000
15.910000
10.808000
11.461000
11.062000
8.054000
17.775000
7.568000
3.454000
12.405000
17.915000
10.423000
13.398000
11.798000
10.439000
8.435000
14.753000
7.432000
8.888000
12.344000
8.478000
15.228000
8.293000
25.267000
9.966000
13.618000
25.800000
9.863000
10.923000
11.164000
7.301000
5.588000
7.698000
12.077000
5.211000
12.124000
7.522000
12.066000
13.133000
4.861000
7.917000
13.169000
6.964000
9.959000
9.613000
8.635000
6.998000
7.123000
12.398000
24.267000
4.928000
12.230000
7.150000
14.565000
10.669000
5.964000
20.413000
7.225000
10.022000
10.704000
12.935000
3.257000
10.720000
10.743000
12.453000
7.737000
22.552000
3.109000
10.008000
12.421000
12.558000
10.502000
13.549000
20.614000
14.793000
16.831000
7.422000
7.029000
17.816000
13.487000
6.798000
10.416000
21.319000
4.010000
19.411000
16.212000
6.780000
9.485000
6.671000
14.179000
9.959000
8.954000
9.885000
7.224000
10.738000
20.107000
9.495000
9.600000
11.682000
9.369000
11.870000
10.694000
9.781000
20.173000
16.948000
9.496000
8.878000
9.890000
5.519000
11.574000
7.286000
11.098000
8.372000
11.291000
13.275000
4.426000
22.155000
6.576000
7.474000
8.352000
10.790000
8.775000
14.025000
14.980000
12.599000
17.256000
12.166000
7.901000
14.545000
7.534000
9.687000
14.579000
5.194000
8.990000
12.258000
8.285000
19.335000
7.015000
12.862000
11.108000
7.695000
10.003000
9.010000
11.040000
15.022000
4.198000
11.827000
7.016000
10.950000
6.512000
5.547000
5.843000
12.310000
12.104000
6.501000
11.513000
11.552000
13.609000
10.530000
10.076000
10.492000
10.463000
12.377000
10.081000
19.665000
15.836000
10.677000
21.734000
8.941000
16.651000
11.570000
5.769000
16.079000
24.455000
7.993000
9.384000
15.420000
8.083000
11.435000
15.645000
10.378000
11.487000
7.914000
9.573000
7.396000
11.756000
7.711000
12.040000
5.066000
10.742000
12.420000
22.146000
9.388000
20.761000
5.794000
8.797000
20.960000
18.843000
10.552000
10.071000
8.259000
7.872000
15.004000
16.191000
10.185000
5.222000
11.178000
17.672000
12.813000
16.756000
10.275000
10.941000
18.085000
17.093000
9.325000
12.700000
13.285000
4.311000
8.935000
8.937000
13.956000
6.806000
11.429000
6.164000
8.157000
10.059000
10.033000
18.852000
5.027000
12.310000
5.202000
7.198000
14.011000
10.610000
16.348000
14.074000
19.364000
17.742000
13.029000
15.815000
11.731000
15.095000
9.802000
10.713000
10.296000
10.066000
6.691000
8.785000
9.315000
19.318000
6.737000
4.816000
18.091000
10.941000
27.199000
8.589000
13.949000
14.736000
12.721000
4.731000
8.438000
15.396000
8.643000
21.233000
13.753000
11.563000
10.183000
12.181000
16.990000
4.971000
14.659000
18.234000
11.129000
7.859000
14.236000
13.359000
10.877000
11.616000
12.168000
10.766000
21.882000
11.404000
19.907000
6.801000
14.712000
9.922000
11.454000
6.303000
9.435000
15.255000
7.823000
18.500000
4.329000
17.229000
15.267000
15.742000
12.991000
18.849000
10.647000
10.428000
10.316000
5.086000
9.025000
15.826000
14.659000
11.582000
22.631000
18.057000
9.455000
17.084000
12.701000
18.701000
9.438000
11.942000
14.554000
15.093000
10.698000
4.331000
4.358000
14.164000
8.373000
9.930000
13.188000
12.736000
14.813000
10.897000
11.761000
11.579000
4.563000
14.843000
13.751000
12.348000
13.522000
11.910000
12.874000
6.521000
16.056000
14.344000
11.219000
11.322000
13.272000
6.780000
17.420000
19.292000
9.188000
7.612000
15.501000
12.254000
10.770000
12.674000
13.107000
11.335000
18.027000
24.739000
15.857000
9.118000
10.422000
7.035000
7.999000
5.183000
6.966000
8.954000
7.178000
8.622000
9.015000
11.947000
15.977000
12.027000
7.900000
13.961000
15.576000
13.918000
9.605000
12.073000
21.524000
12.596000
14.141000
10.196000
17.612000
16.139000
10.031000
18.288000
14.267000
6.262000
6.433000
16.133000
7.738000
12.891000
20.405000
11.740000
12.281000
11.318000
9.256000
5.856000
14.320000
15.123000
5.063000
6.121000
13.959000
9.133000
11.186000
11.031000
14.314000
15.106000
11.691000
11.909000
8.795000
12.443000
14.060000
9.189000
9.230000
9.122000
18.725000
10.583000
12.550000
15.249000
16.359000
16.396000
8.248000
9.186000
11.045000
6.901000
4.898000
11.957000
7.575000
11.367000
13.932000
15.193000
12.862000
13.238000
9.571000
17.262000
6.962000
10.614000
18.555000
16.256000
16.457000
7.591000
10.619000
11.101000
8.240000
11.414000
18.555000
12.079000
17.295000
17.964000
8.367000
14.077000
5.453000
7.543000
14.328000
21.928000
8.444000
8.532000
13.284000
11.877000
14.484000
15.480000
17.360000
8.625000
15.810000
8.343000
11.731000
9.384000
15.460000
10.176000
4.378000
14.767000
9.947000
16.424000
12.569000
13.215000
13.907000
4.148000
15.639000
12.716000
13.502000
10.517000
10.551000
7.301000
12.891000
12.800000
11.874000
9.492000
19.629000
14.226000
14.154000
16.900000
8.733000
13.277000
14.589000
12.346000
11.769000
3.645000
14.962000
6.260000
7.480000
12.317000
11.237000
9.150000
16.948000
17.862000
14.692000
9.306000
10.685000
6.488000
12.876000
14.289000
20.124000
9.924000
13.666000
17.305000
5.367000
7.138000
8.806000
15.584000
18.459000
17.339000
13.280000
6.418000
11.771000
9.476000
14.023000
15.048000
4.614000
8.624000
7.028000
7.072000
11.666000
15.081000
23.989000
7.701000
12.076000
3.320000
8.871000
6.982000
3.030000
16.283000
3.784000
8.423000
6.739000
17.592000
12.256000
15.720000
6.497000
7.910000
16.238000
10.397000
15.047000
10.124000
6.952000
8.625000
15.180000
8.072000
4.399000
8.923000
9.611000
5.012000
10.822000
10.804000
7.451000
9.255000
11.021000
4.674000
8.727000
8.987000
13.981000
2.573000
16.775000
9.279000
13.494000
9.587000
14.313000
9.123000
13.858000
6.396000
7.891000
22.808000
4.440000
6.076000
8.107000
15.455000
6.422000
12.926000
9.233000
14.804000
7.610000
15.527000
1.708000
4.329000
6.136000
9.091000
14.652000
11.095000
6.338000
10.558000
11.913000
11.296000
14.791000
9.924000
6.856000
6.491000
3.482000
6.033000
4.500000
11.727000
14.727000
8.952000
4.167000
9.251000
8.181000
2.649000
8.128000
10.452000
15.914000
15.624000
11.647000
8.365000
10.993000
7.977000
2.750000
7.037000
6.087000
9.687000
13.178000
9.697000
9.869000
10.035000
16.262000
12.218000
8.255000
7.495000
11.235000
11.633000
5.143000
16.958000
7.372000
8.990000
9.860000
6.409000
10.242000
8.259000
8.695000
12.884000
14.174000
9.807000
8.218000
7.523000
9.205000
11.830000
14.508000
9.750000
12.011000
14.214000
15.704000
2.490000
14.848000
17.625000
9.457000
11.943000
12.759000
13.109000
16.119000
5.155000
13.504000
6.869000
15.377000
15.057000
2.371000
4.423000
4.933000
7.266000
5.360000
14.560000
14.506000
8.414000
10.962000
7.004000
6.611000
11.001000
11.519000
3.888000
13.112000
21.106000
9.730000
8.882000
9.440000
8.467000
9.895000
8.204000
10.550000
12.119000
11.157000
13.381000
19.353000
10.444000
9.806000
14.855000
15.107000
15.759000
14.927000
18.699000
7.052000
6.403000
8.065000
24.000000
10.479000
5.946000
10.460000
21.811000
14.585000
13.298000
10.520000
11.411000
6.368000
17.745000
5.398000
13.793000
6.820000
10.385000
16.489000
9.181000
11.826000
12.707000
5.033000
13.099000
12.523000
15.128000
8.654000
13.927000
7.811000
10.165000
12.271000
6.000000
7.927000
11.776000
3.357000
15.223000
16.563000
16.685000
8.041000
12.194000
15.259000
8.347000
10.144000
11.007000
7.115000
9.761000
7.366000
9.049000
12.090000
13.726000
8.468000
10.526000
16.233000
11.982000
11.549000
10.618000
7.715000
9.397000
9.888000
16.272000
11.056000
12.690000
7.731000
10.420000
10.147000
11.008000
8.570000
14.566000
13.925000
8.357000
8.442000
14.286000
5.746000
17.034000
8.227000
13.030000
9.741000
13.213000
8.547000
15.370000
6.657000
17.461000
14.124000
13.726000
17.214000
12.936000
10.432000
11.654000
15.690000
16.745000
15.320000
15.088000
18.203000
8.767000
12.657000
12.620000
15.613000
9.801000
15.355000
6.016000
4.793000
15.839000
10.355000
13.217000
15.813000
5.981000
7.329000
11.335000
8.697000
4.889000
12.549000
8.033000
10.214000
16.948000
14.473000
15.830000
10.730000
17.021000
9.013000
9.049000
17.556000
18.521000
17.045000
17.749000
8.995000
13.247000
6.189000
16.505000
9.573000
5.810000
13.698000
27.303000
9.606000
15.867000
14.638000
5.540000
13.876000
9.021000
8.626000
6.408000
12.101000
15.370000
15.419000
11.244000
17.611000
11.577000
14.299000
6.528000
7.539000
8.575000
18.799000
12.643000
20.006000
7.109000
7.528000
12.584000
6.859000
12.437000
4.271000
10.516000
17.660000
12.448000
6.194000
11.305000
17.624000
7.589000
17.739000
13.614000
10.756000
7.968000
3.902000
7.598000
5.455000
7.632000
8.832000
10.974000
4.567000
15.156000
10.693000
2.347000
17.897000
4.321000
6.602000
7.025000
12.082000
9.596000
8.891000
3.317000
11.926000
11.420000
16.294000
14.446000
6.633000
0.000000
12.582000
14.060000
10.667000
8.850000
8.248000
16.954000
17.405000
11.184000
7.256000
15.520000
9.864000
14.858000
19.910000
13.354000
6.481000
15.273000
10.160000
9.658000
11.510000
10.272000
15.725000
5.266000
9.150000
15.292000
11.124000
16.519000
6.684000
9.949000
0.000000
19.680000
8.980000
8.145000
6.940000
11.110000
4.378000
16.170000
4.092000
4.754000
7.239000
9.861000
8.295000
11.572000
5.080000
8.417000
9.000000
8.360000
16.690000
5.422000
5.160000
9.056000
10.261000
11.016000
15.967000
8.659000
13.240000
18.595000
16.915000
12.903000
11.709000
10.407000
8.335000
15.944000
17.366000
10.406000
16.104000
4.978000
11.330000
3.940000
7.292000
11.293000
13.742000
8.027000
16.214000
5.898000
2.559000
18.083000
13.351000
14.429000
8.601000
9.505000
20.548000
11.158000
17.594000
9.077000
6.167000
6.635000
5.384000
4.975000
8.536000
13.654000
16.500000
5.822000
11.929000
4.243000
5.509000
16.350000
9.001000
11.355000
14.126000
10.775000
4.216000
16.574000
11.018000
7.036000
10.340000
8.651000
18.473000
7.043000
9.629000
12.115000
15.240000
6.803000
15.597000
8.354000
16.946000
14.493000
7.534000
6.620000
4.384000
10.789000
10.911000
12.843000
12.412000
11.961000
7.411000
9.558000
22.649000
6.206000
15.980000
17.504000
11.817000
14.882000
8.573000
18.254000
2.130000
18.077000
13.320000
20.784000
7.572000
15.057000
9.037000
9.432000
11.903000
6.134000
14.064000
15.910000
12.196000
9.512000
18.373000
8.853000
16.179000
18.788000
10.482000
14.683000
14.734000
15.223000
8.790000
1.911000
16.794000
17.009000
4.733000
16.772000
7.237000
14.210000
12.394000
15.667000
13.554000
6.580000
14.722000
11.576000
15.146000
10.169000
15.076000
3.486000
15.205000
12.689000
11.651000
14.513000
4.840000
14.948000
11.757000
17.426000
15.078000
15.720000
10.535000
8.193000
16.321000
17.990000
16.404000
5.055000
16.277000
10.664000
1.575000
7.461000
11.167000
13.394000
7.695000
16.038000
8.691000
8.684000
16.191000
18.496000
2.713000
9.425000
5.875000
8.385000
12.590000
6.854000
11.298000
19.134000
7.559000
9.605000
16.138000
15.397000
12.565000
8.495000
11.279000
6.578000
10.186000
6.760000
7.359000
10.708000
11.484000
20.037000
14.275000
12.188000
6.014000
20.401000
15.052000
12.714000
17.554000
6.820000
10.003000
6.752000
12.189000
4.095000
16.689000
12.629000
7.659000
9.167000
9.813000
11.542000
5.145000
16.578000
9.567000
14.181000
0.743000
7.679000
18.749000
10.436000
13.789000
4.547000
4.399000
3.983000
2.416000
17.663000
13.923000
9.881000
9.242000
16.870000
7.364000
2.447000
13.917000
2.390000
8.381000
4.340000
5.920000
12.218000
13.027000
8.791000
3.597000
10.168000
8.123000
8.641000
6.663000
3.563000
17.054000
0.000000
4.298000
13.447000
10.658000
11.295000
7.247000
11.845000
3.652000
14.220000
15.907000
9.384000
6.435000
1.515000
2.537000
13.825000
6.637000
4.807000
9.164000
0.622000
7.847000
18.099000
12.257000
3.794000
13.659000
6.674000
7.102000
5.801000
9.168000
3.791000
13.223000
5.925000
10.078000
11.817000
6.109000
15.904000
9.429000
16.714000
18.013000
4.259000
0.543000
10.982000
17.925000
13.461000
10.045000
12.484000
5.941000
10.150000
14.156000
12.202000
13.958000
8.858000
17.314000
6.550000
26.753000
6.185000
14.607000
5.521000
18.493000
7.513000
5.300000
17.899000
4.249000
5.308000
15.157000
12.043000
14.439000
10.713000
17.688000
19.237000
12.673000
18.080000
4.844000
7.228000
19.047000
11.322000
15.310000
1.934000
5.806000
5.596000
10.814000
7.775000
10.781000
6.910000
4.588000
6.059000
15.470000
6.200000
8.011000
8.689000
5.720000
8.624000
11.017000
7.125000
16.725000
6.640000
1.419000
13.660000
10.652000
17.213000
10.487000
7.364000
9.497000
7.905000
9.825000
8.092000
5.929000
0.000000
5.883000
17.482000
9.052000
6.316000
15.214000
16.176000
17.239000
7.971000
11.893000
13.050000
3.484000
2.627000
14.739000
19.514000
19.782000
8.431000
12.612000
20.263000
11.731000
15.701000
21.582000
14.614000
13.379000
13.920000
11.342000
14.998000
18.669000
15.088000
20.895000
7.752000
12.963000
10.768000
14.584000
6.569000
19.693000
2.363000
11.374000
21.643000
14.703000
2.410000
16.519000
5.532000
12.683000
13.311000
16.981000
14.138000
17.190000
8.595000
4.296000
10.031000
16.309000
10.089000
13.485000
14.522000
15.532000
6.817000
15.647000
14.941000
15.614000
9.108000
12.244000
14.002000
8.606000
19.318000
0.140000
0.524000
13.490000
10.451000
8.025000
8.892000
17.739000
9.705000
17.810000
2.729000
5.344000
9.602000
12.392000
6.051000
14.317000
12.139000
10.937000
2.611000
13.096000
9.521000
11.010000
6.452000
9.867000
12.964000
15.590000
12.522000
14.673000
9.315000
7.564000
17.898000
9.064000
10.745000
12.509000
6.017000
14.363000
18.909000
12.763000
12.491000
4.893000
16.535000
14.835000
0.299000
8.273000
13.423000
11.945000
13.153000
14.804000
15.776000
17.770000
14.198000
15.689000
17.535000
13.272000
14.265000
10.214000
14.116000
10.581000
15.411000
9.722000
13.689000
12.352000
19.940000
19.102000
1.610000
11.806000
12.577000
0.548000
12.246000
16.988000
23.827000
6.514000
12.152000
12.059000
12.839000
16.490000
4.532000
16.263000
20.842000
19.768000
15.110000
14.528000
7.730000
12.201000
8.047000
8.517000
15.976000
19.024000
12.719000
13.354000
16.144000
4.971000
15.433000
16.558000
10.630000
9.594000
12.048000
12.594000
12.015000
15.209000
13.396000
14.698000
7.562000
11.228000
13.205000
11.839000
20.635000
6.516000
5.148000
0.000000
10.023000
3.847000
11.086000
11.594000
16.337000
9.697000
12.327000
12.588000
26.691000
21.768000
9.190000
14.626000
6.232000
10.357000
18.548000
13.227000
14.211000
9.548000
17.684000
10.275000
17.254000
9.580000
9.635000
4.403000
10.119000
9.085000
12.294000
7.869000
8.838000
11.265000
7.236000
14.639000
9.287000
3.077000
9.931000
13.840000
8.958000
8.574000
12.421000
8.472000
9.282000
6.590000
17.792000
9.172000
8.296000
11.501000
13.657000
16.728000
9.616000
18.087000
1.179000
12.057000
6.803000
12.513000
12.706000
10.787000
0.000000
12.112000
11.160000
9.184000
8.965000
11.453000
13.983000
14.181000
13.506000
7.129000
13.072000
6.323000
14.900000
9.614000
9.458000
7.124000
10.074000
21.841000
18.711000
9.385000
12.464000
13.556000
13.442000
11.137000
9.885000
10.094000
16.203000
14.367000
9.840000
8.948000
14.143000
9.956000
11.479000
7.817000
2.469000
14.221000
13.297000
8.561000
9.300000
9.547000
11.099000
18.233000
11.629000
16.977000
18.067000
6.711000
20.107000
10.686000
0.000000
9.287000
10.516000
8.039000
11.654000
13.083000
8.849000
18.503000
16.732000
10.179000
6.435000
15.192000
4.805000
15.183000
7.328000
11.153000
10.944000
12.083000
14.237000
16.243000
13.227000
13.143000
1.197000
10.996000
9.933000
10.921000
10.689000
10.806000
11.269000
14.047000
9.852000
11.929000
7.561000
8.639000
19.698000
6.583000
14.471000
7.720000
4.159000
10.023000
6.569000
12.105000
0.000000
17.097000
12.459000
9.020000
16.155000
12.705000
12.003000
8.352000
8.973000
6.286000
13.279000
12.065000
0.000000
12.678000
11.874000
13.774000
13.583000
9.594000
9.402000
11.555000
14.378000
6.222000
7.791000
12.917000
11.563000
17.411000
4.010000
17.223000
12.030000
1.804000
10.071000
17.151000
12.230000
8.565000
15.210000
20.529000
10.835000
11.808000
7.626000
16.726000
22.147000
14.941000
14.613000
13.329000
0.000000
10.126000
6.696000
18.506000
12.080000
9.495000
0.000000
8.686000
11.549000
6.822000
12.185000
0.000000
15.223000
2.350000
9.383000
8.107000
9.494000
0.000000
10.839000
8.351000
14.554000
15.425000
14.402000
14.197000
15.945000
9.375000
12.328000
14.568000
14.623000
10.691000
10.578000
8.978000
16.693000
9.097000
7.740000
8.915000
11.239000
14.300000
15.477000
1.210000
15.126000
9.533000
12.041000
10.292000
12.146000
8.748000
11.621000
16.120000
14.885000
2.343000
10.165000
15.685000
14.090000
12.847000
11.401000
16.173000
13.949000
7.630000
14.860000
8.810000
8.042000
7.692000
13.348000
9.067000
10.438000
15.217000
16.696000
12.743000
8.032000
15.967000
0.000000
7.799000
17.333000
0.000000
0.000000
22.784000
16.925000
5.985000
0.000000
12.635000
12.486000
21.628000
14.573000
16.371000
10.275000
18.833000
15.704000
0.000000
0.682000
10.616000
15.331000
15.449000
18.432000
6.950000
12.220000
3.464000
12.832000
7.959000
15.173000
0.000000
13.235000
0.000000
8.798000
7.248000
1.989000
1.370000
9.711000
0.000000
22.668000
14.405000
7.534000
17.680000
0.952000
8.606000
0.000000
11.547000
3.052000
0.000000
0.049000
0.164000
13.075000
0.000000
0.000000
13.428000
0.000000
0.000000
9.882000
8.357000
14.631000
0.000000
4.285000
10.113000
0.544000
14.789000
13.776000
12.890000
11.724000
0.000000
7.208000
1.178000
0.000000
0.000000
10.267000
0.607000
7.998000
9.592000
4.886000
13.295000
9.280000
9.462000
0.304000
0.000000
0.000000
1.544000
18.530000
0.000000
0.282000
12.624000
15.102000
0.000000
16.651000
11.736000
0.000000
8.675000
0.000000
2.309000
11.374000
0.223000
13.380000
0.000000
0.662000
13.691000
16.742000
15.911000
0.000000
13.096000
0.000000
14.605000
10.417000
10.293000
0.000000
8.227000
16.257000
0.000000
1.814000
0.000000
13.163000
0.000000
17.643000
2.974000
5.609000
1.920000
0.000000
0.000000
9.524000
7.804000
14.258000
0.000000
0.000000
14.183000
12.511000
10.290000
3.071000
17.948000
0.000000
6.901000
1.155000
11.401000
0.000000
18.665000
4.498000
13.232000
9.234000
9.771000
0.000000
12.676000
0.000000
15.278000
6.112000
11.879000
20.560000
6.525000
15.346000
0.000000
19.194000
0.000000
6.428000
17.505000
13.575000
8.758000
10.501000
10.377000
3.875000
7.591000
8.919000
8.592000
0.000000
9.103000
0.000000
14.842000
15.994000
0.000000
15.815000
15.007000
13.987000
12.613000
9.341000
11.349000
14.338000
14.093000
7.705000
9.258000
11.367000
0.087000
6.724000
7.321000
11.609000
9.865000
12.432000
8.656000
0.000000
11.743000
9.573000
12.088000
15.752000
10.142000
21.650000
3.336000
10.432000
4.986000
0.620000
7.830000
8.743000
8.904000
2.293000
16.883000
0.000000
10.878000
13.708000
0.000000
12.041000
0.000000
12.978000
9.873000
9.425000
14.910000
6.810000
19.118000
4.686000
9.191000
12.237000
15.252000
7.751000
16.230000
11.952000
10.690000
17.587000
7.795000
3.718000
0.000000
6.319000
10.061000
9.069000
17.448000
17.182000
8.209000
12.135000
16.187000
3.648000
10.213000
21.743000
12.463000
3.347000
4.046000
2.712000
0.000000
10.558000
11.710000
15.550000
6.941000
7.100000
12.724000
9.098000
9.257000
11.411000
15.866000
6.928000
15.241000
8.121000
13.449000
12.924000
6.331000
15.258000
10.211000
9.961000
0.476000
11.200000
0.000000
9.948000
11.243000
6.031000
8.586000
5.337000
15.101000
13.138000
9.122000
13.370000
15.971000
16.697000
3.483000
9.618000
14.182000
0.000000
9.136000
0.000000
3.362000
18.100000
16.667000
0.706000
2.143000
12.970000
4.424000
5.367000
4.354000
11.518000
10.675000
3.885000
0.000000
2.704000
11.164000
7.887000
12.965000
14.126000
3.841000
0.000000
14.410000
14.819000
10.325000
11.406000
7.920000
1.660000
5.199000
17.801000
8.376000
4.974000
9.890000
5.437000
13.347000
16.495000
0.000000
11.333000
3.550000
8.434000
0.000000
1.551000
0.506000
23.545000
13.915000
14.427000
8.408000
5.570000
4.574000
0.000000
16.023000
14.688000
10.734000
11.488000
8.560000
13.747000
9.119000
10.941000
14.682000
8.981000
19.219000
9.111000
12.104000
6.004000
7.443000
5.618000
11.965000
6.966000
6.716000
7.294000
2.163000
11.791000
16.445000
0.000000
0.000000
13.564000
0.000000
9.819000
15.135000
0.426000
0.000000
15.140000
2.053000
0.000000
17.709000
10.271000
1.785000
3.014000
6.705000
14.473000
10.890000
4.702000
1.787000
9.902000
0.962000
0.000000
7.991000
2.412000
0.000000
8.819000
10.541000
6.679000
4.462000
6.030000
0.441000
0.598000
12.631000
9.483000
10.250000
10.335000
13.068000
11.071000
0.000000
10.477000
18.021000
0.000000
0.938000
8.515000
9.748000
0.000000
7.832000
1.989000
15.071000
0.915000
0.000000
0.000000
2.167000
14.571000
10.544000
5.116000
0.462000
9.061000
6.344000
2.184000
0.324000
17.486000
3.362000
0.176000
0.566000
12.572000
9.418000
0.000000
0.243000
0.000000
9.283000
12.096000
10.646000
7.038000
8.984000
12.565000
5.760000
11.482000
1.372000
0.179000
2.019000
2.925000
15.195000
10.088000
14.878000
3.524000
1.692000
2.529000
7.169000
0.000000
13.708000
16.814000
3.669000
3.186000
5.877000
0.000000
7.892000
0.000000
19.911000
6.895000
15.035000
7.315000
15.183000
12.041000
12.835000
11.756000
5.324000
8.599000
18.077000
11.800000
8.979000
11.819000
18.112000
10.313000
0.000000
0.000000
13.953000
4.841000
17.138000
9.763000
8.521000
10.721000
5.630000
6.983000
10.957000
0.000000
10.795000
9.242000
3.312000
0.000000
7.734000
0.000000
0.000000
0.000000
0.000000
15.890000
10.872000
14.975000
14.959000
22.330000
15.742000
12.132000
15.010000
3.859000
4.257000
10.385000
16.645000
13.694000
13.625000
11.549000
8.058000
13.319000
0.000000
0.000000
0.000000
8.329000
0.000000
19.400000
0.175000
3.897000
16.811000
0.000000
13.520000
4.038000
8.509000
11.364000
7.580000
8.174000
0.819000
9.777000
14.713000
7.116000
20.618000
0.000000
19.590000
2.908000
9.238000
5.847000
0.495000
17.028000
8.422000
17.934000
7.323000
14.590000
5.435000
12.100000
23.153000
2.850000
0.000000
14.501000
7.468000
5.688000
7.919000
13.014000
18.574000
18.548000
15.309000
1.928000
12.935000
0.000000
18.404000
15.246000
8.297000
10.726000
13.044000
13.034000
9.731000
14.058000
15.850000
12.035000
0.000000
10.559000
9.090000
1.144000
14.838000
10.341000
14.688000
7.631000
5.800000
10.441000
12.088000
11.978000
13.651000
4.454000
6.092000
7.083000
11.328000
17.146000
4.076000
13.876000
7.798000
9.769000
9.622000
0.882000
22.843000
13.366000
15.615000
13.639000
11.010000
4.513000
9.350000
10.536000
18.611000
14.598000
14.405000
13.882000
10.229000
17.799000
9.677000
10.708000
14.170000
13.101000
7.929000
8.560000
19.629000
11.095000
22.340000
7.448000
10.300000
7.114000
9.038000
0.421000
15.798000
0.000000
10.955000
8.443000
15.490000
11.307000
8.755000
13.632000
11.091000
10.779000
5.175000
14.330000
14.082000
6.451000
10.699000
10.722000
7.417000
8.201000
8.418000
12.821000
8.823000
11.601000
17.384000
12.099000
14.898000
11.032000
16.486000
13.998000
9.747000
11.720000
8.546000
7.987000
13.277000
5.919000
7.610000
12.546000
19.293000
14.063000
14.444000
18.703000
9.352000
3.691000
6.755000
13.459000
14.957000
5.962000
16.561000
15.721000
5.341000
9.529000
9.324000
0.000000
16.158000
13.128000
11.233000
13.572000
14.803000
11.982000
11.547000
5.830000
23.072000
9.050000
12.204000
12.113000
21.509000
12.061000
15.424000
17.874000
8.534000
10.359000
12.343000
18.260000
12.805000
11.468000
17.166000
2.944000
8.230000
13.553000
13.916000
6.752000
13.187000
13.438000
9.733000
7.030000
12.810000
18.563000
8.836000
10.983000
15.927000
11.807000
11.657000
13.130000
3.620000
16.014000
14.871000
8.215000
9.690000
6.707000
22.765000
15.484000
15.091000
13.740000
8.329000
8.083000
15.780000
11.436000
14.205000
2.662000
11.951000
5.029000
12.863000
10.819000
16.345000
9.280000
8.616000
14.339000
9.710000
3.876000
8.684000
13.678000
14.797000
8.416000
14.021000
12.444000
10.153000
13.816000
15.559000
16.840000
6.823000
15.116000
15.225000
17.067000
10.761000
4.961000
13.810000
0.000000
10.965000
15.415000
8.735000
13.774000
12.162000
17.504000
11.628000
5.299000
11.767000
16.784000
18.071000
7.554000
12.501000
8.959000
12.514000
12.223000
12.668000
13.181000
13.010000
4.571000
7.174000
6.608000
5.548000
8.669000
9.886000
14.363000
8.973000
6.117000
13.561000
12.640000
10.290000
16.970000
11.733000
11.114000
11.498000
16.071000
7.988000
12.444000
13.016000
11.944000
9.491000
8.868000
8.742000
10.696000
2.385000
8.858000
14.426000
15.881000
13.433000
12.892000
10.471000
16.455000
13.644000
9.203000
14.014000
17.650000
12.823000
10.484000
16.358000
7.307000
6.404000
10.171000
9.310000
10.100000
10.560000
16.467000
9.460000
10.622000
13.073000
14.059000
10.949000
11.674000
6.002000
12.531000
11.313000
9.285000
5.419000
10.818000
7.793000
7.696000
8.840000
8.644000
14.194000
9.997000
10.165000
9.451000
6.489000
9.846000
4.830000
2.616000
10.554000
15.949000
12.487000
4.111000
17.814000
9.026000
8.503000
16.369000
12.635000
8.885000
7.191000
10.543000
8.376000
16.390000
16.900000
10.190000
7.936000
10.727000
0.824000
7.780000
8.334000
12.046000
7.484000
12.632000
16.889000
9.082000
7.172000
8.367000
2.552000
7.286000
3.141000
8.877000
9.329000
5.699000
6.321000
8.639000
8.913000
14.878000
14.019000
10.044000
6.696000
2.989000
9.103000
3.473000
11.621000
10.689000
9.015000
13.971000
7.331000
11.543000
3.478000
3.749000
12.754000
22.149000
6.761000
2.151000
2.012000
9.563000
9.851000
0.130000
6.308000
5.572000
2.267000
4.166000
6.519000
14.778000
4.441000
2.072000
9.697000
9.443000
6.694000
10.302000
6.239000
0.000000
5.729000
8.884000
10.997000
10.053000
7.478000
3.341000
3.297000
9.588000
3.850000
17.669000
15.441000
3.500000
17.617000
2.361000
4.396000
13.560000
4.218000
2.686000
8.420000
7.881000
9.993000
7.966000
13.385000
7.302000
2.743000
11.178000
3.336000
10.715000
1.312000
1.686000
4.832000
6.489000
7.753000
8.067000
6.458000
6.321000
2.194000
15.183000
16.097000
8.945000
15.931000
8.723000
5.777000
15.638000
8.188000
10.885000
6.495000
0.000000
0.000000
11.737000
12.326000
9.510000
18.533000
18.695000
7.844000
13.562000
0.000000
8.259000
9.935000
4.793000
8.101000
5.583000
12.163000
10.176000
13.443000
15.746000
6.563000
4.058000
7.848000
9.502000
9.685000
4.355000
7.783000
13.680000
17.684000
15.235000
8.266000
2.823000
1.461000
4.980000
9.687000
8.681000
11.309000
13.732000
13.643000
13.626000
13.535000
13.093000
10.992000
8.331000
9.298000
18.380000
10.664000
14.152000
13.330000
11.201000
4.239000
4.545000
8.595000
11.362000
5.832000
3.425000
13.083000
10.223000
10.391000
4.193000
11.524000
14.844000
14.965000
16.381000
16.902000
10.368000
15.194000
8.452000
11.639000
5.832000
6.812000
5.114000
11.857000
5.879000
15.160000
9.058000
10.195000
11.603000
15.112000
2.704000
8.310000
12.913000
9.011000
6.150000
6.360000
7.280000
10.613000
15.639000
8.645000
12.425000
13.769000
5.585000
14.729000
14.414000
17.487000
11.372000
5.575000
15.288000
6.688000
4.255000
13.233000
11.002000
2.273000
13.720000
9.310000
11.890000
11.946000
9.669000
11.821000
2.364000
11.976000
6.587000
11.145000
10.663000
14.081000
10.701000
9.656000
9.664000
6.380000
2.894000
12.055000
11.377000
8.424000
11.999000
9.199000
12.581000
12.266000
10.471000
19.876000
6.298000
10.940000
11.334000
10.037000
7.051000
11.450000
10.546000
8.239000
10.063000
9.508000
12.562000
6.485000
9.471000
10.235000
13.390000
9.913000
8.813000
8.974000
12.759000
10.967000
7.800000
12.211000
11.773000
7.888000
8.341000
11.868000
4.126000
9.689000
11.877000
9.868000
10.967000
12.856000
19.961000
13.847000
7.620000
18.705000
15.351000
4.433000
17.167000
16.027000
11.395000
7.963000
18.050000
10.855000
12.237000
15.774000
11.048000
8.401000
7.038000
9.339000
14.858000
12.520000
12.723000
7.727000
8.444000
6.854000
15.319000
6.122000
17.240000
10.103000
7.900000
6.908000
7.521000
5.691000
6.307000
7.327000
14.239000
4.763000
9.803000
8.442000
10.075000
11.530000
11.620000
11.423000
10.350000
10.312000
13.695000
10.524000
11.760000
15.051000
13.118000
5.292000
7.525000
12.613000
17.486000
9.848000
9.987000
13.440000
7.739000
9.021000
6.578000
7.692000
15.804000
5.811000
12.835000
12.879000
10.465000
4.667000
16.089000
13.170000
7.335000
11.525000
4.087000
5.863000
11.293000
8.198000
11.823000
10.626000
9.890000
10.817000
13.204000
6.514000
7.733000
7.898000
4.077000
10.284000
8.582000
14.794000
10.323000
7.681000
12.583000
5.408000
12.940000
11.318000
10.823000
17.663000
13.438000
10.307000
9.574000
16.823000
10.937000
10.873000
11.626000
10.714000
8.952000
9.964000
3.758000
9.593000
14.025000
7.879000
10.100000
12.358000
13.330000
15.552000
11.811000
8.832000
6.141000
12.177000
13.317000
6.851000
7.995000
10.763000
4.748000
17.740000
14.395000
9.308000
8.916000
17.944000
8.357000
20.197000
14.198000
8.274000
8.335000
4.049000
6.206000
6.905000
12.784000
4.280000
16.279000
12.698000
15.272000
0.289000
3.200000
3.849000
11.281000
17.776000
5.871000
0.238000
6.752000
1.006000
9.612000
13.667000
11.461000
10.357000
10.840000
20.750000
6.240000
12.627000
5.239000
11.622000
10.279000
14.606000
7.302000
2.769000
4.632000
9.856000
10.958000
4.166000
10.007000
4.482000
9.399000
11.822000
18.061000
6.537000
18.300000
9.358000
11.424000
11.930000
13.992000
10.568000
10.983000
13.804000
5.075000
6.325000
10.296000
11.604000
11.528000
11.837000
12.907000
14.782000
7.083000
9.218000
6.904000
9.449000
12.612000
10.691000
9.134000
15.565000
13.018000
15.126000
6.420000
8.186000
13.014000
11.458000
10.035000
11.500000
8.492000
10.180000
5.975000
9.208000
11.365000
5.719000
9.203000
8.267000
7.725000
15.315000
10.797000
8.050000
6.128000
5.303000
11.181000
11.676000
8.523000
6.648000
15.468000
7.028000
5.221000
6.716000
3.441000
8.618000
7.290000
9.513000
8.239000
12.134000
9.940000
10.965000
9.434000
4.346000
12.681000
12.109000
8.558000
3.852000
12.589000
6.774000
3.956000
11.340000
11.467000
7.341000
13.883000
8.476000
6.489000
13.833000
8.542000
16.053000
9.586000
7.516000
9.156000
13.469000
4.181000
6.050000
5.802000
11.774000
11.316000
9.755000
1.960000
14.496000
13.132000
8.722000
14.036000
14.360000
8.751000
6.607000
12.421000
7.542000
10.790000
10.337000
9.732000
11.035000
15.735000
12.753000
12.983000
7.796000
14.349000
10.126000
16.623000
10.886000
16.142000
16.086000
11.593000
5.061000
9.680000
7.213000
7.597000
8.217000
14.777000
11.787000
9.806000
12.366000
15.584000
6.833000
9.339000
11.469000
9.831000
8.671000
9.596000
6.578000
7.075000
10.414000
11.901000
14.356000
10.658000
8.531000
7.334000
10.883000
17.338000
5.863000
8.390000
8.857000
10.000000
12.852000
10.900000
14.799000
10.299000
20.003000
11.379000
5.253000
9.036000
19.130000
15.355000
10.378000
13.762000
12.024000
16.241000
10.773000
3.843000
7.348000
8.754000
14.351000
9.114000
12.142000
11.014000
1.966000
8.423000
4.544000
12.030000
7.063000
8.602000
10.813000
6.904000
6.891000
8.738000
8.232000
6.340000
9.395000
7.026000
10.414000
0.752000
15.230000
7.892000
13.970000
6.881000
14.996000
11.725000
9.199000
14.650000
9.696000
6.905000
6.153000
11.590000
7.904000
15.357000
8.483000
10.273000
14.123000
7.768000
9.885000
9.382000
6.279000
5.484000
9.674000
14.264000
7.198000
12.205000
15.794000
2.642000
11.643000
11.208000
9.506000
6.004000
13.594000
12.255000
11.596000
13.926000
7.662000
10.553000
6.492000
6.834000
13.031000
14.347000
15.684000
11.238000
13.206000
5.753000
6.671000
6.335000
16.891000
8.543000
10.232000
1.774000
6.108000
11.832000
11.225000
10.305000
7.583000
4.663000
5.371000
8.724000
10.153000
2.291000
8.536000
10.444000
6.902000
9.048000
14.215000
10.084000
12.870000
9.738000
11.969000
5.797000
10.910000
18.876000
11.310000
11.996000
6.981000
9.516000
9.293000
16.438000
12.043000
6.382000
7.585000
6.220000
5.769000
7.757000
4.603000
11.569000
8.916000
9.733000
12.014000
5.042000
7.094000
9.462000
11.964000
5.739000
9.606000
7.014000
9.580000
4.400000
8.947000
12.155000
10.959000
11.159000
9.431000
16.137000
10.170000
6.741000
17.529000
10.223000
5.514000
8.899000
11.281000
13.417000
5.054000
3.683000
10.630000
11.677000
7.478000
15.121000
13.176000
5.208000
9.237000
10.923000
11.938000
9.980000
13.895000
6.940000
10.453000
10.516000
5.734000
17.122000
12.196000
12.744000
12.959000
12.413000
5.942000
22.166000
7.654000
10.538000
13.185000
11.064000
10.718000
11.386000
4.570000
4.052000
12.527000
5.726000
11.734000
14.832000
4.038000
6.140000
11.699000
13.804000
6.948000
10.662000
14.094000
8.993000
6.493000
10.329000
7.849000
8.658000
8.977000
9.160000
11.258000
10.361000
11.931000
7.404000
9.408000
5.668000
10.736000
9.217000
8.735000
9.415000
11.391000
4.902000
11.886000
6.105000
10.071000
10.994000
7.572000
12.063000
7.597000
7.634000
3.872000
11.150000
10.763000
11.227000
6.920000
5.352000
7.533000
9.753000
10.542000
5.084000
7.402000
8.905000
9.445000
13.009000
12.375000
12.786000
2.111000
9.630000
3.554000
1.798000
12.169000
8.632000
5.602000
11.213000
9.314000
14.028000
8.282000
16.190000
6.181000
7.556000
8.642000
9.845000
6.414000
12.588000
8.611000
12.136000
8.790000
9.001000
12.010000
8.301000
8.548000
12.352000
6.260000
6.581000
8.364000
3.885000
7.952000
14.171000
14.134000
8.181000
5.684000
5.859000
6.761000
8.658000
15.636000
9.161000
11.576000
6.623000
9.097000
6.453000
16.700000
5.820000
14.355000
3.614000
10.833000
22.685000
9.111000
8.167000
12.316000
6.945000
7.248000
8.976000
10.190000
5.538000
4.749000
2.625000
10.616000
5.369000
11.233000
14.032000
13.779000
10.622000
10.705000
18.645000
5.912000
7.239000
4.821000
11.900000
10.745000
7.450000
6.490000
14.020000
0.563000
9.257000
9.061000
18.030000
12.536000
6.267000
13.362000
5.447000
5.698000
8.958000
5.239000
16.682000
9.953000
12.572000
14.957000
9.903000
14.553000
14.530000
16.118000
4.403000
9.160000
6.993000
4.463000
8.525000
7.104000
1.841000
5.634000
8.240000
8.202000
12.574000
11.463000
6.446000
9.657000
6.680000
5.387000
4.095000
3.576000
14.457000
7.939000
13.821000
10.415000
10.562000
6.574000
6.364000
9.754000
6.302000
8.365000
13.066000
8.479000
7.403000
13.889000
8.982000
16.162000
12.538000
6.228000
10.167000
11.683000
13.917000
14.721000
8.209000
6.064000
7.587000
6.364000
21.387000
6.202000
11.342000
5.971000
7.925000
3.357000
5.625000
13.731000
8.383000
4.765000
13.010000
17.153000
15.298000
10.530000
11.720000
9.568000
9.065000
4.061000
7.223000
6.043000
5.880000
11.684000
5.337000
10.124000
22.682000
7.880000
12.127000
5.873000
9.666000
12.093000
13.361000
10.643000
6.267000
3.013000
17.468000
10.396000
9.292000
14.734000
4.131000
8.207000
8.939000
9.140000
6.209000
8.444000
4.095000
16.280000
4.899000
9.052000
15.100000
11.033000
15.235000
7.146000
6.345000
5.445000
13.603000
7.146000
11.725000
8.423000
18.998000
11.185000
6.348000
12.809000
13.257000
5.897000
21.050000
4.669000
9.888000
12.077000
9.524000
10.149000
8.574000
8.512000
10.714000
6.546000
11.554000
11.321000
6.210000
7.216000
10.212000
13.383000
12.982000
6.009000
5.241000
2.278000
2.824000
11.200000
6.090000
18.783000
7.588000
3.874000
9.090000
8.121000
11.105000
12.565000
4.842000
15.406000
7.685000
11.414000
11.165000
3.671000
12.496000
14.147000
17.328000
19.545000
10.629000
9.864000
17.754000
6.706000
2.427000
10.715000
4.575000
7.798000
12.154000
8.129000
11.311000
12.530000
12.342000
5.944000
13.465000
10.117000
5.477000
15.093000
7.196000
7.817000
7.273000
9.522000
17.871000
4.780000
7.949000
12.889000
10.106000
7.410000
9.223000
10.207000
8.182000
8.785000
10.638000
8.313000
8.261000
9.596000
6.160000
12.169000
5.130000
3.879000
6.498000
11.544000
8.220000
8.242000
8.634000
6.563000
11.732000
9.798000
6.703000
3.394000
11.674000
7.425000
13.933000
9.042000
12.760000
11.645000
12.829000
6.093000
8.816000
11.053000
7.647000
11.664000
8.451000
3.998000
5.833000
10.797000
6.983000
4.124000
8.823000
11.052000
14.904000
8.904000
7.549000
8.862000
6.838000
3.472000
4.292000
11.038000
17.005000
2.787000
8.820000
8.058000
7.873000
18.270000
11.042000
10.904000
9.623000
15.191000
10.076000
9.774000
4.706000
8.259000
8.459000
13.031000
7.486000
11.357000
10.313000
9.866000
8.118000
11.820000
11.045000
9.919000
8.539000
5.929000
0.000000
13.225000
15.946000
7.783000
12.556000
8.458000
9.461000
11.370000
6.313000
6.351000
15.588000
6.172000
17.505000
4.712000
14.207000
17.556000
4.487000
9.550000
5.369000
11.918000
12.434000
9.834000
6.790000
4.584000
9.174000
7.625000
9.010000
9.019000
7.906000
10.305000
8.338000
2.306000
12.098000
7.603000
9.307000
6.052000
9.732000
8.646000
10.177000
11.525000
17.407000
6.090000
7.339000
9.262000
8.991000
7.611000
8.755000
8.089000
6.933000
12.673000
4.410000
12.373000
14.718000
6.764000
12.137000
7.575000
9.826000
6.887000
1.719000
7.533000
17.138000
7.326000
9.443000
9.655000
6.443000
7.624000
12.607000
9.220000
14.911000
13.300000
18.819000
16.907000
12.888000
3.847000
2.189000
7.591000
13.925000
12.841000
6.185000
13.681000
22.347000
3.606000
10.771000
12.071000
14.678000
11.995000
6.364000
9.753000
7.868000
0.526000
9.068000
8.596000
6.936000
9.032000
8.408000
8.652000
13.077000
17.980000
9.853000
8.556000
11.833000
11.932000
8.677000
6.230000
8.400000
13.943000
7.683000
3.101000
12.624000
12.862000
8.364000
9.894000
6.660000
8.658000
3.717000
8.752000
7.421000
2.933000
11.136000
9.486000
7.602000
7.286000
13.949000
10.644000
9.927000
17.063000
2.780000
14.359000
9.181000
13.705000
14.625000
6.796000
5.313000
12.531000
12.731000
13.131000
11.255000
9.620000
9.131000
7.414000
5.404000
0.000000
10.854000
9.710000
2.842000
6.012000
9.504000
11.444000
7.536000
6.494000
12.515000
6.547000
8.037000
6.506000
15.446000
5.006000
17.213000
9.584000
8.313000
10.001000
3.166000
11.334000
10.837000
3.862000
12.056000
14.616000
7.200000
12.016000
13.380000
6.826000
19.011000
10.910000
12.197000
5.483000
10.028000
14.747000
13.780000
11.212000
11.699000
7.650000
15.782000
17.584000
11.394000
11.676000
13.085000
13.827000
6.247000
5.134000
10.403000
7.301000
11.057000
4.751000
18.831000
9.860000
14.057000
16.930000
12.727000
11.295000
7.365000
12.278000
10.084000
22.494000
12.142000
12.878000
5.723000
13.080000
11.757000
10.528000
12.283000
18.491000
8.108000
6.159000
9.712000
8.315000
4.941000
14.161000
5.585000
9.485000
9.235000
3.651000
15.936000
8.853000
6.995000
6.731000
11.873000
11.569000
10.303000
17.395000
7.845000
11.041000
9.398000
9.077000
6.149000
8.776000
9.035000
9.683000
9.153000
1.811000
8.235000
16.117000
5.543000
17.803000
10.803000
8.853000
20.487000
16.097000
5.683000
8.431000
10.245000
11.303000
9.608000
5.663000
4.973000
11.853000
6.683000
15.550000
7.965000
10.512000
12.395000
13.234000
11.348000
7.685000
9.119000
13.149000
19.258000
11.484000
11.894000
13.218000
17.327000
11.615000
12.557000
8.325000
10.264000
10.583000
8.948000
11.509000
12.901000
8.998000
12.006000
8.788000
7.188000
8.829000
9.799000
10.633000
4.644000
8.493000
13.432000
11.515000
7.056000
7.912000
8.317000
8.630000
11.473000
2.681000
12.360000
18.214000
13.821000
9.843000
7.582000
6.912000
10.911000
8.719000
4.842000
13.019000
12.390000
9.672000
10.909000
16.687000
8.114000
4.088000
12.716000
11.072000
2.419000
6.614000
1.983000
17.314000
9.793000
12.143000
5.752000
17.316000
9.710000
7.822000
4.771000
9.426000
11.717000
4.255000
12.351000
9.306000
14.736000
9.387000
10.427000
3.841000
4.181000
5.823000
4.422000
11.236000
9.159000
12.278000
4.928000
6.683000
9.431000
9.522000
6.870000
14.977000
6.544000
9.947000
3.549000
10.386000
9.792000
11.730000
6.059000
6.443000
3.236000
1.698000
4.227000
7.384000
7.731000
6.809000
6.541000
7.116000
10.902000
17.626000
7.901000
7.465000
7.245000
9.171000
3.980000
11.420000
5.174000
9.334000
8.166000
6.168000
11.999000
6.293000
15.064000
10.298000
4.103000
9.550000
6.701000
4.811000
13.084000
6.859000
19.043000
11.612000
15.004000
4.141000
12.103000
5.156000
9.816000
14.069000
3.225000
18.047000
13.928000
6.794000
13.471000
10.996000
15.602000
9.046000
5.931000
5.530000
8.162000
7.554000
9.428000
6.471000
9.938000
9.998000
10.753000
11.965000
11.587000
6.451000
2.823000
16.508000
13.055000
5.369000
6.174000
8.426000
10.859000
7.778000
7.663000
10.216000
1.275000
6.155000
7.938000
7.018000
6.448000
4.714000
9.271000
6.946000
8.679000
7.124000
12.353000
10.402000
7.122000
5.520000
11.824000
3.287000
7.768000
5.066000
8.664000
10.653000
6.853000
18.012000
8.880000
1.532000
3.987000
8.807000
6.306000
11.166000
8.932000
8.101000
16.993000
3.522000
8.326000
6.084000
13.435000
6.332000
7.307000
7.684000
11.054000
9.660000
6.150000
2.640000
10.630000
9.594000
10.220000
5.473000
10.818000
7.432000
5.526000
7.397000
9.856000
9.327000
3.166000
11.306000
13.525000
1.941000
5.550000
14.229000
22.501000
11.500000
6.553000
17.200000
6.172000
15.776000
7.783000
14.391000
2.557000
17.664000
13.052000
4.198000
9.957000
9.674000
10.876000
4.819000
7.900000
9.353000
16.844000
8.006000
5.916000
10.467000
11.906000
8.976000
9.239000
13.813000
9.299000
15.316000
8.130000
11.951000
7.840000
11.486000
9.973000
9.061000
13.146000
4.484000
8.717000
9.272000
4.949000
8.314000
10.057000
8.888000
16.254000
12.286000
6.802000
6.670000
17.079000
16.554000
8.836000
10.534000
8.688000
13.351000
6.840000
6.269000
7.769000
8.816000
20.151000
8.978000
11.222000
9.201000
3.435000
7.481000
5.826000
20.253000
8.240000
12.200000
8.346000
16.695000
6.940000
3.622000
10.622000
11.258000
7.384000
18.198000
6.344000
12.738000
10.168000
2.132000
9.322000
3.232000
2.497000
12.081000
10.527000
6.408000
9.892000
2.828000
6.218000
3.146000
7.963000
8.101000
6.510000
3.259000
5.835000
12.120000
7.833000
10.910000
10.840000
4.765000
9.970000
9.581000
4.788000
5.522000
5.454000
6.791000
6.980000
13.285000
6.114000
11.115000
6.377000
15.265000
13.033000
9.110000
16.318000
8.837000
13.466000
9.099000
2.073000
12.821000
14.487000
8.558000
14.137000
9.354000
3.373000
13.014000
1.625000
5.161000
10.113000
1.030000
5.019000
2.025000
6.968000
10.977000
7.357000
15.765000
8.680000
8.054000
11.179000
10.908000
7.977000
18.073000
17.593000
9.727000
4.334000
9.471000
7.712000
10.333000
8.828000
12.492000
11.340000
8.970000
8.956000
10.627000
16.810000
14.160000
12.847000
10.811000
11.777000
8.950000
1.650000
5.759000
12.376000
16.216000
16.990000
7.135000
7.551000
8.890000
15.797000
7.053000
10.023000
6.263000
15.897000
4.807000
15.981000
8.199000
11.875000
14.754000
9.964000
5.877000
8.719000
4.543000
11.514000
12.828000
2.115000
11.486000
15.032000
6.318000
11.430000
5.547000
5.507000
3.755000
11.886000
3.321000
8.394000
12.851000
10.197000
9.731000
8.873000
4.319000
14.955000
7.628000
7.031000
11.848000
9.520000
12.317000
5.475000
13.421000
12.218000
17.131000
12.348000
7.312000
16.439000
9.836000
16.627000
12.694000
11.706000
16.828000
15.421000
3.781000
10.252000
5.627000
18.497000
12.845000
11.961000
12.220000
14.667000
10.938000
5.884000
14.782000
13.146000
7.139000
10.211000
10.578000
9.159000
10.267000
17.394000
10.376000
7.434000
10.742000
14.709000
18.143000
8.672000
17.207000
6.903000
7.510000
11.726000
5.025000
12.397000
11.417000
1.914000
8.062000
19.145000
14.927000
11.147000
4.968000
2.050000
14.698000
10.961000
9.858000
5.921000
11.538000
10.180000
10.487000
7.491000
15.447000
8.484000
6.977000
8.788000
7.819000
16.414000
12.069000
13.157000
15.689000
17.863000
8.941000
11.974000
11.510000
9.697000
9.111000
9.833000
9.717000
9.653000
13.457000
4.928000
5.359000
12.022000
9.431000
13.202000
6.533000
12.441000
8.791000
11.268000
11.022000
6.373000
10.337000
9.251000
9.984000
9.446000
9.186000
8.033000
17.459000
10.604000
0.321000
13.896000
15.127000
6.556000
14.399000
8.113000
10.870000
19.114000
6.777000
17.501000
9.087000
11.799000
5.346000
11.035000
14.585000
12.089000
12.288000
11.257000
7.901000
6.474000
13.138000
18.810000
21.204000
14.818000
15.972000
11.458000
10.305000
2.028000
12.012000
13.358000
7.379000
7.375000
14.397000
6.570000
12.889000
9.525000
5.464000
8.039000
11.036000
12.877000
15.985000
11.937000
11.411000
19.818000
16.633000
4.670000
8.630000
19.022000
5.621000
12.334000
11.300000
2.307000
11.232000
9.132000
9.998000
10.696000
11.508000
9.487000
8.261000
7.496000
12.806000
7.878000
10.945000
15.771000
10.231000
12.872000
11.727000
10.459000
10.318000
6.178000
13.340000
10.564000
7.245000
8.626000
7.374000
8.102000
15.199000
7.973000
8.356000
8.822000
11.719000
8.751000
11.466000
9.263000
10.469000
9.128000
8.253000
4.362000
12.424000
3.663000
4.978000
9.234000
10.881000
15.154000
7.236000
8.500000
11.889000
7.214000
8.766000
7.587000
12.134000
2.412000
14.710000
9.578000
7.458000
12.704000
15.405000
4.278000
12.189000
12.882000
9.232000
14.341000
2.172000
2.993000
5.787000
12.649000
7.494000
7.783000
12.807000
8.284000
12.237000
11.199000
7.898000
14.310000
6.110000
15.114000
18.527000
9.180000
11.683000
11.056000
9.802000
12.045000
5.775000
11.577000
13.610000
7.428000
13.615000
7.264000
7.269000
7.478000
15.046000
11.301000
11.781000
8.862000
9.070000
1.246000
5.275000
5.920000
9.277000
13.080000
14.182000
11.565000
10.538000
12.675000
9.694000
12.171000
11.619000
9.192000
6.112000
10.575000
8.948000
3.835000
5.695000
7.437000
9.008000
4.792000
19.483000
9.475000
3.245000
8.211000
8.991000
9.735000
11.024000
5.783000
7.155000
11.338000
14.068000
9.866000
12.341000
13.457000
8.187000
9.115000
14.137000
8.318000
11.236000
11.131000
16.737000
9.587000
5.618000
7.174000
16.734000
10.141000
4.112000
1.603000
11.395000
12.838000
17.339000
6.948000
10.016000
15.414000
12.602000
9.042000
8.446000
12.472000
8.083000
4.916000
11.549000
11.571000
10.060000
5.442000
6.594000
6.759000
6.446000
7.763000
5.411000
5.766000
16.383000
2.646000
3.430000
3.757000
10.879000
6.181000
5.345000
13.754000
14.401000
6.482000
10.891000
8.645000
16.025000
12.849000
12.211000
9.475000
7.095000
1.929000
5.364000
10.128000
8.511000
1.163000
13.956000
13.615000
8.547000
12.444000
13.356000
12.718000
3.241000
7.728000
11.877000
12.961000
6.214000
8.616000
9.035000
10.447000
13.340000
9.219000
8.318000
13.170000
6.673000
7.073000
4.789000
7.709000
4.279000
2.983000
13.682000
2.532000
4.198000
5.024000
7.572000
7.723000
15.085000
10.354000
3.836000
15.706000
4.952000
5.190000
5.958000
6.831000
9.450000
15.733000
7.311000
13.201000
0.000000
10.474000
1.793000
8.164000
11.492000
10.755000
9.326000
9.483000
15.973000
8.587000
5.578000
4.811000
6.905000
11.575000
5.402000
8.159000
4.446000
8.101000
9.203000
6.638000
4.979000
8.899000
7.317000
6.858000
6.200000
8.920000
2.546000
2.818000
3.891000
12.214000
5.615000
10.992000
11.139000
6.363000
5.610000
19.285000
8.081000
9.836000
4.028000
1.515000
3.710000
4.215000
12.729000
23.265000
2.727000
3.051000
4.924000
7.493000
4.435000
18.628000
2.421000
2.578000
9.170000
1.534000
8.545000
9.211000
7.036000
10.231000
7.271000
2.852000
7.461000
8.141000
19.995000
6.141000
10.057000
4.158000
12.374000
15.376000
9.742000
9.501000
12.375000
19.961000
4.673000
0.900000
6.456000
7.691000
5.435000
15.541000
0.738000
12.760000
3.974000
5.236000
17.961000
11.779000
4.729000
9.173000
19.476000
5.498000
9.149000
10.140000
7.628000
7.665000
10.004000
5.043000
7.839000
1.752000
4.483000
3.564000
1.903000
4.117000
6.046000
8.437000
22.686000
4.741000
12.366000
11.138000
19.513000
9.986000
5.933000
7.956000
5.836000
8.027000
1.557000
16.095000
6.949000
3.194000
9.231000
15.113000
5.016000
15.327000
5.522000
15.089000
13.007000
9.926000
13.751000
4.958000
11.127000
11.186000
10.183000
0.940000
7.351000
8.841000
10.378000
23.071000
1.993000
0.000000
5.986000
3.235000
16.917000
6.046000
1.815000
15.299000
5.042000
7.104000
8.002000
2.795000
7.038000
7.188000
6.492000
5.432000
3.191000
15.852000
0.000000
17.961000
11.109000
4.217000
9.757000
13.576000
3.987000
3.781000
5.475000
3.156000
18.468000
7.846000
5.517000
8.049000
8.297000
8.693000
9.676000
9.588000
5.389000
2.537000
16.355000
16.756000
6.470000
4.157000
13.058000
12.443000
3.190000
3.331000
16.394000
3.430000
9.084000
3.867000
6.034000
7.128000
9.684000
13.692000
4.777000
4.000000
7.283000
0.000000
13.548000
6.258000
13.555000
5.499000
0.794000
3.303000
15.770000
4.997000
15.947000
4.074000
7.046000
8.005000
8.058000
3.243000
13.196000
11.532000
3.963000
5.205000
8.273000
4.504000
0.471000
5.846000
6.422000
7.451000
1.258000
2.631000
4.854000
8.669000
7.223000
6.569000
9.687000
6.116000
6.144000
11.192000
15.270000
8.583000
9.405000
0.921000
6.673000
8.203000
4.531000
3.143000
12.584000
6.724000
15.490000
11.210000
3.695000
11.740000
7.064000
5.622000
14.294000
12.209000
11.307000
6.513000
14.396000
16.067000
13.908000
8.494000
5.352000
8.593000
8.021000
1.136000
8.414000
15.286000
10.595000
7.829000
6.544000
9.241000
8.834000
7.391000
7.345000
13.486000
3.734000
3.183000
7.694000
10.359000
6.210000
5.842000
7.655000
22.364000
21.984000
7.972000
8.798000
6.813000
10.702000
10.550000
13.935000
12.531000
4.707000
7.034000
15.281000
7.154000
7.429000
12.992000
19.270000
3.076000
9.697000
18.282000
9.364000
7.637000
1.329000
12.754000
11.652000
7.332000
12.639000
13.616000
7.905000
9.980000
6.235000
3.071000
12.302000
10.742000
8.764000
8.388000
15.698000
11.349000
5.308000
9.014000
7.960000
2.431000
13.121000
8.410000
8.781000
10.228000
14.025000
12.442000
7.848000
6.520000
9.606000
14.905000
13.485000
6.739000
10.498000
7.153000
3.644000
4.210000
8.376000
7.566000
14.780000
16.096000
6.426000
9.401000
17.369000
10.022000
9.652000
6.823000
6.368000
8.926000
6.935000
3.857000
5.970000
10.728000
6.737000
7.170000
7.930000
6.407000
10.394000
9.272000
14.613000
13.902000
6.065000
2.910000
6.780000
12.626000
11.960000
2.479000
11.221000
9.278000
4.480000
5.455000
8.895000
9.904000
11.156000
2.457000
10.503000
14.597000
18.898000
13.031000
4.276000
7.869000
14.650000
6.416000
19.734000
9.267000
21.055000
0.601000
2.518000
3.180000
7.737000
6.540000
9.506000
4.964000
5.828000
10.773000
11.708000
5.100000
15.550000
9.190000
16.750000
5.532000
3.144000
10.157000
17.673000
22.498000
7.210000
10.841000
8.661000
4.669000
5.668000
8.895000
7.828000
7.179000
4.960000
6.499000
8.361000
10.776000
13.128000
13.797000
5.708000
14.258000
12.658000
1.931000
16.507000
19.403000
7.247000
3.186000
14.940000
12.480000
8.074000
7.702000
4.959000
7.861000
7.429000
12.256000
9.337000
10.742000
7.629000
13.899000
19.656000
14.635000
7.958000
18.838000
2.380000
6.263000
17.598000
14.143000
13.921000
5.920000
7.368000
6.383000
2.564000
14.137000
15.508000
8.308000
5.143000
3.642000
9.295000
10.659000
6.394000
7.504000
13.604000
2.560000
7.829000
5.714000
12.163000
15.068000
7.886000
5.654000
10.109000
7.009000
9.246000
13.443000
8.738000
15.180000
9.568000
14.470000
5.038000
3.063000
2.136000
4.222000
11.367000
12.014000
11.534000
11.525000
10.393000
17.981000
10.585000
7.735000
11.603000
9.649000
7.508000
3.039000
13.602000
12.264000
9.239000
9.802000
7.430000
14.290000
2.407000
17.859000
10.289000
5.536000
11.520000
6.837000
11.694000
0.000000
4.468000
14.075000
5.378000
2.773000
10.062000
9.573000
3.856000
2.956000
8.516000
10.044000
9.341000
5.818000
3.689000
6.795000
6.629000
1.615000
8.119000
3.496000
6.488000
4.845000
15.422000
2.475000
12.973000
14.133000
12.558000
11.135000
17.285000
8.328000
5.548000
11.373000
7.945000
8.260000
7.248000
6.133000
12.673000
13.394000
8.406000
4.179000
4.321000
9.642000
10.810000
6.186000
8.727000
9.797000
15.324000
6.883000
3.837000
13.633000
10.667000
3.467000
13.025000
3.650000
10.653000
4.547000
1.046000
8.844000
5.202000
11.487000
4.620000
3.105000
10.593000
2.195000
6.663000
1.029000
2.955000
0.000000
17.809000
9.954000
11.497000
11.952000
14.844000
5.911000
4.026000
6.208000
13.030000
3.202000
7.319000
8.432000
5.703000
11.140000
6.147000
0.643000
10.967000
1.735000
13.355000
0.000000
11.966000
6.133000
11.692000
5.478000
10.240000
6.065000
11.760000
11.346000
5.663000
5.977000
6.290000
10.739000
8.199000
6.952000
18.240000
6.524000
7.078000
5.258000
3.480000
4.771000
13.212000
13.019000
10.487000
10.474000
12.726000
22.210000
14.777000
10.579000
9.567000
5.584000
16.985000
0.000000
8.657000
7.730000
4.665000
2.256000
2.303000
9.518000
13.915000
6.210000
6.115000
11.237000
4.737000
12.050000
10.774000
5.098000
0.000000
18.266000
8.206000
2.719000
12.564000
8.959000
9.949000
8.836000
1.504000
10.362000
8.085000
2.323000
1.648000
14.713000
0.677000
7.520000
8.809000
2.113000
5.533000
8.844000
15.052000
9.035000
11.807000
10.364000
3.915000
13.640000
9.070000
5.218000
15.258000
10.712000
5.489000
8.000000
0.865000
4.696000
4.055000
3.895000
16.392000
10.555000
13.357000
0.722000
0.176000
3.902000
6.836000
2.945000
16.758000
8.653000
10.784000
13.882000
7.333000
8.977000
3.889000
0.000000
9.079000
3.864000
8.425000
10.649000
1.323000
6.648000
4.663000
10.725000
11.175000
1.656000
3.707000
2.429000
10.934000
6.734000
6.154000
1.559000
11.882000
6.858000
1.148000
3.353000
10.161000
2.816000
9.492000
1.119000
10.805000
8.491000
2.985000
5.364000
4.343000
9.396000
5.145000
3.023000
13.746000
21.165000
14.364000
5.306000
9.468000
3.450000
4.658000
8.464000
11.508000
6.727000
2.126000
6.574000
4.322000
10.896000
10.605000
1.165000
3.287000
5.398000
10.335000
11.844000
2.302000
2.156000
13.896000
6.696000
4.656000
0.237000
2.887000
1.268000
23.162000
2.400000
3.074000
6.540000
3.748000
12.306000
6.045000
0.000000
15.795000
16.914000
11.649000
13.437000
13.381000
4.657000
12.349000
6.844000
8.703000
13.425000
7.075000
5.207000
4.846000
3.053000
2.146000
12.643000
0.000000
9.140000
4.597000
6.657000
4.117000
3.930000
8.734000
8.684000
10.327000
7.305000
3.480000
14.485000
3.836000
15.591000
4.378000
4.939000
0.000000
8.646000
18.262000
13.252000
9.381000
8.802000
11.335000
1.994000
6.634000
3.142000
5.030000
7.693000
8.139000
5.089000
9.250000
2.309000
8.594000
4.410000
3.199000
8.772000
10.562000
8.485000
11.309000
0.000000
3.627000
7.490000
7.226000
7.777000
13.423000
3.313000
1.646000
15.295000
10.853000
6.122000
3.858000
0.342000
5.034000
4.564000
6.657000
12.915000
8.652000
7.417000
8.424000
10.320000
5.450000
1.248000
1.302000
16.728000
10.571000
8.568000
6.104000
11.631000
5.300000
2.903000
18.316000
7.419000
4.587000
1.238000
14.259000
9.642000
3.657000
7.690000
2.721000
4.581000
3.844000
11.034000
7.294000
10.161000
15.840000
5.597000
3.170000
1.135000
5.005000
8.175000
11.239000
16.032000
10.957000
12.875000
4.143000
9.829000
7.834000
13.067000
5.228000
18.423000
8.312000
11.287000
6.548000
5.894000
6.478000
0.946000
13.735000
7.211000
4.315000
18.875000
3.573000
10.446000
2.080000
5.144000
12.792000
15.743000
6.406000
8.835000
0.808000
4.128000
12.903000
12.216000
6.415000
8.370000
0.000000
7.763000
7.055000
12.887000
12.447000
8.744000
4.463000
8.507000
14.110000
6.235000
1.368000
20.127000
3.966000
3.145000
9.382000
10.729000
12.405000
8.123000
13.054000
9.186000
2.832000
12.372000
0.706000
10.423000
17.094000
5.395000
9.209000
14.265000
5.439000
8.713000
5.214000
4.308000
0.563000
0.000000
6.812000
7.576000
11.403000
8.436000
10.035000
8.241000
11.507000
3.285000
12.535000
11.344000
11.964000
5.605000
4.734000
2.911000
9.985000
5.079000
2.678000
10.559000
8.490000
6.497000
2.900000
9.829000
10.841000
11.104000
0.324000
16.640000
7.238000
14.521000
9.715000
6.947000
11.884000
12.606000
18.976000
7.178000
0.000000
5.420000
14.545000
5.221000
8.768000
10.836000
8.527000
11.068000
8.407000
6.568000
7.164000
11.340000
7.297000
9.863000
7.546000
8.532000
10.044000
10.623000
5.610000
17.374000
0.476000
9.508000
6.079000
1.794000
10.998000
9.813000
16.070000
8.798000
13.307000
7.082000
2.837000
11.242000
2.429000
10.308000
10.158000
8.172000
8.119000
0.738000
8.117000
5.574000
15.589000
6.741000
9.374000
1.525000
9.421000
7.436000
3.134000
4.822000
7.460000
1.836000
6.075000
1.119000
1.069000
10.289000
2.081000
8.320000
1.452000
9.406000
0.635000
17.087000
6.021000
6.346000
7.349000
9.571000
9.542000
10.494000
15.822000
4.431000
24.578000
6.159000
11.389000
14.245000
14.529000
14.579000
9.245000
12.476000
7.810000
9.182000
3.657000
6.720000
6.525000
8.806000
10.909000
10.375000
11.638000
9.260000
16.210000
5.720000
9.073000
4.909000
12.185000
13.856000
14.155000
7.755000
12.191000
10.505000
7.940000
5.598000
8.510000
14.428000
4.959000
8.473000
3.761000
6.635000
7.023000
7.898000
15.336000
2.951000
8.838000
11.358000
8.020000
7.846000
3.364000
6.435000
8.256000
10.645000
2.478000
8.133000
4.805000
10.473000
12.536000
22.402000
7.109000
4.443000
4.348000
6.594000
4.159000
9.350000
3.961000
6.626000
0.155000
15.533000
13.396000
10.047000
9.543000
13.545000
10.425000
7.604000
0.908000
9.398000
1.771000
6.029000
13.619000
15.962000
3.714000
5.367000
1.925000
15.578000
7.497000
6.525000
12.614000
9.793000
0.652000
10.408000
5.785000
5.967000
3.285000
4.348000
13.211000
8.312000
16.973000
1.902000
2.015000
4.593000
4.320000
4.869000
9.424000
4.907000
2.604000
4.378000
2.437000
0.000000
7.420000
11.966000
0.359000
3.105000
3.659000
18.496000
2.760000
9.835000
11.751000
2.061000
3.221000
6.552000
4.729000
5.703000
9.030000
21.103000
1.205000
10.008000
14.514000
6.998000
2.859000
3.345000
0.000000
15.835000
1.117000
6.177000
5.885000
13.594000
5.534000
13.115000
6.627000
7.399000
5.634000
6.142000
14.116000
1.353000
3.544000
6.463000
12.721000
6.376000
15.396000
14.749000
2.834000
2.343000
11.250000
7.786000
11.790000
4.740000
11.497000
4.948000
0.283000
3.321000
4.977000
4.457000
13.611000
0.000000
0.234000
6.117000
4.472000
12.621000
7.342000
2.252000
5.041000
10.327000
2.086000
10.162000
10.634000
13.073000
3.032000
0.000000
3.156000
9.883000
10.131000
13.307000
2.305000
2.570000
12.713000
3.432000
1.283000
9.431000
1.382000
6.440000
0.000000
1.427000
10.941000
6.525000
10.288000
4.127000
8.247000
2.460000
8.441000
0.000000
9.713000
8.913000
8.831000
12.235000
11.180000
3.547000
13.573000
4.059000
2.552000
3.840000
11.837000
12.097000
3.124000
7.794000
9.523000
0.209000
0.000000
2.053000
6.517000
11.558000
7.235000
4.886000
6.538000
5.557000
9.717000
14.698000
8.345000
10.103000
16.605000
2.900000
12.347000
3.040000
12.279000
18.293000
8.302000
12.949000
15.782000
9.821000
13.969000
11.694000
16.922000
11.322000
12.253000
9.015000
7.898000
2.116000
9.522000
14.803000
8.377000
6.986000
10.809000
7.263000
12.689000
0.937000
2.914000
0.000000
6.968000
14.272000
8.907000
2.201000
16.916000
18.878000
6.283000
13.032000
2.726000
9.801000
6.734000
10.528000
11.798000
9.729000
2.305000
0.000000
10.985000
8.445000
9.489000
2.709000
9.402000
13.541000
2.355000
11.951000
9.137000
9.836000
3.790000
11.084000
7.673000
4.098000
3.413000
10.502000
4.960000
11.029000
3.313000
7.781000
10.958000
6.455000
7.686000
11.537000
4.197000
4.098000
4.685000
16.053000
8.354000
5.678000
9.257000
14.126000
1.860000
3.967000
12.647000
4.480000
14.472000
3.471000
0.000000
1.841000
3.812000
12.233000
11.424000
8.884000
4.649000
3.040000
3.771000
5.411000
7.521000
5.345000
8.818000
7.308000
0.000000
0.000000
12.415000
6.278000
1.687000
0.628000
3.156000
20.188000
4.755000
9.228000
2.777000
3.605000
2.104000
6.306000
2.272000
6.175000
9.395000
6.305000
12.410000
4.460000
9.340000
3.181000
5.078000
5.522000
11.503000
5.497000
9.574000
3.895000
7.423000
6.043000
2.113000
4.749000
7.723000
2.062000
3.637000
5.021000
10.737000
2.422000
10.835000
7.695000
5.545000
10.738000
6.605000
2.554000
19.553000
0.000000
5.844000
10.533000
3.891000
13.758000
7.025000
4.222000
2.253000
3.430000
7.965000
13.243000
7.179000
3.649000
3.555000
7.169000
8.068000
14.437000
7.468000
1.876000
10.020000
3.562000
3.863000
7.253000
17.116000
2.560000
1.619000
6.862000
9.293000
3.654000
11.901000
3.122000
3.510000
10.195000
3.956000
14.209000
1.314000
1.627000
0.000000
6.137000
7.300000
2.144000
6.467000
4.379000
4.793000
4.740000
9.598000
2.102000
8.086000
1.214000
8.042000
4.743000
4.028000
1.866000
4.887000
15.167000
3.356000
10.006000
5.253000
5.444000
6.176000
6.344000
4.412000
3.898000
17.803000
5.250000
3.363000
2.994000
2.182000
2.896000
2.099000
7.612000
2.269000
7.255000
5.800000
6.214000
9.944000
7.627000
0.024000
5.952000
8.424000
16.167000
4.062000
1.245000
4.777000
0.000000
0.137000
15.587000
5.469000
2.752000
6.034000
1.356000
9.031000
4.395000
2.188000
4.316000
6.602000
3.176000
0.000000
6.651000
9.989000
3.112000
11.576000
9.443000
7.939000
0.000000
4.727000
3.352000
11.238000
2.078000
1.673000
9.983000
8.636000
3.271000
5.591000
5.315000
3.939000
1.842000
4.968000
0.000000
6.293000
5.615000
7.133000
0.000000
7.176000
5.185000
13.260000
5.513000
3.669000
1.559000
2.989000
6.818000
14.720000
9.681000
5.093000
4.223000
9.922000
0.000000
10.924000
11.215000
7.573000
8.800000
12.563000
5.054000
13.349000
1.460000
0.000000
6.408000
5.560000
0.813000
3.300000
7.521000
2.726000
4.453000
6.703000
5.857000
3.758000
4.253000
13.751000
0.752000
5.487000
0.125000
2.769000
14.524000
1.962000
9.128000
8.156000
2.942000
12.365000
13.344000
5.700000
4.833000
2.775000
3.566000
13.085000
6.424000
7.680000
2.032000
1.351000
6.815000
7.433000
2.087000
5.705000
6.308000
1.971000
4.806000
5.193000
0.000000
2.980000
11.374000
7.059000
1.898000
12.267000
1.076000
2.719000
0.518000
6.023000
5.729000
2.759000
9.810000
4.625000
3.590000
5.377000
6.123000
4.075000
5.866000
0.000000
8.009000
4.095000
6.860000
8.422000
2.495000
8.701000
6.107000
5.638000
0.274000
1.206000
0.000000
7.096000
1.998000
0.021000
1.618000
7.299000
2.126000
0.000000
7.703000
0.000000
6.283000
6.599000
9.605000
7.898000
4.706000
7.992000
3.218000
9.409000
4.502000
0.832000
0.994000
7.664000
1.680000
0.413000
0.000000
9.171000
12.197000
15.423000
0.000000
5.992000
4.690000
7.509000
9.311000
7.891000
13.126000
4.091000
4.975000
5.235000
3.773000
1.965000
6.343000
3.916000
3.753000
2.715000
9.577000
6.846000
4.806000
6.756000
12.017000
0.000000
1.459000
0.000000
10.440000
4.361000
2.045000
2.584000
11.416000
17.266000
2.471000
1.606000
6.606000
0.000000
5.901000
3.818000
8.958000
9.716000
3.215000
4.606000
0.000000
7.673000
2.276000
4.050000
6.752000
10.022000
2.795000
13.080000
7.350000
10.500000
7.067000
4.809000
0.000000
0.000000
2.017000
6.342000
5.755000
9.050000
0.000000
8.343000
12.731000
14.873000
1.851000
0.000000
2.894000
5.202000
0.000000
13.302000
6.507000
18.123000
5.577000
12.785000
0.000000
6.436000
6.557000
2.549000
5.925000
7.611000
1.429000
0.579000
6.301000
7.895000
4.005000
11.943000
5.460000
0.262000
3.353000
7.373000
5.686000
5.345000
3.501000
0.000000
0.000000
10.393000
4.266000
0.000000
16.001000
0.000000
7.771000
1.718000
9.931000
0.249000
0.000000
13.073000
10.105000
3.211000
9.776000
2.534000
0.000000
3.830000
0.000000
1.606000
5.300000
2.190000
0.661000
3.568000
0.000000
3.519000
6.934000
1.088000
6.062000
15.327000
0.000000
18.412000
7.533000
7.287000
14.253000
0.000000
2.199000
0.000000
0.000000
2.958000
1.729000
0.000000
3.917000
11.157000
5.191000
10.496000
0.000000
0.000000
0.000000
8.639000
0.000000
5.581000
0.865000
5.188000
3.566000
13.250000
0.000000
0.000000
0.000000
5.839000
6.733000
0.000000
0.000000
0.089000
2.954000
2.172000
0.000000
15.872000
17.281000
0.000000
15.437000
4.932000
5.640000
7.395000
16.517000
0.000000
15.099000
0.931000
20.494000
7.038000
11.602000
5.083000
7.416000
6.629000
3.667000
0.000000
9.450000
12.949000
0.695000
0.850000
0.000000
9.912000
5.866000
0.000000
1.295000
2.033000
0.000000
3.920000
17.855000
0.000000
0.144000
3.825000
0.000000
9.856000
0.288000
6.899000
0.000000
8.188000
0.000000
4.301000
12.637000
0.000000
0.126000
0.000000
5.797000
1.232000
0.000000
6.446000
4.251000
2.099000
1.486000
3.114000
0.122000
8.167000
2.257000
0.120000
5.972000
12.660000
0.000000
2.200000
3.237000
7.939000
8.813000
5.610000
10.945000
0.000000
3.795000
0.000000
5.911000
1.155000
7.648000
0.000000
9.994000
0.000000
1.429000
4.111000
6.095000
0.000000
6.482000
0.045000
9.387000
4.728000
0.000000
9.588000
7.056000
6.335000
19.521000
6.422000
8.859000
10.226000
5.102000
20.549000
4.060000
7.274000
8.973000
1.123000
5.972000
6.104000
0.000000
6.887000
4.527000
0.000000
5.266000
6.004000
0.016000
1.357000
18.680000
5.559000
8.192000
4.581000
4.966000
10.129000
17.229000
7.793000
10.934000
13.125000
5.117000
3.751000
0.374000
0.000000
5.754000
0.000000
2.651000
11.611000
8.058000
4.250000
0.000000
0.000000
5.350000
7.392000
13.836000
0.000000
6.965000
1.428000
10.839000
7.567000
4.637000
9.590000
4.980000
14.814000
3.846000
12.192000
0.000000
15.524000
8.651000
5.735000
0.129000
8.450000
14.970000
13.372000
0.000000
8.129000
13.997000
0.000000
7.157000
1.896000
4.612000
6.832000
8.583000
0.000000
1.176000
1.388000
0.000000
0.707000
0.000000
0.939000
10.350000
5.084000
4.245000
10.660000
0.000000
4.313000
9.627000
14.540000
9.879000
8.952000
12.758000
1.924000
12.722000
12.488000
7.589000
11.875000
13.044000
7.601000
0.000000
11.930000
9.301000
7.584000
0.271000
11.812000
0.000000
7.816000
19.512000
8.166000
1.812000
0.000000
1.252000
8.401000
0.037000
5.212000
0.329000
6.114000
6.078000
13.541000
5.577000
7.444000
0.000000
15.944000
3.085000
5.049000
1.278000
7.465000
4.232000
11.759000
5.671000
0.000000
3.773000
6.872000
4.575000
0.252000
0.800000
16.804000
2.572000
15.254000
3.112000
12.230000
7.233000
11.618000
24.679000
13.687000
12.345000
7.308000
3.840000
1.379000
8.960000
1.078000
0.000000
12.938000
2.232000
13.647000
1.518000
9.127000
12.408000
0.489000
2.873000
7.038000
14.936000
1.874000
7.678000
9.761000
5.242000
0.000000
17.283000
0.000000
7.719000
8.470000
0.000000
6.273000
6.461000
14.359000
2.622000
0.000000
3.091000
5.267000
17.603000
14.261000
1.881000
16.635000
4.613000
15.836000
11.041000
1.962000
7.832000
4.207000
4.891000
2.660000
12.808000
6.196000
7.574000
16.268000
10.383000
2.447000
0.000000
12.456000
0.000000
17.985000
8.633000
11.611000
13.403000
6.088000
7.479000
15.272000
20.424000
9.212000
7.381000
10.720000
2.225000
0.392000
16.399000
1.275000
7.002000
6.730000
9.602000
1.800000
6.717000
4.492000
0.125000
5.288000
3.910000
2.584000
3.349000
5.993000
5.328000
15.421000
6.742000
0.155000
11.179000
19.737000
11.649000
6.265000
8.693000
9.491000
1.949000
5.511000
1.573000
18.999000
6.142000
1.700000
9.213000
4.273000
23.963000
3.199000
3.435000
10.788000
7.697000
6.467000
9.899000
1.489000
6.866000
10.963000
2.398000
5.531000
0.000000
16.489000
5.590000
0.000000
0.630000
7.778000
15.172000
6.593000
2.996000
7.272000
3.427000
4.901000
1.738000
18.687000
12.739000
17.324000
0.425000
6.169000
4.866000
8.276000
4.641000
9.388000
9.748000
18.255000
1.088000
16.942000
6.313000
15.134000
4.290000
17.769000
2.776000
12.413000
3.647000
1.843000
2.783000
9.552000
0.061000
8.274000
0.000000
0.000000
23.576000
13.115000
1.772000
5.897000
10.223000
2.850000
1.683000
3.989000
0.000000
19.304000
3.727000
13.301000
7.413000
9.482000
6.425000
10.869000
3.143000
1.348000
2.947000
10.896000
6.134000
5.297000
10.656000
18.365000
13.698000
4.247000
6.248000
9.354000
10.469000
12.633000
6.895000
0.000000
4.964000
11.495000
7.486000
8.221000
11.161000
9.875000
10.390000
13.078000
3.427000
11.828000
3.224000
5.223000
4.280000
13.279000
10.106000
13.941000
6.852000
7.682000
7.541000
5.798000
7.871000
3.489000
10.454000
6.318000
4.937000
1.834000
0.000000
3.787000
5.356000
9.429000
7.626000
1.661000
11.380000
11.472000
8.295000
7.651000
1.921000
5.843000
0.679000
3.644000
10.908000
2.344000
1.426000
5.649000
0.000000
8.212000
6.211000
10.054000
11.971000
7.173000
3.204000
13.708000
5.630000
12.753000
10.328000
1.892000
5.258000
9.992000
8.428000
10.931000
0.670000
8.943000
17.745000
4.073000
1.486000
7.305000
7.752000
4.755000
13.850000
4.464000
3.044000
1.497000
8.171000
10.326000
7.065000
9.240000
6.949000
4.159000
4.769000
5.213000
6.851000
7.437000
0.000000
7.806000
11.875000
9.758000
9.502000
10.204000
1.404000
3.197000
13.646000
3.945000
5.263000
0.000000
3.968000
3.352000
10.971000
7.722000
3.617000
3.061000
2.987000
6.155000
14.894000
4.287000
9.212000
7.358000
3.846000
4.420000
6.135000
5.935000
0.000000
0.996000
13.199000
4.216000
8.463000
3.846000
7.615000
0.000000
4.937000
3.716000
10.341000
8.573000
2.359000
9.805000
2.485000
9.298000
4.858000
9.008000
8.489000
1.690000
5.808000
19.060000
8.685000
3.894000
9.231000
4.177000
20.697000
5.481000
6.207000
4.336000
5.214000
4.135000
12.915000
0.000000
1.557000
6.780000
9.935000
4.052000
6.136000
4.712000
6.538000
8.106000
1.882000
5.117000
4.405000
8.086000
11.261000
6.032000
10.340000
9.496000
0.000000
7.803000
8.693000
3.431000
21.677000
2.638000
17.076000
0.000000
6.330000
8.867000
10.323000
9.264000
0.483000
7.485000
3.798000
1.929000
13.568000
4.654000
5.654000
6.676000
7.657000
13.650000
10.960000
11.683000
16.822000
6.723000
7.895000
0.000000
5.740000
1.343000
10.238000
5.740000
15.924000
11.065000
9.116000
0.000000
11.310000
9.090000
4.091000
9.677000
8.034000
13.450000
5.321000
2.487000
9.095000
9.976000
3.379000
9.194000
6.714000
3.362000
10.787000
8.259000
8.593000
14.595000
4.318000
8.371000
1.082000
5.629000
13.263000
16.902000
3.912000
2.461000
8.094000
7.836000
8.673000
9.865000
11.192000
9.049000
13.819000
5.690000
10.846000
5.390000
12.597000
4.916000
5.321000
7.484000
4.021000
3.530000
3.503000
15.433000
11.769000
8.923000
5.971000
5.856000
5.064000
12.695000
7.880000
14.741000
6.742000
7.513000
13.014000
10.413000
6.593000
5.351000
2.444000
16.097000
11.102000
6.469000
6.963000
4.527000
15.577000
7.948000
7.819000
10.490000
10.374000
7.157000
8.984000
11.637000
5.206000
11.408000
14.151000
6.732000
3.639000
3.940000
7.258000
5.438000
8.667000
8.766000
0.000000
5.171000
5.637000
5.699000
14.636000
5.620000
5.237000
16.156000
4.018000
3.005000
16.505000
8.689000
8.872000
6.109000
4.376000
2.729000
0.537000
7.767000
5.558000
0.000000
11.976000
6.776000
7.546000
9.479000
4.161000
9.393000
7.699000
3.415000
13.213000
7.915000
8.216000
8.087000
0.000000
17.121000
5.880000
8.195000
3.124000
7.494000
5.000000
8.291000
3.235000
4.662000
11.441000
13.955000
6.254000
10.752000
5.777000
2.790000
8.109000
2.454000
11.695000
7.965000
0.709000
9.537000
13.588000
0.000000
11.214000
6.695000
5.830000
10.877000
6.364000
3.470000
6.538000
7.109000
3.844000
6.487000
9.873000
8.995000
5.774000
12.572000
3.949000
11.123000
15.991000
8.687000
11.104000
9.503000
9.294000
15.282000
1.578000
11.104000
9.378000
7.551000
8.411000
4.407000
18.113000
13.742000
2.240000
13.447000
11.538000
8.195000
9.308000
4.879000
10.634000
7.814000
12.591000
10.360000
0.000000
15.251000
9.824000
13.129000
10.919000
14.745000
6.580000
8.655000
11.329000
3.782000
3.846000
4.115000
20.628000
13.891000
12.972000
8.794000
11.699000
12.018000
0.000000
12.508000
13.709000
12.634000
18.097000
7.476000
5.526000
15.127000
4.671000
6.733000
14.384000
6.478000
4.134000
1.376000
7.839000
6.728000
5.666000
4.174000
4.630000
17.011000
9.087000
9.616000
9.790000
13.575000
1.829000
12.553000
10.535000
8.535000
10.714000
7.688000
8.431000
9.016000
6.068000
16.879000
12.342000
0.000000
5.330000
9.664000
9.446000
5.580000
15.942000
9.226000
8.248000
5.945000
5.738000
8.360000
5.477000
18.809000
4.647000
5.440000
9.860000
5.435000
6.325000
7.545000
6.180000
17.361000
2.092000
8.902000
6.704000
8.445000
4.302000
6.145000
11.649000
9.341000
15.390000
8.658000
4.939000
10.370000
8.315000
9.804000
8.024000
4.503000
15.166000
0.000000
3.751000
3.362000
8.637000
10.264000
4.171000
7.181000
2.761000
4.221000
10.917000
10.276000
5.518000
13.636000
3.391000
10.757000
10.949000
9.266000
6.218000
2.370000
6.854000
6.438000
5.041000
7.541000
6.982000
13.845000
9.985000
9.882000
9.279000
14.005000
8.977000
8.271000
5.532000
9.496000
0.000000
6.115000
5.940000
2.496000
8.513000
9.859000
13.167000
10.578000
0.000000
6.752000
3.599000
9.856000
17.669000
7.168000
0.000000
2.238000
10.974000
0.000000
10.822000
6.558000
12.457000
0.157000
6.898000
6.657000
5.743000
3.824000
8.585000
4.426000
11.445000
0.000000
5.747000
4.413000
7.359000
16.578000
9.869000
10.945000
7.951000
4.478000
4.238000
4.812000
9.838000
8.670000
12.764000
8.771000
3.694000
14.064000
0.000000
2.840000
7.065000
9.037000
9.441000
7.527000
7.618000
13.040000
0.000000
1.833000
5.906000
7.933000
2.855000
11.194000
11.150000
5.871000
12.434000
0.000000
0.000000
16.883000
8.945000
12.277000
7.064000
11.339000
10.370000
7.003000
6.275000
16.766000
8.341000
8.338000
1.815000
9.281000
0.000000
6.131000
19.460000
2.152000
8.127000
0.516000
10.886000
2.245000
0.000000
0.900000
11.502000
10.365000
9.182000
0.000000
0.000000
12.474000
6.647000
8.420000
0.406000
4.394000
3.626000
1.935000
0.000000
7.575000
1.786000
3.958000
0.000000
2.812000
0.000000
10.463000
0.000000
3.762000
1.830000
0.792000
6.174000
0.000000
0.000000
7.457000
6.710000
10.240000
2.570000
13.291000
0.602000
12.324000
11.121000
4.665000
8.955000
0.000000
3.638000
1.263000
5.954000
0.000000
7.146000
7.676000
0.101000
0.000000
6.731000
1.997000
9.738000
8.269000
5.051000
0.000000
1.945000
4.596000
0.000000
0.000000
0.839000
0.557000
6.256000
0.000000
8.541000
7.123000
6.895000
6.561000
9.317000
2.477000
4.540000
2.431000
1.015000
9.630000
7.577000
7.786000
8.998000
15.860000
11.974000
0.000000
4.919000
4.230000
4.540000
12.378000
10.476000
11.613000
0.000000
0.000000
15.260000
8.528000
0.000000
13.277000
4.149000
8.067000
8.222000
12.877000
2.144000
5.423000
4.669000
2.569000
3.937000
4.298000
0.000000
0.000000
17.444000
8.256000
6.614000
0.000000
3.819000
1.889000
8.578000
1.033000
4.038000
7.129000
7.328000
5.708000
2.896000
8.041000
13.184000
0.000000
6.415000
0.000000
5.684000
3.233000
0.000000
11.418000
1.678000
0.000000
14.626000
0.000000
0.000000
5.919000
3.312000
4.880000
12.000000
6.391000
0.000000
0.000000
1.214000
0.000000
3.182000
0.000000
3.449000
6.148000
5.642000
5.139000
0.000000
3.569000
2.552000
4.867000
1.441000
1.573000
2.678000
0.649000
5.570000
0.000000
3.326000
16.313000
0.116000
0.000000
7.548000
0.000000
11.410000
5.128000
7.687000
3.181000
1.940000
12.944000
0.000000
4.365000
1.471000
5.924000
4.510000
0.000000
7.055000
16.033000
3.368000
5.942000
10.350000
1.144000
9.451000
2.970000
7.027000
1.659000
7.318000
14.930000
6.541000
6.832000
9.113000
12.154000
2.839000
0.000000
0.000000
2.961000
4.422000
0.000000
7.455000
0.000000
6.763000
3.268000
3.748000
6.288000
5.778000
6.317000
5.634000
5.482000
0.000000
0.315000
8.932000
6.508000
7.686000
5.301000
9.489000
8.010000
4.651000
8.058000
11.059000
5.418000
0.000000
5.822000
0.000000
10.922000
0.000000
3.064000
10.059000
0.000000
0.000000
5.416000
7.146000
9.323000
1.692000
8.512000
8.487000
4.423000
8.681000
6.094000
4.637000
3.636000
5.416000
3.537000
4.026000
7.995000
1.064000
5.346000
13.572000
9.153000
6.774000
6.147000
10.265000
2.020000
3.067000
8.127000
8.246000
6.841000
14.005000
10.120000
15.588000
11.064000
1.277000
3.595000
16.048000
0.000000
0.000000
3.556000
4.692000
10.512000
15.609000
12.379000
2.900000
4.123000
1.247000
2.989000
8.951000
0.000000
7.707000
12.072000
3.039000
17.833000
2.344000
14.431000
2.066000
0.436000
4.347000
5.464000
2.442000
0.000000
3.774000
0.000000
4.027000
6.612000
10.403000
12.134000
0.000000
9.930000
0.628000
7.036000
5.726000
7.762000
0.000000
0.000000
11.992000
2.035000
16.354000
8.505000
9.291000
5.077000
9.954000
7.979000
6.210000
5.868000
4.223000
6.067000
8.414000
2.776000
4.080000
9.665000
4.872000
13.150000
3.152000
7.558000
0.093000
0.000000
0.000000
7.901000
3.973000
2.518000
9.853000
0.000000
7.252000
7.790000
7.877000
5.606000
1.578000
7.787000
3.527000
4.536000
10.386000
5.205000
2.676000
7.062000
0.798000
1.383000
9.933000
5.743000
8.252000
0.000000
2.200000
10.336000
0.000000
5.400000
4.276000
0.000000
3.435000
0.000000
7.105000
9.413000
8.780000
6.332000
7.512000
9.899000
0.549000
4.716000
5.509000
0.000000
0.000000
1.774000
0.537000
10.504000
8.439000
4.661000
0.000000
0.000000
10.615000
0.000000
5.511000
0.000000
0.000000
3.983000
0.000000
0.000000
3.056000
4.283000
0.000000
9.232000
4.692000
1.270000
10.072000
0.000000
9.429000
0.000000
0.000000
3.562000
1.811000
0.000000
4.596000
0.000000
9.464000
0.000000
0.000000
0.000000
4.592000
0.409000
10.062000
2.875000
7.085000
0.816000
0.000000
11.161000
2.621000
4.650000
4.758000
8.009000
4.360000
12.665000
8.260000
4.596000
4.106000
2.353000
5.463000
13.200000
2.997000
0.000000
0.000000
0.360000
1.980000
0.000000
11.711000
3.437000
3.227000
5.813000
6.578000
8.520000
6.547000
1.039000
5.453000
0.000000
7.397000
4.998000
1.329000
3.854000
4.431000
0.000000
0.000000
0.000000
5.283000
4.053000
2.005000
5.109000
3.684000
0.000000
11.736000
12.291000
8.471000
0.000000
14.993000
0.000000
3.062000
5.261000
4.371000
0.854000
14.412000
1.916000
0.000000
4.650000
0.000000
4.232000
7.286000
1.514000
0.000000
0.523000
0.000000
3.194000
0.000000
1.638000
0.000000
9.783000
7.607000
0.000000
0.000000
0.000000
3.370000
0.525000
3.279000
6.630000
0.966000
2.976000
8.398000
1.676000
0.983000
2.309000
2.275000
0.982000
6.725000
9.732000
0.000000
0.000000
5.077000
0.000000
5.254000
11.434000
9.786000
1.930000
0.000000
0.371000
0.000000
0.341000
8.514000
0.000000
0.000000
0.011000
0.000000
13.842000
6.269000
0.000000
2.117000
8.015000
5.780000
1.608000
6.232000
1.809000
5.752000
5.524000
3.000000
0.000000
0.000000
0.000000
0.000000
11.637000
0.000000
0.000000
0.000000
3.727000
0.000000
2.752000
3.047000
0.000000
4.898000
11.116000
1.435000
9.060000
8.301000
6.743000
6.373000
0.000000
4.187000
0.000000
2.440000
4.485000
0.000000
0.000000
3.755000
8.303000
0.000000
3.832000
0.000000
0.000000
0.000000
0.000000
10.154000
1.101000
0.030000
0.000000
2.870000
8.540000
3.376000
6.040000
0.000000
0.000000
0.000000
0.000000
8.040000
5.565000
0.000000
2.623000
0.510000
5.611000
3.911000
0.000000
0.000000
13.562000
1.013000
0.000000
1.230000
0.226000
12.232000
3.249000
3.046000
0.420000
2.357000
0.000000
6.418000
13.694000
0.000000
8.955000
0.000000
0.000000
1.921000
0.000000
15.981000
3.657000
5.170000
0.000000
2.377000
0.734000
10.630000
5.671000
8.840000
0.000000
2.452000
0.000000
5.963000
0.902000
0.713000
0.000000
4.942000
3.271000
2.877000
3.529000
0.000000
4.808000
0.000000
4.708000
1.922000
1.518000
8.141000
5.305000
0.000000
0.000000
1.613000
0.000000
1.980000
0.000000
7.025000
0.000000
12.186000
1.227000
0.000000
3.259000
0.289000
0.341000
0.443000
1.849000
0.000000
7.542000
0.000000
4.350000
5.056000
4.676000
0.000000
1.882000
0.000000
3.950000
7.568000
1.173000
9.104000
7.989000
8.598000
9.239000
3.107000
0.000000
0.000000
0.000000
0.000000
9.777000
0.000000
0.000000
0.283000
5.686000
5.729000
1.725000
1.017000
2.852000
8.376000
0.000000
2.616000
0.000000
2.622000
3.815000
0.000000
0.000000
0.761000
3.157000
3.080000
1.582000
3.221000
7.287000
4.753000
4.430000
3.221000
6.387000
5.388000
6.683000
3.458000
10.556000
0.000000
3.425000
7.664000
0.000000
4.745000
3.040000
0.000000
3.338000
7.704000
3.784000
0.000000
0.000000
8.862000
0.951000
1.447000
0.000000
0.000000
0.000000
0.000000
3.821000
0.168000
0.000000
4.678000
5.108000
0.566000
6.837000
2.018000
10.694000
6.858000
0.000000
5.863000
0.234000
8.368000
0.000000
1.991000
2.456000
7.867000
4.658000
6.076000
7.232000
5.519000
6.966000
8.038000
0.806000
10.261000
4.677000
0.100000
14.598000
0.000000
0.898000
1.245000
0.000000
0.000000
9.377000
3.241000
6.056000
1.034000
0.000000
0.000000
0.000000
4.877000
0.962000
2.480000
1.477000
5.366000
4.669000
9.377000
0.000000
4.436000
2.374000
4.311000
1.409000
2.004000
0.000000
0.000000
0.000000
2.375000
0.000000
0.000000
0.000000
0.000000
9.032000
8.303000
6.641000
7.393000
0.000000
2.898000
5.397000
0.000000
0.398000
5.856000
0.000000
3.962000
0.000000
0.000000
4.154000
0.283000
0.000000
3.506000
0.000000
8.506000
0.442000
11.162000
3.087000
0.000000
3.226000
0.000000
0.000000
0.000000
0.239000
1.747000
0.552000
0.000000
0.000000
0.000000
1.351000
0.000000
2.579000
0.000000
0.000000
0.000000
2.362000
0.000000
0.000000
0.000000
11.999000
0.000000
0.000000
0.000000
0.527000
5.858000
2.064000
6.469000
10.836000
2.094000
0.000000
0.000000
0.000000
5.565000
0.000000
0.000000
0.599000
0.000000
7.881000
0.000000
0.000000
4.001000
9.347000
0.000000
0.000000
2.906000
2.248000
0.000000
3.498000
1.596000
0.000000
0.000000
0.000000
0.000000
0.000000
0.000000
0.000000
1.157000
0.964000
0.000000
1.828000
0.502000
3.078000
0.009000
0.000000
0.778000
0.000000
0.000000
0.000000
0.000000
0.000000
0.000000
0.000000
4.622000
0.000000
0.000000
0.000000
0.000000
1.705000
0.000000
0.000000
5.380000
0.227000
0.000000
3.221000
1.935000
5.169000
2.530000
0.000000
0.000000
0.000000
0.000000
2.669000
0.000000
0.000000
0.000000
5.047000
0.000000
0.000000
5.735000
0.000000
0.770000
0.000000
0.000000
0.000000
0.000000
0.000000
0.000000
0.000000
5.930000
2.679000
0.039000
3.560000
0.000000
0.000000
7.406000
0.997000
1.685000
4.485000
1.311000
6.015000
0.796000
0.000000
0.000000
0.000000
0.000000
0.752000
0.764000
0.000000
0.000000
0.539000
3.159000
0.244000
0.000000
3.696000
0.000000
0.000000
0.141000
6.414000
0.000000
1.021000
3.702000
0.000000
0.000000
0.354000
0.000000
0.000000
2.336000
0.790000
3.312000
0.000000
2.739000
1.085000
0.318000
1.604000
0.000000
0.000000
0.000000
0.633000
0.000000
2.809000
0.000000
0.838000
0.000000
4.866000
0.673000
0.000000
1.023000
0.000000
0.000000
3.207000
3.543000
3.083000
0.547000
0.000000
2.233000
0.000000
0.000000
0.000000
0.000000
0.000000
0.486000
0.000000
1.022000
1.793000
1.070000
1.797000
2.698000
3.355000
0.000000
0.401000
0.000000
0.000000
0.000000
0.236000
0.000000
0.000000
0.000000
3.993000
2.522000
4.569000
0.497000
3.275000
0.000000
0.000000
1.021000
0.000000
3.599000
0.289000
0.000000
3.693000
1.832000
2.197000
3.089000
0.938000
2.168000
0.000000
0.000000
0.000000
0.000000
3.954000
0.385000
0.000000
0.217000
0.000000
0.000000
3.644000
0.567000
0.000000
1.682000
1.867000
3.793000
0.007000
0.000000
0.000000
3.407000
1.541000
0.000000
0.000000
0.439000
0.323000
2.606000
0.957000
0.192000
4.643000
4.400000
4.457000
0.000000
0.000000
1.985000
3.095000
0.000000
2.847000
0.000000
0.637000
0.000000
3.152000
0.000000
0.000000
7.089000
0.375000
1.712000
1.255000
0.000000
0.000000
0.000000
0.000000
1.227000
0.664000
1.620000
0.000000
1.619000
2.691000
3.411000
0.000000
0.000000
0.690000
0.000000
0.000000
0.000000
8.302000
2.314000
0.000000
0.000000
1.694000
0.944000
0.000000
2.106000
0.000000
0.047000
0.817000
4.191000
0.390000
0.000000
4.126000
0.000000
2.023000
0.106000
0.000000
2.551000
1.151000
2.921000
1.098000
1.787000
0.828000
0.394000
0.000000
0.388000
0.294000
0.000000
0.000000
0.000000
0.000000
0.000000
0.558000
0.131000
0.091000
0.606000
0.000000
5.513000
0.000000
0.000000
2.516000
0.000000
0.956000
0.797000
2.261000
1.040000
0.000000
0.045000
0.037000
0.000000
0.433000
0.000000
0.392000
0.000000
0.000000
3.832000
2.123000
6.693000
0.000000
2.431000
0.000000
0.135000
1.230000
0.861000
0.000000
0.000000
0.000000
0.000000
5.563000
0.000000
0.000000
1.222000
0.000000
5.074000
0.000000
0.000000
0.491000
3.661000
3.011000
0.000000
0.000000
2.505000
2.691000
0.000000
1.312000
0.508000
0.635000
0.220000
2.283000
1.825000
0.023000
0.984000
0.000000
3.341000
2.841000
0.806000
0.000000
0.000000
5.763000
0.000000
1.810000
1.056000
3.097000
1.704000
1.805000
1.426000
2.542000
0.000000
3.423000
4.194000
0.000000
1.371000
0.000000
0.000000
1.895000
0.932000
3.480000
0.000000
1.105000
2.572000
0.000000
0.000000
0.000000
2.304000
3.647000
0.000000
1.953000
0.000000
1.030000
1.694000
0.000000
0.835000
2.221000
0.000000
0.701000
0.899000
2.040000
0.000000
0.000000
0.695000
2.702000
2.257000
2.294000
0.941000
0.975000
0.991000
1.285000
5.615000
3.022000
2.600000
0.000000
0.000000
1.897000
0.138000
1.340000
5.526000
2.117000
6.666000
5.527000
0.000000
1.303000
1.249000
0.000000
0.575000
0.659000
2.129000
0.000000
3.501000
2.952000
0.000000
0.000000
1.246000
2.410000
0.000000
0.132000
0.000000
0.000000
0.000000
1.708000
0.000000
1.743000
0.000000
4.066000
3.379000
1.564000
0.511000
4.098000
0.000000
0.000000
0.000000
0.000000
1.717000
0.000000
0.000000
0.000000
0.000000
1.366000
0.807000
0.000000
1.994000
0.000000
1.183000
1.142000
0.000000
0.000000
2.340000
1.165000
3.039000
0.000000
0.845000
0.000000
0.234000
0.500000
0.000000
0.000000
4.898000
0.000000
2.711000
0.000000
1.716000
3.109000
0.000000
1.280000
0.000000
0.235000
0.000000
2.874000
1.393000
0.116000
0.331000
0.000000
0.369000
0.347000
0.000000
0.000000
2.695000
3.025000
0.000000
0.000000
2.638000
3.461000
3.040000
1.838000
0.000000
2.421000
1.193000
0.000000
0.931000
6.150000
0.000000
0.000000
0.000000
0.766000
0.966000
0.192000
0.000000
5.277000
0.000000
1.812000
0.724000
1.442000
0.000000
0.000000
0.000000
0.862000
1.981000
2.464000
0.000000
0.000000
0.742000
3.805000
1.753000
2.689000
0.431000
2.091000
0.987000
2.459000
0.792000
4.600000
0.000000
0.000000
0.000000
0.000000
0.000000
0.000000
5.106000
0.000000
0.816000
3.007000
0.000000
0.350000
0.750000
0.000000
0.390000
1.231000
2.287000
3.114000
0.222000
2.780000
3.626000
0.000000
0.000000
3.829000
5.239000
0.000000
0.000000
0.000000
1.710000
0.000000
0.000000
4.070000
0.000000
0.513000
2.424000
0.431000
0.000000
1.657000
1.448000
0.016000
2.956000
0.774000
7.565000
0.000000
0.000000
0.000000
0.000000
0.000000
4.647000
0.000000
0.811000
1.242000
0.000000
3.290000
0.000000
2.331000
0.000000
0.654000
0.000000
0.007000
7.581000
0.000000
2.071000
1.369000
0.122000
2.590000
0.364000
3.705000
2.548000
1.847000
0.000000
2.991000
0.000000
2.406000
2.765000
0.000000
3.152000
3.193000
0.000000
1.000000
0.498000
0.000000
0.000000
0.732000
0.000000
0.000000
0.024000
1.918000
2.027000
1.960000
0.000000
1.183000
1.582000
0.000000
3.925000
1.444000
1.691000
1.260000
2.191000
3.708000
0.000000
0.458000
2.811000
0.000000
3.000000
0.000000
0.502000
0.634000
3.506000
1.413000
0.000000
2.921000
1.106000
3.419000
0.000000
0.867000
2.545000
0.000000
2.247000
3.156000
0.000000
0.995000
0.000000
0.000000
2.368000
2.534000
0.000000
1.235000
1.094000
0.885000
1.904000
1.723000
1.212000
0.000000
1.828000
2.924000
0.000000
1.347000
1.960000
4.551000
5.076000
0.779000
2.596000
0.647000
0.000000
0.000000
0.000000
1.919000
0.000000
0.000000
3.068000
1.682000
2.393000
0.786000
0.492000
1.708000
1.535000
0.000000
4.667000
1.122000
0.000000
0.000000
0.519000
1.163000
5.587000
0.629000
0.000000
0.594000
5.733000
10.134000
0.108000
0.975000
0.000000
2.640000
2.246000
0.000000
4.178000
0.000000
0.000000
0.173000
0.000000
3.174000
0.000000
0.060000
1.280000
1.544000
0.000000
0.594000
5.840000
2.838000
0.256000
1.218000
0.000000
0.000000
0.000000
0.000000
5.329000
0.118000
0.000000
0.399000
0.000000
0.000000
1.335000
5.228000
0.000000
0.000000
0.000000
0.939000
1.013000
0.000000
0.000000
0.596000
0.000000
0.000000
0.000000
2.841000
4.348000
1.649000
0.000000
0.000000
1.878000
0.000000
0.000000
0.000000
0.000000
0.000000
0.511000
1.916000
4.218000
2.163000
0.000000
2.669000
0.000000
0.729000
0.000000
6.035000
0.000000
0.030000
0.863000
0.000000
0.000000
0.013000
1.800000
1.825000
0.152000
0.000000
0.000000
2.807000
0.000000
0.000000
1.707000
0.000000
0.278000
4.366000
0.000000
1.180000
3.330000
0.000000
0.000000
0.000000
0.000000
1.109000
0.000000
0.000000
0.421000
0.000000
1.458000
0.000000
0.541000
3.412000
1.711000
0.000000
1.038000
0.000000
0.533000
0.000000
1.998000
3.231000
0.899000
3.112000
0.000000
0.435000
2.363000
0.000000
1.222000
0.000000
0.000000
0.000000
0.000000
0.000000
0.000000
0.000000
0.590000
0.000000
4.627000
0.214000
3.959000
0.000000
0.000000
1.787000
1.208000
0.000000
0.000000
2.962000
0.000000
1.178000
0.000000
0.000000
5.390000
0.000000
0.905000
3.228000
0.000000
0.000000
0.331000
0.000000
2.725000
0.000000
0.000000
0.000000
3.263000
1.507000
1.990000
0.000000
0.000000
0.243000
0.000000
0.000000
0.000000
0.000000
0.000000
0.000000
0.000000
0.829000
0.000000
0.000000
0.000000
2.862000
3.287000
0.000000
0.000000
0.000000
0.000000
0.000000
0.655000
0.000000
0.000000
0.341000
0.000000
1.143000
4.576000
0.316000
0.000000
3.053000
0.000000
0.556000
1.202000
0.000000
0.000000
0.410000
1.985000
0.000000
0.000000
0.551000
0.000000
0.000000
2.821000
0.000000
0.000000
0.000000
1.137000
1.343000
0.564000
0.000000
1.513000
0.000000
0.032000
0.271000
0.579000
0.000000
0.000000
0.000000
0.000000
1.050000
0.844000
2.101000
0.000000
0.000000
2.978000
0.842000
0.094000
2.277000
0.000000
0.000000
0.967000
2.268000
2.724000
1.987000
3.498000
0.390000
0.000000
0.000000
0.000000
1.672000
0.652000
0.000000
1.593000
0.000000
1.032000
2.246000
3.718000
2.159000
5.114000
2.620000
2.031000
0.000000
0.000000
2.586000
0.000000
0.000000
0.000000
0.000000
0.000000
0.000000
0.000000
3.378000
0.000000
0.446000
4.957000
0.616000
0.294000
0.000000
0.000000
0.647000
2.982000
2.593000
0.000000
0.000000
0.000000
1.386000
2.016000
2.361000
0.000000
2.739000
0.000000
0.941000
0.000000
2.250000
1.341000
1.081000
0.209000
0.000000
3.447000
0.000000
0.000000
0.661000
0.000000
2.760000
0.000000
0.000000
0.263000
2.428000
0.000000
0.000000
0.000000
2.682000
0.000000
1.265000
0.000000
0.000000
1.374000
0.000000
2.214000
3.398000
0.000000
0.036000
0.379000
0.000000
0.000000
2.743000
0.029000
0.000000
0.000000
0.000000
0.000000
0.000000
0.000000
0.000000
1.031000
2.933000
3.052000
0.000000
3.067000
2.965000
0.000000
1.078000
0.249000
0.078000
3.530000
3.827000
0.000000
0.000000
0.000000
0.000000
0.780000
0.000000
2.074000
0.000000
1.117000
0.000000
0.000000
0.000000
0.000000
0.670000
1.980000
0.000000
0.000000
2.489000
0.576000
0.000000
2.311000
0.000000
0.482000
3.493000
0.000000
3.434000
0.468000
0.365000
1.897000
0.000000
0.000000
1.425000
0.000000
0.000000
4.214000
3.524000
3.336000
2.706000
3.834000
5.010000
0.000000
0.000000
3.069000
1.806000
0.000000
0.000000
0.160000
5.095000
0.000000
0.000000
0.316000
0.000000
0.233000
2.538000
0.000000
0.000000
1.795000
1.665000
0.000000
4.253000
0.000000
0.512000
0.965000
2.046000
2.843000
0.000000
1.307000
1.819000
0.000000
0.000000
1.275000
1.195000
0.220000
3.200000
1.099000
1.981000
0.851000
2.869000
1.615000
2.509000
0.000000
0.900000
3.298000
0.696000
3.082000
1.622000
0.000000
0.000000
6.104000
2.849000
4.560000
0.415000
7.360000
3.539000
1.187000
0.000000
1.515000
3.972000
6.889000
6.630000
0.547000
6.471000
7.436000
0.000000
0.000000
0.000000
0.000000
0.000000
0.000000
1.141000
0.000000
0.000000
0.048000
1.284000
0.000000
2.733000
0.000000
