18.541000
14.353000
19.094000
15.687000
18.648000
19.821000
17.687000
17.714000
18.559000
12.506000
15.876000
9.311000
7.682000
4.762000
7.002000
10.393000
7.544000
7.197000
11.083000
9.744000
5.810000
6.373000
5.736000
11.836000
11.411000
7.173000
11.094000
11.746000
5.957000
6.598000
9.925000
5.210000
5.300000
9.852000
5.487000
14.431000
8.375000
4.789000
6.694000
13.975000
9.760000
7.621000
7.379000
6.683000
16.243000
7.845000
8.625000
8.964000
8.541000
6.526000
10.879000
7.497000
7.255000
7.472000
13.762000
9.783000
12.949000
6.612000
12.536000
4.080000
7.611000
5.007000
10.242000
8.294000
8.915000
12.417000
5.744000
5.776000
8.614000
8.763000
5.792000
8.007000
12.599000
6.107000
10.327000
12.320000
7.558000
16.515000
5.054000
6.760000
10.533000
6.751000
8.701000
12.464000
12.949000
21.309000
8.656000
12.105000
12.146000
14.765000
15.729000
14.346000
6.983000
15.780000
8.169000
8.524000
11.759000
14.270000
5.416000
7.192000
10.177000
4.440000
11.520000
9.843000
10.239000
11.952000
12.332000
15.198000
9.604000
9.959000
9.704000
11.860000
9.064000
8.129000
15.149000
10.440000
3.357000
13.033000
7.935000
14.682000
10.048000
16.321000
15.359000
14.424000
8.699000
11.404000
11.045000
6.959000
17.502000
10.176000
9.256000
15.285000
9.249000
14.347000
6.978000
8.858000
10.949000
15.303000
10.898000
14.272000
13.428000
10.076000
7.911000
9.066000
7.266000
6.227000
2.811000
12.955000
18.112000
10.614000
5.219000
19.090000
4.759000
9.644000
12.399000
10.487000
12.056000
10.351000
10.834000
7.189000
11.401000
11.679000
13.144000
15.816000
16.348000
10.704000
10.449000
12.212000
12.906000
10.705000
11.854000
5.753000
12.686000
6.309000
16.079000
12.308000
16.251000
5.222000
5.859000
12.157000
12.516000
8.037000
23.342000
11.693000
12.757000
12.112000
11.244000
8.404000
10.607000
17.535000
6.458000
15.004000
10.496000
3.236000
9.863000
7.406000
13.521000
14.480000
11.301000
2.927000
19.568000
8.499000
3.929000
10.704000
12.434000
11.173000
13.639000
6.950000
7.870000
14.279000
13.583000
9.260000
5.194000
16.645000
12.911000
6.156000
12.377000
8.136000
11.750000
8.954000
13.843000
8.032000
10.293000
8.965000
9.846000
11.089000
12.308000
9.268000
14.294000
23.754000
17.191000
8.915000
9.845000
7.133000
13.314000
8.509000
20.798000
24.028000
5.725000
8.538000
18.192000
13.434000
7.367000
13.896000
11.633000
9.382000
9.530000
10.266000
6.713000
7.751000
6.489000
8.145000
21.130000
20.324000
13.949000
13.422000
16.997000
6.155000
14.312000
11.866000
7.846000
8.669000
11.883000
7.787000
3.183000
9.074000
9.200000
11.021000
13.258000
12.678000
12.485000
10.516000
3.414000
13.526000
10.697000
9.266000
8.331000
9.753000
8.058000
5.933000
5.522000
7.691000
7.128000
6.046000
4.481000
5.924000
10.438000
3.191000
9.115000
18.624000
14.552000
7.750000
12.905000
13.485000
8.316000
8.101000
8.482000
6.584000
16.141000
12.472000
11.624000
11.737000
20.836000
9.373000
16.205000
11.349000
17.316000
8.069000
10.415000
8.802000
9.897000
10.865000
15.534000
11.560000
9.464000
15.152000
8.633000
6.724000
13.908000
8.420000
13.598000
1.590000
10.314000
7.024000
8.248000
7.728000
15.102000
12.511000
11.665000
12.961000
14.162000
5.100000
20.504000
6.925000
8.874000
9.947000
8.379000
10.236000
8.872000
8.505000
10.676000
15.536000
11.170000
12.054000
10.396000
14.162000
8.786000
5.006000
13.933000
12.318000
11.964000
10.623000
6.254000
9.132000
10.191000
12.819000
10.269000
10.240000
3.023000
9.571000
10.245000
15.605000
6.154000
10.303000
10.841000
14.874000
10.954000
7.777000
10.181000
14.261000
17.153000
12.321000
14.236000
11.683000
10.154000
14.330000
6.346000
7.771000
11.792000
9.228000
8.703000
10.908000
7.674000
8.098000
10.174000
17.126000
11.561000
13.043000
16.974000
10.583000
10.839000
9.462000
12.571000
13.474000
7.518000
10.658000
7.333000
10.799000
8.372000
12.806000
7.833000
11.327000
11.843000
6.715000
5.816000
4.368000
10.873000
11.212000
20.758000
11.483000
10.176000
5.611000
11.088000
6.998000
11.161000
12.588000
6.258000
7.265000
12.321000
11.120000
11.475000
14.641000
9.799000
17.167000
14.591000
8.654000
6.618000
8.698000
10.411000
11.253000
14.137000
7.681000
6.387000
12.471000
7.496000
12.888000
8.616000
9.685000
9.355000
8.506000
10.754000
9.054000
11.414000
8.496000
6.649000
13.813000
14.015000
11.486000
7.364000
10.068000
8.684000
13.132000
11.999000
11.426000
15.902000
10.727000
15.384000
17.167000
4.977000
13.545000
14.343000
12.090000
15.763000
16.092000
4.633000
12.136000
11.629000
9.645000
10.531000
16.657000
12.227000
14.486000
10.462000
8.592000
19.698000
13.692000
9.456000
1.651000
7.853000
8.702000
13.304000
10.176000
12.332000
16.361000
7.533000
11.697000
13.167000
14.588000
13.628000
9.666000
16.586000
15.214000
16.889000
8.040000
11.333000
8.657000
8.729000
18.268000
17.223000
10.395000
9.067000
13.371000
8.947000
9.391000
14.214000
8.935000
14.612000
9.952000
12.184000
13.112000
10.091000
3.872000
10.558000
13.665000
9.938000
13.000000
7.435000
10.401000
9.440000
12.793000
3.974000
14.332000
9.869000
10.275000
8.432000
15.193000
9.738000
11.086000
16.821000
12.115000
16.759000
12.843000
11.740000
8.514000
12.689000
3.156000
12.011000
11.623000
12.690000
9.128000
12.759000
14.508000
12.754000
7.437000
11.731000
12.838000
20.250000
10.766000
0.000000
11.374000
11.350000
11.481000
7.715000
8.401000
0.000000
2.841000
4.490000
2.229000
0.913000
0.718000
4.589000
9.098000
1.338000
2.101000
1.103000
1.353000
4.356000
5.791000
6.727000
1.493000
8.290000
13.963000
4.997000
1.216000
5.770000
0.000000
2.232000
11.483000
2.829000
3.313000
3.846000
3.481000
0.000000
8.437000
1.939000
0.805000
0.000000
15.520000
11.633000
6.178000
1.947000
0.668000
13.197000
1.755000
15.276000
6.515000
13.298000
11.649000
11.049000
7.292000
2.288000
13.176000
7.408000
1.812000
1.729000
6.518000
11.625000
4.846000
0.000000
12.936000
2.578000
0.955000
7.604000
5.363000
5.841000
8.793000
10.268000
9.175000
7.650000
4.098000
12.643000
10.550000
6.797000
7.060000
9.861000
4.336000
13.917000
4.604000
3.944000
3.881000
1.672000
7.528000
8.575000
3.689000
9.629000
3.885000
9.864000
0.993000
0.000000
8.347000
11.709000
5.929000
8.276000
3.940000
6.206000
17.611000
10.436000
1.454000
5.981000
9.233000
6.803000
3.347000
1.575000
7.025000
10.340000
9.178000
13.927000
6.047000
6.940000
2.879000
3.926000
0.947000
6.528000
13.474000
4.297000
8.871000
21.646000
13.631000
4.923000
13.603000
7.109000
16.828000
8.659000
6.760000
8.263000
12.988000
12.185000
5.355000
7.359000
6.422000
19.174000
15.839000
4.376000
8.536000
14.745000
5.422000
7.146000
10.038000
6.307000
5.080000
3.795000
10.974000
9.150000
9.077000
3.313000
10.460000
15.980000
5.596000
8.570000
14.154000
17.144000
0.520000
6.633000
5.822000
6.188000
14.250000
8.417000
1.888000
10.714000
8.652000
8.823000
7.977000
7.999000
4.827000
10.144000
8.651000
0.000000
7.043000
10.815000
10.756000
7.455000
1.429000
6.580000
0.982000
9.949000
9.001000
11.857000
5.160000
6.194000
0.000000
14.703000
11.124000
6.951000
7.598000
11.572000
6.684000
2.797000
3.353000
12.769000
18.547000
17.950000
6.004000
8.697000
18.426000
3.683000
13.299000
0.000000
11.943000
9.853000
14.683000
5.228000
11.293000
5.509000
4.978000
10.724000
12.603000
8.335000
4.875000
12.138000
10.510000
9.181000
4.754000
11.056000
20.063000
15.328000
9.881000
6.311000
16.490000
11.961000
3.336000
10.789000
7.052000
3.888000
14.185000
16.263000
15.490000
2.928000
13.354000
7.223000
6.481000
7.256000
0.448000
14.446000
14.900000
6.558000
7.534000
0.000000
3.549000
12.736000
10.165000
5.173000
13.491000
9.895000
7.968000
0.000000
8.145000
9.761000
16.725000
0.000000
1.609000
16.073000
17.254000
6.195000
15.704000
6.920000
14.452000
13.767000
11.263000
11.264000
10.664000
8.932000
11.324000
10.693000
8.218000
4.093000
11.023000
8.980000
5.898000
14.237000
8.760000
11.732000
11.647000
2.322000
11.016000
12.518000
5.898000
12.115000
8.448000
17.625000
17.527000
4.378000
19.072000
13.442000
8.842000
9.687000
11.932000
8.354000
3.667000
7.540000
8.627000
5.571000
11.615000
10.095000
9.924000
4.892000
12.196000
9.596000
13.708000
7.801000
2.332000
3.468000
4.115000
8.385000
1.966000
9.901000
15.371000
3.985000
4.496000
14.168000
2.424000
9.056000
7.730000
9.886000
12.048000
6.731000
4.742000
10.983000
9.000000
3.573000
14.625000
5.826000
11.001000
10.758000
14.058000
19.658000
10.561000
11.724000
6.492000
11.978000
13.301000
15.045000
11.748000
10.452000
11.877000
5.384000
16.651000
17.594000
6.328000
17.184000
3.791000
12.816000
11.676000
4.321000
3.317000
11.336000
7.366000
3.285000
9.231000
12.851000
8.230000
9.377000
11.776000
4.578000
9.435000
5.438000
9.521000
5.470000
9.053000
9.606000
1.515000
3.794000
0.548000
6.109000
0.000000
5.806000
6.200000
4.588000
7.102000
0.000000
7.752000
1.897000
14.286000
4.340000
11.322000
6.051000
5.638000
5.875000
5.925000
7.513000
5.148000
0.000000
0.743000
9.273000
13.451000
7.247000
5.922000
5.532000
6.637000
4.399000
10.272000
5.521000
3.597000
0.000000
7.833000
11.944000
7.490000
7.957000
2.627000
5.055000
4.547000
6.514000
0.000000
9.242000
9.594000
5.145000
0.622000
13.644000
11.396000
9.041000
0.140000
8.123000
2.979000
12.869000
9.157000
21.158000
7.971000
11.845000
2.374000
11.274000
9.947000
9.167000
9.840000
1.934000
6.859000
3.497000
12.036000
2.713000
2.410000
16.550000
14.085000
9.267000
0.000000
3.563000
16.438000
10.781000
11.181000
1.179000
1.911000
10.654000
1.469000
6.696000
14.982000
0.000000
12.426000
6.578000
0.000000
6.000000
8.602000
11.547000
4.232000
9.497000
6.640000
3.983000
19.052000
4.382000
15.121000
2.514000
8.381000
12.353000
2.729000
4.666000
19.634000
6.752000
3.600000
8.072000
7.228000
6.146000
3.470000
11.963000
8.295000
6.246000
3.902000
16.829000
3.353000
5.138000
10.538000
14.799000
9.670000
5.891000
6.645000
4.950000
8.414000
8.092000
6.337000
3.891000
15.146000
9.357000
7.579000
0.643000
7.476000
11.262000
3.130000
8.099000
6.185000
9.477000
5.716000
2.390000
4.172000
19.205000
9.108000
1.435000
8.606000
5.764000
12.678000
0.000000
3.650000
6.346000
5.873000
11.248000
4.872000
16.353000
8.621000
7.763000
9.068000
10.066000
8.086000
1.419000
1.967000
1.411000
5.496000
4.662000
5.475000
5.333000
9.375000
7.784000
8.999000
2.706000
11.171000
8.813000
7.503000
4.337000
11.032000
5.122000
8.436000
8.877000
4.234000
6.544000
4.564000
2.447000
0.000000
0.247000
7.564000
3.039000
7.589000
6.835000
14.613000
6.853000
3.119000
5.359000
4.741000
8.977000
4.249000
8.567000
5.979000
4.434000
9.168000
8.704000
7.572000
4.145000
4.190000
8.025000
0.000000
1.323000
13.353000
2.398000
3.184000
14.204000
6.393000
7.528000
6.308000
9.429000
6.822000
5.735000
6.133000
4.296000
9.905000
6.521000
5.505000
9.321000
11.030000
2.363000
0.000000
9.414000
9.267000
5.478000
3.145000
3.131000
5.801000
1.144000
4.271000
4.733000
11.736000
4.410000
10.784000
14.560000
0.000000
6.875000
0.000000
0.865000
5.810000
5.041000
4.808000
9.296000
6.378000
10.786000
3.932000
6.284000
5.255000
11.361000
1.610000
16.840000
5.941000
4.791000
10.332000
9.178000
1.220000
7.518000
8.502000
12.046000
8.406000
10.830000
4.009000
3.424000
10.031000
4.135000
4.405000
7.362000
8.571000
5.071000
3.700000
7.555000
2.405000
7.404000
9.328000
11.366000
5.402000
5.596000
14.790000
7.237000
8.355000
6.615000
3.704000
3.320000
1.062000
3.994000
12.596000
5.705000
8.736000
1.395000
0.000000
11.091000
10.856000
7.985000
5.927000
11.443000
8.249000
3.562000
3.930000
14.770000
8.954000
10.286000
3.791000
2.453000
7.683000
7.022000
8.974000
0.308000
8.387000
13.035000
5.106000
4.551000
10.517000
4.627000
13.334000
3.577000
7.333000
10.295000
10.176000
9.065000
12.514000
9.049000
23.336000
6.674000
9.005000
5.402000
7.621000
6.111000
6.451000
7.094000
5.274000
10.080000
14.312000
9.323000
5.392000
7.056000
10.702000
8.658000
0.692000
10.413000
10.453000
6.470000
16.296000
13.803000
8.267000
4.807000
9.429000
3.153000
11.398000
6.024000
1.119000
16.138000
11.110000
2.985000
5.371000
6.134000
9.163000
10.839000
1.406000
7.383000
6.273000
4.793000
12.007000
17.067000
16.073000
7.507000
5.364000
12.278000
4.021000
8.815000
4.373000
12.413000
7.453000
7.325000
11.781000
6.402000
12.139000
14.170000
12.932000
4.534000
3.486000
16.089000
4.932000
8.645000
9.578000
6.233000
10.324000
11.020000
10.428000
10.400000
8.116000
10.385000
8.973000
11.763000
10.287000
13.215000
11.569000
7.097000
11.826000
7.130000
12.000000
10.905000
16.383000
8.728000
12.294000
9.343000
7.731000
16.758000
8.527000
11.688000
9.458000
8.776000
8.193000
10.279000
13.445000
8.350000
15.220000
13.189000
12.832000
10.825000
0.000000
9.928000
7.415000
5.468000
12.218000
8.527000
12.862000
6.972000
8.939000
10.718000
5.748000
10.176000
4.872000
12.579000
9.536000
11.363000
15.893000
11.839000
14.691000
5.258000
9.922000
6.854000
6.216000
0.184000
10.736000
18.544000
4.537000
15.728000
10.594000
2.596000
4.516000
10.484000
14.096000
14.272000
10.104000
8.592000
6.988000
10.158000
6.479000
12.100000
13.505000
0.806000
10.895000
6.510000
8.512000
9.676000
13.217000
9.295000
4.886000
7.940000
7.592000
8.467000
16.641000
8.905000
7.149000
10.267000
4.804000
4.846000
8.805000
6.776000
7.044000
6.510000
9.790000
7.176000
9.064000
10.754000
7.944000
9.716000
9.149000
10.429000
8.259000
18.316000
10.229000
6.882000
10.549000
13.584000
15.575000
6.872000
10.469000
6.597000
5.650000
7.487000
12.136000
11.441000
7.503000
5.376000
10.798000
7.180000
6.299000
3.482000
13.873000
9.457000
8.001000
8.391000
11.782000
8.373000
9.150000
6.053000
1.761000
7.352000
3.168000
3.652000
9.021000
7.910000
6.418000
10.809000
5.447000
7.266000
12.444000
7.037000
4.368000
2.649000
6.136000
7.480000
12.194000
7.366000
8.850000
9.860000
4.148000
9.088000
0.714000
2.736000
10.908000
2.347000
4.528000
4.674000
3.784000
2.049000
8.128000
6.901000
3.310000
4.975000
9.306000
1.708000
6.488000
7.004000
6.338000
3.840000
4.399000
8.444000
9.049000
10.842000
6.620000
6.604000
6.869000
8.414000
10.793000
8.923000
5.469000
12.374000
11.899000
8.695000
5.143000
6.401000
8.360000
3.847000
8.806000
14.512000
14.299000
11.472000
10.115000
10.778000
7.777000
4.500000
9.091000
11.414000
3.157000
4.978000
10.385000
14.277000
5.990000
10.317000
4.181000
9.279000
9.233000
5.431000
3.233000
3.320000
9.697000
9.513000
9.085000
9.189000
9.830000
7.580000
3.992000
10.240000
15.202000
5.795000
9.081000
6.087000
6.823000
12.734000
12.658000
7.787000
9.178000
7.211000
8.882000
7.028000
9.122000
6.611000
8.365000
10.204000
11.863000
8.952000
11.164000
3.645000
8.806000
10.101000
4.440000
8.117000
6.820000
8.072000
3.030000
7.636000
12.063000
4.933000
8.442000
9.397000
12.004000
12.112000
7.072000
7.701000
5.372000
12.217000
6.234000
8.990000
9.722000
10.947000
6.477000
7.956000
7.115000
4.739000
16.890000
9.875000
9.116000
10.229000
9.008000
9.179000
7.063000
5.809000
10.727000
11.886000
7.610000
10.089000
7.840000
7.543000
5.716000
5.190000
8.214000
12.065000
9.788000
3.362000
5.837000
11.284000
5.594000
7.262000
9.174000
10.353000
12.656000
9.300000
5.407000
3.567000
10.124000
11.932000
4.712000
2.371000
7.024000
4.674000
10.554000
6.574000
5.027000
10.188000
5.045000
9.865000
11.660000
7.092000
11.727000
6.032000
4.952000
9.466000
9.924000
7.272000
6.404000
8.421000
10.486000
11.269000
9.258000
12.930000
7.191000
11.428000
8.631000
12.234000
6.952000
10.053000
9.099000
25.918000
8.227000
4.940000
14.352000
12.868000
5.437000
9.893000
11.651000
8.405000
15.791000
7.517000
13.561000
11.374000
2.586000
12.485000
0.792000
3.286000
9.750000
4.606000
8.687000
7.563000
12.030000
14.196000
8.734000
9.080000
11.564000
6.450000
6.033000
13.317000
5.920000
12.777000
10.422000
7.612000
5.201000
15.521000
11.484000
7.232000
12.982000
14.451000
7.630000
9.870000
6.819000
12.989000
10.695000
9.028000
11.916000
6.749000
15.445000
10.438000
11.013000
14.449000
22.821000
5.012000
11.842000
11.376000
11.748000
10.127000
9.921000
8.666000
10.476000
7.798000
7.954000
6.791000
9.127000
13.087000
9.792000
5.006000
11.783000
6.000000
8.986000
9.754000
7.905000
7.540000
5.511000
11.541000
6.437000
9.971000
14.001000
6.856000
16.522000
11.706000
10.010000
13.990000
11.931000
7.899000
7.448000
9.492000
15.837000
6.033000
16.351000
12.302000
10.374000
4.950000
12.782000
9.319000
10.433000
8.266000
10.746000
9.344000
12.306000
8.329000
7.495000
9.387000
13.304000
6.401000
13.238000
13.659000
11.422000
3.862000
12.232000
7.816000
13.083000
5.073000
7.429000
6.802000
15.329000
8.944000
9.730000
6.193000
15.973000
14.058000
10.756000
8.998000
11.060000
7.321000
9.039000
11.319000
12.578000
13.008000
9.059000
15.589000
5.984000
12.325000
7.119000
12.444000
17.084000
7.523000
4.038000
6.396000
15.266000
10.513000
8.001000
9.829000
11.425000
13.769000
8.468000
7.929000
12.285000
9.207000
5.210000
9.876000
10.842000
7.097000
3.939000
15.093000
6.516000
7.808000
7.403000
7.734000
8.465000
11.211000
7.329000
7.546000
11.941000
12.335000
15.490000
15.509000
12.043000
9.052000
9.164000
9.623000
5.978000
6.753000
14.270000
15.088000
9.409000
9.281000
10.096000
13.315000
5.746000
11.482000
5.848000
4.165000
10.358000
10.729000
9.361000
14.930000
8.366000
10.881000
8.604000
11.071000
9.226000
12.847000
8.479000
12.259000
14.287000
3.329000
14.215000
12.969000
9.265000
15.449000
17.142000
9.953000
11.178000
12.098000
8.360000
12.870000
9.727000
6.243000
12.703000
6.360000
6.030000
12.562000
9.324000
6.739000
8.527000
0.039000
13.847000
9.196000
11.228000
14.307000
13.874000
6.115000
9.099000
12.194000
9.384000
13.205000
9.909000
12.018000
12.125000
16.188000
13.491000
11.587000
11.558000
8.810000
4.641000
4.158000
8.547000
10.489000
7.478000
9.500000
15.037000
9.937000
12.020000
10.775000
14.656000
9.152000
12.299000
11.512000
13.484000
9.205000
7.747000
6.691000
10.291000
8.981000
9.151000
9.425000
7.233000
14.552000
12.657000
8.033000
9.845000
10.323000
17.360000
8.705000
18.521000
11.085000
17.214000
5.139000
7.927000
12.113000
8.749000
7.685000
9.505000
17.960000
19.637000
8.563000
5.155000
6.505000
21.022000
3.440000
14.175000
15.183000
11.651000
5.360000
13.047000
6.499000
9.136000
5.098000
8.537000
7.324000
11.235000
9.718000
14.755000
13.488000
12.271000
11.903000
11.945000
13.485000
11.035000
12.059000
6.072000
8.297000
21.863000
7.983000
7.461000
13.049000
14.242000
12.410000
7.182000
19.983000
12.437000
16.528000
10.729000
7.857000
9.317000
6.092000
11.564000
9.976000
13.085000
9.888000
8.624000
8.480000
12.315000
11.347000
8.041000
10.261000
13.290000
16.050000
15.088000
11.761000
10.445000
7.766000
9.658000
12.620000
12.346000
10.516000
13.030000
8.983000
9.014000
10.508000
12.549000
12.541000
10.569000
13.135000
7.950000
9.723000
6.954000
10.618000
11.572000
8.960000
5.925000
8.441000
11.196000
7.272000
10.463000
6.782000
8.764000
10.037000
8.213000
8.727000
11.117000
10.558000
10.612000
18.013000
5.114000
10.583000
13.918000
9.963000
11.238000
11.190000
9.037000
15.401000
14.424000
9.867000
11.184000
14.058000
16.277000
6.541000
14.375000
15.141000
11.280000
11.971000
12.189000
6.595000
4.349000
8.625000
8.939000
8.783000
9.054000
8.283000
10.867000
13.380000
11.925000
6.736000
11.359000
9.352000
4.276000
14.626000
10.020000
5.024000
10.931000
7.521000
11.296000
7.991000
4.659000
7.120000
11.221000
5.540000
8.681000
10.873000
12.582000
7.512000
10.273000
8.780000
4.595000
7.124000
6.541000
10.079000
9.539000
6.016000
9.831000
6.717000
8.091000
9.245000
3.987000
8.277000
7.406000
8.388000
4.312000
5.102000
6.291000
10.083000
8.213000
7.731000
7.000000
12.314000
7.328000
8.858000
4.697000
12.110000
7.880000
7.809000
10.354000
8.828000
8.510000
7.239000
5.318000
7.912000
9.171000
8.988000
8.146000
6.219000
5.522000
6.719000
11.412000
10.516000
7.420000
10.006000
7.418000
12.047000
11.029000
8.457000
5.729000
6.511000
11.242000
15.426000
8.752000
9.788000
4.624000
8.174000
5.608000
7.632000
9.672000
9.840000
7.004000
10.679000
14.426000
12.596000
2.744000
10.228000
3.121000
9.442000
17.803000
8.401000
10.682000
8.045000
6.958000
8.128000
10.410000
8.140000
17.448000
11.010000
14.989000
12.314000
7.845000
9.140000
15.957000
9.904000
8.995000
9.067000
12.000000
17.034000
13.114000
15.345000
9.797000
11.256000
4.828000
6.084000
10.535000
8.758000
6.335000
17.155000
16.665000
6.012000
15.370000
7.798000
12.996000
8.766000
17.239000
5.615000
7.805000
8.036000
8.877000
9.431000
10.669000
10.211000
12.191000
14.091000
4.164000
10.831000
9.680000
8.778000
11.179000
5.672000
12.808000
11.678000
7.217000
11.261000
9.421000
7.304000
13.299000
7.430000
10.563000
9.125000
15.801000
11.951000
8.281000
6.939000
7.937000
1.895000
3.821000
6.626000
13.709000
8.034000
11.356000
7.510000
7.407000
10.425000
3.431000
5.210000
8.562000
13.215000
6.776000
10.394000
8.162000
9.699000
7.238000
5.316000
7.058000
8.348000
2.398000
15.395000
5.650000
11.379000
7.049000
15.146000
6.232000
11.577000
13.354000
9.050000
9.588000
10.634000
11.694000
8.626000
8.752000
20.224000
10.113000
6.215000
20.184000
6.412000
16.433000
10.482000
7.935000
18.627000
6.707000
9.699000
12.266000
17.745000
11.744000
10.235000
4.438000
4.697000
12.451000
11.198000
7.469000
11.725000
7.711000
10.216000
8.253000
10.760000
11.674000
4.712000
7.682000
11.519000
10.236000
9.069000
10.245000
9.691000
12.045000
10.616000
5.202000
5.733000
7.151000
6.580000
10.852000
11.892000
8.223000
13.018000
11.181000
7.046000
3.527000
5.835000
16.682000
10.247000
4.001000
15.409000
8.784000
13.052000
8.804000
9.692000
10.014000
8.701000
6.879000
6.941000
6.534000
12.921000
11.348000
10.355000
16.294000
15.518000
3.810000
16.666000
10.015000
12.339000
12.512000
10.370000
7.971000
12.495000
11.032000
6.358000
14.488000
11.341000
11.781000
15.300000
13.854000
10.270000
17.719000
11.264000
12.011000
9.992000
10.728000
10.886000
12.957000
7.388000
8.832000
13.381000
9.065000
12.720000
11.664000
11.576000
9.920000
5.690000
9.493000
11.503000
11.569000
6.199000
9.762000
9.311000
9.452000
11.185000
6.675000
13.192000
12.536000
10.444000
13.333000
1.721000
14.860000
8.164000
15.151000
7.809000
10.049000
6.089000
13.199000
17.528000
4.775000
6.557000
14.179000
8.558000
10.645000
5.228000
16.765000
13.302000
7.831000
16.756000
11.773000
9.288000
15.146000
10.350000
6.565000
12.687000
5.338000
9.606000
7.875000
13.906000
13.169000
14.224000
8.846000
13.971000
14.592000
14.864000
14.855000
12.813000
12.763000
5.733000
11.128000
9.705000
14.736000
8.862000
11.743000
11.510000
14.496000
9.719000
11.244000
11.674000
13.618000
8.033000
12.930000
13.317000
12.898000
6.866000
9.967000
11.305000
11.026000
15.036000
7.933000
13.585000
12.076000
7.336000
7.102000
15.130000
8.383000
18.925000
2.760000
14.612000
9.246000
9.992000
9.280000
8.181000
7.489000
8.027000
9.078000
11.946000
12.377000
8.183000
13.646000
10.301000
6.137000
7.301000
9.914000
6.785000
14.096000
9.390000
5.184000
12.206000
14.908000
10.460000
10.233000
6.361000
16.858000
12.881000
9.808000
8.706000
11.110000
8.783000
10.189000
10.237000
11.724000
10.982000
13.699000
0.489000
10.399000
12.991000
18.379000
10.208000
7.374000
14.916000
14.241000
14.049000
12.562000
14.080000
11.787000
3.562000
11.463000
12.397000
12.855000
17.582000
10.737000
6.957000
3.109000
14.626000
11.847000
13.345000
8.486000
7.620000
14.778000
9.671000
11.684000
9.712000
8.601000
16.182000
12.986000
10.689000
12.777000
8.630000
10.226000
13.461000
10.044000
14.585000
8.531000
6.981000
7.464000
12.258000
11.355000
9.843000
9.556000
11.948000
10.603000
9.897000
4.736000
7.647000
4.995000
11.693000
9.328000
17.623000
8.313000
13.026000
9.607000
16.500000
12.468000
11.195000
3.659000
11.032000
4.571000
9.015000
7.920000
7.139000
5.648000
16.096000
12.172000
8.918000
10.442000
5.694000
17.407000
18.643000
10.374000
8.855000
12.235000
8.397000
6.105000
10.048000
9.965000
11.034000
9.208000
11.710000
11.861000
8.670000
11.836000
12.005000
14.040000
5.411000
12.245000
10.813000
5.101000
7.292000
7.698000
10.325000
7.478000
8.554000
16.009000
12.864000
10.463000
13.810000
9.115000
13.143000
11.772000
7.101000
5.310000
11.192000
3.257000
15.915000
6.940000
10.400000
7.936000
11.462000
13.439000
18.350000
5.793000
9.605000
6.512000
13.624000
9.717000
11.261000
9.934000
13.585000
15.637000
10.968000
10.594000
7.920000
10.785000
12.271000
20.365000
19.234000
9.419000
10.101000
10.876000
10.115000
7.078000
7.084000
9.803000
15.931000
14.134000
8.356000
7.019000
12.018000
10.133000
15.276000
7.648000
13.053000
10.121000
10.148000
7.046000
14.286000
13.923000
10.526000
14.300000
16.372000
10.385000
11.394000
12.141000
13.091000
6.400000
11.335000
8.930000
11.555000
10.036000
9.274000
21.869000
14.303000
10.153000
4.377000
14.892000
10.035000
11.325000
8.680000
7.519000
9.416000
10.664000
16.479000
9.865000
6.101000
7.588000
7.568000
12.010000
13.156000
11.160000
16.579000
11.044000
10.546000
5.792000
8.129000
8.623000
15.700000
12.424000
14.668000
7.286000
5.743000
13.044000
11.318000
11.119000
12.073000
10.606000
13.302000
9.020000
16.888000
10.251000
6.416000
6.888000
16.359000
11.378000
11.831000
12.835000
13.260000
8.002000
16.822000
10.919000
12.180000
13.285000
10.759000
17.015000
9.087000
12.291000
10.171000
6.726000
15.831000
14.435000
10.467000
8.702000
6.776000
7.208000
9.827000
7.083000
11.453000
11.393000
5.818000
12.446000
10.340000
13.537000
11.251000
7.135000
11.006000
11.629000
8.271000
5.647000
11.154000
4.573000
4.428000
11.677000
4.093000
6.855000
5.040000
8.517000
8.627000
8.305000
5.956000
1.861000
9.417000
5.485000
5.532000
4.596000
7.200000
8.240000
7.190000
9.729000
8.896000
6.353000
7.691000
7.069000
11.980000
13.622000
8.114000
8.943000
4.955000
6.676000
7.262000
6.348000
7.036000
9.651000
6.955000
13.789000
0.000000
7.479000
8.693000
3.662000
7.587000
5.246000
14.002000
8.146000
7.376000
12.354000
12.135000
3.726000
6.872000
9.597000
7.920000
6.874000
16.448000
8.563000
7.825000
8.653000
12.147000
10.449000
10.015000
12.042000
7.602000
3.802000
10.306000
8.975000
17.682000
10.856000
9.697000
13.465000
8.836000
16.203000
11.778000
16.427000
5.777000
12.470000
13.709000
9.809000
3.784000
2.787000
7.230000
6.670000
10.563000
9.035000
10.694000
9.023000
13.136000
12.986000
7.753000
13.107000
8.495000
11.625000
5.662000
16.566000
6.647000
16.226000
14.154000
7.155000
8.306000
11.150000
6.960000
12.786000
4.881000
16.563000
10.029000
13.282000
12.034000
11.134000
11.774000
5.255000
8.271000
9.013000
10.447000
12.609000
9.799000
12.590000
12.408000
15.017000
9.724000
3.354000
7.085000
12.553000
9.014000
15.675000
16.772000
11.706000
5.068000
7.713000
12.228000
11.661000
13.469000
12.572000
19.236000
11.928000
9.576000
12.563000
12.004000
14.560000
12.919000
14.754000
4.663000
5.229000
15.454000
12.754000
5.783000
9.607000
9.156000
5.673000
11.142000
13.105000
8.040000
21.346000
14.733000
9.689000
11.140000
8.041000
11.467000
13.297000
8.563000
13.198000
3.652000
11.045000
15.136000
7.533000
20.011000
15.868000
13.080000
11.760000
12.877000
13.226000
15.499000
5.729000
12.010000
8.212000
16.111000
12.526000
10.252000
14.904000
11.017000
13.721000
9.833000
8.546000
3.906000
11.856000
11.134000
13.529000
11.205000
10.771000
9.699000
15.106000
9.236000
11.979000
10.267000
5.986000
3.907000
12.611000
11.286000
13.045000
8.714000
7.001000
13.456000
13.680000
4.647000
10.950000
12.705000
8.456000
10.194000
5.672000
8.713000
17.738000
13.426000
10.554000
8.172000
11.080000
12.725000
14.329000
5.891000
7.932000
8.517000
3.905000
17.991000
13.466000
3.385000
8.957000
7.713000
10.311000
15.124000
14.759000
17.630000
11.809000
6.600000
15.066000
9.280000
6.785000
7.548000
14.963000
8.392000
11.921000
10.441000
6.886000
14.246000
10.981000
8.741000
8.770000
10.553000
17.844000
13.891000
12.973000
11.293000
10.806000
6.997000
16.437000
12.000000
11.395000
14.062000
12.962000
9.406000
10.703000
10.763000
7.250000
13.218000
19.355000
6.877000
16.709000
12.227000
13.949000
8.021000
7.749000
2.194000
4.038000
12.986000
7.861000
13.199000
19.107000
12.964000
13.527000
11.158000
10.753000
7.748000
12.678000
15.026000
18.023000
12.656000
12.786000
8.454000
16.350000
6.583000
13.620000
7.910000
15.259000
9.869000
9.986000
11.386000
20.096000
9.783000
4.452000
12.806000
4.060000
12.682000
9.973000
7.245000
9.479000
11.934000
11.411000
3.829000
9.090000
7.985000
9.065000
11.708000
12.837000
6.673000
13.654000
13.358000
14.090000
8.800000
13.177000
8.268000
6.771000
21.882000
16.696000
12.248000
7.837000
10.401000
16.166000
11.775000
10.693000
17.608000
12.968000
17.586000
20.291000
11.547000
10.056000
11.406000
10.364000
15.851000
14.039000
13.180000
12.887000
9.137000
15.097000
12.524000
8.382000
13.511000
10.717000
15.154000
13.617000
15.852000
9.774000
13.199000
10.265000
7.793000
10.823000
15.343000
17.352000
10.191000
15.880000
9.783000
9.473000
9.287000
12.918000
13.376000
15.092000
15.725000
10.312000
12.265000
22.987000
13.483000
8.561000
14.081000
13.868000
14.292000
17.624000
17.854000
16.793000
13.010000
13.224000
11.726000
8.959000
16.696000
15.252000
9.291000
10.308000
14.517000
10.403000
15.178000
15.809000
16.348000
10.526000
9.420000
14.330000
15.667000
12.422000
10.646000
4.464000
5.639000
15.653000
5.604000
13.102000
11.497000
12.703000
10.858000
14.850000
19.435000
7.290000
10.020000
7.208000
12.969000
20.549000
10.850000
11.427000
11.658000
6.188000
8.886000
15.110000
15.787000
14.361000
17.212000
14.880000
14.330000
17.271000
17.698000
11.413000
17.258000
15.189000
16.892000
9.122000
10.641000
14.038000
12.988000
11.618000
15.503000
10.887000
13.056000
15.069000
14.016000
8.917000
13.845000
16.916000
11.010000
14.133000
13.861000
13.016000
16.621000
15.910000
11.979000
12.813000
6.189000
5.493000
11.918000
6.461000
15.860000
10.966000
15.830000
4.364000
13.434000
11.723000
18.103000
4.433000
7.458000
7.240000
5.680000
4.082000
5.546000
10.955000
8.163000
2.794000
4.105000
5.584000
20.816000
5.664000
11.680000
8.798000
8.823000
21.241000
15.044000
13.995000
4.444000
6.601000
10.383000
11.789000
3.437000
6.177000
8.982000
5.518000
3.241000
8.854000
12.240000
4.734000
6.932000
12.187000
17.272000
6.102000
6.571000
19.180000
6.690000
4.930000
11.614000
11.959000
12.041000
11.637000
14.977000
6.780000
12.172000
18.415000
10.091000
3.079000
6.434000
6.862000
2.505000
11.420000
8.097000
2.625000
4.203000
16.689000
16.241000
10.440000
5.138000
11.097000
19.657000
14.939000
2.686000
5.779000
7.898000
13.377000
7.723000
13.716000
13.064000
8.119000
7.425000
13.952000
10.872000
4.199000
4.279000
5.040000
3.100000
12.285000
12.518000
15.006000
15.395000
13.060000
10.416000
9.050000
8.352000
8.961000
3.718000
3.429000
7.316000
6.286000
13.043000
13.445000
6.477000
12.891000
8.151000
9.314000
7.568000
9.462000
12.015000
8.081000
9.874000
10.329000
10.958000
12.743000
11.829000
14.471000
7.630000
6.671000
7.868000
15.217000
8.574000
10.981000
10.065000
3.750000
14.313000
6.569000
6.746000
11.857000
15.183000
7.401000
7.018000
10.711000
9.816000
15.223000
9.863000
6.839000
6.386000
8.253000
14.545000
8.825000
8.624000
13.774000
17.045000
16.193000
7.825000
11.456000
13.840000
5.471000
4.361000
11.473000
3.692000
14.848000
7.520000
9.446000
8.125000
12.890000
7.955000
9.493000
7.216000
2.469000
9.959000
6.452000
8.531000
8.000000
9.920000
6.009000
7.822000
10.835000
5.763000
2.400000
12.917000
8.605000
10.012000
12.638000
7.978000
3.841000
15.091000
8.372000
8.831000
4.079000
5.902000
8.849000
7.129000
9.322000
7.109000
10.686000
4.926000
15.016000
7.249000
13.632000
12.447000
5.146000
12.413000
12.678000
5.049000
8.256000
5.710000
6.191000
7.124000
15.619000
8.460000
12.706000
10.641000
10.990000
10.089000
10.358000
4.654000
2.476000
8.754000
9.885000
7.247000
8.973000
1.704000
3.891000
14.459000
7.594000
14.383000
9.036000
7.572000
10.314000
7.869000
10.819000
11.391000
4.410000
14.188000
5.536000
13.170000
10.179000
8.639000
9.495000
8.047000
11.884000
9.207000
4.805000
4.845000
8.367000
5.770000
3.196000
15.357000
8.512000
7.189000
12.089000
8.204000
12.209000
6.666000
9.919000
13.164000
9.137000
8.182000
8.937000
12.527000
10.964000
10.184000
14.090000
18.752000
7.469000
10.155000
8.343000
9.580000
16.977000
17.298000
8.240000
15.205000
13.243000
11.545000
14.692000
11.095000
9.804000
16.990000
14.566000
10.901000
11.563000
9.402000
9.312000
11.335000
17.960000
13.023000
9.875000
13.396000
9.340000
8.190000
12.617000
15.776000
6.058000
6.414000
5.985000
11.666000
10.530000
7.940000
9.020000
15.081000
10.941000
13.666000
9.483000
16.035000
8.204000
11.654000
8.573000
3.923000
12.219000
4.350000
14.600000
6.792000
12.714000
14.731000
13.123000
9.021000
11.549000
6.516000
6.475000
7.781000
12.420000
12.550000
12.158000
7.285000
11.654000
9.053000
14.164000
13.925000
3.999000
8.767000
7.529000
7.236000
11.318000
11.643000
12.392000
10.915000
9.533000
14.289000
7.738000
15.022000
10.109000
9.453000
10.548000
9.888000
11.985000
10.217000
10.962000
8.357000
9.185000
7.561000
4.485000
16.391000
5.273000
12.596000
5.095000
14.332000
11.402000
15.806000
15.138000
5.448000
13.464000
15.259000
8.582000
1.507000
12.318000
8.011000
10.806000
15.492000
5.507000
7.301000
9.256000
5.856000
10.555000
6.612000
12.025000
6.029000
6.966000
14.516000
19.795000
9.426000
10.619000
13.737000
13.754000
12.254000
17.119000
8.932000
9.739000
10.985000
11.892000
9.572000
9.627000
11.101000
9.907000
15.170000
8.202000
12.591000
7.205000
17.614000
11.335000
11.401000
10.770000
8.789000
7.530000
8.589000
9.711000
13.482000
13.620000
15.859000
9.828000
11.747000
7.937000
12.256000
15.336000
11.547000
6.962000
8.066000
13.153000
8.917000
14.065000
10.357000
9.573000
7.642000
10.126000
8.365000
5.063000
9.351000
12.814000
9.776000
7.819000
16.194000
11.801000
10.093000
6.337000
11.103000
7.035000
4.104000
11.579000
7.205000
17.735000
12.478000
12.192000
3.509000
12.404000
11.702000
7.888000
16.858000
8.832000
11.540000
12.891000
14.524000
12.744000
7.804000
4.378000
14.477000
6.809000
15.812000
14.834000
9.781000
17.992000
8.423000
12.649000
14.318000
13.372000
13.643000
15.220000
12.443000
16.148000
13.943000
7.640000
13.623000
12.947000
10.140000
6.368000
6.509000
12.003000
10.536000
12.706000
14.510000
16.278000
8.489000
16.103000
7.927000
8.654000
17.947000
4.541000
9.423000
10.778000
4.193000
14.659000
11.120000
11.746000
12.391000
11.976000
5.865000
6.521000
10.109000
14.522000
14.174000
5.650000
12.900000
14.390000
9.947000
11.806000
11.825000
10.730000
6.355000
11.186000
6.658000
8.272000
5.657000
13.555000
14.367000
7.472000
11.865000
8.121000
10.614000
11.954000
12.436000
4.480000
4.990000
11.237000
7.167000
5.110000
3.241000
7.361000
10.361000
7.761000
5.762000
10.402000
11.127000
9.588000
0.574000
4.011000
4.245000
3.623000
5.695000
8.608000
5.635000
8.754000
7.867000
5.522000
5.428000
11.139000
7.075000
12.220000
9.707000
3.955000
6.998000
6.829000
7.722000
13.482000
4.448000
4.426000
13.412000
9.669000
10.976000
13.729000
2.956000
16.489000
9.683000
5.232000
11.745000
5.913000
7.713000
6.496000
5.721000
6.453000
7.738000
12.515000
5.627000
20.389000
3.842000
16.645000
12.754000
14.753000
11.777000
3.596000
8.485000
11.026000
7.531000
5.033000
0.929000
9.347000
7.559000
12.444000
5.221000
5.581000
11.925000
14.058000
14.328000
1.269000
5.244000
8.984000
14.836000
6.824000
8.686000
12.246000
4.910000
3.614000
13.896000
4.678000
3.172000
11.448000
18.786000
17.519000
9.506000
2.997000
18.106000
14.074000
18.463000
13.175000
10.135000
15.181000
8.901000
4.585000
9.772000
14.457000
7.104000
4.585000
15.670000
4.567000
5.979000
10.760000
8.071000
16.725000
18.303000
18.535000
9.012000
13.083000
11.146000
2.598000
14.063000
12.624000
4.811000
12.057000
7.051000
11.617000
8.233000
5.210000
9.031000
8.783000
6.377000
6.914000
11.081000
5.110000
12.094000
3.588000
14.885000
8.083000
8.630000
12.964000
2.838000
7.754000
4.823000
15.106000
5.273000
15.183000
3.553000
9.940000
5.773000
8.243000
11.217000
8.050000
11.129000
13.821000
10.563000
11.343000
14.077000
8.335000
15.376000
4.790000
11.654000
9.888000
10.937000
10.541000
13.217000
17.636000
7.868000
3.484000
18.549000
10.488000
7.443000
9.469000
15.273000
12.112000
4.409000
11.515000
5.484000
11.713000
8.681000
2.411000
7.354000
15.130000
13.392000
17.913000
3.984000
15.194000
5.040000
7.568000
5.983000
12.911000
6.986000
9.003000
12.489000
12.782000
7.929000
8.592000
13.004000
12.799000
8.340000
13.564000
10.471000
7.332000
4.867000
21.701000
12.296000
14.710000
11.839000
7.178000
8.604000
11.865000
9.818000
14.681000
4.702000
14.179000
12.716000
4.076000
1.607000
8.930000
5.793000
10.183000
10.574000
11.037000
7.231000
10.172000
8.018000
4.354000
18.080000
7.839000
11.138000
11.465000
6.706000
8.939000
11.127000
11.419000
15.569000
18.964000
11.957000
10.664000
13.948000
14.907000
13.373000
11.871000
12.000000
15.525000
4.306000
12.627000
14.535000
11.781000
11.299000
14.395000
10.988000
3.860000
8.051000
16.769000
11.879000
12.936000
10.103000
10.538000
6.257000
16.067000
10.012000
7.024000
8.079000
12.415000
14.036000
16.735000
15.195000
6.962000
5.943000
19.919000
7.859000
13.835000
23.565000
14.290000
11.152000
12.911000
17.046000
12.827000
12.357000
9.442000
13.235000
9.230000
8.941000
26.263000
19.001000
20.645000
10.296000
14.490000
18.650000
13.837000
8.389000
7.549000
3.089000
13.545000
12.736000
10.032000
18.140000
17.211000
7.202000
18.276000
6.478000
8.105000
8.465000
5.514000
16.765000
9.228000
6.276000
11.379000
15.585000
10.338000
13.376000
16.399000
12.214000
7.621000
16.822000
15.191000
6.130000
7.230000
18.680000
16.539000
4.756000
11.720000
14.626000
4.375000
6.787000
3.246000
14.330000
5.216000
8.718000
17.660000
8.068000
13.168000
10.377000
13.155000
17.602000
10.226000
9.040000
6.167000
11.214000
12.485000
6.079000
13.186000
10.612000
6.577000
14.628000
9.120000
8.402000
12.164000
14.424000
14.271000
13.193000
14.157000
15.902000
9.770000
17.938000
14.028000
12.808000
11.475000
14.513000
15.583000
7.444000
6.540000
13.318000
7.626000
9.200000
8.997000
10.378000
5.748000
10.197000
19.940000
5.134000
2.118000
10.678000
5.208000
9.888000
9.143000
8.655000
18.584000
8.838000
14.371000
20.098000
17.394000
9.327000
11.617000
8.451000
11.023000
8.281000
6.340000
16.114000
9.194000
10.812000
10.546000
13.647000
8.829000
14.276000
7.895000
11.093000
8.496000
13.704000
11.464000
8.499000
10.359000
6.364000
8.963000
17.937000
10.667000
15.208000
9.264000
17.328000
13.289000
20.690000
8.934000
7.911000
8.529000
10.706000
7.959000
17.956000
16.820000
10.239000
11.059000
6.016000
13.417000
8.431000
10.802000
6.799000
12.126000
12.051000
9.867000
14.132000
4.739000
13.003000
13.501000
7.496000
7.597000
14.387000
13.353000
13.600000
5.013000
9.583000
10.047000
11.071000
15.840000
15.940000
11.308000
6.888000
17.519000
12.908000
10.409000
9.664000
13.296000
6.523000
13.537000
5.621000
10.904000
11.250000
6.160000
13.662000
7.379000
11.751000
6.403000
16.490000
8.795000
11.580000
10.810000
6.498000
9.177000
8.162000
10.515000
13.221000
11.103000
8.716000
13.335000
1.828000
11.264000
5.179000
8.902000
15.323000
15.265000
10.979000
7.803000
10.717000
14.315000
12.655000
12.247000
12.909000
12.974000
9.406000
13.974000
16.024000
10.993000
12.607000
16.209000
2.263000
9.651000
8.760000
15.163000
11.602000
16.573000
8.370000
3.377000
19.113000
8.464000
8.660000
9.179000
7.995000
11.414000
3.289000
9.310000
4.986000
16.395000
2.989000
10.383000
12.721000
13.510000
12.048000
7.098000
12.288000
7.670000
6.756000
6.956000
7.077000
10.759000
5.481000
12.624000
6.668000
12.870000
7.627000
7.745000
9.436000
6.977000
9.791000
5.529000
7.059000
11.019000
8.419000
11.109000
8.823000
8.137000
7.750000
8.438000
7.823000
8.413000
9.579000
7.860000
7.153000
7.947000
8.195000
7.922000
5.328000
7.916000
11.040000
6.636000
8.778000
11.492000
8.010000
8.615000
6.600000
19.500000
14.607000
17.343000
10.701000
8.062000
7.722000
12.551000
7.300000
5.927000
6.909000
5.282000
10.167000
2.555000
6.882000
5.756000
6.363000
9.141000
6.342000
5.308000
15.866000
14.103000
7.982000
6.637000
6.606000
6.626000
19.523000
8.473000
8.660000
17.165000
13.636000
13.974000
13.836000
7.951000
11.090000
10.787000
10.516000
6.022000
9.253000
8.969000
14.305000
4.466000
4.919000
6.860000
4.854000
10.808000
11.964000
7.452000
14.483000
13.899000
3.214000
8.485000
14.191000
8.834000
8.060000
3.829000
7.957000
7.771000
12.597000
4.088000
6.046000
11.289000
8.847000
5.913000
8.585000
11.649000
12.330000
11.310000
14.361000
8.325000
10.111000
12.173000
16.173000
7.213000
15.267000
9.974000
15.620000
12.328000
6.043000
11.785000
9.704000
14.741000
15.094000
8.448000
9.287000
12.541000
14.293000
10.222000
5.104000
6.553000
6.942000
6.442000
10.772000
9.712000
11.885000
8.551000
12.048000
14.037000
12.004000
6.742000
7.125000
9.956000
5.111000
9.273000
7.751000
10.294000
7.937000
11.159000
11.215000
5.564000
12.782000
5.632000
9.594000
9.458000
10.168000
9.315000
14.143000
9.840000
9.931000
11.330000
10.996000
9.933000
4.912000
7.817000
7.341000
7.540000
7.942000
8.182000
6.726000
7.562000
11.105000
6.187000
8.654000
7.595000
4.893000
6.838000
7.565000
12.421000
11.621000
9.614000
6.803000
11.549000
8.199000
11.479000
11.943000
6.799000
10.880000
10.664000
5.753000
9.007000
5.204000
10.078000
13.556000
13.047000
8.026000
6.950000
10.216000
7.363000
4.926000
10.921000
5.698000
10.454000
11.542000
7.515000
15.120000
9.430000
8.810000
13.583000
9.852000
18.843000
7.537000
9.385000
8.434000
10.521000
7.327000
13.675000
14.734000
6.845000
6.663000
11.322000
14.559000
8.561000
9.164000
11.227000
13.227000
12.522000
11.191000
13.396000
12.757000
9.056000
7.720000
15.415000
10.500000
10.390000
16.515000
12.128000
6.590000
12.041000
11.026000
9.184000
13.710000
17.775000
5.370000
8.288000
14.384000
12.829000
15.843000
9.616000
12.010000
16.014000
16.534000
10.967000
14.704000
3.077000
15.038000
11.033000
9.287000
10.600000
6.069000
11.342000
12.622000
12.634000
10.914000
11.498000
7.269000
14.749000
15.332000
16.083000
11.263000
11.485000
11.251000
11.088000
9.439000
8.946000
12.328000
4.115000
8.752000
9.025000
8.176000
10.119000
10.331000
5.069000
7.003000
4.124000
6.880000
3.735000
6.941000
13.044000
10.792000
5.803000
13.454000
4.925000
11.592000
7.679000
9.190000
11.673000
12.216000
6.135000
2.436000
4.319000
5.442000
1.849000
6.843000
9.876000
5.329000
3.062000
5.925000
3.842000
4.091000
19.956000
6.931000
17.543000
4.410000
5.934000
2.997000
5.576000
6.370000
2.394000
0.000000
0.456000
1.044000
4.472000
5.477000
9.852000
5.300000
2.258000
12.379000
4.702000
11.740000
3.956000
7.394000
10.349000
0.000000
10.689000
7.306000
8.458000
3.517000
5.238000
2.047000
0.000000
3.103000
9.866000
10.889000
0.995000
8.863000
4.744000
7.132000
11.005000
11.725000
8.862000
2.621000
7.981000
12.596000
3.643000
9.124000
10.934000
4.615000
2.342000
8.147000
5.252000
6.219000
4.121000
4.773000
3.118000
9.054000
15.228000
9.808000
21.148000
10.797000
7.034000
4.707000
0.000000
12.153000
12.879000
5.262000
9.861000
9.717000
8.491000
4.596000
5.918000
6.531000
7.848000
9.183000
5.415000
0.000000
3.718000
4.853000
10.854000
20.124000
2.549000
3.092000
4.015000
7.653000
11.905000
5.727000
7.318000
10.067000
3.841000
12.909000
0.000000
9.339000
8.295000
5.821000
5.356000
10.623000
9.566000
14.803000
5.735000
8.745000
8.663000
13.787000
14.595000
5.219000
6.835000
7.070000
8.948000
11.963000
1.558000
7.781000
7.466000
7.205000
11.177000
20.602000
12.302000
5.305000
16.121000
12.477000
2.683000
3.336000
11.727000
9.402000
6.143000
5.901000
7.534000
4.062000
14.201000
7.370000
7.991000
8.707000
4.532000
6.265000
7.619000
6.910000
7.192000
9.236000
1.313000
7.190000
12.711000
10.412000
9.282000
7.014000
10.763000
20.903000
5.604000
17.935000
11.160000
12.011000
14.221000
9.533000
4.827000
1.007000
10.250000
5.503000
11.348000
15.857000
1.772000
8.264000
6.945000
17.175000
5.065000
1.113000
12.478000
3.305000
12.420000
18.763000
8.263000
4.443000
6.254000
7.900000
21.981000
10.253000
6.758000
9.846000
9.671000
8.199000
10.913000
5.495000
10.125000
10.239000
8.082000
3.951000
9.398000
12.426000
8.963000
3.958000
12.584000
15.289000
21.247000
9.209000
10.410000
9.245000
10.732000
11.861000
8.838000
11.265000
10.375000
1.328000
9.352000
5.394000
11.890000
11.034000
12.200000
12.343000
8.167000
0.886000
16.934000
11.952000
11.873000
11.407000
5.773000
6.306000
8.849000
3.538000
10.998000
1.726000
7.474000
14.430000
14.179000
6.683000
10.515000
13.731000
10.906000
6.266000
5.263000
9.135000
8.352000
8.892000
12.937000
8.958000
8.060000
12.663000
12.890000
11.357000
11.428000
10.857000
18.459000
11.965000
12.385000
10.015000
6.964000
9.421000
8.194000
9.002000
4.861000
11.402000
12.423000
11.497000
7.301000
6.489000
10.451000
0.000000
8.104000
13.003000
16.398000
9.508000
8.296000
12.923000
21.041000
11.025000
16.191000
12.151000
14.414000
12.154000
13.596000
5.590000
12.765000
9.392000
7.248000
14.570000
9.136000
12.083000
12.941000
6.173000
11.276000
6.732000
7.914000
6.430000
11.568000
12.308000
2.891000
4.628000
10.392000
10.149000
13.148000
8.049000
12.752000
0.269000
11.370000
15.604000
11.692000
13.887000
11.034000
8.592000
10.804000
5.808000
13.626000
6.308000
13.657000
9.928000
9.123000
12.841000
11.232000
9.741000
7.172000
18.442000
12.796000
13.567000
10.906000
10.146000
10.615000
5.145000
11.743000
9.972000
11.891000
10.767000
12.208000
9.212000
9.034000
5.909000
6.769000
10.868000
11.579000
13.279000
6.531000
11.700000
11.523000
11.511000
7.208000
14.789000
6.801000
12.868000
5.586000
8.675000
8.420000
8.092000
11.211000
9.924000
9.771000
8.907000
0.264000
10.059000
10.902000
12.700000
11.429000
6.928000
12.073000
5.752000
5.531000
7.650000
10.615000
2.923000
11.977000
11.178000
11.958000
15.255000
5.401000
10.584000
21.933000
10.610000
15.420000
7.822000
9.959000
8.544000
14.753000
13.951000
7.298000
9.388000
10.897000
9.785000
14.699000
2.285000
7.791000
10.663000
14.313000
10.941000
13.109000
8.190000
13.742000
11.531000
12.223000
13.663000
9.743000
10.428000
7.286000
8.653000
9.922000
7.016000
10.275000
14.656000
14.443000
4.469000
13.737000
16.943000
7.711000
4.816000
8.685000
9.124000
6.371000
11.949000
14.337000
5.154000
11.367000
12.104000
9.188000
8.797000
11.344000
13.475000
8.838000
16.232000
11.501000
11.173000
8.547000
11.015000
9.749000
9.733000
6.780000
9.537000
13.701000
5.769000
12.048000
8.937000
7.495000
14.331000
15.782000
22.227000
5.628000
6.414000
14.871000
7.178000
13.398000
14.047000
11.731000
13.272000
22.585000
6.433000
12.112000
12.038000
4.207000
15.270000
9.547000
12.244000
12.021000
12.413000
11.105000
10.677000
12.555000
14.646000
11.686000
6.657000
7.396000
12.310000
20.527000
11.552000
11.177000
14.400000
12.494000
13.029000
7.999000
11.512000
3.299000
9.686000
13.468000
8.422000
11.627000
11.582000
8.959000
8.032000
9.685000
8.935000
16.366000
6.685000
4.563000
10.463000
7.811000
6.576000
9.930000
10.185000
16.922000
2.683000
9.860000
10.742000
23.238000
8.438000
12.127000
15.459000
16.741000
15.278000
17.769000
9.118000
5.843000
11.152000
6.552000
9.015000
7.859000
11.386000
7.120000
15.433000
6.130000
13.776000
8.775000
10.738000
10.173000
18.386000
12.876000
7.753000
16.566000
13.160000
7.483000
7.961000
15.119000
12.409000
12.717000
10.616000
13.891000
8.352000
12.048000
6.817000
9.122000
12.828000
13.277000
9.802000
14.144000
11.149000
15.384000
6.845000
10.630000
11.099000
14.076000
16.120000
15.345000
15.614000
11.515000
9.745000
10.737000
11.502000
9.992000
7.744000
6.815000
14.330000
7.079000
12.342000
8.385000
12.909000
12.347000
7.350000
14.320000
6.359000
10.033000
11.150000
5.794000
12.691000
9.749000
6.262000
5.183000
3.307000
10.460000
15.606000
17.937000
10.077000
19.079000
6.642000
11.824000
15.841000
7.580000
9.306000
13.488000
15.577000
15.337000
12.298000
9.743000
14.808000
14.734000
11.634000
11.628000
7.477000
8.879000
22.828000
16.783000
11.552000
12.624000
11.068000
16.948000
8.512000
13.561000
10.408000
11.930000
23.971000
11.924000
7.325000
14.721000
12.245000
13.493000
12.929000
14.276000
19.697000
11.763000
11.520000
7.066000
12.188000
8.075000
10.941000
12.723000
9.455000
11.096000
10.406000
13.907000
1.717000
13.352000
13.858000
12.447000
12.643000
11.845000
13.894000
13.313000
13.912000
4.280000
12.558000
10.421000
7.286000
15.126000
10.100000
14.778000
15.836000
10.939000
10.537000
15.965000
12.580000
12.462000
8.054000
15.073000
13.548000
12.207000
12.165000
7.730000
11.864000
11.638000
9.796000
12.223000
8.733000
16.285000
14.112000
15.795000
9.980000
14.146000
17.231000
12.034000
11.166000
15.134000
9.698000
20.037000
13.074000
14.124000
12.116000
12.565000
14.589000
11.705000
21.582000
7.953000
7.926000
20.773000
6.754000
12.429000
11.112000
9.512000
11.573000
15.223000
11.788000
14.974000
23.032000
12.377000
15.636000
9.351000
12.177000
17.420000
13.353000
13.384000
15.131000
7.872000
14.812000
5.478000
13.431000
11.077000
14.666000
5.438000
9.883000
11.810000
6.393000
9.117000
11.735000
11.667000
18.269000
4.375000
8.364000
10.165000
12.811000
14.474000
9.108000
7.285000
10.167000
10.256000
5.543000
7.614000
7.403000
5.283000
12.463000
8.441000
7.841000
8.817000
11.480000
9.401000
8.418000
13.729000
0.000000
6.340000
15.057000
4.119000
11.209000
12.137000
2.836000
11.341000
4.807000
10.713000
4.759000
2.936000
4.735000
6.318000
16.122000
11.196000
7.829000
5.314000
14.540000
19.693000
7.731000
8.092000
10.080000
7.550000
3.681000
6.575000
7.308000
9.896000
7.419000
7.295000
4.817000
9.404000
12.811000
16.596000
16.049000
10.037000
12.714000
12.936000
6.104000
19.518000
6.617000
8.786000
5.828000
12.569000
19.434000
14.858000
10.517000
15.901000
16.747000
13.435000
6.263000
10.063000
3.798000
11.981000
6.390000
12.013000
5.737000
8.415000
15.763000
5.275000
8.780000
13.065000
8.083000
12.495000
10.397000
15.716000
5.021000
13.266000
12.556000
7.120000
7.588000
3.218000
6.594000
6.016000
9.841000
14.584000
8.642000
13.452000
11.175000
11.937000
13.654000
11.537000
7.616000
6.794000
9.414000
5.505000
23.795000
15.126000
9.217000
10.726000
15.107000
8.031000
7.827000
11.219000
11.779000
11.518000
13.503000
10.713000
13.198000
10.440000
13.973000
12.612000
19.151000
18.077000
12.352000
13.035000
9.242000
10.133000
10.897000
6.407000
9.805000
13.959000
12.448000
10.883000
7.590000
8.457000
15.679000
12.820000
6.121000
15.350000
5.931000
12.180000
12.087000
13.578000
13.072000
7.131000
16.286000
5.817000
13.342000
14.000000
18.243000
17.190000
12.053000
9.627000
8.065000
13.876000
16.114000
6.553000
6.635000
11.617000
12.926000
12.622000
5.118000
20.502000
8.170000
7.275000
15.442000
15.045000
12.769000
17.660000
15.845000
12.281000
9.178000
12.830000
10.310000
10.075000
6.787000
11.953000
12.471000
12.917000
10.583000
12.635000
10.667000
16.484000
7.738000
14.982000
25.198000
12.373000
12.508000
14.522000
12.853000
12.378000
13.094000
15.944000
9.581000
16.013000
8.329000
12.631000
15.646000
10.509000
8.734000
16.191000
14.604000
13.439000
13.311000
15.826000
12.707000
13.597000
10.487000
11.525000
18.050000
8.743000
13.414000
11.088000
9.166000
9.104000
10.911000
13.086000
11.334000
15.867000
9.255000
10.412000
12.632000
13.031000
9.598000
12.145000
11.475000
13.495000
13.956000
13.999000
14.002000
12.320000
12.299000
13.554000
17.837000
12.723000
13.303000
7.817000
9.358000
9.967000
12.975000
3.032000
8.858000
10.401000
5.174000
11.853000
12.481000
12.183000
13.711000
11.850000
3.832000
16.119000
14.811000
12.946000
14.162000
11.945000
16.154000
9.976000
14.064000
14.135000
15.785000
12.193000
12.622000
11.227000
10.142000
13.223000
15.157000
10.494000
10.455000
8.921000
13.379000
13.267000
2.845000
10.653000
10.678000
6.153000
11.043000
9.916000
13.668000
12.030000
5.872000
10.427000
13.222000
12.233000
6.527000
8.493000
13.616000
9.913000
9.717000
13.132000
5.616000
11.776000
9.728000
15.689000
12.622000
11.333000
10.907000
3.775000
11.070000
4.909000
4.374000
6.530000
12.977000
5.728000
3.272000
7.786000
4.291000
8.190000
4.771000
5.931000
4.481000
4.286000
8.692000
1.181000
6.177000
5.281000
8.119000
4.533000
0.617000
1.866000
9.225000
1.135000
7.778000
5.597000
1.735000
5.634000
7.972000
12.142000
6.733000
5.703000
15.809000
6.261000
2.024000
6.758000
5.197000
7.180000
3.525000
13.656000
6.247000
6.570000
3.863000
2.112000
7.503000
5.596000
4.486000
6.632000
8.125000
14.367000
6.089000
4.250000
10.866000
2.727000
13.005000
5.833000
1.205000
13.551000
5.405000
11.597000
2.966000
1.392000
8.984000
3.161000
10.960000
12.913000
16.023000
1.431000
11.192000
6.689000
13.562000
4.034000
6.985000
4.674000
7.657000
2.657000
12.080000
5.469000
11.929000
7.153000
10.400000
13.036000
10.232000
12.343000
3.216000
14.632000
6.339000
17.688000
4.506000
7.699000
2.934000
11.804000
4.883000
3.038000
2.758000
8.271000
9.047000
11.568000
4.634000
4.318000
3.039000
11.819000
9.355000
11.707000
5.348000
7.764000
11.720000
2.443000
15.982000
8.880000
11.965000
15.365000
13.240000
2.944000
7.388000
6.386000
13.149000
7.468000
8.284000
11.087000
15.355000
6.047000
15.961000
12.396000
5.131000
3.961000
12.163000
3.895000
3.659000
7.420000
5.182000
15.742000
2.997000
0.437000
14.378000
11.099000
3.280000
6.211000
7.677000
12.150000
5.259000
9.393000
6.540000
5.896000
12.846000
12.392000
5.494000
5.681000
3.508000
13.834000
16.350000
17.151000
13.932000
6.614000
12.411000
17.329000
16.233000
6.879000
11.583000
4.377000
5.860000
10.165000
15.967000
0.324000
11.981000
9.739000
4.403000
14.304000
9.871000
14.871000
7.291000
6.188000
15.025000
10.655000
14.499000
13.073000
12.840000
5.052000
5.891000
5.410000
10.751000
11.689000
4.013000
7.169000
10.893000
12.052000
12.348000
8.727000
14.613000
18.423000
12.832000
12.324000
5.270000
8.840000
17.770000
6.819000
10.111000
5.576000
7.106000
15.042000
17.949000
26.123000
4.645000
13.353000
10.718000
9.399000
9.458000
8.140000
13.554000
8.321000
14.860000
9.600000
7.319000
11.164000
8.915000
11.991000
11.160000
12.255000
10.656000
6.537000
16.309000
13.124000
13.227000
13.213000
10.925000
1.150000
10.014000
11.820000
17.835000
16.191000
9.860000
4.352000
16.038000
11.875000
11.489000
14.033000
9.984000
10.427000
11.302000
6.968000
11.905000
4.740000
7.940000
9.720000
11.989000
11.587000
14.673000
13.593000
12.637000
10.696000
12.001000
12.100000
7.281000
12.390000
10.573000
7.498000
13.136000
12.540000
10.637000
14.365000
7.806000
7.332000
13.615000
2.766000
13.198000
12.172000
8.468000
14.835000
7.370000
14.350000
10.825000
5.842000
11.393000
7.668000
13.677000
11.211000
12.698000
12.784000
9.807000
12.138000
11.645000
6.682000
11.174000
11.307000
11.461000
10.270000
10.868000
9.735000
10.603000
10.670000
11.723000
12.197000
11.547000
12.207000
7.458000
13.057000
6.570000
8.793000
13.050000
12.748000
3.952000
10.864000
15.425000
4.455000
8.437000
9.143000
14.481000
9.549000
14.900000
12.700000
12.885000
7.990000
14.148000
6.882000
16.805000
10.170000
11.114000
9.427000
13.938000
10.438000
4.862000
7.338000
12.328000
15.411000
13.698000
13.754000
6.922000
17.253000
13.244000
8.812000
14.809000
7.369000
13.932000
16.457000
13.244000
7.394000
14.095000
15.210000
14.755000
11.064000
7.480000
5.014000
8.965000
13.270000
12.962000
7.614000
7.053000
14.264000
10.053000
13.815000
14.956000
9.194000
11.095000
12.935000
13.549000
12.316000
15.898000
13.917000
14.036000
15.048000
12.903000
11.224000
8.004000
7.830000
8.107000
8.071000
12.794000
14.399000
15.993000
12.487000
10.250000
10.769000
11.237000
9.996000
15.115000
15.953000
16.262000
8.654000
8.374000
11.186000
18.787000
12.740000
10.484000
17.232000
14.592000
11.145000
13.125000
15.821000
8.595000
14.659000
14.973000
8.319000
10.878000
16.014000
12.370000
13.783000
12.340000
18.732000
8.355000
10.108000
10.277000
11.220000
16.550000
15.634000
14.176000
11.451000
15.076000
7.822000
13.668000
13.097000
16.574000
5.678000
13.615000
7.690000
14.392000
9.971000
9.162000
9.306000
12.781000
3.591000
3.806000
6.255000
14.815000
8.049000
8.279000
10.490000
5.547000
12.092000
9.178000
8.372000
8.086000
11.010000
8.039000
9.463000
8.428000
7.234000
14.863000
6.516000
11.870000
10.354000
10.157000
11.662000
12.728000
15.460000
12.745000
9.343000
11.563000
12.884000
4.797000
12.470000
10.505000
15.781000
6.814000
10.996000
8.039000
8.963000
10.392000
8.236000
11.703000
12.232000
10.632000
5.256000
8.068000
13.209000
8.854000
6.902000
14.030000
9.258000
6.899000
6.727000
10.727000
9.639000
13.620000
16.696000
7.944000
7.921000
7.020000
12.216000
8.028000
9.035000
8.895000
11.512000
7.165000
6.960000
15.019000
13.079000
12.278000
11.753000
8.574000
11.817000
12.346000
11.150000
11.943000
13.442000
12.216000
1.851000
10.060000
9.095000
7.601000
8.719000
10.547000
17.337000
10.377000
11.749000
9.394000
6.528000
9.067000
3.020000
6.819000
5.700000
15.880000
6.152000
10.082000
16.713000
8.565000
4.993000
9.231000
5.910000
8.038000
11.398000
6.271000
7.758000
11.690000
14.035000
5.886000
11.536000
5.536000
8.466000
11.579000
8.424000
7.318000
8.533000
9.633000
10.555000
10.497000
4.000000
11.093000
7.705000
9.394000
8.517000
7.077000
11.313000
9.042000
8.727000
7.845000
10.966000
9.372000
8.332000
6.924000
11.827000
6.562000
8.193000
13.602000
9.647000
15.910000
7.305000
6.501000
6.886000
11.026000
7.254000
4.915000
7.695000
7.972000
11.771000
10.402000
8.953000
5.810000
8.914000
11.018000
7.679000
8.901000
7.639000
10.168000
6.991000
9.433000
14.156000
11.279000
11.712000
8.032000
10.297000
9.180000
9.536000
6.014000
10.826000
10.770000
13.394000
6.253000
8.933000
7.748000
13.044000
5.215000
16.870000
6.168000
9.991000
11.940000
14.210000
8.009000
5.959000
7.248000
7.525000
10.526000
11.529000
5.145000
8.076000
10.725000
7.893000
11.295000
12.077000
7.293000
12.066000
7.754000
3.884000
8.168000
10.027000
6.230000
13.254000
10.390000
9.187000
7.553000
9.890000
8.435000
11.401000
12.832000
12.085000
6.373000
13.099000
6.811000
7.775000
10.000000
7.564000
3.369000
6.043000
5.309000
8.248000
8.478000
10.083000
9.705000
7.717000
6.339000
6.742000
2.290000
14.565000
7.110000
3.184000
11.651000
9.990000
12.874000
6.312000
7.414000
8.888000
8.061000
8.601000
11.055000
11.068000
11.551000
12.577000
10.045000
11.848000
13.766000
9.352000
4.335000
5.233000
10.655000
7.364000
12.876000
15.052000
5.914000
4.733000
10.083000
7.415000
9.340000
11.757000
11.237000
9.979000
14.944000
13.887000
12.981000
8.065000
7.559000
13.331000
7.594000
12.489000
7.934000
10.831000
2.472000
10.397000
10.398000
7.138000
0.660000
8.151000
4.917000
12.443000
6.026000
12.309000
6.646000
4.080000
1.736000
0.000000
3.945000
2.466000
3.609000
1.279000
16.049000
6.059000
1.505000
3.014000
2.242000
1.830000
0.269000
5.877000
5.813000
2.780000
6.679000
4.126000
1.740000
10.186000
1.985000
8.686000
14.980000
3.205000
4.921000
1.536000
1.297000
2.918000
3.889000
2.113000
9.801000
0.446000
0.000000
8.723000
2.901000
4.857000
18.091000
9.203000
2.488000
5.385000
0.744000
2.163000
0.000000
6.199000
0.000000
0.000000
4.924000
8.641000
1.566000
13.514000
1.529000
0.918000
8.279000
3.634000
2.294000
1.038000
3.963000
7.635000
10.644000
10.437000
12.268000
4.329000
10.755000
5.951000
10.708000
13.203000
9.052000
0.923000
4.274000
3.017000
3.219000
9.427000
2.663000
3.557000
10.593000
8.293000
9.801000
9.173000
4.230000
11.374000
4.395000
1.949000
8.173000
0.228000
6.307000
0.054000
1.529000
0.414000
4.576000
4.916000
3.505000
11.899000
3.122000
0.643000
13.602000
0.000000
1.423000
8.822000
6.295000
13.732000
13.670000
9.039000
14.180000
7.926000
10.652000
4.123000
14.126000
8.271000
14.305000
3.307000
13.292000
4.136000
5.214000
8.042000
11.484000
10.379000
1.437000
12.968000
9.712000
11.786000
2.634000
0.000000
6.056000
11.642000
6.569000
2.463000
4.777000
13.469000
2.105000
9.545000
8.790000
4.095000
8.298000
1.376000
7.523000
1.290000
14.104000
6.740000
3.454000
11.113000
6.632000
2.812000
0.000000
13.027000
13.718000
7.572000
6.732000
4.367000
5.217000
13.726000
0.000000
9.004000
2.778000
3.375000
4.844000
8.947000
7.282000
12.855000
6.499000
10.147000
8.377000
0.696000
12.868000
0.000000
4.908000
3.861000
18.625000
0.000000
11.131000
8.881000
9.351000
12.722000
10.945000
6.260000
0.000000
10.704000
1.579000
18.053000
4.861000
10.226000
3.747000
9.728000
3.380000
1.902000
7.420000
4.794000
10.124000
14.469000
13.357000
15.345000
8.374000
11.991000
1.672000
8.854000
5.749000
4.971000
5.884000
4.726000
12.040000
9.431000
4.005000
8.567000
6.534000
14.384000
9.432000
7.975000
8.756000
2.508000
9.963000
10.535000
4.678000
5.053000
9.001000
10.770000
4.292000
12.811000
8.362000
8.412000
4.765000
3.841000
6.963000
0.000000
5.437000
0.542000
0.715000
12.565000
3.921000
5.837000
6.435000
2.299000
8.322000
4.802000
2.700000
2.728000
0.251000
0.000000
2.304000
7.942000
2.987000
4.270000
3.709000
0.000000
0.000000
6.589000
7.841000
10.380000
0.000000
4.517000
3.987000
8.869000
0.000000
5.638000
8.414000
0.000000
0.000000
1.559000
0.000000
0.000000
8.750000
0.000000
0.000000
0.000000
1.544000
0.000000
0.000000
0.000000
0.000000
0.000000
0.000000
0.000000
1.339000
0.000000
0.000000
0.000000
0.000000
0.000000
0.000000
0.000000
0.000000
0.506000
1.206000
1.377000
0.000000
0.139000
0.000000
0.000000
5.460000
8.240000
4.504000
0.000000
0.000000
0.000000
2.397000
0.000000
0.000000
0.000000
0.000000
8.837000
0.000000
0.000000
0.675000
0.000000
1.178000
0.000000
0.000000
0.000000
8.497000
0.000000
0.000000
0.000000
6.404000
0.000000
3.326000
0.000000
0.000000
0.000000
0.000000
0.000000
0.000000
0.000000
0.000000
0.000000
0.000000
0.000000
0.000000
5.703000
0.000000
0.000000
0.000000
2.264000
0.000000
0.000000
0.000000
0.000000
8.503000
0.000000
2.126000
0.000000
0.887000
0.804000
2.342000
0.000000
3.143000
1.418000
0.000000
6.839000
0.000000
8.542000
1.873000
8.068000
4.013000
0.000000
0.000000
0.742000
4.680000
0.000000
3.645000
0.000000
0.000000
0.000000
13.126000
9.736000
7.542000
0.000000
0.000000
0.000000
8.915000
0.000000
0.000000
0.000000
7.005000
0.000000
10.195000
0.000000
0.000000
1.828000
0.000000
0.000000
5.644000
0.000000
0.000000
0.000000
0.485000
0.000000
0.000000
0.000000
0.000000
0.000000
6.484000
3.353000
0.000000
5.675000
3.295000
1.962000
1.520000
0.000000
0.000000
0.000000
0.000000
0.000000
6.794000
3.902000
13.202000
0.000000
0.000000
0.000000
0.000000
8.032000
6.184000
9.159000
0.000000
0.000000
0.000000
8.464000
7.344000
3.009000
0.000000
0.000000
0.000000
6.365000
9.294000
0.000000
0.000000
0.161000
2.007000
0.000000
2.989000
0.000000
0.000000
0.000000
0.000000
3.568000
0.000000
6.302000
9.317000
5.100000
9.617000
9.263000
3.098000
7.815000
1.538000
0.000000
7.863000
0.000000
5.620000
0.000000
5.588000
3.602000
0.889000
7.191000
0.000000
0.000000
6.043000
1.422000
5.452000
0.000000
0.449000
2.300000
7.287000
5.296000
0.298000
10.040000
6.538000
1.877000
2.276000
0.000000
0.000000
0.000000
0.000000
0.000000
0.142000
7.290000
7.410000
3.000000
9.797000
0.747000
0.000000
0.027000
2.520000
0.000000
0.000000
0.000000
1.298000
3.946000
0.000000
1.136000
7.416000
2.106000
2.948000
0.000000
5.968000
0.000000
0.000000
2.560000
0.000000
3.908000
0.000000
3.876000
6.089000
0.000000
0.000000
1.735000
7.273000
0.000000
5.338000
0.000000
2.981000
0.920000
0.000000
1.399000
0.000000
10.578000
0.000000
2.982000
4.004000
2.366000
2.718000
0.000000
0.000000
0.000000
0.000000
0.969000
1.731000
5.522000
7.242000
4.427000
1.801000
0.000000
4.630000
4.247000
0.000000
5.821000
0.000000
0.000000
2.942000
0.000000
4.442000
11.413000
0.732000
5.062000
0.000000
0.020000
3.511000
4.718000
3.211000
2.092000
7.237000
2.471000
0.000000
6.379000
6.318000
2.410000
0.000000
8.550000
0.000000
3.391000
0.000000
0.000000
0.000000
8.259000
8.234000
3.452000
9.936000
4.450000
1.620000
0.000000
3.725000
2.080000
0.000000
7.253000
0.005000
0.079000
6.727000
7.735000
4.008000
0.000000
7.546000
2.557000
0.000000
4.752000
2.233000
6.611000
6.324000
6.178000
0.000000
0.632000
5.969000
4.423000
2.033000
9.274000
9.078000
3.518000
5.187000
6.394000
2.193000
0.000000
2.192000
1.230000
7.945000
1.070000
1.148000
1.454000
0.156000
4.865000
7.065000
2.539000
0.000000
8.056000
5.535000
9.012000
4.044000
9.652000
1.216000
2.342000
5.682000
4.634000
0.000000
3.016000
9.191000
1.821000
4.779000
0.553000
0.367000
6.370000
2.563000
0.000000
0.314000
2.613000
1.992000
0.000000
1.976000
0.000000
10.731000
7.352000
2.064000
12.366000
2.107000
8.560000
3.141000
4.363000
14.945000
3.812000
4.762000
7.811000
7.933000
5.247000
0.219000
5.154000
6.283000
0.978000
1.857000
5.678000
5.296000
0.000000
3.739000
0.000000
10.473000
4.079000
6.534000
3.838000
4.548000
6.518000
3.738000
7.495000
8.587000
0.000000
1.243000
3.598000
4.826000
9.075000
9.309000
5.897000
6.249000
7.065000
0.671000
5.595000
10.645000
9.433000
2.901000
1.263000
0.719000
6.509000
15.316000
0.000000
6.328000
1.644000
5.058000
3.539000
4.616000
6.169000
0.000000
8.907000
4.709000
0.000000
6.921000
3.238000
1.262000
0.000000
4.456000
11.901000
4.482000
7.295000
4.149000
0.000000
3.920000
8.284000
2.507000
5.912000
7.844000
2.862000
10.413000
4.098000
2.866000
6.415000
2.066000
5.029000
3.832000
5.485000
1.921000
5.847000
5.151000
0.000000
3.120000
13.440000
5.577000
2.747000
3.686000
4.015000
6.682000
6.011000
8.174000
6.440000
6.413000
3.869000
0.605000
4.437000
6.472000
7.627000
7.618000
7.052000
7.062000
0.000000
3.854000
3.486000
5.622000
6.142000
4.103000
6.224000
8.240000
1.721000
2.657000
3.572000
2.551000
0.000000
5.941000
2.572000
0.000000
2.225000
4.109000
3.275000
4.478000
0.000000
3.813000
4.915000
4.851000
7.492000
5.353000
1.637000
10.615000
10.119000
6.580000
10.314000
6.241000
8.764000
7.413000
1.569000
0.000000
7.003000
5.733000
3.326000
4.893000
7.412000
5.086000
5.285000
9.666000
0.000000
8.432000
5.903000
4.207000
1.926000
11.487000
4.169000
8.789000
0.734000
8.376000
3.517000
6.074000
0.952000
1.511000
11.145000
4.548000
6.174000
6.515000
12.758000
10.083000
0.474000
10.020000
3.368000
1.404000
9.636000
1.471000
5.204000
1.170000
2.552000
5.817000
13.291000
1.883000
4.772000
1.678000
3.015000
5.042000
7.213000
9.775000
10.934000
5.436000
4.625000
5.942000
8.024000
4.342000
2.664000
1.833000
6.911000
7.950000
9.666000
2.896000
9.745000
5.360000
2.935000
3.047000
6.635000
7.123000
0.000000
14.261000
2.759000
0.000000
5.961000
10.634000
5.195000
7.793000
0.000000
3.186000
2.962000
5.933000
0.000000
3.662000
4.549000
0.000000
0.000000
0.000000
2.024000
4.755000
0.000000
0.000000
0.000000
6.008000
0.000000
0.000000
0.000000
0.000000
5.678000
0.000000
0.000000
1.921000
0.000000
0.000000
0.000000
0.000000
0.268000
0.000000
0.062000
2.722000
0.341000
0.000000
0.000000
3.097000
0.000000
3.207000
0.000000
0.000000
0.000000
0.000000
0.000000
0.000000
0.000000
0.436000
0.000000
3.140000
0.000000
0.000000
1.119000
0.000000
0.000000
0.000000
0.000000
1.514000
0.000000
0.000000
4.539000
1.828000
0.000000
1.952000
4.501000
0.880000
0.057000
3.081000
0.000000
0.437000
0.000000
3.899000
0.000000
0.000000
0.000000
0.000000
0.000000
0.000000
0.000000
0.000000
1.692000
1.449000
0.000000
0.000000
0.000000
0.000000
0.000000
0.000000
4.928000
0.000000
0.000000
0.000000
3.019000
0.541000
0.859000
0.000000
0.000000
0.000000
0.000000
4.078000
8.166000
0.464000
0.000000
0.000000
0.000000
4.151000
0.000000
0.000000
0.000000
0.000000
0.000000
0.000000
0.000000
1.856000
0.000000
2.242000
0.431000
1.299000
1.656000
4.236000
0.000000
5.773000
0.000000
1.269000
0.000000
0.000000
0.000000
0.000000
1.729000
3.680000
0.000000
1.617000
1.078000
1.199000
1.419000
0.000000
1.170000
0.000000
3.066000
0.000000
0.000000
0.000000
0.000000
0.000000
0.000000
0.000000
5.170000
0.000000
0.000000
3.187000
5.244000
0.340000
2.377000
0.000000
0.000000
0.159000
0.000000
0.000000
2.344000
0.000000
0.000000
0.000000
0.000000
0.000000
0.000000
2.049000
0.000000
0.000000
0.000000
0.000000
0.000000
0.928000
0.165000
0.000000
0.000000
0.000000
0.000000
0.000000
1.096000
0.000000
0.000000
0.015000
0.000000
0.000000
0.000000
0.857000
0.000000
0.000000
0.000000
0.811000
0.000000
0.000000
0.000000
0.000000
0.000000
1.076000
0.000000
0.000000
0.000000
1.985000
0.000000
0.409000
0.000000
1.810000
1.416000
2.517000
0.000000
0.000000
0.000000
2.343000
0.000000
0.000000
0.000000
0.000000
0.000000
1.387000
0.000000
0.779000
0.000000
0.000000
0.000000
2.634000
1.427000
0.000000
0.000000
0.000000
0.000000
3.245000
0.000000
4.564000
0.875000
0.000000
0.180000
0.000000
0.000000
0.000000
2.477000
0.000000
1.368000
0.000000
0.000000
0.000000
0.368000
0.000000
0.000000
0.000000
0.000000
0.000000
0.000000
0.283000
0.000000
0.000000
0.000000
0.000000
0.000000
0.000000
0.000000
0.000000
0.000000
0.000000
0.000000
0.000000
0.000000
0.000000
0.000000
0.763000
0.000000
0.000000
0.000000
0.000000
0.000000
1.970000
0.000000
0.000000
0.000000
2.402000
0.000000
0.000000
0.749000
0.000000
0.000000
0.000000
0.000000
0.000000
0.000000
0.000000
0.425000
0.236000
0.000000
0.000000
0.000000
0.465000
2.070000
0.000000
0.000000
0.000000
0.165000
0.090000
0.000000
2.407000
0.432000
0.000000
2.747000
0.000000
0.000000
0.000000
0.000000
0.000000
0.000000
0.000000
0.000000
0.000000
0.000000
2.381000
0.000000
1.907000
0.219000
0.000000
0.000000
0.939000
0.000000
0.320000
3.758000
0.000000
0.214000
2.336000
0.000000
0.000000
0.000000
0.000000
0.000000
0.000000
0.000000
0.000000
0.000000
0.000000
0.000000
0.000000
0.949000
0.000000
0.000000
0.000000
0.000000
0.000000
0.000000
0.000000
0.413000
2.367000
0.191000
0.716000
0.415000
0.000000
0.000000
0.000000
0.000000
0.000000
0.000000
0.000000
0.000000
0.000000
2.985000
3.227000
2.482000
3.147000
0.000000
0.000000
0.000000
0.000000
2.326000
0.000000
0.000000
5.222000
0.000000
0.000000
0.347000
0.000000
0.000000
0.000000
0.000000
0.000000
0.000000
0.000000
0.000000
0.000000
2.759000
0.000000
0.000000
0.000000
1.039000
6.953000
0.000000
0.000000
0.000000
1.258000
0.957000
0.000000
0.103000
0.000000
0.000000
0.000000
0.000000
1.318000
1.008000
0.000000
0.062000
0.568000
0.000000
0.000000
0.000000
0.000000
2.006000
0.268000
0.109000
0.779000
0.000000
1.035000
0.000000
2.889000
0.761000
3.183000
0.000000
0.000000
0.000000
4.518000
0.018000
0.530000
0.716000
0.000000
0.000000
0.000000
0.000000
0.490000
0.000000
1.895000
0.850000
0.000000
0.089000
0.000000
1.051000
0.000000
0.593000
0.735000
0.000000
0.033000
0.000000
0.000000
0.000000
0.412000
2.108000
0.000000
0.273000
0.000000
0.000000
0.000000
0.000000
0.000000
0.000000
0.468000
0.000000
0.000000
1.189000
2.392000
0.496000
0.000000
0.000000
0.000000
0.000000
0.000000
0.000000
0.757000
2.001000
0.000000
0.000000
0.000000
0.000000
1.685000
2.660000
0.000000
0.000000
0.000000
0.478000
1.381000
0.000000
0.000000
0.110000
2.250000
0.000000
3.736000
0.000000
1.641000
0.088000
0.000000
4.114000
0.000000
0.000000
0.714000
0.000000
1.786000
0.000000
0.360000
0.000000
0.057000
0.000000
0.016000
3.502000
0.000000
3.203000
0.000000
0.000000
2.459000
0.000000
0.000000
0.000000
0.346000
0.000000
0.788000
0.000000
0.000000
0.000000
1.019000
4.105000
0.974000
0.841000
1.927000
0.000000
0.000000
0.000000
0.854000
0.000000
4.023000
0.000000
0.038000
0.000000
0.005000
2.212000
2.380000
0.000000
0.000000
0.000000
0.000000
0.000000
0.000000
5.314000
0.000000
0.000000
1.414000
2.100000
0.000000
0.000000
0.599000
2.766000
0.268000
0.000000
0.000000
0.000000
0.301000
0.000000
0.556000
0.000000
7.815000
0.032000
5.153000
0.000000
0.562000
2.691000
0.000000
0.000000
2.548000
0.000000
0.000000
0.069000
1.618000
0.199000
0.000000
0.000000
0.765000
0.000000
0.000000
0.326000
0.000000
0.168000
5.638000
0.000000
0.000000
0.525000
0.617000
0.000000
0.000000
1.874000
0.000000
1.372000
0.459000
4.528000
0.000000
0.000000
0.000000
0.000000
1.683000
0.000000
0.000000
5.760000
0.405000
0.099000
0.000000
0.000000
0.000000
0.000000
3.160000
0.000000
0.000000
3.045000
0.078000
0.000000
0.182000
3.271000
0.850000
1.201000
0.000000
0.000000
0.000000
0.000000
2.427000
0.000000
0.000000
0.000000
2.211000
0.000000
2.849000
0.903000
0.464000
0.000000
0.531000
0.985000
0.642000
0.000000
0.000000
2.098000
0.000000
0.000000
0.598000
0.000000
0.000000
0.350000
0.000000
0.679000
0.000000
0.000000
0.000000
7.882000
0.000000
0.000000
5.458000
0.389000
0.000000
0.958000
0.482000
0.000000
0.182000
0.383000
0.000000
0.000000
0.138000
0.000000
0.000000
1.050000
0.000000
0.000000
0.000000
2.969000
4.100000
8.101000
3.519000
0.000000
0.000000
1.442000
0.676000
0.000000
0.000000
0.000000
0.269000
0.643000
0.000000
0.000000
0.000000
0.009000
0.000000
1.474000
1.531000
0.351000
1.163000
0.000000
2.644000
0.000000
1.198000
1.461000
0.229000
0.000000
0.000000
1.919000
1.082000
0.452000
5.425000
0.000000
0.000000
4.826000
0.000000
1.133000
0.000000
2.914000
0.318000
0.000000
0.051000
0.000000
0.000000
1.571000
0.000000
2.405000
0.000000
0.000000
2.810000
0.870000
0.000000
0.000000
0.000000
0.000000
5.991000
0.628000
3.113000
0.000000
0.000000
0.000000
0.000000
1.729000
1.653000
2.820000
0.000000
0.000000
0.000000
6.068000
0.000000
0.138000
0.000000
0.003000
0.000000
0.000000
0.080000
1.630000
0.000000
0.604000
0.867000
2.937000
0.765000
4.491000
0.149000
0.000000
0.000000
4.749000
0.000000
0.000000
0.142000
0.000000
0.968000
0.000000
0.267000
0.550000
0.000000
1.297000
0.000000
0.000000
0.000000
0.000000
0.000000
0.000000
0.000000
1.380000
0.388000
0.000000
0.067000
1.297000
0.000000
1.717000
0.000000
0.000000
0.000000
0.000000
2.173000
0.000000
1.793000
0.000000
0.064000
0.000000
0.666000
0.279000
1.366000
0.000000
0.183000
0.000000
0.011000
2.160000
0.630000
0.000000
0.000000
0.000000
0.000000
0.906000
0.196000
0.000000
0.000000
0.000000
0.324000
2.248000
0.000000
2.021000
1.490000
0.000000
0.574000
0.000000
0.000000
1.078000
0.000000
0.000000
0.000000
0.000000
0.000000
0.000000
1.425000
0.000000
0.000000
0.000000
0.000000
0.000000
0.583000
0.000000
1.788000
0.000000
0.000000
0.000000
2.478000
0.489000
0.010000
0.000000
0.000000
0.000000
0.000000
0.011000
0.000000
0.000000
1.528000
0.000000
0.000000
0.000000
0.000000
0.000000
0.000000
0.000000
1.612000
2.228000
0.388000
0.000000
0.000000
0.081000
0.000000
0.000000
0.000000
0.054000
0.821000
0.000000
0.000000
0.000000
0.000000
0.386000
0.000000
1.121000
1.967000
0.469000
1.812000
0.000000
0.000000
0.041000
0.000000
0.000000
0.000000
0.000000
0.000000
0.553000
0.024000
0.000000
0.000000
0.695000
0.000000
0.000000
0.625000
0.915000
0.000000
0.000000
0.000000
0.270000
0.000000
0.000000
0.657000
0.000000
0.000000
0.000000
0.000000
0.000000
0.000000
0.000000
0.242000
0.000000
0.000000
0.000000
0.000000
0.000000
0.000000
0.000000
0.000000
0.000000
0.000000
0.069000
0.788000
0.000000
0.183000
0.000000
0.000000
1.967000
0.000000
0.000000
0.274000
0.000000
0.960000
0.000000
0.987000
0.522000
0.000000
0.000000
0.000000
0.994000
1.945000
1.008000
0.000000
0.000000
0.000000
1.377000
0.000000
0.000000
0.000000
0.000000
0.000000
0.000000
0.000000
0.000000
0.000000
0.220000
1.407000
0.000000
1.599000
0.136000
0.074000
1.700000
0.000000
0.000000
0.000000
0.482000
0.000000
0.000000
0.000000
0.000000
0.060000
0.000000
0.000000
0.390000
0.000000
0.000000
0.980000
0.000000
0.288000
0.000000
0.000000
0.000000
0.009000
0.000000
0.000000
0.000000
0.000000
0.000000
0.000000
0.000000
0.000000
0.000000
0.000000
0.000000
0.078000
1.308000
3.696000
1.050000
0.000000
0.233000
0.000000
0.033000
0.000000
0.298000
3.339000
2.118000
0.000000
0.000000
0.000000
0.076000
0.000000
1.279000
0.223000
0.000000
0.000000
0.000000
0.000000
0.000000
0.000000
0.000000
0.000000
0.000000
0.000000
0.000000
0.000000
0.000000
0.000000
0.000000
0.157000
0.000000
0.000000
0.000000
0.000000
0.000000
1.563000
0.125000
0.000000
0.000000
0.047000
0.132000
0.000000
0.000000
0.000000
0.000000
0.000000
0.000000
0.047000
0.000000
0.025000
0.000000
0.000000
0.000000
0.000000
0.000000
0.000000
0.000000
0.000000
0.000000
0.061000
0.210000
0.000000
0.000000
0.000000
0.000000
0.000000
0.000000
0.000000
0.000000
0.000000
0.000000
0.000000
0.000000
0.000000
0.000000
0.000000
0.000000
0.000000
0.000000
0.000000
0.000000
0.000000
0.000000
0.000000
0.714000
0.000000
0.000000
0.000000
0.000000
1.976000
1.593000
0.000000
1.238000
0.000000
0.000000
0.000000
0.000000
0.000000
0.000000
0.000000
0.000000
0.000000
0.000000
0.000000
0.076000
0.000000
0.000000
0.000000
0.014000
0.000000
0.000000
0.000000
0.000000
0.000000
0.000000
0.144000
0.000000
0.000000
0.000000
0.000000
0.369000
0.000000
0.000000
0.000000
0.000000
0.000000
0.000000
0.000000
0.000000
0.000000
0.000000
0.000000
0.000000
0.000000
0.000000
0.000000
0.033000
0.000000
0.000000
0.000000
0.049000
0.000000
0.000000
0.000000
0.048000
0.000000
0.000000
0.000000
1.449000
0.009000
0.042000
0.000000
0.000000
0.000000
0.000000
0.000000
0.000000
0.000000
0.830000
0.000000
0.000000
0.000000
0.000000
0.000000
0.000000
0.000000
0.000000
0.000000
0.000000
0.068000
0.000000
0.542000
0.160000
0.000000
0.000000
0.000000
0.000000
0.000000
0.111000
0.000000
0.000000
0.000000
0.000000
0.000000
0.000000
0.000000
0.000000
0.000000
0.000000
0.000000
0.000000
0.000000
0.357000
0.000000
0.000000
0.000000
0.000000
0.000000
0.000000
0.000000
0.000000
2.200000
0.000000
0.000000
0.000000
0.000000
0.000000
0.000000
0.000000
0.000000
0.000000
0.276000
0.000000
0.000000
0.000000
0.035000
0.000000
0.000000
0.109000
0.000000
0.000000
0.000000
0.000000
0.000000
0.012000
0.000000
0.065000
0.000000
0.000000
0.000000
0.000000
0.000000
0.000000
0.000000
1.114000
0.000000
0.000000
0.000000
0.000000
0.000000
0.000000
0.000000
2.459000
0.000000
0.027000
0.000000
0.000000
0.000000
0.000000
0.000000
0.000000
0.000000
0.000000
0.000000
0.000000
0.000000
0.000000
0.000000
0.000000
0.000000
0.000000
0.000000
0.000000
0.091000
0.000000
0.000000
0.000000
0.000000
0.000000
0.000000
0.000000
0.000000
0.000000
0.000000
0.000000
0.085000
0.000000
0.000000
0.000000
0.000000
0.000000
0.000000
0.000000
0.182000
0.000000
0.000000
0.000000
0.000000
0.179000
0.000000
0.000000
0.402000
0.000000
0.046000
0.000000
0.000000
0.067000
0.000000
0.000000
0.000000
0.000000
0.000000
0.000000
0.000000
0.294000
0.000000
0.000000
0.000000
0.000000
0.000000
0.011000
0.000000
0.145000
0.000000
0.000000
0.000000
0.356000
0.000000
0.000000
0.000000
0.000000
0.000000
0.000000
0.657000
3.068000
0.000000
0.000000
0.000000
0.000000
0.000000
0.000000
0.973000
0.000000
0.000000
0.000000
2.457000
0.000000
0.000000
0.000000
0.000000
0.073000
0.036000
0.000000
0.336000
0.453000
0.000000
0.000000
0.000000
0.000000
0.000000
0.114000
0.183000
0.000000
0.000000
0.000000
0.000000
0.000000
0.000000
0.000000
0.000000
0.000000
0.000000
3.087000
0.000000
0.000000
0.000000
0.000000
0.000000
0.000000
0.000000
0.000000
0.630000
0.000000
0.000000
0.000000
0.201000
0.000000
0.000000
0.045000
0.810000
0.000000
0.000000
1.081000
0.399000
0.000000
0.414000
0.158000
0.000000
0.000000
0.154000
0.000000
0.000000
0.000000
1.121000
0.002000
0.000000
0.000000
0.000000
0.106000
0.000000
0.002000
0.016000
0.000000
0.000000
0.000000
0.000000
0.000000
0.000000
0.460000
0.000000
0.000000
0.000000
0.000000
0.032000
0.057000
0.000000
0.000000
0.010000
0.020000
0.000000
0.000000
0.000000
0.000000
0.000000
0.000000
0.000000
0.025000
0.075000
0.000000
0.000000
0.000000
0.000000
0.000000
0.000000
0.003000
0.000000
0.056000
0.217000
0.000000
0.000000
0.000000
0.000000
0.000000
0.000000
0.000000
0.000000
0.000000
0.000000
0.000000
0.151000
0.000000
0.000000
0.000000
0.000000
0.388000
0.000000
0.000000
0.000000
0.000000
0.000000
0.000000
0.000000
0.000000
0.000000
0.000000
0.000000
0.000000
0.000000
0.000000
0.000000
0.000000
0.000000
0.004000
0.000000
0.000000
0.000000
0.000000
0.000000
0.000000
0.000000
0.000000
0.000000
0.000000
0.218000
0.000000
0.000000
0.478000
0.000000
0.000000
0.000000
0.000000
0.000000
0.000000
0.000000
0.000000
0.000000
0.000000
0.000000
0.000000
0.000000
0.000000
0.000000
0.762000
0.000000
0.000000
0.312000
0.000000
0.003000
0.000000
0.117000
0.000000
0.000000
0.000000
0.000000
0.334000
0.000000
0.000000
0.000000
0.071000
0.000000
0.000000
0.000000
0.000000
0.369000
0.046000
0.000000
0.000000
0.000000
0.815000
0.300000
0.000000
0.000000
0.000000
0.101000
0.000000
0.000000
0.000000
0.000000
0.000000
0.000000
0.606000
0.048000
0.000000
0.000000
0.000000
0.000000
0.000000
0.000000
0.637000
0.030000
0.000000
0.000000
0.000000
0.000000
0.000000
0.000000
0.000000
0.000000
0.000000
0.000000
0.000000
0.000000
0.045000
0.000000
0.000000
0.000000
0.000000
0.000000
0.000000
0.000000
0.000000
0.000000
0.000000
0.000000
0.000000
0.000000
0.000000
0.000000
0.001000
0.000000
0.000000
0.000000
0.000000
0.000000
0.000000
0.000000
0.000000
0.000000
0.000000
0.019000
0.481000
0.000000
0.000000
0.000000
0.038000
0.000000
0.000000
0.000000
0.000000
0.000000
0.000000
0.000000
0.029000
0.000000
0.000000
0.000000
0.000000
0.000000
0.000000
0.000000
0.000000
0.659000
0.000000
0.000000
0.000000
0.000000
0.000000
0.000000
0.000000
0.000000
0.507000
0.000000
0.000000
0.178000
0.000000
0.000000
0.000000
0.000000
0.000000
0.884000
0.003000
0.000000
1.369000
0.000000
0.000000
0.000000
0.000000
0.000000
0.000000
0.000000
0.635000
0.000000
0.000000
0.000000
0.759000
0.036000
0.000000
0.000000
0.000000
0.000000
0.000000
0.000000
0.000000
0.000000
0.000000
0.000000
0.000000
0.000000
0.000000
0.000000
0.000000
0.206000
0.000000
0.000000
0.000000
0.000000
0.000000
0.000000
0.000000
0.000000
0.000000
0.000000
0.000000
0.000000
0.000000
0.000000
0.000000
0.000000
0.000000
0.000000
0.000000
0.066000
0.217000
0.000000
0.000000
0.162000
0.000000
0.024000
0.000000
0.000000
0.000000
0.000000
0.000000
0.000000
0.000000
0.000000
0.592000
0.000000
0.000000
0.000000
0.000000
0.000000
0.907000
0.588000
0.000000
0.000000
0.000000
0.000000
0.000000
0.000000
0.000000
0.684000
0.000000
0.000000
0.000000
0.008000
0.000000
0.000000
0.000000
0.046000
0.000000
0.000000
0.000000
0.000000
0.000000
0.000000
0.000000
0.000000
0.361000
0.000000
0.000000
0.000000
0.000000
0.659000
0.000000
0.000000
0.000000
0.000000
0.000000
0.000000
0.000000
0.000000
0.000000
0.000000
0.000000
0.000000
0.000000
0.000000
0.000000
0.000000
0.000000
0.427000
0.000000
0.000000
0.000000
0.000000
0.000000
0.000000
0.000000
0.000000
0.022000
0.013000
0.000000
0.000000
0.000000
0.000000
0.000000
0.000000
0.000000
0.000000
0.000000
0.647000
0.000000
0.252000
0.000000
0.000000
0.000000
0.000000
0.003000
0.000000
0.000000
0.000000
0.000000
0.000000
0.000000
0.000000
0.000000
0.000000
0.006000
0.000000
0.000000
0.089000
0.000000
0.090000
0.000000
0.000000
0.000000
0.009000
0.000000
0.000000
0.000000
0.094000
0.000000
0.000000
0.000000
0.000000
0.000000
0.000000
0.000000
0.000000
0.000000
0.000000
0.000000
0.000000
0.000000
0.000000
0.000000
0.000000
0.023000
0.141000
0.000000
0.000000
0.000000
0.000000
0.000000
0.000000
0.000000
0.000000
0.168000
0.000000
0.000000
0.000000
0.082000
0.096000
0.162000
0.004000
0.339000
0.000000
0.000000
0.023000
0.000000
0.000000
0.000000
0.000000
0.000000
0.000000
0.000000
0.000000
0.000000
0.000000
0.000000
0.000000
0.000000
0.026000
0.000000
0.000000
0.000000
0.000000
0.000000
0.000000
0.045000
0.093000
0.000000
0.000000
0.000000
0.000000
0.040000
0.000000
0.000000
0.000000
0.000000
0.000000
0.000000
0.000000
0.000000
0.000000
0.000000
0.019000
0.000000
0.012000
0.000000
0.000000
0.000000
0.000000
0.000000
0.000000
0.000000
0.076000
0.000000
0.000000
0.000000
0.000000
0.000000
0.000000
0.000000
0.000000
0.000000
0.000000
0.000000
0.000000
0.000000
0.000000
0.000000
0.000000
0.000000
0.000000
0.000000
0.000000
0.071000
0.000000
0.000000
0.000000
0.000000
0.000000
0.000000
0.000000
0.000000
0.000000
0.000000
0.000000
0.000000
0.000000
0.000000
0.000000
0.000000
0.000000
0.000000
0.000000
0.000000
0.000000
0.000000
0.000000
0.000000
0.000000
0.000000
0.000000
0.000000
0.000000
0.000000
0.000000
0.000000
0.000000
0.000000
0.000000
0.000000
0.000000
0.000000
0.000000
0.000000
0.025000
0.000000
0.000000
0.000000
0.000000
0.000000
0.000000
0.000000
0.000000
0.000000
0.000000
0.000000
0.000000
0.000000
0.000000
0.000000
0.000000
0.000000
0.000000
0.000000
0.000000
0.000000
0.000000
0.000000
0.042000
0.000000
0.042000
0.000000
0.000000
0.053000
0.000000
0.000000
0.000000
0.000000
0.000000
0.000000
0.061000
0.000000
0.006000
0.006000
0.000000
0.000000
0.000000
0.000000
0.000000
0.148000
0.000000
0.000000
0.000000
0.000000
0.000000
0.000000
0.000000
0.000000
0.000000
0.087000
0.000000
0.000000
0.007000
0.000000
0.000000
0.000000
0.000000
0.091000
0.000000
0.000000
0.000000
0.000000
0.000000
0.000000
0.000000
0.000000
0.129000
0.110000
0.000000
0.000000
0.255000
0.000000
0.008000
0.000000
0.000000
0.000000
0.009000
0.000000
0.000000
0.000000
0.000000
0.000000
0.000000
0.000000
0.000000
0.000000
0.000000
0.000000
0.000000
0.000000
0.000000
0.000000
0.000000
0.000000
0.000000
0.000000
0.000000
0.000000
0.000000
0.000000
0.000000
0.000000
0.000000
0.000000
0.000000
0.000000
0.000000
0.000000
0.004000
0.000000
0.000000
0.000000
0.000000
0.000000
0.096000
0.000000
0.000000
0.000000
0.000000
0.000000
0.000000
0.000000
0.000000
0.000000
0.000000
0.096000
0.000000
0.000000
0.035000
0.000000
0.000000
0.000000
0.000000
0.000000
0.000000
0.000000
0.000000
0.000000
0.000000
0.000000
0.000000
0.000000
0.000000
0.000000
0.000000
0.000000
0.000000
0.000000
0.000000
0.000000
0.000000
0.000000
0.000000
0.000000
0.000000
0.000000
0.000000
0.000000
0.000000
0.000000
0.000000
0.000000
0.000000
0.000000
0.000000
0.000000
0.000000
0.000000
0.000000
0.000000
0.000000
0.000000
0.000000
0.000000
0.000000
0.074000
0.192000
0.030000
0.000000
0.009000
0.000000
0.000000
0.000000
0.000000
0.239000
0.000000
0.000000
0.000000
0.000000
0.000000
0.000000
0.000000
0.000000
0.000000
0.000000
0.000000
0.000000
0.000000
0.000000
0.000000
0.000000
0.000000
0.002000
0.000000
0.000000
0.000000
0.000000
0.000000
0.000000
0.000000
0.000000
0.000000
0.075000
0.000000
0.000000
0.000000
0.000000
0.000000
0.000000
0.000000
0.000000
0.000000
0.000000
0.000000
0.000000
0.000000
0.000000
0.000000
0.000000
0.000000
0.059000
0.000000
0.000000
0.000000
0.000000
0.037000
0.000000
0.000000
0.000000
0.000000
0.000000
0.039000
0.000000
0.000000
0.000000
0.000000
0.000000
0.000000
0.000000
0.000000
0.000000
0.000000
0.000000
0.000000
0.036000
0.000000
0.000000
0.000000
0.031000
0.045000
0.000000
0.000000
0.000000
0.000000
0.000000
0.000000
0.000000
0.000000
0.000000
0.000000
0.089000
0.000000
0.000000
0.000000
0.093000
0.000000
0.000000
0.000000
0.000000
0.000000
0.000000
0.000000
0.000000
0.000000
0.000000
0.000000
0.000000
0.000000
0.000000
0.000000
0.000000
0.000000
0.000000
0.000000
0.000000
0.000000
0.000000
0.000000
0.000000
0.000000
0.000000
0.001000
0.000000
0.000000
0.000000
0.000000
0.000000
0.000000
0.170000
0.000000
0.000000
0.000000
0.000000
0.000000
0.000000
0.000000
0.000000
0.000000
0.000000
0.000000
0.000000
0.000000
0.000000
0.000000
0.000000
0.000000
0.000000
0.000000
0.000000
0.000000
0.000000
0.000000
0.004000
0.000000
0.000000
0.000000
0.000000
0.000000
0.000000
0.000000
0.000000
0.000000
0.005000
0.000000
0.000000
0.000000
0.000000
0.000000
0.000000
0.000000
0.000000
0.000000
0.000000
0.000000
0.000000
0.000000
0.029000
0.000000
0.000000
0.000000
0.000000
0.000000
0.000000
0.048000
0.000000
0.000000
0.000000
0.000000
0.000000
0.000000
0.042000
0.000000
0.079000
0.000000
0.000000
0.000000
0.000000
0.000000
0.000000
0.000000
0.000000
0.000000
0.000000
0.000000
0.000000
0.000000
0.000000
0.000000
0.000000
0.000000
0.000000
0.000000
0.000000
0.000000
0.078000
0.000000
0.000000
0.000000
0.000000
0.000000
0.011000
0.000000
0.000000
0.000000
0.000000
0.000000
0.061000
0.000000
0.000000
0.000000
0.000000
0.082000
0.000000
0.000000
0.049000
0.000000
0.000000
0.000000
0.000000
0.000000
0.000000
0.000000
0.000000
0.000000
0.058000
0.000000
0.000000
0.000000
0.000000
0.000000
0.000000
0.000000
0.000000
0.000000
0.000000
0.000000
0.000000
0.000000
0.000000
0.000000
0.000000
0.000000
0.000000
0.000000
0.000000
0.000000
0.000000
0.000000
0.000000
0.000000
0.000000
0.000000
0.000000
0.000000
0.000000
0.000000
0.000000
0.000000
0.000000
0.000000
0.000000
0.000000
0.000000
0.000000
0.000000
0.000000
0.000000
0.000000
0.000000
0.000000
0.000000
0.000000
0.000000
0.000000
0.090000
0.000000
0.000000
0.000000
0.028000
0.000000
0.000000
0.000000
0.000000
0.000000
0.000000
0.000000
0.000000
0.000000
0.000000
0.000000
0.000000
0.000000
0.000000
0.000000
0.000000
0.000000
0.000000
0.000000
0.000000
0.000000
0.000000
0.000000
0.000000
0.000000
0.000000
0.000000
0.000000
0.000000
0.000000
0.000000
0.000000
0.000000
0.000000
0.000000
0.000000
0.000000
0.000000
0.000000
0.000000
0.000000
0.000000
0.000000
0.000000
0.015000
0.000000
0.000000
0.000000
0.000000
0.000000
0.000000
0.000000
0.000000
0.000000
0.000000
0.000000
0.000000
0.032000
0.000000
0.000000
0.000000
0.000000
0.000000
0.000000
0.000000
0.000000
0.000000
0.000000
0.000000
0.000000
0.000000
0.000000
0.000000
0.000000
0.000000
0.000000
0.000000
0.000000
0.007000
0.000000
0.000000
0.000000
0.000000
0.000000
0.000000
0.032000
0.000000
0.000000
0.000000
0.000000
0.000000
0.000000
0.000000
0.000000
0.000000
0.000000
0.000000
0.000000
0.000000
0.000000
0.000000
0.000000
0.000000
0.000000
0.000000
0.000000
0.000000
0.000000
0.000000
0.000000
0.000000
0.000000
0.000000
0.000000
0.000000
0.000000
0.000000
0.000000
0.000000
0.000000
0.000000
0.000000
0.000000
0.000000
0.000000
0.000000
0.000000
0.000000
0.000000
0.000000
0.000000
0.000000
0.000000
0.000000
0.000000
0.000000
0.000000
0.000000
0.000000
0.000000
0.000000
0.000000
0.000000
0.000000
0.000000
0.000000
0.000000
0.000000
0.000000
0.000000
0.017000
0.000000
0.000000
0.000000
0.000000
0.000000
0.000000
0.000000
0.081000
0.000000
0.000000
0.000000
0.000000
0.000000
0.000000
0.000000
0.000000
0.000000
0.000000
0.000000
0.000000
0.030000
0.000000
0.000000
0.000000
0.000000
0.000000
0.000000
0.000000
0.019000
0.000000
0.000000
0.000000
0.000000
0.000000
0.000000
0.000000
0.000000
0.000000
0.000000
0.000000
0.000000
0.000000
0.000000
0.023000
0.000000
0.000000
0.000000
0.000000
0.000000
0.017000
0.000000
0.000000
0.000000
0.000000
0.000000
0.000000
0.000000
0.000000
0.000000
0.000000
0.000000
0.000000
0.000000
0.000000
0.009000
0.000000
0.000000
0.000000
0.000000
0.000000
0.000000
0.000000
0.000000
0.000000
0.000000
0.000000
0.000000
0.000000
0.000000
0.000000
0.000000
0.022000
0.000000
0.000000
0.000000
0.000000
0.000000
0.000000
0.000000
0.000000
0.000000
0.000000
0.000000
0.000000
0.000000
0.000000
0.000000
0.000000
0.000000
0.000000
0.000000
0.000000
0.000000
0.000000
0.000000
0.048000
0.000000
0.000000
0.000000
0.080000
0.000000
0.009000
0.000000
0.000000
0.000000
0.000000
0.000000
0.000000
0.000000
0.000000
0.000000
0.000000
0.000000
0.000000
0.000000
0.000000
0.000000
0.000000
0.000000
0.000000
0.002000
0.000000
0.000000
0.000000
0.000000
0.000000
0.000000
0.000000
0.000000
0.000000
0.000000
0.000000
0.000000
0.000000
0.000000
0.000000
0.000000
0.000000
0.000000
0.014000
0.000000
0.000000
0.000000
0.000000
0.160000
0.000000
0.000000
0.000000
0.000000
0.000000
0.000000
0.000000
0.000000
0.000000
0.000000
0.000000
0.000000
0.000000
0.000000
0.000000
0.000000
0.000000
0.000000
0.000000
0.000000
0.000000
0.000000
0.000000
0.000000
0.000000
0.000000
0.000000
0.000000
0.000000
0.000000
0.000000
0.000000
0.000000
0.000000
0.000000
0.000000
0.000000
0.000000
0.000000
0.000000
0.000000
0.000000
0.000000
0.000000
0.000000
0.000000
0.000000
0.000000
0.000000
0.000000
0.000000
0.000000
0.000000
0.000000
0.000000
0.000000
0.000000
0.000000
0.000000
0.000000
0.000000
0.000000
0.000000
0.000000
0.000000
0.000000
0.000000
0.000000
0.000000
0.000000
0.000000
0.000000
0.000000
0.000000
0.000000
0.000000
0.000000
0.000000
0.000000
0.000000
0.000000
0.000000
0.000000
0.000000
0.000000
0.000000
0.060000
0.000000
0.000000
0.000000
0.000000
0.000000
0.000000
0.000000
0.000000
0.000000
0.000000
0.000000
0.000000
0.000000
0.000000
0.000000
0.000000
0.000000
0.000000
0.000000
0.000000
0.000000
0.000000
0.000000
0.000000
0.000000
0.000000
0.122000
0.000000
0.000000
0.000000
0.000000
0.000000
0.000000
0.000000
0.000000
0.000000
0.000000
0.000000
0.000000
0.000000
0.000000
0.000000
0.000000
0.000000
0.005000
0.000000
0.000000
0.000000
0.000000
0.000000
0.000000
0.000000
0.000000
0.000000
0.000000
0.000000
0.000000
0.000000
0.000000
0.000000
0.060000
0.000000
0.000000
0.000000
0.000000
0.000000
0.000000
0.000000
0.000000
0.000000
0.000000
0.000000
0.000000
0.000000
0.000000
0.000000
0.000000
0.000000
0.000000
0.000000
0.000000
0.000000
0.000000
0.000000
0.000000
0.000000
0.000000
0.000000
0.000000
0.000000
0.000000
0.000000
0.000000
0.000000
0.000000
0.000000
0.000000
0.000000
0.000000
0.000000
0.000000
0.000000
0.000000
0.000000
0.000000
0.000000
0.000000
0.000000
0.000000
0.000000
0.000000
0.000000
0.000000
0.000000
0.000000
0.000000
0.051000
0.000000
0.000000
0.000000
0.000000
0.000000
0.000000
0.000000
0.000000
0.000000
0.000000
0.000000
0.000000
0.000000
0.000000
0.000000
0.000000
0.000000
0.000000
0.000000
0.000000
0.000000
0.000000
0.000000
0.000000
0.000000
0.000000
0.000000
0.000000
0.000000
0.000000
0.000000
0.008000
0.000000
0.000000
0.000000
0.000000
0.000000
0.000000
0.000000
0.000000
0.000000
0.000000
0.000000
0.000000
0.035000
0.000000
0.000000
0.000000
0.000000
0.000000
0.000000
0.000000
0.000000
0.000000
0.000000
0.000000
0.000000
0.000000
0.000000
0.000000
0.000000
0.000000
0.000000
0.000000
0.000000
0.000000
0.000000
0.000000
0.000000
0.000000
0.000000
0.000000
0.000000
0.000000
0.000000
0.000000
0.000000
0.000000
0.000000
0.000000
0.000000
0.000000
0.000000
0.000000
0.000000
